0.653
0.6886
0.6381
0.6995
0.6469
0.6495
0.6508
0.6535
0.5979
0.6374
0.6454
0.6501
0.6552
0.653
0.7061
0.2901
0.2909
0.2963
0.315
0.2802
0.4388
0.3071
0.3076
0.3071
0.3046
0.3628
0.3607
0.3206
0.3746
0.3966
0.3972
0.3905
0.3872
0.3346
0.2752
0.276
0.1736
0.1775
0.1775
0.1788
0.1798
0.3179
0.3117
0.3035
0.3034
0.3024
0.3034
0.3081
0.3216
0.2724
0.2558
0.2462
0.1843
0.1067
0.0235
0.0307
0.0442
0.0573
0.0496
0.0431
0.0151
0.029
0.0541
0.0426
0.0466
0.0483
0.0521
0.0536
0.054
0.0546
0.055
0.0559
0.056
0.0567
0.0568
0.0569
0.0614
0.0725
0.0824
0.098
0.09
0.0755
0.0738
0.0615
0.0639
0.0695
0.0721
0.0731
0.0695
0.0737
0.0783
0.079
0.0766
0.0774
0.076
0.0726
0.0699
0.0687
0.0657
0.0679
0.0679
0.0684
0.0698
0.0699
0.0701
0.0708
0.0721
0.0721
0.0713
0.0709
0.0709
0.0705
0.0703
0.0707
0.0716
0.072
0.0802
0.0847
0.0791
0.0927
0.0953
0.095
0.0781
0.0754
0.0645
0.0899
0.052
0.0431
0.0392
0.0495
0.0495
0.0519
0.053
0.0543
0.0528
0.0537
0.0499
0.0523
0.0525
0.0509
0.0446
0.0432
0.0503
0.091
0.0564
0.0962
0.0634
0.0619
0.0544
0.0554
0.0623
0.0569
0.1074
0.1288
0.1513
0.1535
0.1081
0.1019
0.0841
0.0859
0.0888
0.0755
0.0701
0.0725
0.0993
0.1092
0.1069
0.1045
0.0935
0.0751
0.0681
0.0649
0.0629
0.0606
0.0599
0.0608
0.0606
0.06
0.0597
0.0605
0.0611
0.0612
0.0593
0.0569
0.0569
0.0567
0.057
0.0577
0.0588
0.0634
0.0718
0.0808
0.0922
0.0907
0.0847
0.0884
0.0825
0.0705
0.0732
0.0932
0.1126
0.1068
0.1013
0.1007
0.0948
0.0933
0.1134
0.0974
0.1097
0.1122
0.1135
0.1132
0.1132
0.1144
0.1122
0.1128
0.1129
0.1133
0.1103
0.1092
0.1091
0.1071
0.1244
0.1291
0.1231
0.1207
0.0007
0.0065
0.0114
0.019
0.0427
0.037
0.0235
0.0334
0.0232
0.0237
0.0226
0.016
0.0106
0.0212
0.0178
0.0046
0.0035
0.004
0.0076
0.0086
0.0103
0.002
0.2099
0.2344
0.2533
0.2517
0.2506
0.2304
0.2254
0.102
0.055
0.0818
0.0126
0.0377
0.0005
0.0101
0.0176
0.0776
0.0015
0.0058
0.0562
0.0611
0.0256
0.0522
0.0567
0.0639
0.0717
0.0749
0.0802
0.0768
0.0458
0.0858
0.0861
0.087
0.0887
0.0933
0.0979
0.1031
0.1095
0.0801
0.1197
0.1308
0.1357
0.1856
0.1629
0.18
0.1411
0.1225
0.075
0.0686
0.0742
0.0523
0.0545
0.0274
0.0212
0.0438
0.0436
0.0489
0.0383
0.0283
0.03
0.0306
0.0322
0.0645
0.0757
0.0765
0.0886
0.0907
0.0929
0.0946
0.0951
0.0945
0.0968
0.0985
0.1017
0.1042
0.089
0.1755
0.2353
0.2335
0.2435
0.0617
0.0358
0.0401
0.0436
0.044
0.045
0.0427
0.0757
0.0789
0.0784
0.0788
0.0786
0.0772
0.0773
0.0776
0.0782
0.078
0.0797
0.0442
0.0448
0.047
0.0574
0.0945
0.0577
0.0566
0.0961
0.0635
0.0638
0.0592
0.0597
0.0593
0.0591
0.0581
0.0586
0.0587
0.0589
0.0594
0.0606
0.0608
0.061
0.0635
0.0669
0.0725
0.074
0.074
0.067
0.0642
0.0618
0.0621
0.0594
0.059
0.1055
0.074
0.078
0.0794
0.0893
0.0939
0.0957
0.0822
0.0759
0.0644
0.0662
0.0654
0.0796
0.0963
0.11
0.1034
0.1119
0.0927
0.0799
0.0724
0.0678
0.0627
0.0604
0.0598
0.0597
0.0596
0.0588
0.0588
0.0588
0.0588
0.0588
0.0582
0.0565
0.0547
0.0527
0.052
0.0502
0.0475
0.0461
0.0445
0.046
0.0539
0.0635
0.0689
0.0827
0.0877
0.0837
0.0833
0.0749
0.09
0.0707
0.202
0.2997
0.303
0.2009
0.3235
0.3126
0.3027
0.1531
0.2893
0.2883
0.2876
0.2727
0.2617
0.2096
0.1177
0.135
0.125
0.1317
0.1394
0.1669
0.2121
0.166
0.199
0.2165
0.218
0.2164
0.1752
0.2151
0.1724
0.2092
0.1085
0.1071
0.2061
0.165
0.2054
0.1656
0.1624
0.1619
0.1619
0.1616
0.1611
0.1608
0.1617
0.1611
0.1616
0.1615
0.1609
0.1629
0.1616
0.1615
0.1611
0.161
0.1612
0.1609
0.1611
0.1617
0.1613
0.1603
0.1603
0.16
0.1602
0.1413
0.1594
0.1581
0.1566
0.1558
0.1552
0.1536
0.1635
0.2568
0.2559
0.2549
0.2543
0.2538
0.2531
0.2524
0.2515
0.2502
0.2499
0.2498
0.2495
0.2493
0.2536
