0.017
0.01
0.0178
0.0064
0.0145
0.0133
0.012
0.0109
0.0126
0.0166
0.0127
0.0104
0.0083
0.0087
0.0007
0
0
0
0
0
0
0
0
0
0
0
0
0
0
0
0
0
0
0
0.0448
0.0443
0.0585
0
0.0323
0.0154
0.0145
0.0144
0.042
0.0557
0.0578
0.0472
0.0463
0.0541
0.0247
0
0
0
0
0
0
0
0
0
0
0
0
0
0
0
0
0
0
0
0.0678
0.1296
0.1876
0.2927
0.3317
0.3768
0.3962
0.4199
0.4336
0.4288
0.422
0.3813
0.3571
0.3097
0.2479
0.1963
0.1411
0.0816
0.0195
0
0
0
0
0
0
0
0
0
0
0
0
0
0
0
0
0
0
0
0.0125
0.073
0.1359
0.2018
0.261
0.3075
0.3593
0.3839
0.4104
0.428
0.4551
0.4484
0.4394
0.4228
0.4176
0.3931
0.363
0.2859
0.1995
0.1624
0.1267
0.1057
0.0705
0.0511
0.0465
0.0461
0.0442
0.0414
0.0385
0.033
0.0256
0.0148
0
0
0
0
0
0
0
0
0
0
0
0
0
0
0
0
0
0
0
0
0
0
0
0.0153
0.0974
0.2511
0.3735
0.3956
0.42
0.4242
0.4411
0.448
0.4372
0.4081
0.3706
0.3332
0.2825
0.2288
0.1752
0.1111
0.0413
0
0
0
0
0
0
0
0
0
0
0
0
0
0
0
0
0.0087
0.0705
0.13
0.1979
0.3074
0.3874
0.3963
0.4184
0.4121
0.4116
0.4179
0.4267
0.4307
0.4217
0.3949
0.3677
0.2808
0.2338
0.1762
0.1101
0.0534
0
0
0
0
0
0
0
0
0
0
0
0
0
0
0
0
0
0.0027
0.0233
0.0721
0.2536
0.4759
0.4531
0.4014
0.3875
0.3853
0.3916
0.3911
0.3984
0.3979
0.3992
0.358
0.1304
0.1609
0.0538
0.1485
0.1532
0.2087
0.209
0.0994
0.0767
0.0343
0.1271
0
0
0
0
0
0
0
0
0
0
0
0
0
0
0
0
0
0.018
0.1382
0.2179
0.2911
0.3669
0.4269
0.4707
0.4858
0.4918
0.4917
0.4672
0.4242
0.3762
0.2228
0.15
0.0684
0
0
0
0
0
0
0
0
0
0
0
0
0
0
0
0
0
0
0
0.0195
0.1747
0.1655
0.1665
0.1747
0.1876
0.1417
0.0375
0.0356
0.0512
0.0641
0.0468
0.0302
0
0
0.0068
0
0
0
0
0
0
0
0
0
0
0
0
0
0
0
0
0
0
0
0
0
0
0
0.0217
0.0336
0.0568
0.0717
0.088
0.1024
0.1047
0.105
0.1045
0.0988
0.0889
0.0629
0.0356
0
0
0
0
0
0
0
0
0
0
0
0
0
0
0
0
0
0
0
0
0
0
0
0.025
0.1119
0.1832
0.2529
0.3098
0.3582
0.3966
0.4235
0.4302
0.4571
0.4648
0.457
0.4375
0.4071
0.361
0.3268
0.2768
0.2185
0.1578
0.0964
0.0206
0
0
0
0
0
0
0
0
0
0
0
0
0
0
0
0
0
0
0
0
0
0
0
0
0
0.0883
0.0851
0.0863
0.0896
0.1322
0.139
0.1159
0.1065
0.1101
0.1203
0.1242
0.1377
0.1372
0.138
0.1336
0.1171
0.097
0.0892
0.0838
0.0719
0.0387
0.0363
0.0309
0.0289
0.0275
0.0265
0.0252
0.0238
0.0236
0.0238
0.0234
0.0232
0.0222
0.0215
0.0204
0.0204
0.0202
0.02
0.0199
0.0195
0.0186
0.0186
0.0183
0.0177
0.0173
0.0175
0.0173
0.0171
0.0171
0.0171
0.0173
0.0174
0.0173
0.0168
0.0163
0.0164
0.0159
0.016
0.0163
0.0156
0.0158
0.0125
0.011
0.0118
0.0109
0.0195
0.0129
0.0113
0.0097
0.008
0.0071
0.0062
0.005
0.0036
0.0031
0.0025
0.0012
0.0002
0
0.002
