0.3668
0.3656
0.3668
0.367
0.367
0.3669
0.3668
0.3666
0.3661
0.3647
0.3645
0.3644
0.364
0.3631
0.3614
0.363
0.3638
0.3637
0.3585
0.3551
0.3503
0.3521
0.3502
0.3395
0.3422
0.3674
0.3706
0.3745
0.383
0.3501
0.3323
0.3244
0.3101
0.3191
0.2289
0.233
0.2316
0.1473
0.1268
0.1376
0.1487
0.1431
0.133
0.1247
0.1205
0.0746
0.0785
0.0743
0.0876
0.0944
0.1371
0.1193
0.1079
0.0628
0.0633
0.0628
0.0627
0.0639
0.0687
0.0767
0.0834
0.0983
0.0992
0.0792
0.0645
0.0666
0.0568
0.0588
0.0597
0.062
0.0648
0.0751
0.0738
0.0709
0.0712
0.0687
0.0624
0.0612
0.0604
0.0601
0.0592
0.0591
0.0592
0.0593
0.0594
0.0599
0.0605
0.0612
0.0617
0.0617
0.0618
0.0622
0.0628
0.0628
0.0638
0.0637
0.0672
0.0798
0.086
0.0992
0.076
0.0645
0.0681
0.062
0.0574
0.0595
0.0577
0.06
0.06
0.0752
0.0753
0.1481
0.1428
0.1203
0.1028
0.0889
0.0705
0.0699
0.0689
0.0678
0.0686
0.0724
0.073
0.0742
0.0766
0.039
0.0745
0.0849
0.0807
0.0791
0.0787
0.0788
0.0787
0.0776
0.0757
0.0361
0.0341
0.0388
0.0841
0.0821
0.044
0.0453
0.0628
0.0665
0.0712
0.0907
0.1094
0.1132
0.106
0.1064
0.0995
0.0887
0.0879
0.0856
0.0837
0.082
0.0814
0.0803
0.0796
0.0794
0.0771
0.0757
0.0746
0.0747
0.0722
0.0706
0.069
0.0665
0.0622
0.0608
0.061
0.0644
0.0717
0.0828
0.0958
0.0952
0.0941
0.0849
0.077
0.0616
0.0609
0.0779
0.1063
0.1027
0.0992
0.092
0.0851
0.0832
0.0805
0.0779
0.0759
0.075
0.0737
0.0718
0.0706
0.07
0.0692
0.0775
0.0662
0.063
0.0582
0.0682
0.0545
0.0588
0.0597
0.0599
0.0581
0.0582
0.058
0.0598
0.0697
0.0944
0.0965
0.101
0.098
0.0912
0.1295
0.1416
0.1497
0.0974
0.0998
0.1014
0.0983
0.1163
0.0929
0.0918
0.0964
0.0981
0.1068
0.1322
0.1941
0.3371
0.3472
0.3134
0.3208
0.3443
0.482
0.4683
0.4752
0.495
0.4925
0.4788
0.4831
0.482
0.4814
0.4806
0.4794
0.4686
0.4373
0.4442
0.4072
0.4636
0.4585
0.4142
0.4237
0.4223
0.4377
0.4687
0.2948
0.1279
0.1308
0.0878
0.0043
0.0024
0.018
0.0187
0.0355
0.0461
0.0647
0.0709
0.1273
0.1701
0.1785
0.1749
0.151
0.1605
0.1568
0.1085
0.0984
0.0956
0.093
0.0831
0.0719
0.0812
0.0849
0.084
0.0842
0.0818
0.0815
0.0817
0.0843
0.0862
0.0699
0.0664
0.0956
0.0961
0.0967
0.0973
0.0988
0.1024
0.1046
0.1069
0.1089
0.111
0.1088
0.1169
0.1122
0.1327
0.2201
0.1765
0.1567
0.1178
0.07
0.0973
0.1101
0.12
0.1277
0.097
0.0508
0.0521
0.0573
0.0668
0.0644
0.0947
0.0615
0.0614
0.0543
0.0574
0.0591
0.0659
0.064
0.0558
0.081
0.035
0.0358
0.0737
0.0748
0.0785
0.0791
0.0794
0.0796
0.0784
0.0811
0.0838
0.0853
0.0847
0.0844
0.0856
0.0879
0.0871
0.087
0.0858
0.0855
0.0868
0.0872
0.0913
0.0911
0.0548
0.0551
0.0519
0.0499
0.0559
0.0558
0.0486
0.0641
0.0701
0.0693
0.0744
0.0949
0.0987
0.1027
0.1046
0.1159
0.1131
0.1106
0.108
0.1035
0.1015
0.0939
0.085
0.0784
0.0776
0.0755
0.0749
0.0737
0.0715
0.0705
0.07
0.0702
0.0704
0.0695
0.0682
0.0664
0.0641
0.0647
0.0638
0.0649
0.0629
0.0594
0.0697
0.0848
0.0877
0.0892
0.0868
0.089
0.081
0.0606
0.0586
0.0667
0.0707
0.0799
0.114
0.0969
0.0964
0.0838
0.0756
0.0864
0.055
0.0523
0.0743
0.0759
0.0758
0.0735
0.0704
0.0699
0.0697
0.0691
0.0682
0.0685
0.0698
0.0701
0.0701
0.0708
0.0708
0.0708
0.0705
0.0686
0.0688
0.0702
0.0683
0.0673
0.0672
0.0682
0.071
0.0702
0.0706
0.07
0.0708
0.0712
0.0701
0.0703
0.0723
0.0761
0.0767
0.0766
0.077
0.0765
0.0762
0.076
0.089
0.0827
0.0845
0.0855
0.0855
0.0824
0.0816
0.0811
0.0808
0.0833
0.0826
0.0823
0.0811
0.0822
0.0806
0.0822
0.0818
0.0814
0.081
0.0794
0.079
0.0788
0.0782
0.082
0.0801
0.0798
0.0789
0.0783
0.0778
0.0775
0.0774
0.0855
0.0858
0.0784
0.0783
0.0785
0.0818
0.0789
0.0783
0.0768
0.0769
0.0765
0.0767
0.0764
0.0753
0.0754
0.0743
0.0745
0.0748
0.0771
0.0768
0.076
0.0755
