0
0
0
0
0
0
0
0
0
0
0
0
0
0
0
0.1279
0.124
0.1097
0.1094
0.109
0.1274
0.0682
0.0518
0.0395
0.0108
0.1318
0.142
0.1113
0.0933
0.1473
0.1556
0.1585
0.1636
0.0676
0
0
0
0.0009
0
0
0
0
0
0
0
0
0
0
0
0.0695
0.1358
0.1473
0.1767
0.1697
0.1939
0.2216
0.2658
0.2674
0.2766
0.279
0.19
0.1776
0.2463
0.219
0.1786
0.1209
0.0674
0.0016
0
0
0
0
0
0
0
0
0
0
0
0
0
0
0
0
0
0
0
0.036
0.097
0.1488
0.2061
0.2613
0.2931
0.337
0.3626
0.3819
0.389
0.3847
0.3817
0.3577
0.346
0.3112
0.2806
0.2084
0.1545
0.0816
0
0
0
0
0
0
0
0
0
0
0
0
0
0
0
0
0
0
0
0
0
0
0
0
0
0
0
0
0
0
0
0
0.0089
0.0352
0.0907
0.1424
0.2082
0.2708
0.3267
0.3904
0.4802
0.51
0.5482
0.5533
0.5637
0.5746
0.5416
0.5005
0.4458
0.3913
0.3389
0.2874
0.2245
0.1377
0.0616
0
0
0
0
0
0
0
0
0
0
0
0
0
0
0
0
0
0
0.0288
0.1123
0.2519
0.3597
0.4083
0.4153
0.4274
0.4283
0.4137
0.3862
0.3421
0.3002
0.2607
0.2053
0.1371
0.0655
0
0
0
0
0
0
0
0
0
0
0
0
0
0
0
0
0
0
0
0
0
0.0153
0.0892
0.1673
0.2407
0.297
0.4044
0.4114
0.4227
0.4192
0.4102
0.3596
0.3077
0.256
0.1931
0.4021
0.2879
0.1577
0
0
0
0
0
0
0
0
0
0
0
0
0
0
0
0
0
0
0
0
0
0
0
0
0
0
0.285
0.0515
0.3274
0.0303
0.0266
0.2489
0.3189
0.3653
0.4103
0.4582
0.4541
0.4496
0.3907
0.3778
0.3666
0.2784
0.2372
0
0
0
0
0
0
0
0
0
0
0
0
0
0
0
0
0.0017
0.0726
0.1291
0.2408
0.3295
0.4043
0.4688
0.5208
0.5667
0.5885
0.5843
0.5828
0.5819
0.5705
0.551
0.4458
0.2248
0.1944
0.0585
0
0
0
0
0
0
0
0
0
0
0
0
0
0.087
0.0289
0
0.3263
0.2069
0.1472
0.1006
0.0537
0.0434
0.0278
0.0256
0.0202
0.0157
0.0113
0.0098
0.0095
0.0094
0.0067
0.0067
0.01
0.0205
0.032
0.0277
0.0229
0.0135
0.001
0
0
0
0
0
0
0
0
0
0
0
0
0
0.0074
0.0591
0.1135
0.1716
0.2288
0.2744
0.3235
0.367
0.416
0.4342
0.4607
0.4764
0.4835
0.4898
0.5022
0.4949
0.4793
0.3917
0.3527
0.2346
0.1827
0.1117
0.047
0
0
0
0
0
0
0
0
0
0
0
0
0
0
0
0
0
0
0
0
0
0.0514
0.1133
0.196
0.3551
0.3633
0.4461
0.4669
0.5143
0.5309
0.4557
0.5071
0.49
0.405
0.367
0.3241
0.2844
0.2428
0.1969
0.1491
0.1032
0.0557
0.0338
0.0309
0.0283
0.0214
0
0
0
0
0
0
0
0
0
0
0
0
0
0
0
0
0
0
0
0
0
0
0
0
0
0
0
0
0
0
0
0
0
0
0
0
0
0
0
0
0
0
0
0
0
0
0
0
0
0
0
0
0
0
0
0
0
0
0
0
0
0
0
0
0
0
0
0
0
0
0
0
0
0
0
0
0
0
0.0004
0
