0.0782
0.0653
0.0602
0.0646
0.059
0.0597
0.06
0.0604
0.0568
0.0678
0.0657
0.0627
0.0609
0.0608
0.0558
0.1758
0.1747
0.176
0.1779
0.1829
0.1765
0.1682
0.166
0.1666
0.1929
0.2072
0.2015
0.2367
0.2003
0.1698
0.1816
0.1862
0.1982
0.3111
0.3975
0.3981
0.4179
0.4788
0.5291
0.5306
0.5484
0.535
0.5175
0.5152
0.4842
0.4618
0.4321
0.4169
0.3248
0.2884
0.2028
0.1609
0.1246
0.1338
0.0991
0.1025
0.1018
0.1021
0.0966
0.0975
0.0949
0.11
0.1249
0.1376
0.1526
0.1673
0.1855
0.201
0.216
0.2326
0.2465
0.2714
0.2821
0.2927
0.2968
0.2975
0.2836
0.2748
0.2644
0.2465
0.2413
0.2307
0.2195
0.2111
0.2002
0.195
0.1915
0.1876
0.1922
0.199
0.2052
0.2148
0.2283
0.2453
0.2542
0.2718
0.2782
0.2722
0.2638
0.2606
0.2752
0.2646
0.2614
0.2478
0.2422
0.2278
0.2037
0.1921
0.1856
0.1752
0.1693
0.1652
0.1648
0.1599
0.1591
0.1608
0.1505
0.1472
0.1395
0.1343
0.1361
0.1345
0.1383
0.1372
0.1435
0.1446
0.1422
0.1421
0.1287
0.1194
0.1142
0.1138
0.1117
0.1117
0.1125
0.1096
0.1106
0.1153
0.1236
0.1278
0.1517
0.1639
0.1867
0.2019
0.2153
0.2237
0.2471
0.2489
0.2528
0.2523
0.253
0.2555
0.2525
0.2432
0.2276
0.2184
0.2069
0.1901
0.1773
0.1774
0.173
0.1722
0.1727
0.1834
0.1862
0.1872
0.1827
0.1785
0.1746
0.1813
0.187
0.1931
0.1942
0.196
0.1928
0.1933
0.1796
0.1822
0.1839
0.1939
0.2154
0.2538
0.2712
0.2758
0.2665
0.2639
0.2645
0.2607
0.2569
0.2503
0.2382
0.2278
0.212
0.1981
0.1836
0.1762
0.1633
0.1569
0.1537
0.1475
0.133
0.1333
0.1263
0.1247
0.1224
0.1207
0.1221
0.1262
0.1323
0.1347
0.1386
0.162
0.1723
0.1779
0.1861
0.1817
0.1869
0.1973
0.2065
0.2232
0.2284
0.2108
0.2199
0.2408
0.2167
0.2198
0.2402
0.2325
0.2264
0.2128
0.0844
0.2508
0.1918
0.0782
0.023
0.0365
0.1697
0.0063
0.0091
0.0102
0.0132
0.0252
0.0446
0.058
0.0688
0.0742
0.087
0.1506
0.1424
0.1071
0.101
0.0549
0.0591
0.0614
0.0621
0.0727
0.1483
0.1072
0.0359
0.1815
0.2052
0.4
0.1717
0.1643
0.2259
0.251
0.2733
0.2934
0.305
0.3044
0.321
0.2943
0.2852
0.2783
0.2327
0.2209
0.1347
0.171
0.1948
0.2216
0.2491
0.2586
0.2679
0.2672
0.2676
0.2677
0.2675
0.2615
0.2582
0.2213
0.2087
0.1745
0.1745
0.1596
0.1646
0.1741
0.1836
0.2076
0.2085
0.2171
0.2251
0.233
0.2306
0.2063
0.2102
0.2166
0.2229
0.228
0.2326
0.2163
0.1991
0.1808
0.1676
0.1082
0.1017
0.0987
0.0942
0.0533
0.007
0.0078
0.0137
0.0181
0.0069
0.0523
0.0465
0.0008
0.0055
0.1124
0.1376
0.1368
0.1341
0.1094
0.1068
0.0924
0.0897
0.0899
0.0935
0.0987
0.0993
0.1006
0.1013
0.1047
0.1088
0.1197
0.1466
0.1732
0.1897
0.2106
0.2266
0.2387
0.2567
0.2603
0.2678
0.2703
0.2735
0.273
0.2743
0.2727
0.2722
0.2651
0.2638
0.25
0.2386
0.2203
0.2174
0.2144
0.2184
0.2222
0.2269
0.229
0.236
0.2384
0.2362
0.2328
0.2287
0.2292
0.2242
0.2221
0.2245
0.2311
0.2147
0.2118
0.1923
0.1822
0.1754
0.1679
0.1656
0.1656
0.1694
0.168
0.1652
0.1612
0.1526
0.1466
0.1412
0.1254
0.1308
0.1383
0.1453
0.1471
0.1546
0.1495
0.1469
0.1511
0.1423
0.1393
0.1389
0.1434
0.1375
0.1456
0.1425
0.1473
0.1258
0.1292
0.123
0.1208
0.1245
0.111
0.1127
0.1236
0.1272
0.137
0.146
0.1614
0.1847
0.2213
0.2628
0.2946
0.3047
0.3081
0.3088
0.3148
0.4087
0.4064
0.404
0.3977
0.4327
0.4459
0.4034
0.3843
0.3794
0.3845
0.3872
0.4023
0.4057
0.4097
0.4157
0.4179
0.425
0.4265
0.4306
0.436
0.427
0.4302
0.4338
0.4355
0.4375
0.4394
0.4395
0.4386
0.4383
0.4381
0.4368
0.4367
0.4354
0.4349
0.4345
0.4343
0.4339
0.4338
0.434
0.434
0.4339
0.4339
0.4337
0.4334
0.4332
0.4326
0.4326
0.4312
0.4313
0.4314
0.4313
0.4306
0.4306
0.4295
0.4295
0.4294
0.4293
0.4288
0.4274
0.4266
0.4259
0.4274
0.4272
0.4251
0.4245
0.4093
0.4178
0.4172
0.4167
0.4158
0.4149
0.4147
0.4142
0.4141
0.4138
0.4138
0.4135
0.4135
0.4134
0.4063
