112233 1.0717 0.6598 0.1726 0.1444 0.3102 0.422 0.00264912 0.00447938 0 0.305907071578961 0 0.0173604809424636
112233 1.0717 0.6598 0.1726 0.1444 0.3102 0.422 0.00264912 0.00447938 0 0.305907071578961 0 0.0173604809424636
112233 0.9208 0.7551 0.2551 0.3882 0.6602 1.1987 NaN 2.924E-05 0.791401598479025 0.656528074166636 0.00997473864586672 0.0510136701976066
112233 0.6911 0.6608 0.1912 0.2477 0.5084 0.5312 0 0.00020758 0.66872203059607 0.59894246301855 0.0352748626727199 0.0310449781942322
112233 0.3326 0.9028 0.1551 0.5342 0.3238 1.7205 0.00052375 2.76E-05 0.711348114803223 0.599478589562877 0.0355600217663015 0.0414175751028261
112233 0.3352 0.2669 0.1624 0.5102 0.5344 0.7027 0.00019301 0.01335949 0 0.476610568108611 0 0.0582791768033385
112233 0.5714 0.2882 0.1788 0.3711 0.7227 ∞ 0.00016926 0.00013318 0.655585658558216 0.611453367218739 0.034500316440179 0.0383535289845481
112233 0.2907 0.1339 0.1295 0.4593 0.4428 0.5851 0.11288414 0.13778056 0.60618194099015 0.677817671511882 0.0390973251995362 0.0515804560095784
123456 0.108 0.0807 0.1563 0.4162 0.3462 0.7454 3.786E-05 4.887E-05 0.172818748729248 0.417571015611278 0.00782470769533473 0.0550009425923555
1111 0.5799 0.445 0.1238 0.378 0.3822 0.7321 5.06E-06 1.144E-05 0.541661519331638 0.675726394905147 0.0660699846010051 0.0553806665640951
11122 0.1154 0.1606 0.2562 0.0895 0.0771 0.1217 6.6E-07 2.283E-05 0.364484987351916 0.346123507525934 0.0213125544970295 0.0528465926459195
12334 0.1113 0.5912 0.1983 0.5104 0.4046 1.0012 2.217E-05 6.151E-05 0.751097919850145 0.625083000469229 0.0545345876873981 0.0639676906452208
45678 0.198 0.6278 0.1576 0.3097 0.4705 1.116 0.04734461 0.00317783 0 0.43349942465506 0 0.0366486456635658
123456 0.1288 0.1484 0.1136 0.4263 0.4778 0.7162 8.851E-05 4.367E-05 0.630235260910203 0.645473603070763 0.0688183869393843 0.0620359799569055
02 0.7082 0.3525 0.1849 0.5302 0.6898 2.1564 0.29958269 0.04484553 0.548587580984714 0.508671778270701 0.00157347007303963 0.0572032104926416
03 0.3061 0.5285 0.1151 0.3311 0.6511 1.5682 0.0044298 0.00741668 0 0.533070012878213 0 0.070070569997043
123456 0.1286 0.2148 0.138 0.2586 0.2386 1.6932 0.00084895 0.00155707 0 0.58124627323071 0 0.0551045020473924
00001 0.9088 0.8762 0.2139 1.1147 0.5605 1.3553 0 8.81E-06 0.716601003294735 0.618705429624854 0.0463070898833924 0.0634288150721178
00001 0.6842 0.7913 0.2701 0.5815 0.5982 1.4939 0.00017865 0.00350666 0 0.362271516108907 0 0.0649248648089208
654321 0.2088 0.0852 0.0981 0.0771 0.2595 0.3486 0.00275956 5.115E-05 0.45281402168812 0.701821969431659 0.0525811299897723 0.0162898618928595
0000001 0.0822 0.0878 0.1383 0.5754 0.5406 1.9962 2.371E-05 1.16E-06 0.679569235171681 0.433326672121709 0.0630660748592827 0.0100783879660051
000001 0.4328 0.2236 0.1519 0.5107 0.503 1.0996 9.169E-05 3.92E-06 0.632161640312326 0.625533714125963 0.0752668546914819 0.0453408220433854
123456 0.1531 0.1044 0.1245 0.5134 0.5877 1.4368 0.00012943 8.233E-05 0.652805795580394 0.598132727870793 0.0398025707581558 0.0723392720438082
123456 0 0 0 0 0 0 0 0 0 0 0 0
123456 0.7487 0.7474 0.1618 0.4061 0.4817 0.9023 0.38159134 0.39964488 0.455971526593598 0.597358886269223 0.0440598718204961 0.0530236182255268
654321 0.6909 0.7808 0.3394 0.3234 0.4443 0.5928 0.02194204 0.01313428 0 0.557381329155654 0 0.0763816450804669
123456 0.7283 0.7891 0.2086 0.5978 0.4002 0.4824 0.00548683 0.00209087 0.73342844204841 0.404198816548739 0.0654054028772983 0.0981234748006826
123456 0 0 0 0 0 0 0 0 0 0 0 0
1234 0.8235 0.7785 0.136 0.4564 0.7572 0.5626 0.00632607 0.01528855 0 0.141005192745929 0 0.00115859297908747
4564 0 0 0 0 0 0 0.0295927 0.15965136 0.307260915558275 0.382278717343901 0.0638263827429424 0.0516412357231568
737 0.1586 0.1634 0.1786 0.4343 0.3664 0.4797 9.29E-05 7.5E-06 0.678218634561571 0.598404584680346 0.000530522295971239 0.0207532611069341
7367 0.9843 0.9962 0.1694 0.3115 0.4338 0.6961 0.00141597 0.00056391 0 0 0 0
00000011 0.1064 0.0581 0.128 0.3705 0.4008 ∞ 6E-08 0.00059822 0.292208849812405 0.520602278665965 0.00319130841785622 0.0108256823107996
001 0.2127 0.4773 0.1476 0.2097 0.1601 2.6781 0 0 0 0 0 0
123 0.636 0.5879 0.0729 0.317 0.493 0.4137 0.0002781 0.0002673 0 0.444930620702784 0 0.0397401915156459
123456 0.8045 0.7867 0.1806 0.4721 0.2755 0.9694 0.00091835 0.00068162 0.604883138874482 0.371862154671578 0.0226875972237338 0.0535547228561176
7848441 0.3766 0.6523 0.4492 0.3859 0.2922 0.3768 0.00035087 0.00148588 0.431249183922066 0.702784941950751 0.0107335208282496 0.0090243384875219
789 1.1092 1.147 0.2175 0.3148 0.39 0.3726 0 0 0 0 0 0
00001 0.8842 0.9124 0.2207 0.1128 0.5922 1.5018 0.01397801 0.00060556 0 0 0 0
00001.. NaN NaN NaN NaN NaN NaN 0.00083037 0 0 0 0 0
0001 0.4049 0.2668 0.1273 0.2414 0.5906 ∞ 0.06732209 0.05182372 0.708757986865221 0.59873067257843 0.0316624212437826 0.0442369122073576
151515 0.2437 0.2512 0.1639 0.471 0.5025 0.7038 0.00031097 0.00013072 0.498105305028205 0.461243877691678 0.0642820171213403 0.0646998166096341
