507 2264092
506 2264094
506 2264095
507 2264095
510 2264096
508 2264096
508 2264097
508 2264097
508 2264098
509 2264099
507 2264100
508 2264100
510 2264101
507 2264101
509 2264102
505 2264102
509 2264103
510 2264104
508 2264104
507 2264105
508 2264106
509 2264106
510 2264107
507 2264108
508 2264108
509 2264109
509 2264110
506 2264110
509 2264111
508 2264111
510 2264111
509 2264112
508 2264112
507 2264113
506 2264113
506 2264114
508 2264114
507 2264115
508 2264115
506 2264115
508 2264116
507 2264116
508 2264117
509 2264117
509 2264118
507 2264118
510 2264118
507 2264119
507 2264119
506 2264119
511 2264120
509 2264120
507 2264120
507 2264121
508 2264121
508 2264122
508 2264122
505 2264122
510 2264123
504 2264123
506 2264123
510 2264124
511 2264124
507 2264124
507 2264130
510 2264131
507 2264134
509 2264134
508 2264175
509 2264181
509 2264181
506 2265829
508 2265839
507 2265859
508 2265869
511 2265879
509 2265889
506 2265899
508 2265908
507 2265918
507 2265929
508 2265939
509 2265949
507 2265959
510 2265969
509 2265979
507 2265989
508 2265999
508 2266008
508 2266019
508 2266028
509 2266039
508 2266048
510 2266058
506 2266068
507 2266078
506 2266088
508 2266098
507 2266109
508 2266119
507 2266129
508 2266139
508 2266149
508 2266159
507 2266169
506 2266179
507 2266189
506 2266198
508 2266208
508 2266218
506 2266228
508 2266239
509 2266272
507 2266272
506 2266295
505 2266295
506 2266299
508 2266309
507 2266310
508 2266319
509 2266329
510 2266339
508 2266349
507 2266359
508 2266369
507 2266379
508 2266389
509 2266411
508 2266414
509 2266419
509 2266428
508 2266438
508 2266449
506 2266459
509 2266469
510 2266479
507 2266489
507 2266499
509 2266509
510 2266519
507 2266529
508 2266539
507 2266549
509 2266559
509 2266569
509 2266579
508 2266598
508 2266621
508 2266624
508 2266628
506 2266638
507 2266648
507 2266659
509 2266669
507 2266679
509 2266689
508 2266699
509 2266709
509 2266719
507 2266729
506 2266739
508 2266761
508 2266764
508 2266769
508 2266779
508 2266788
508 2266798
508 2266809
507 2266819
508 2266841
509 2266844
507 2266848
509 2266859
508 2266869
508 2266879
510 2266889
511 2266899
508 2266909
504 2266919
506 2266929
505 2266939
507 2266949
509 2266959
508 2266969
508 2266979
511 2266989
509 2267011
507 2267014
507 2267018
507 2267029
506 2267039
507 2267049
508 2267059
508 2267099
512 2267102
512 2267102
509 2267103
508 2267108
508 2267118
508 2267128
508 2267138
509 2267148
509 2267158
508 2267169
507 2267179
506 2267189
504 2267211
508 2267214
508 2267219
508 2267229
511 2267238
509 2267249
508 2267258
505 2267269
509 2267291
509 2267294
508 2267309
504 2267319
510 2267329
510 2267339
511 2267349
509 2267359
507 2267381
507 2267384
506 2267389
510 2267399
507 2267408
514 2267419
506 2267428
511 2267439
507 2267448
514 2267459
511 2267468
504 2267479
505 2267501
507 2267504
512 2267509
509 2267519
509 2267529
508 2267539
509 2267549
509 2267559
508 2267582
509 2267585
507 2267589
508 2267599
508 2267609
508 2267618
508 2267629
508 2267639
508 2267649
508 2267659
509 2267669
509 2267679
507 2267689
509 2267698
504 2267709
504 2267719
508 2267729
503 2267739
510 2267749
502 2267759
513 2267769
510 2267779
513 2267789
509 2267799
511 2267808
507 2267818
509 2267829
508 2267839
505 2267849
509 2267859
509 2267869
506 2267878
508 2267889
507 2267899
523 2267909
511 2267919
513 2267929
501 2267939
515 2267949
502 2267959
509 2267969
505 2267979
512 2267989
511 2267998
507 2268009
506 2268019
508 2268029
508 2268039
505 2268058
508 2268069
508 2268079
509 2268089
506 2268099
512 2268109
510 2268119
508 2268129
504 2268139
507 2268149
519 2268159
504 2268181
507 2268184
511 2268188
513 2268199
508 2268209
502 2268219
503 2268229
504 2268239
508 2268261
506 2268264
508 2268269
508 2268279
509 2268289
506 2268299
508 2268309
510 2268319
506 2268329
509 2268339
502 2268349
500 2268359
495 2268369
501 2268379
514 2268389
505 2268399
511 2268409
514 2268419
505 2268429
512 2268439
505 2268449
507 2268459
507 2268469
508 2268479
498 2268489
503 2268499
507 2268509
510 2268519
511 2268529
503 2268539
510 2268549
511 2268571
512 2268574
513 2268579
514 2268589
521 2268599
508 2268609
507 2268619
503 2268641
507 2268644
510 2268648
514 2268658
504 2268669
506 2268679
503 2268689
503 2268699
506 2268709
514 2268719
503 2268729
501 2268738
502 2268748
510 2268758
506 2268768
509 2268778
509 2268788
506 2268809
506 2268819
508 2268829
507 2268839
508 2268849
508 2268859
509 2268869
504 2268879
512 2268889
511 2268899
504 2268908
518 2268918
498 2268928
510 2268938
510 2268948
509 2268958
517 2268969
495 2268979
509 2268989
513 2268999
513 2269009
504 2269019
505 2269029
508 2269039
515 2269049
506 2269059
505 2269069
512 2269078
514 2269088
508 2269098
508 2269108
511 2269118
512 2269128
502 2269138
505 2269148
511 2269158
510 2269168
509 2269178
510 2269188
506 2269198
507 2269208
509 2269218
505 2269228
504 2269239
508 2269249
509 2269259
510 2269269
505 2269315
507 2269315
505 2269319
495 2269321
500 2269322
502 2269329
509 2269339
507 2269361
507 2269364
507 2269368
509 2269391
509 2269396
509 2269398
508 2269408
507 2269419
506 2269429
509 2269439
510 2269461
511 2269464
508 2269468
506 2269478
517 2269488
505 2269519
504 2269534
511 2269536
513 2269539
509 2269548
512 2269558
509 2269568
507 2269605
505 2269609
508 2269611
516 2269612
507 2269619
510 2269629
507 2269639
505 2269649
509 2269658
498 2269668
508 2269678
518 2269688
519 2269699
501 2269709
512 2269719
504 2269729
505 2269764
537 2269768
508 2269771
514 2269771
508 2269778
506 2269789
501 2269798
509 2269808
507 2269819
511 2269828
506 2269838
505 2269848
512 2269858
516 2269868
509 2269905
507 2269910
509 2269910
508 2269913
504 2269919
504 2269929
505 2269939
506 2269949
512 2269971
507 2269974
506 2269978
509 2270002
515 2270004
497 2270008
508 2270018
508 2270028
505 2270038
510 2270048
509 2270058
508 2270096
508 2270099
509 2270099
505 2270111
507 2270113
507 2270118
506 2270128
506 2270138
507 2270149
509 2270158
507 2270169
509 2270179
507 2270189
506 2270199
507 2270209
508 2270219
506 2270229
511 2270239
509 2270249
508 2270259
503 2270269
510 2270301
503 2270304
512 2270309
506 2270319
508 2270329
500 2270339
482 2270349
492 2270359
517 2270369
507 2270379
491 2270389
505 2270411
499 2270414
507 2270419
501 2270428
512 2270438
510 2270461
507 2270464
509 2270469
510 2270479
505 2270489
508 2270499
506 2270509
511 2270519
508 2270528
508 2270539
509 2270549
511 2270559
509 2270569
503 2270579
511 2270589
513 2270599
512 2270609
508 2270619
507 2270629
502 2270639
506 2270649
506 2270659
503 2270669
506 2270679
507 2270689
506 2270699
507 2270709
507 2270719
507 2270729
509 2270739
507 2270749
507 2270759
507 2270781
508 2270784
509 2270788
508 2270799
508 2270808
509 2270819
505 2270829
506 2270839
508 2270848
499 2270858
504 2270868
508 2270879
508 2270889
501 2270898
503 2270909
506 2270919
506 2270929
508 2270939
509 2270949
508 2270959
508 2270969
510 2270979
507 2271001
506 2271004
507 2271009
507 2271028
507 2271038
508 2271048
509 2271059
509 2271068
508 2271078
508 2271089
507 2271099
506 2271109
508 2271119
507 2271129
508 2271139
508 2271148
509 2271159
495 2271169
509 2271179
509 2271188
507 2271198
508 2271209
507 2271219
508 2271229
508 2271238
508 2271248
505 2271259
509 2271281
508 2271284
507 2271289
508 2271299
507 2271309
509 2271319
508 2271329
508 2271339
509 2271361
507 2271364
507 2271369
505 2271379
507 2271388
505 2271398
507 2271408
510 2271418
506 2271429
511 2271438
505 2271448
506 2271458
506 2271469
508 2271479
505 2271489
508 2271498
510 2271508
506 2271518
508 2271528
504 2271538
508 2271548
506 2271558
508 2271568
508 2271578
508 2271600
507 2271603
508 2271609
507 2271619
509 2271629
509 2271639
505 2271649
508 2271658
509 2271668
511 2271678
507 2271688
508 2271698
508 2271708
507 2271718
508 2271728
508 2271738
507 2271748
505 2271758
508 2271778
509 2271788
507 2271799
507 2271809
511 2271819
508 2271829
508 2271839
507 2271849
508 2271861
509 2271869
509 2271878
508 2271889
508 2271898
508 2271914
509 2271918
507 2271928
506 2271938
506 2271948
507 2271958
507 2271968
508 2271978
507 2271988
509 2271998
508 2272008
508 2272019
506 2272029
505 2272039
508 2272048
507 2272058
508 2272068
507 2272078
507 2272088
510 2272098
507 2272108
506 2272118
507 2272129
507 2272139
508 2272148
509 2272158
508 2272172
508 2272179
511 2272188
507 2272198
505 2272208
507 2272218
508 2272228
506 2272238
509 2272248
509 2272258
506 2272268
510 2272278
509 2272289
508 2272299
507 2272309
509 2272318
507 2272329
508 2272338
508 2272348
509 2272358
508 2272368
508 2272378
508 2272388
507 2272398
510 2272409
507 2272418
508 2272428
508 2272438
507 2272448
508 2272458
508 2272468
507 2272478
508 2272488
509 2272498
507 2272518
509 2272528
508 2272538
508 2272559
508 2272571
510 2272574
507 2272579
506 2272589
507 2272599
507 2272609
508 2272619
507 2272629
508 2272639
511 2272649
510 2272659
508 2272670
508 2272678
507 2272688
508 2272698
507 2272708
507 2272718
509 2272728
508 2272739
508 2272749
509 2272759
508 2272769
505 2272779
508 2272789
507 2272799
508 2272809
507 2272819
509 2272829
507 2272839
509 2272848
507 2272859
509 2272868
507 2272878
509 2272888
506 2272898
508 2272909
508 2272919
509 2272929
509 2272939
505 2272949
508 2272958
504 2272969
508 2272979
507 2272988
508 2272998
507 2273008
508 2273018
510 2273028
506 2273039
506 2273048
507 2273058
507 2273068
509 2273078
507 2273088
509 2273098
505 2273109
510 2273119
509 2273129
508 2273139
506 2273149
506 2273159
507 2273169
507 2273179
507 2273188
508 2273199
511 2273208
508 2273218
507 2273228
508 2273238
507 2273258
509 2273268
508 2273279
510 2273289
509 2273299
510 2273321
508 2273324
506 2273328
509 2273338
507 2273348
507 2273358
508 2273368
509 2273378
509 2273388
508 2273398
509 2273408
506 2273418
507 2273428
510 2273438
510 2273448
508 2273460
509 2273469
507 2273479
507 2273488
509 2273499
505 2273509
509 2273519
509 2273528
506 2273539
507 2273548
506 2273558
506 2273568
507 2273578
508 2273588
505 2273598
506 2273608
509 2273618
509 2273628
508 2273638
508 2273659
506 2273670
507 2273673
507 2273678
508 2273689
505 2273698
506 2273708
507 2273718
509 2273728
509 2273751
507 2273754
509 2273758
510 2273768
508 2273791
507 2273794
506 2273811
506 2273814
508 2273818
508 2273828
509 2273838
508 2273848
510 2273883
508 2273887
507 2273889
509 2273891
507 2273898
509 2273908
508 2273918
508 2273928
509 2273962
509 2273965
508 2273981
509 2273984
509 2273988
506 2273999
507 2274008
510 2274018
506 2274028
508 2274038
509 2274060
509 2274063
506 2274080
509 2274083
512 2274088
504 2274098
507 2274109
507 2274119
506 2274129
510 2274139
509 2274173
508 2274179
504 2274181
506 2274182
508 2274188
508 2274198
510 2274208
507 2274218
509 2274228
507 2274238
508 2274261
507 2274278
506 2274305
508 2274306
507 2274308
507 2274308
505 2274309
508 2274318
506 2274340
506 2274343
505 2274348
502 2274358
505 2274368
504 2274378
512 2274389
505 2274399
507 2274409
513 2274431
510 2274434
504 2274451
509 2274454
507 2274473
508 2274473
506 2274478
508 2274488
506 2274524
511 2274527
505 2274529
509 2274532
506 2274538
507 2274548
510 2274558
508 2274579
511 2274604
506 2274606
509 2274609
509 2274612
508 2274629
507 2274641
509 2274644
509 2274648
507 2274668
508 2274693
505 2274695
510 2274699
508 2274709
510 2274719
507 2274729
507 2274739
510 2274773
508 2274776
509 2274777
506 2274791
509 2274794
509 2274798
505 2274808
508 2274818
505 2274828
509 2274839
508 2274849
512 2274859
509 2274869
509 2274878
510 2274889
506 2274899
504 2274908
506 2274919
507 2274941
498 2274944
496 2274948
519 2274958
505 2274981
510 2274983
521 2274989
526 2274998
520 2275008
507 2275018
503 2275028
508 2275038
503 2275048
510 2275058
511 2275080
513 2275083
512 2275088
509 2275099
506 2275121
506 2275124
507 2275129
508 2275138
508 2275161
509 2275164
508 2275168
507 2275178
507 2275188
508 2275198
507 2275208
508 2275218
508 2275240
509 2275243
507 2275248
512 2275258
507 2275269
507 2275278
511 2275289
508 2275298
509 2275308
506 2275318
508 2275328
509 2275338
510 2275348
507 2275358
507 2275368
508 2275378
508 2275388
509 2275399
507 2275408
507 2275418
507 2275428
509 2275438
507 2275448
509 2275458
508 2275468
508 2275488
508 2275498
509 2275508
508 2275518
508 2275528
509 2275538
508 2275548
506 2275558
505 2275580
509 2275583
508 2275588
508 2275598
509 2275621
508 2275624
510 2275629
509 2275639
507 2275690
508 2275693
508 2275693
509 2275696
507 2275697
509 2275699
508 2275708
510 2275719
509 2275729
507 2275751
508 2275754
508 2275758
509 2275768
506 2275778
508 2275788
507 2275798
509 2275833
509 2275837
508 2275839
507 2275841
509 2275848
509 2275858
509 2275895
506 2275899
508 2275901
509 2275901
509 2275908
508 2275919
509 2275928
512 2275939
503 2275974
510 2275978
506 2275981
503 2275982
510 2275988
504 2275998
518 2276008
509 2276043
510 2276047
500 2276049
508 2276051
513 2276071
507 2276073
511 2276113
509 2276115
511 2276118
508 2276121
499 2276129
522 2276139
499 2276161
514 2276164
510 2276180
504 2276191
511 2276193
514 2276198
524 2276208
508 2276218
504 2276251
504 2276254
507 2276261
504 2276263
510 2276269
507 2276279
508 2276329
508 2276332
508 2276332
506 2276335
505 2276335
516 2276338
516 2276359
524 2276370
505 2276373
510 2276378
506 2276400
509 2276403
509 2276409
511 2276419
505 2276428
508 2276438
504 2276448
507 2276458
501 2276481
510 2276484
511 2276488
514 2276498
510 2276508
505 2276518
508 2276541
507 2276544
504 2276548
504 2276558
512 2276568
503 2276579
508 2276589
505 2276599
504 2276621
506 2276624
506 2276641
512 2276643
511 2276648
510 2276658
498 2276668
511 2276704
511 2276708
512 2276710
508 2276710
513 2276718
506 2276728
513 2276739
508 2276774
509 2276778
511 2276781
510 2276781
512 2276788
504 2276798
500 2276808
509 2276818
507 2276828
508 2276864
510 2276868
510 2276871
511 2276871
510 2276878
508 2276899
508 2276911
508 2276913
506 2276930
509 2276933
508 2276948
506 2276958
506 2276981
506 2276984
509 2276989
508 2276999
507 2277008
509 2277019
507 2277028
506 2277038
507 2277074
510 2277078
507 2277080
507 2277080
511 2277088
505 2277098
511 2277108
510 2277118
507 2277140
508 2277143
508 2277148
506 2277158
508 2277168
507 2277178
508 2277189
513 2277199
509 2277221
508 2277224
505 2277229
505 2277239
507 2277249
511 2277271
514 2277274
510 2277279
511 2277301
512 2277304
515 2277309
504 2277318
509 2277329
506 2277365
509 2277367
507 2277369
504 2277381
508 2277383
508 2277388
511 2277399
502 2277408
510 2277431
511 2277434
510 2277439
505 2277461
513 2277464
512 2277469
509 2277479
507 2277489
508 2277511
509 2277514
508 2277519
508 2277529
508 2277539
509 2277549
506 2277558
510 2277568
509 2277591
508 2277594
504 2277599
508 2277608
507 2277618
509 2277641
506 2277644
505 2277648
507 2277671
510 2277691
504 2277692
503 2277694
507 2277699
509 2277719
508 2277729
507 2277738
506 2277749
502 2277771
510 2277774
510 2277778
509 2277801
508 2277804
508 2277808
509 2277819
505 2277828
508 2277838
505 2277848
508 2277859
510 2277881
507 2277884
507 2277889
506 2277898
508 2277909
504 2277931
512 2277934
503 2277938
516 2277975
493 2277979
504 2277981
506 2277982
517 2277989
514 2278011
512 2278014
506 2278018
511 2278029
508 2278038
506 2278061
509 2278064
507 2278068
504 2278091
508 2278094
513 2278098
504 2278108
505 2278118
509 2278128
503 2278138
509 2278149
512 2278159
506 2278168
509 2278191
508 2278194
512 2278199
500 2278221
516 2278224
509 2278283
511 2278285
507 2278286
506 2278291
505 2278291
506 2278294
501 2278294
515 2278324
510 2278328
510 2278330
509 2278331
513 2278338
496 2278427
506 2278429
513 2278430
506 2278432
507 2278432
506 2278433
513 2278436
515 2278441
504 2278443
509 2278474
512 2278476
512 2278479
511 2278491
507 2278494
511 2278521
517 2278524
507 2278555
505 2278557
506 2278557
510 2278560
501 2278569
508 2278608
494 2278610
515 2278611
497 2278614
528 2278621
518 2278624
510 2278628
515 2278649
520 2278661
519 2278663
508 2278668
511 2278678
507 2278689
501 2278699
503 2278720
511 2278731
497 2278734
532 2278738
528 2278748
503 2278771
500 2278774
508 2278778
515 2278788
470 2278799
505 2278809
504 2278819
496 2278828
502 2278851
509 2278854
508 2278869
512 2278879
509 2278888
511 2278924
504 2278928
505 2278930
506 2278930
511 2278938
504 2278948
507 2278959
511 2278993
509 2278996
508 2278999
506 2279001
508 2279008
509 2279018
506 2279028
507 2279064
510 2279068
507 2279070
507 2279070
503 2279078
508 2279109
506 2279167
508 2279170
508 2279170
506 2279173
508 2279173
511 2279174
512 2279176
510 2279189
502 2279229
506 2279251
510 2279252
511 2279254
509 2279254
508 2279257
509 2279257
509 2279274
503 2279276
504 2279279
507 2279290
510 2279293
510 2279298
508 2279309
505 2279319
513 2279341
507 2279344
509 2279360
508 2279363
508 2279368
506 2279378
507 2279388
507 2279398
505 2279421
507 2279424
513 2279428
511 2279451
503 2279454
502 2279470
518 2279473
517 2279478
514 2279488
508 2279498
515 2279508
510 2279518
507 2279528
506 2279538
509 2279548
509 2279584
498 2279588
506 2279590
521 2279590
493 2279597
502 2279608
498 2279618
486 2279628
491 2279638
492 2279673
511 2279676
516 2279679
508 2279681
513 2279688
510 2279698
505 2279708
507 2279730
505 2279733
499 2279738
499 2279748
509 2279758
503 2279768
473 2279790
516 2279793
515 2279798
496 2279820
516 2279823
514 2279828
504 2279839
502 2279848
503 2279859
506 2279868
498 2279896
501 2279901
508 2279904
507 2279908
505 2279918
507 2279951
507 2279953
508 2279958
507 2279981
507 2279984
509 2280000
509 2280003
507 2280008
505 2280018
509 2280028
508 2280038
508 2280062
508 2280063
508 2280080
508 2280083
509 2280100
508 2280103
506 2280121
507 2280124
506 2280129
507 2280151
509 2280154
509 2280158
509 2280168
507 2280178
509 2280189
507 2280198
506 2280208
509 2280218
506 2280241
507 2280244
509 2280248
509 2280258
508 2280268
509 2280278
507 2280288
508 2280298
510 2280308
507 2280318
507 2280329
508 2280338
509 2280349
509 2280369
508 2280381
506 2280384
508 2280388
508 2280398
508 2280408
514 2280418
503 2280428
515 2280480
506 2280482
515 2280483
504 2280483
513 2280486
506 2280488
506 2280498
506 2280508
509 2280549
505 2280570
510 2280572
511 2280572
508 2280574
506 2280575
507 2280579
507 2280589
509 2280611
509 2280614
507 2280618
508 2280628
509 2280638
507 2280658
506 2280668
507 2280678
508 2280688
508 2280698
510 2280708
510 2280718
507 2280741
507 2280744
516 2280749
509 2280769
499 2280769
510 2280778
501 2280788
513 2280811
515 2280813
500 2280818
516 2280828
515 2280838
506 2280848
512 2280871
508 2280874
509 2280879
512 2280888
512 2280898
511 2280908
496 2280918
504 2280928
498 2280938
507 2280948
506 2280971
510 2280974
499 2280978
502 2280988
500 2280998
513 2281008
512 2281018
502 2281028
509 2281038
511 2281048
502 2281058
505 2281077
503 2281079
508 2281088
506 2281098
511 2281108
497 2281118
502 2281128
510 2281138
508 2281148
510 2281158
511 2281168
509 2281178
509 2281188
521 2281211
506 2281214
495 2281218
505 2281228
510 2281238
509 2281261
502 2281264
516 2281269
520 2281291
530 2281294
513 2281298
503 2281308
511 2281318
501 2281328
488 2281338
525 2281348
496 2281358
505 2281368
489 2281391
483 2281394
529 2281398
508 2281418
522 2281453
507 2281455
520 2281459
504 2281461
511 2281468
503 2281478
506 2281501
509 2281503
511 2281508
506 2281518
506 2281528
505 2281538
507 2281548
506 2281558
509 2281568
510 2281578
506 2281589
508 2281598
509 2281621
504 2281624
506 2281628
508 2281639
504 2281648
513 2281671
501 2281673
510 2281691
510 2281693
506 2281698
507 2281708
508 2281717
498 2281727
507 2281737
504 2281747
500 2281758
509 2281768
498 2281778
507 2281788
516 2281811
524 2281814
514 2281818
506 2281828
508 2281838
508 2281848
506 2281883
507 2281887
509 2281889
506 2281893
507 2281898
509 2281908
509 2281918
507 2281928
511 2281938
506 2281948
503 2281958
508 2281968
508 2281978
501 2281988
513 2281998
506 2282008
508 2282018
509 2282041
502 2282043
500 2282048
509 2282069
507 2282070
509 2282078
507 2282088
508 2282098
510 2282108
506 2282118
507 2282128
504 2282138
505 2282147
509 2282167
507 2282178
512 2282188
508 2282198
507 2282208
512 2282218
512 2282269
509 2282272
505 2282272
507 2282273
506 2282275
510 2282278
508 2282288
505 2282297
506 2282308
512 2282330
499 2282333
504 2282338
508 2282348
510 2282358
507 2282368
506 2282378
508 2282388
506 2282411
507 2282413
509 2282418
508 2282428
509 2282438
506 2282473
505 2282478
509 2282480
510 2282480
508 2282488
509 2282498
508 2282508
505 2282518
507 2282552
508 2282555
508 2282558
507 2282561
508 2282568
511 2282577
507 2282587
507 2282597
507 2282634
505 2282638
505 2282641
511 2282641
506 2282648
496 2282671
499 2282673
510 2282678
530 2282688
485 2282698
502 2282708
553 2282718
538 2282728
510 2282740
518 2282760
486 2282763
529 2282768
509 2282778
521 2282788
487 2282798
497 2282824
506 2282830
495 2282833
515 2282838
496 2282847
484 2282858
523 2282867
521 2282877
526 2282887
515 2282921
520 2282924
468 2282928
470 2282938
487 2282948
535 2282958
500 2282968
483 2282978
500 2282988
494 2282998
517 2283008
491 2283018
510 2283040
534 2283043
482 2283048
527 2283058
511 2283067
497 2283077
519 2283087
527 2283098
516 2283108
513 2283117
514 2283127
519 2283137
515 2283149
513 2283158
491 2283168
502 2283178
518 2283188
502 2283198
514 2283208
497 2283218
511 2283228
511 2283238
509 2283248
505 2283258
514 2283268
505 2283278
512 2283288
512 2283298
502 2283308
510 2283318
508 2283341
514 2283344
507 2283348
499 2283358
505 2283370
524 2283378
517 2283388
505 2283398
519 2283408
496 2283430
517 2283433
508 2283438
510 2283448
508 2283458
505 2283468
508 2283478
509 2283488
508 2283498
510 2283508
510 2283518
511 2283528
505 2283538
507 2283548
506 2283570
512 2283573
506 2283578
508 2283588
508 2283598
513 2283608
506 2283618
508 2283628
506 2283648
506 2283658
504 2283668
509 2283678
510 2283688
502 2283698
506 2283708
507 2283718
505 2283728
508 2283738
509 2283748
508 2283758
509 2283768
508 2283778
509 2283788
507 2283798
509 2283808
512 2283818
511 2283841
499 2283844
506 2283848
515 2283858
514 2283868
507 2283878
495 2283888
506 2283898
508 2283908
506 2283918
517 2283928
519 2283938
510 2283948
511 2283958
462 2283968
499 2283978
505 2283988
503 2283998
504 2284021
508 2284025
513 2284028
509 2284038
508 2284048
508 2284071
506 2284074
508 2284078
508 2284088
506 2284098
508 2284108
506 2284118
508 2284128
508 2284138
509 2284148
507 2284158
514 2284177
507 2284180
505 2284188
506 2284198
509 2284208
512 2284218
510 2284228
507 2284263
509 2284266
510 2284269
509 2284272
508 2284278
507 2284288
510 2284298
508 2284308
509 2284344
507 2284348
511 2284351
510 2284351
515 2284358
511 2284381
506 2284384
512 2284388
506 2284408
509 2284418
502 2284428
508 2284438
508 2284459
508 2284470
507 2284475
504 2284478
508 2284488
508 2284498
510 2284521
506 2284523
510 2284553
507 2284557
509 2284559
510 2284562
507 2284568
507 2284578
510 2284588
512 2284598
501 2284608
509 2284630
505 2284633
511 2284638
509 2284648
508 2284670
508 2284673
511 2284678
507 2284688
507 2284698
513 2284708
492 2284718
539 2284728
512 2284738
511 2284760
454 2284763
524 2284768
518 2284777
478 2284787
492 2284797
504 2284807
505 2284818
484 2284828
501 2284838
513 2284848
504 2284858
500 2284868
502 2284878
503 2284888
513 2284898
499 2284908
514 2284918
503 2284940
509 2284943
497 2284948
505 2284958
490 2284969
517 2284978
493 2284988
519 2284998
500 2285008
503 2285018
503 2285028
509 2285038
503 2285047
526 2285057
521 2285067
497 2285077
513 2285088
505 2285098
512 2285131
510 2285134
506 2285138
504 2285148
508 2285175
514 2285176
512 2285180
529 2285188
533 2285198
510 2285208
508 2285218
519 2285228
518 2285238
496 2285248
499 2285258
512 2285268
510 2285278
516 2285288
504 2285297
504 2285307
501 2285318
515 2285328
507 2285338
529 2285361
510 2285364
514 2285368
507 2285378
508 2285388
508 2285398
507 2285408
512 2285418
509 2285428
507 2285438
509 2285448
508 2285466
508 2285468
507 2285478
512 2285518
502 2285518
511 2285519
505 2285519
510 2285528
508 2285538
508 2285548
505 2285570
517 2285573
507 2285578
513 2285587
504 2285598
510 2285608
506 2285618
513 2285628
501 2285638
498 2285658
513 2285671
501 2285673
505 2285678
496 2285688
505 2285698
510 2285708
511 2285718
505 2285728
511 2285738
510 2285748
508 2285770
507 2285773
509 2285778
509 2285788
509 2285798
518 2285808
507 2285818
510 2285828
513 2285838
494 2285848
504 2285857
497 2285878
509 2285887
508 2285897
507 2285907
504 2285917
508 2285927
509 2285938
506 2285961
507 2285963
506 2285968
509 2285978
511 2286000
509 2286003
508 2286008
508 2286018
507 2286027
508 2286039
506 2286048
507 2286058
509 2286068
506 2286078
507 2286088
509 2286098
508 2286108
508 2286118
509 2286128
508 2286150
507 2286153
507 2286158
507 2286180
507 2286183
508 2286187
508 2286199
510 2286208
509 2286230
507 2286233
507 2286238
508 2286260
507 2286263
507 2286268
507 2286278
509 2286288
508 2286310
509 2286313
507 2286317
507 2286327
506 2286338
507 2286348
506 2286358
509 2286368
510 2286378
508 2286388
511 2286398
508 2286408
509 2286418
507 2286428
509 2286438
508 2286448
509 2286458
507 2286468
509 2286477
509 2286487
508 2286498
507 2286508
506 2286531
509 2286538
508 2286538
510 2286548
508 2286558
509 2286568
505 2286578
507 2286588
508 2286598
509 2286618
509 2286628
508 2286637
509 2286649
507 2286671
508 2286673
510 2286691
509 2286693
508 2286698
507 2286708
509 2286718
506 2286728
508 2286738
505 2286748
507 2286758
510 2286768
511 2286777
508 2286789
506 2286797
507 2286807
507 2286817
509 2286827
508 2286850
507 2286853
509 2286857
509 2286868
507 2286877
508 2286888
508 2286910
506 2286913
507 2286918
508 2286928
509 2286938
508 2286948
507 2286958
509 2286968
507 2286978
509 2286988
507 2286997
508 2287007
508 2287030
507 2287033
509 2287050
509 2287053
509 2287070
506 2287091
509 2287091
509 2287092
508 2287098
509 2287108
505 2287130
508 2287133
509 2287138
511 2287148
507 2287158
507 2287168
508 2287178
509 2287188
509 2287198
512 2287208
510 2287218
506 2287227
508 2287237
508 2287248
505 2287258
508 2287282
510 2287282
507 2287300
509 2287303
509 2287308
509 2287317
509 2287340
506 2287343
505 2287347
507 2287368
508 2287378
507 2287388
508 2287398
508 2287408
510 2287418
510 2287428
507 2287438
508 2287447
507 2287457
507 2287467
508 2287477
507 2287487
508 2287497
509 2287507
509 2287517
509 2287541
507 2287544
506 2287548
508 2287558
508 2287568
507 2287578
507 2287588
509 2287598
510 2287608
508 2287618
506 2287628
507 2287638
508 2287648
508 2287658
508 2287668
509 2287678
507 2287687
509 2287697
521 2287721
507 2287724
506 2287728
509 2287738
501 2287748
508 2287770
520 2287773
509 2287778
513 2287788
508 2287797
505 2287807
510 2287818
510 2287828
509 2287838
508 2287848
503 2287858
510 2287868
507 2287878
510 2287888
508 2287898
509 2287908
504 2287918
501 2287928
512 2287950
512 2287953
507 2287958
513 2287967
507 2287978
504 2288000
508 2288020
508 2288021
511 2288021
510 2288027
506 2288037
508 2288048
504 2288057
510 2288067
507 2288077
510 2288088
507 2288098
507 2288118
506 2288128
509 2288138
507 2288148
508 2288158
508 2288167
508 2288177
509 2288187
507 2288197
508 2288207
507 2288218
509 2288228
507 2288238
508 2288248
509 2288270
507 2288273
507 2288278
508 2288300
509 2288303
507 2288308
507 2288318
508 2288327
508 2288338
510 2288347
509 2288357
506 2288367
507 2288377
507 2288387
509 2288398
508 2288408
508 2288418
508 2288428
509 2288438
506 2288448
507 2288458
506 2288468
507 2288478
508 2288488
505 2288498
509 2288507
509 2288518
506 2288528
510 2288538
508 2288560
506 2288563
505 2288568
507 2288578
508 2288588
507 2288598
510 2288608
509 2288618
511 2288628
510 2288638
506 2288647
507 2288657
509 2288667
508 2288677
507 2288688
508 2288698
507 2288708
516 2288718
508 2288740
501 2288743
511 2288748
502 2288758
507 2288768
506 2288778
523 2288787
505 2288797
504 2288807
514 2288817
515 2288827
520 2288838
501 2288858
517 2288868
504 2288878
516 2288888
506 2288923
520 2288925
506 2288929
508 2288931
515 2288938
503 2288948
508 2288970
481 2288973
527 2288990
501 2288993
510 2288998
502 2289007
507 2289017
503 2289041
512 2289044
503 2289048
497 2289058
507 2289068
505 2289078
507 2289088
518 2289098
505 2289133
503 2289135
508 2289137
503 2289150
510 2289153
515 2289158
511 2289168
508 2289178
515 2289213
510 2289217
514 2289219
503 2289221
512 2289228
510 2289250
508 2289253
509 2289258
511 2289268
506 2289278
509 2289288
502 2289298
507 2289308
501 2289343
510 2289346
508 2289348
505 2289351
511 2289358
511 2289368
509 2289378
506 2289388
506 2289410
516 2289413
506 2289418
505 2289428
510 2289438
512 2289448
505 2289471
506 2289473
507 2289478
508 2289501
507 2289504
509 2289508
510 2289518
508 2289540
508 2289543
509 2289548
508 2289558
507 2289568
506 2289578
508 2289598
507 2289608
507 2289618
509 2289628
507 2289638
507 2289660
508 2289663
507 2289680
506 2289683
507 2289688
508 2289698
508 2289719
508 2289730
508 2289733
508 2289738
508 2289774
507 2289778
506 2289781
508 2289781
508 2289788
510 2289798
501 2289808
543 2289818
492 2289828
563 2289863
543 2289867
497 2289870
518 2289870
554 2289890
497 2289893
505 2289897
508 2289907
504 2289917
529 2289951
518 2289954
499 2289958
512 2289970
523 2289973
505 2289977
505 2289987
511 2290019
512 2290033
508 2290037
509 2290039
509 2290042
507 2290048
507 2290058
508 2290068
506 2290078
509 2290088
508 2290098
508 2290108
508 2290118
507 2290127
506 2290151
508 2290153
508 2290158
507 2290180
508 2290183
507 2290188
490 2290198
511 2290208
480 2290231
501 2290233
522 2290238
492 2290248
500 2290270
509 2290273
503 2290278
511 2290300
508 2290303
506 2290321
511 2290323
509 2290338
509 2290348
504 2290358
509 2290379
510 2290391
509 2290394
508 2290398
506 2290408
514 2290418
508 2290428
503 2290438
510 2290448
506 2290458
496 2290468
505 2290478
516 2290488
505 2290498
504 2290508
505 2290518
510 2290540
513 2290540
516 2290548
511 2290558
506 2290581
509 2290583
502 2290588
510 2290598
506 2290608
510 2290618
501 2290628
501 2290638
506 2290648
512 2290658
508 2290668
508 2290678
517 2290688
502 2290698
508 2290708
512 2290718
512 2290728
503 2290738
504 2290760
505 2290763
509 2290768
508 2290778
506 2290788
505 2290798
509 2290808
503 2290818
514 2290828
504 2290838
508 2290848
510 2290874
509 2290875
507 2290878
510 2290888
508 2290898
505 2290920
514 2290923
514 2290928
508 2290950
509 2290953
515 2290958
502 2290968
513 2290978
522 2290999
508 2291011
500 2291013
507 2291018
508 2291028
510 2291038
502 2291048
514 2291058
506 2291078
505 2291088
509 2291098
515 2291129
508 2291144
512 2291146
509 2291149
511 2291160
507 2291163
514 2291168
509 2291178
510 2291213
506 2291215
507 2291219
511 2291223
519 2291241
509 2291244
502 2291248
506 2291270
509 2291273
508 2291290
511 2291293
510 2291298
509 2291320
507 2291323
510 2291340
506 2291343
508 2291348
512 2291358
508 2291368
507 2291378
506 2291388
509 2291410
512 2291413
508 2291418
507 2291428
505 2291438
511 2291448
501 2291458
503 2291468
506 2291490
507 2291493
510 2291498
504 2291508
507 2291518
506 2291528
504 2291538
508 2291548
509 2291558
510 2291568
507 2291578
512 2291588
510 2291598
502 2291608
525 2291618
500 2291628
500 2291651
506 2291654
500 2291658
488 2291668
501 2291678
525 2291689
505 2291698
502 2291708
512 2291718
509 2291728
506 2291738
510 2291748
506 2291758
507 2291768
507 2291790
510 2291793
506 2291798
505 2291818
509 2291828
510 2291838
507 2291860
509 2291873
507 2291874
509 2291890
509 2291892
503 2291897
506 2291908
508 2291917
510 2291958
510 2291979
507 2291982
508 2291982
505 2291985
511 2291986
509 2291988
506 2291997
507 2292033
507 2292036
509 2292039
510 2292040
509 2292049
509 2292070
509 2292073
507 2292078
508 2292140
507 2292142
502 2292142
507 2292146
508 2292147
508 2292253
507 2292255
509 2292258
510 2292258
508 2292261
503 2292261
509 2292262
507 2292263
509 2292328
506 2292329
504 2292329
509 2292330
510 2292330
509 2292330
507 2292331
502 2292346
509 2292369
507 2292370
510 2292370
509 2292370
511 2292374
508 2292375
510 2292375
507 2292375
509 2292379
508 2292406
507 2292406
508 2292409
507 2292422
508 2292433
507 2292439
507 2292448
506 2292458
505 2292468
508 2292477
506 2292488
505 2292497
492 2292507
507 2292518
509 2292527
502 2292537
501 2292548
508 2292567
507 2292577
501 2292587
508 2292599
504 2292608
506 2292630
509 2292633
509 2292638
496 2292648
502 2292658
507 2292668
509 2292678
511 2292688
508 2292698
508 2292708
511 2292718
508 2292728
505 2292738
506 2292748
508 2292771
507 2292772
509 2292777
508 2292787
509 2292798
508 2292820
506 2292822
505 2292828
508 2292838
507 2292848
508 2292871
510 2292873
498 2292878
507 2292900
504 2292903
507 2292908
506 2292918
513 2292928
509 2292938
502 2292949
502 2292968
501 2292980
502 2292986
513 2292989
509 2292997
505 2293007
506 2293017
508 2293028
505 2293038
510 2293048
508 2293058
507 2293080
513 2293083
506 2293088
517 2293110
513 2293113
511 2293118
512 2293128
508 2293164
503 2293167
504 2293170
506 2293170
509 2293190
506 2293193
508 2293197
504 2293208
504 2293218
509 2293240
505 2293243
510 2293258
511 2293280
511 2293283
489 2293288
509 2293310
499 2293313
508 2293330
494 2293333
518 2293338
501 2293360
518 2293363
515 2293371
501 2293378
507 2293388
505 2293398
511 2293421
519 2293423
508 2293428
507 2293438
510 2293448
512 2293470
509 2293473
511 2293478
504 2293488
510 2293498
510 2293508
504 2293518
509 2293528
513 2293538
504 2293548
507 2293558
505 2293568
503 2293578
509 2293588
510 2293611
509 2293613
507 2293660
507 2293662
507 2293663
507 2293663
506 2293666
505 2293668
508 2293678
508 2293688
509 2293698
508 2293708
506 2293718
507 2293728
501 2293738
509 2293748
517 2293758
500 2293768
505 2293778
502 2293788
509 2293798
512 2293808
493 2293818
517 2293828
511 2293850
509 2293853
510 2293858
508 2293868
511 2293891
506 2293893
511 2293898
510 2293908
513 2293918
509 2293928
491 2293938
495 2293948
502 2293958
511 2293968
517 2293978
512 2293988
501 2293998
509 2294008
510 2294018
509 2294028
505 2294038
515 2294071
505 2294074
512 2294078
506 2294089
513 2294098
510 2294108
504 2294118
510 2294128
498 2294138
510 2294161
515 2294163
501 2294168
514 2294178
505 2294188
518 2294198
503 2294219
494 2294230
520 2294233
511 2294238
516 2294248
501 2294258
506 2294281
508 2294284
510 2294288
520 2294298
504 2294308
507 2294318
503 2294328
513 2294338
512 2294348
515 2294358
508 2294368
511 2294378
510 2294388
502 2294398
505 2294408
508 2294418
508 2294428
507 2294438
506 2294460
515 2294463
507 2294468
509 2294478
512 2294488
508 2294498
509 2294508
504 2294518
513 2294528
504 2294538
508 2294548
506 2294571
510 2294573
508 2294578
511 2294588
509 2294598
513 2294608
509 2294618
507 2294628
507 2294638
510 2294648
510 2294658
508 2294668
507 2294678
504 2294688
510 2294698
508 2294708
509 2294717
507 2294727
507 2294739
509 2294747
511 2294758
508 2294783
506 2294784
506 2294798
505 2294808
507 2294818
506 2294828
513 2294838
507 2294848
512 2294858
507 2294868
514 2294878
506 2294888
500 2294897
507 2294907
512 2294918
509 2294928
512 2294937
509 2294960
507 2294963
506 2294967
507 2294977
506 2294987
508 2294997
508 2295007
508 2295017
509 2295027
511 2295037
510 2295047
505 2295058
506 2295068
512 2295078
512 2295088
507 2295098
506 2295108
515 2295118
511 2295128
503 2295138
506 2295148
507 2295158
499 2295168
509 2295178
515 2295188
515 2295198
495 2295208
510 2295218
515 2295228
505 2295239
502 2295247
515 2295257
504 2295267
493 2295277
508 2295287
511 2295297
515 2295308
515 2295330
509 2295333
512 2295337
512 2295347
506 2295357
511 2295379
504 2295380
508 2295388
506 2295398
506 2295408
505 2295418
503 2295428
505 2295438
509 2295448
511 2295458
508 2295468
510 2295482
510 2295488
510 2295498
507 2295508
509 2295518
510 2295537
511 2295548
505 2295558
506 2295580
511 2295583
507 2295588
511 2295597
511 2295620
507 2295624
507 2295628
507 2295638
506 2295648
508 2295658
506 2295668
508 2295678
508 2295699
509 2295710
507 2295713
508 2295718
511 2295727
510 2295737
507 2295747
508 2295758
509 2295792
507 2295796
507 2295798
507 2295800
508 2295807
510 2295817
508 2295827
508 2295837
508 2295847
506 2295858
510 2295868
510 2295878
506 2295888
505 2295898
509 2295908
509 2295918
510 2295928
510 2295938
506 2295948
505 2295958
506 2295968
512 2295990
502 2295993
507 2295998
509 2296008
509 2296017
509 2296028
508 2296038
509 2296048
509 2296070
507 2296073
509 2296077
507 2296087
507 2296097
507 2296107
508 2296117
509 2296173
510 2296173
509 2296174
507 2296174
507 2296175
508 2296177
508 2296187
508 2296197
508 2296208
508 2296218
509 2296228
510 2296238
509 2296248
508 2296258
507 2296268
508 2296288
509 2296298
508 2296308
508 2296318
509 2296328
510 2296338
509 2296348
507 2296358
508 2296368
508 2296378
508 2296388
515 2296398
507 2296408
506 2296418
509 2296427
504 2296437
515 2296448
500 2296458
514 2296468
510 2296478
499 2296488
509 2296498
507 2296508
505 2296518
513 2296528
504 2296538
506 2296548
507 2296558
509 2296568
510 2296578
501 2296588
511 2296598
508 2296608
512 2296618
513 2296628
505 2296638
506 2296648
509 2296658
509 2296668
509 2296678
507 2296688
506 2296698
510 2296708
510 2296718
505 2296728
504 2296737
510 2296748
508 2296758
508 2296768
506 2296778
505 2296788
512 2296798
507 2296808
517 2296818
505 2296828
509 2296838
507 2296848
509 2296858
507 2296867
508 2296891
501 2296894
511 2296898
511 2296908
504 2296918
507 2296928
501 2296938
514 2296948
512 2296958
504 2296968
508 2296978
526 2296998
510 2297008
510 2297018
497 2297040
505 2297043
520 2297044
506 2297071
514 2297071
507 2297078
512 2297088
503 2297098
518 2297107
506 2297117
512 2297128
510 2297138
503 2297148
504 2297158
508 2297168
502 2297178
511 2297188
509 2297198
508 2297208
511 2297217
504 2297228
508 2297238
506 2297248
510 2297258
510 2297268
507 2297278
508 2297288
506 2297298
509 2297308
507 2297318
509 2297328
506 2297348
506 2297360
507 2297363
506 2297368
509 2297377
509 2297388
508 2297398
537 2297408
512 2297418
507 2297428
504 2297437
505 2297447
509 2297458
507 2297468
505 2297478
507 2297501
509 2297503
509 2297508
508 2297518
507 2297528
508 2297538
504 2297548
491 2297558
511 2297580
484 2297583
494 2297588
521 2297598
510 2297607
506 2297617
511 2297627
506 2297637
510 2297660
502 2297663
498 2297670
504 2297677
536 2297687
515 2297723
511 2297727
504 2297730
513 2297730
509 2297737
507 2297757
507 2297768
506 2297804
507 2297808
503 2297810
509 2297810
509 2297818
511 2297827
507 2297837
507 2297848
509 2297870
507 2297873
510 2297877
523 2297887
506 2297897
505 2297920
494 2297923
509 2297927
528 2297937
499 2297947
506 2297957
517 2297967
497 2297977
518 2297987
507 2297997
512 2298019
508 2298022
520 2298027
491 2298037
528 2298047
498 2298068
512 2298079
500 2298090
510 2298093
503 2298098
510 2298108
505 2298118
508 2298128
508 2298138
510 2298148
505 2298158
511 2298197
510 2298198
506 2298200
508 2298200
521 2298208
509 2298217
517 2298227
512 2298237
506 2298247
513 2298257
510 2298270
505 2298277
515 2298287
505 2298297
510 2298307
507 2298317
507 2298327
509 2298337
503 2298347
507 2298372
505 2298372
503 2298389
504 2298392
505 2298397
514 2298408
506 2298418
500 2298428
499 2298438
508 2298448
513 2298458
506 2298482
507 2298483
505 2298488
508 2298534
511 2298538
513 2298540
511 2298540
506 2298560
511 2298563
510 2298567
500 2298578
506 2298610
509 2298613
507 2298620
508 2298623
506 2298627
508 2298637
508 2298647
508 2298657
509 2298667
504 2298677
506 2298687
504 2298709
506 2298712
506 2298717
510 2298740
501 2298742
512 2298747
494 2298757
502 2298767
492 2298778
503 2298788
510 2298799
533 2298808
508 2298818
513 2298828
519 2298838
506 2298848
497 2298858
514 2298868
504 2298890
515 2298893
514 2298898
522 2298908
499 2298917
520 2298928
511 2298937
525 2298948
523 2298957
503 2298980
526 2298983
493 2298987
510 2298997
519 2299007
501 2299017
502 2299027
507 2299037
511 2299047
511 2299057
505 2299067
510 2299077
512 2299087
509 2299097
509 2299107
509 2299117
509 2299127
506 2299137
507 2299147
516 2299158
517 2299178
507 2299178
494 2299190
521 2299198
500 2299208
481 2299218
520 2299228
519 2299238
514 2299270
501 2299273
521 2299278
503 2299288
497 2299297
506 2299308
505 2299317
510 2299327
505 2299350
508 2299352
498 2299357
508 2299367
503 2299377
511 2299387
527 2299397
510 2299407
516 2299417
506 2299427
505 2299437
510 2299447
505 2299457
511 2299467
506 2299477
511 2299487
510 2299498
508 2299508
502 2299519
507 2299528
505 2299538
506 2299548
506 2299558
507 2299568
506 2299578
510 2299588
508 2299598
508 2299608
507 2299618
511 2299628
506 2299638
503 2299648
505 2299657
507 2299672
514 2299677
510 2299687
515 2299697
512 2299707
511 2299717
507 2299727
512 2299737
512 2299747
512 2299757
500 2299767
510 2299778
511 2299800
500 2299802
510 2299807
505 2299818
511 2299828
521 2299851
513 2299853
505 2299858
514 2299880
510 2299883
506 2299888
508 2299898
506 2299908
507 2299918
507 2299928
507 2299938
509 2299960
508 2299963
508 2299977
508 2299987
507 2300010
507 2300013
508 2300017
508 2300027
507 2300037
509 2300047
509 2300057
509 2300067
508 2300102
507 2300106
507 2300108
508 2300110
508 2300117
507 2300127
509 2300137
511 2300147
508 2300158
507 2300168
508 2300178
508 2300188
507 2300198
507 2300208
508 2300218
510 2300228
509 2300238
508 2300248
507 2300258
507 2300272
509 2300277
510 2300287
507 2300298
507 2300307
509 2300318
510 2300328
510 2300337
507 2300347
506 2300357
509 2300367
509 2300377
505 2300387
507 2300397
505 2300407
507 2300430
510 2300433
508 2300437
507 2300447
509 2300457
507 2300467
507 2300490
508 2300492
504 2300497
523 2300508
493 2300518
510 2300528
503 2300540
509 2300548
506 2300558
509 2300568
508 2300578
508 2300588
506 2300598
511 2300620
508 2300623
508 2300627
500 2300638
507 2300648
509 2300670
508 2300673
509 2300677
502 2300688
510 2300697
492 2300707
495 2300727
578 2300737
521 2300747
519 2300757
535 2300767
495 2300784
519 2300787
502 2300797
510 2300807
505 2300830
504 2300832
517 2300837
512 2300860
508 2300862
506 2300867
513 2300878
506 2300888
508 2300898
505 2300908
509 2300918
502 2300928
511 2300938
509 2300948
510 2300970
518 2300973
508 2300990
508 2300993
523 2301010
504 2301013
547 2301028
500 2301040
503 2301043
502 2301103
510 2301106
507 2301109
507 2301109
511 2301110
515 2301113
515 2301119
498 2301122
516 2301154
506 2301156
505 2301158
510 2301170
499 2301172
517 2301177
503 2301200
505 2301202
508 2301234
509 2301235
510 2301238
507 2301250
507 2301253
508 2301258
509 2301280
508 2301283
508 2301314
507 2301316
508 2301322
507 2301330
508 2301333
509 2301358
509 2301383
508 2301386
507 2301386
508 2301413
508 2301416
509 2301418
509 2301442
506 2301445
509 2301446
509 2301459
507 2301462
511 2301494
505 2301496
507 2301502
511 2301523
509 2301525
509 2301528
507 2301540
509 2301543
510 2301573
507 2301576
507 2301578
508 2301600
507 2301603
506 2301620
506 2301621
508 2301623
508 2301654
509 2301656
507 2301659
508 2301684
509 2301684
506 2301688
511 2301700
510 2301702
508 2301732
509 2301735
512 2301736
506 2301749
506 2301752
512 2301779
508 2301822
509 2301826
509 2301828
506 2301830
506 2301830
515 2301833
505 2301833
509 2301858
510 2301897
512 2301899
516 2301899
513 2301900
517 2301903
508 2301910
509 2301913
508 2301917
504 2301940
506 2301943
503 2301973
504 2301976
506 2301978
504 2301990
511 2301993
507 2302023
512 2302026
510 2302026
507 2302048
509 2302071
524 2302073
508 2302108
510 2302111
509 2302111
506 2302112
499 2302120
505 2302122
505 2302127
503 2302190
494 2302192
521 2302192
501 2302195
521 2302195
516 2302201
498 2302201
503 2302206
503 2302210
498 2302230
478 2302233
506 2302287
511 2302290
501 2302290
508 2302291
514 2302312
508 2302316
504 2302316
498 2302343
511 2302346
508 2302346
504 2302360
526 2302366
500 2302418
509 2302456
490 2302459
484 2302459
499 2302460
514 2302462
492 2302462
541 2302463
509 2302470
517 2302472
547 2302490
491 2302490
521 2302496
503 2302523
500 2302525
500 2302528
520 2302553
510 2302555
508 2302557
509 2302570
507 2302573
504 2302578
508 2302600
509 2302603
507 2302633
512 2302636
505 2302638
511 2302650
509 2302653
511 2302658
508 2302717
507 2302719
506 2302719
508 2302723
508 2302730
508 2302733
508 2302763
509 2302764
509 2302766
508 2302766
505 2302792
506 2302795
508 2302797
508 2302810
508 2302812
508 2302817
510 2302837
508 2302858
507 2302877
506 2302877
507 2302890
508 2302893
507 2302923
507 2302926
508 2302928
510 2302940
514 2302943
513 2302948
508 2302968
506 2303007
504 2303010
508 2303010
505 2303011
508 2303020
509 2303022
510 2303027
507 2303050
503 2303053
504 2303057
508 2303079
508 2303082
508 2303099
510 2303102
507 2303109
510 2303129
504 2303132
510 2303164
507 2303167
507 2303169
508 2303180
508 2303183
508 2303188
510 2303210
509 2303213
505 2303228
506 2303238
504 2303260
513 2303263
509 2303267
502 2303290
509 2303293
510 2303310
510 2303313
510 2303317
507 2303340
508 2303343
506 2303348
507 2303383
506 2303384
509 2303390
507 2303393
509 2303398
508 2303420
506 2303421
512 2303423
513 2303457
509 2303458
513 2303460
508 2303461
508 2303468
507 2303504
510 2303506
507 2303508
508 2303534
508 2303536
506 2303539
506 2303550
507 2303553
509 2303558
509 2303580
512 2303585
508 2303600
509 2303603
509 2303609
506 2303630
506 2303633
509 2303638
512 2303657
501 2303680
508 2303683
504 2303687
511 2303710
504 2303712
505 2303717
507 2303740
514 2303742
510 2303747
495 2303757
497 2303767
508 2303790
513 2303793
505 2303822
509 2303824
502 2303828
508 2303840
510 2303843
506 2303847
510 2303870
509 2303873
508 2303900
505 2303903
509 2303924
507 2303928
509 2303930
505 2303930
506 2303950
508 2303953
512 2303970
507 2303989
505 2303990
514 2304000
514 2304003
498 2304033
509 2304035
499 2304038
510 2304041
512 2304047
503 2304081
508 2304083
505 2304120
511 2304122
504 2304123
510 2304126
505 2304128
507 2304130
508 2304158
507 2304168
506 2304193
508 2304197
506 2304199
510 2304200
508 2304207
507 2304217
513 2304240
509 2304243
506 2304247
510 2304312
504 2304314
510 2304315
511 2304318
504 2304321
510 2304321
506 2304325
505 2304340
509 2304343
507 2304348
503 2304370
490 2304373
514 2304390
502 2304393
509 2304397
509 2304408
511 2304417
511 2304478
502 2304481
505 2304481
513 2304482
509 2304485
510 2304503
515 2304505
508 2304507
519 2304519
494 2304530
502 2304533
511 2304537
514 2304547
518 2304570
504 2304573
520 2304578
524 2304588
514 2304598
509 2304622
516 2304624
492 2304628
526 2304650
502 2304653
530 2304658
503 2304668
514 2304678
521 2304700
500 2304703
502 2304708
507 2304718
504 2304727
506 2304750
506 2304753
503 2304758
511 2304811
507 2304814
509 2304839
512 2304976
512 2304978
512 2304978
523 2304981
531 2304981
531 2304982
537 2304982
517 2304986
501 2304986
499 2304987
526 2305040
500 2305043
496 2305043
527 2305044
506 2305046
501 2305046
502 2305078
512 2305160
501 2305163
514 2305167
508 2305251
516 2305255
508 2305328
506 2305386
513 2305389
520 2305389
522 2305390
509 2305392
532 2305392
503 2305393
511 2305394
506 2305397
509 2305397
511 2305398
506 2305400
511 2305400
511 2305466
505 2305469
509 2305469
507 2305470
508 2305470
510 2305470
509 2305471
510 2305471
509 2305472
506 2305490
506 2305490
507 2305497
508 2305498
510 2305499
506 2305502
516 2305502
507 2305502
508 2305503
507 2305503
506 2305506
509 2305506
508 2305506
508 2305510
506 2305513
509 2305513
507 2305530
508 2305532
509 2305537
507 2305599
503 2305602
508 2305604
508 2305606
508 2305611
508 2305625
506 2305628
509 2305628
507 2305640
507 2305643
504 2305673
506 2305676
507 2305678
508 2305714
509 2305716
507 2305718
508 2305730
510 2305733
508 2305737
508 2305760
508 2305763
507 2305780
507 2305782
508 2305787
509 2305797
509 2305807
509 2305829
511 2305832
507 2305848
507 2305860
508 2305862
504 2305879
507 2305942
503 2305945
507 2305950
517 2305953
504 2305953
501 2305957
505 2305958
509 2305960
504 2305960
511 2305967
508 2305977
512 2306039
510 2306041
508 2306041
505 2306045
508 2306045
511 2306086
506 2306089
510 2306089
507 2306093
511 2306099
508 2306102
513 2306109
510 2306112
507 2306127
508 2306137
504 2306137
510 2306147
509 2306169
509 2306172
508 2306177
509 2306187
509 2306210
505 2306213
509 2306218
508 2306228
508 2306237
509 2306247
507 2306276
506 2306277
506 2306280
506 2306300
502 2306303
509 2306333
511 2306335
505 2306337
506 2306350
504 2306353
506 2306383
511 2306387
510 2306389
504 2306390
507 2306397
509 2306407
506 2306417
508 2306427
507 2306437
511 2306460
513 2306462
512 2306467
499 2306480
512 2306488
503 2306497
514 2306508
492 2306517
510 2306540
511 2306542
508 2306547
512 2306558
516 2306568
491 2306590
506 2306593
509 2306598
502 2306608
505 2306617
503 2306628
510 2306637
503 2306648
499 2306657
509 2306677
509 2306687
509 2306697
509 2306707
507 2306717
508 2306727
509 2306750
507 2306752
505 2306757
507 2306768
506 2306778
499 2306788
484 2306810
518 2306813
511 2306818
511 2306827
514 2306837
509 2306847
504 2306857
508 2306867
510 2306877
507 2306887
509 2306897
505 2306907
508 2306917
509 2306927
504 2306937
516 2306948
521 2306958
531 2306968
524 2306978
505 2306987
496 2306997
519 2307007
505 2307017
511 2307040
498 2307043
509 2307047
509 2307057
506 2307067
504 2307077
510 2307087
502 2307097
515 2307107
512 2307118
503 2307128
509 2307138
505 2307148
510 2307158
506 2307167
515 2307177
512 2307187
513 2307197
508 2307207
506 2307217
502 2307227
510 2307237
507 2307247
503 2307257
509 2307267
496 2307277
506 2307287
515 2307297
493 2307308
509 2307318
505 2307328
509 2307338
511 2307357
509 2307358
509 2307367
502 2307377
511 2307387
507 2307413
510 2307417
517 2307427
503 2307437
498 2307447
511 2307457
534 2307467
488 2307481
528 2307487
536 2307498
474 2307508
541 2307518
529 2307528
477 2307537
513 2307548
515 2307557
490 2307567
517 2307577
517 2307588
507 2307597
516 2307607
494 2307617
510 2307628
503 2307637
515 2307647
510 2307657
512 2307667
506 2307677
501 2307687
507 2307697
507 2307708
505 2307718
507 2307728
507 2307737
509 2307747
511 2307760
509 2307767
506 2307777
507 2307787
509 2307797
505 2307807
507 2307817
510 2307827
507 2307837
509 2307847
507 2307857
505 2307867
506 2307877
507 2307887
507 2307897
503 2307907
498 2307917
519 2307927
505 2307937
508 2307947
508 2307957
509 2307967
506 2307977
506 2307988
510 2307998
507 2308008
507 2308017
509 2308027
508 2308037
507 2308047
507 2308058
509 2308067
509 2308077
510 2308088
509 2308097
508 2308107
508 2308117
510 2308127
507 2308137
506 2308147
507 2308157
508 2308177
508 2308187
508 2308197
508 2308209
522 2308227
508 2308228
511 2308237
508 2308247
505 2308257
507 2308267
507 2308277
505 2308287
508 2308297
508 2308307
509 2308317
508 2308327
507 2308337
507 2308348
508 2308368
506 2308386
507 2308386
508 2308389
508 2308398
508 2308407
509 2308418
507 2308427
508 2308437
508 2308447
507 2308457
508 2308468
508 2308477
507 2308487
508 2308497
509 2308520
508 2308523
508 2308527
508 2308537
507 2308547
508 2308557
506 2308567
506 2308577
508 2308587
509 2308597
508 2308607
507 2308617
507 2308627
508 2308637
508 2308647
508 2308657
508 2308667
508 2308677
509 2308687
508 2308698
507 2308708
507 2308718
508 2308727
508 2308737
508 2308748
508 2308757
508 2308767
509 2308778
508 2308787
507 2308797
507 2308807
510 2308817
509 2308827
508 2308837
508 2308847
508 2308857
510 2308872
509 2308877
509 2308897
508 2308907
509 2308917
508 2308927
507 2308949
508 2308952
507 2308957
508 2308967
508 2308977
507 2308987
506 2308997
507 2309008
507 2309017
508 2309028
508 2309038
508 2309048
508 2309058
508 2309067
506 2309078
507 2309088
507 2309097
507 2309107
508 2309117
506 2309127
507 2309137
508 2309147
509 2309157
507 2309167
506 2309177
507 2309187
507 2309197
508 2309207
509 2309217
508 2309227
509 2309237
510 2309247
507 2309258
507 2309267
508 2309277
507 2309287
507 2309297
508 2309320
507 2309323
507 2309327
493 2309337
507 2309347
509 2309357
507 2309367
508 2309377
508 2309387
506 2309398
514 2309407
521 2309418
508 2309428
499 2309438
498 2309447
514 2309459
511 2309467
513 2309478
509 2309487
509 2309498
505 2309507
507 2309540
509 2309540
509 2309543
508 2309547
508 2309558
507 2309567
506 2309577
509 2309587
507 2309598
500 2309608
511 2309618
504 2309627
501 2309637
511 2309657
509 2309667
510 2309677
509 2309687
505 2309697
510 2309707
510 2309717
506 2309727
506 2309737
506 2309748
508 2309758
508 2309779
508 2309779
507 2309787
507 2309798
509 2309807
510 2309818
508 2309828
504 2309837
509 2309847
509 2309857
510 2309867
504 2309877
508 2309887
511 2309897
507 2309908
500 2309930
508 2309933
511 2309938
508 2309948
504 2309958
508 2309967
508 2309977
509 2309987
510 2309997
507 2310007
508 2310017
507 2310027
506 2310037
508 2310047
508 2310057
507 2310068
508 2310103
511 2310107
509 2310110
508 2310111
508 2310118
507 2310140
509 2310143
509 2310148
509 2310157
509 2310178
509 2310178
509 2310187
508 2310197
507 2310207
506 2310217
508 2310227
507 2310237
507 2310248
510 2310258
507 2310268
509 2310278
509 2310289
508 2310298
508 2310308
507 2310318
507 2310327
508 2310337
507 2310347
511 2310357
508 2310367
507 2310387
508 2310397
508 2310420
508 2310423
508 2310440
509 2310443
509 2310448
509 2310458
508 2310468
507 2310478
508 2310488
508 2310497
509 2310507
507 2310517
508 2310527
508 2310537
511 2310547
513 2310557
507 2310567
503 2310577
525 2310587
511 2310598
499 2310608
500 2310618
510 2310627
512 2310638
507 2310647
506 2310670
508 2310673
511 2310677
524 2310687
502 2310697
518 2310707
505 2310717
500 2310727
506 2310749
507 2310752
511 2310757
505 2310767
509 2310777
509 2310787
510 2310798
514 2310820
515 2310823
517 2310828
506 2310838
511 2310848
506 2310887
516 2310889
505 2310889
520 2310893
504 2310897
531 2310908
508 2310917
503 2310927
511 2310948
507 2310960
501 2310962
495 2310967
505 2310977
490 2310987
505 2310997
507 2311007
519 2311043
507 2311047
509 2311049
509 2311049
508 2311057
509 2311092
509 2311094
509 2311097
507 2311100
508 2311107
509 2311127
509 2311136
509 2311173
509 2311175
509 2311178
511 2311181
505 2311188
509 2311197
510 2311207
506 2311217
507 2311240
508 2311242
507 2311247
508 2311257
508 2311267
509 2311277
506 2311287
509 2311297
506 2311307
508 2311317
509 2311327
507 2311337
509 2311347
508 2311357
509 2311367
508 2311377
509 2311387
507 2311397
507 2311407
507 2311417
507 2311427
507 2311450
509 2311453
509 2311470
508 2311473
509 2311486
508 2311489
508 2311497
508 2311507
507 2311517
507 2311527
507 2311537
506 2311547
507 2311557
509 2311567
508 2311577
508 2311587
509 2311597
508 2311607
508 2311617
508 2311627
508 2311637
508 2311647
510 2311657
514 2311667
508 2311677
505 2311699
510 2311702
508 2311707
506 2311716
513 2311727
499 2311736
512 2311746
508 2311768
508 2311783
506 2311783
506 2311787
507 2311797
508 2311807
507 2311817
504 2311827
514 2311849
506 2311852
504 2311867
508 2311877
503 2311887
510 2311897
506 2311907
507 2311917
509 2311927
511 2311937
507 2311947
507 2311957
509 2311993
510 2311997
501 2311999
504 2312000
511 2312007
505 2312016
510 2312027
510 2312037
506 2312047
497 2312057
509 2312067
502 2312077
510 2312087
505 2312097
504 2312107
526 2312117
498 2312127
515 2312137
508 2312147
507 2312157
510 2312167
508 2312177
511 2312187
508 2312197
509 2312219
511 2312222
506 2312227
508 2312237
510 2312247
512 2312257
510 2312267
508 2312283
505 2312287
505 2312297
510 2312307
510 2312317
506 2312327
506 2312337
510 2312347
507 2312356
508 2312366
509 2312377
509 2312387
506 2312397
504 2312407
504 2312418
503 2312427
510 2312437
509 2312447
507 2312457
507 2312467
510 2312477
507 2312487
508 2312497
505 2312507
508 2312517
506 2312527
507 2312537
509 2312547
508 2312557
507 2312580
509 2312599
511 2312600
509 2312607
504 2312629
507 2312632
507 2312637
505 2312647
510 2312657
507 2312667
508 2312677
510 2312687
511 2312697
509 2312707
505 2312717
508 2312727
506 2312749
508 2312752
506 2312769
509 2312772
510 2312776
509 2312786
506 2312797
508 2312807
511 2312830
506 2312833
507 2312837
508 2312847
509 2312857
508 2312867
507 2312877
509 2312890
506 2312897
510 2312907
508 2312917
505 2312927
511 2312937
507 2312960
509 2312962
507 2312967
506 2312977
508 2312987
507 2312997
506 2313007
508 2313017
505 2313039
509 2313042
509 2313047
511 2313057
507 2313066
507 2313077
508 2313086
506 2313096
508 2313119
511 2313122
509 2313127
509 2313136
508 2313147
505 2313170
507 2313173
510 2313178
509 2313187
510 2313197
508 2313207
508 2313217
508 2313227
507 2313237
514 2313260
500 2313287
513 2313288
507 2313288
510 2313289
503 2313297
511 2313307
510 2313329
513 2313332
509 2313347
507 2313357
503 2313367
503 2313385
507 2313387
509 2313397
511 2313407
511 2313417
515 2313426
510 2313436
506 2313446
502 2313457
510 2313467
507 2313477
507 2313487
511 2313497
505 2313507
508 2313517
507 2313540
506 2313543
508 2313547
508 2313557
507 2313567
509 2313577
504 2313587
505 2313597
505 2313607
506 2313617
506 2313627
504 2313637
507 2313647
506 2313657
506 2313667
509 2313677
508 2313687
507 2313697
513 2313707
505 2313717
510 2313727
501 2313737
507 2313747
509 2313757
507 2313766
513 2313778
510 2313786
513 2313809
510 2313813
509 2313829
509 2313832
507 2313836
508 2313847
508 2313857
509 2313867
509 2313877
508 2313887
507 2313897
505 2313907
508 2313917
510 2313927
507 2313937
505 2313947
506 2313957
508 2313967
511 2313977
506 2313987
506 2313997
506 2314007
510 2314017
508 2314027
510 2314037
505 2314047
508 2314057
510 2314077
510 2314089
509 2314092
505 2314107
510 2314129
507 2314132
508 2314137
507 2314146
511 2314156
511 2314166
509 2314176
504 2314187
507 2314196
509 2314206
506 2314216
510 2314227
505 2314237
506 2314247
508 2314257
508 2314292
507 2314296
507 2314299
506 2314300
508 2314307
507 2314317
509 2314327
507 2314349
510 2314352
506 2314357
506 2314367
511 2314377
508 2314387
509 2314397
508 2314407
510 2314417
507 2314427
509 2314437
512 2314447
508 2314457
506 2314467
506 2314477
507 2314487
509 2314497
505 2314507
508 2314516
505 2314527
508 2314536
509 2314559
506 2314562
506 2314582
504 2314583
514 2314586
508 2314597
506 2314607
509 2314617
508 2314640
507 2314643
506 2314647
507 2314657
508 2314667
507 2314677
507 2314687
508 2314697
507 2314707
509 2314717
508 2314727
509 2314737
508 2314747
506 2314757
507 2314767
507 2314777
506 2314787
508 2314797
507 2314807
508 2314817
508 2314827
507 2314847
505 2314857
512 2314867
509 2314877
512 2314887
508 2314897
507 2314907
507 2314917
505 2314939
507 2314942
510 2314947
511 2314969
503 2314973
508 2314978
508 2314987
507 2314997
507 2315007
504 2315017
509 2315027
513 2315063
505 2315067
503 2315093
511 2315093
510 2315094
510 2315094
508 2315097
507 2315107
508 2315117
507 2315127
510 2315137
505 2315147
508 2315157
509 2315167
507 2315177
508 2315187
507 2315197
507 2315207
506 2315217
508 2315227
507 2315237
509 2315247
504 2315257
508 2315267
508 2315277
511 2315286
507 2315296
505 2315307
505 2315316
510 2315326
510 2315336
507 2315346
509 2315357
508 2315367
509 2315377
509 2315387
506 2315397
509 2315420
504 2315425
508 2315427
508 2315437
507 2315447
506 2315457
508 2315480
506 2315482
506 2315487
506 2315497
509 2315507
507 2315517
509 2315527
508 2315537
508 2315547
509 2315557
506 2315589
505 2315592
504 2315597
509 2315607
502 2315617
502 2315627
513 2315637
507 2315647
504 2315657
512 2315666
506 2315676
506 2315687
507 2315696
509 2315706
506 2315716
514 2315727
508 2315737
507 2315760
505 2315762
507 2315767
503 2315777
512 2315787
510 2315797
505 2315819
509 2315822
510 2315827
508 2315837
507 2315847
503 2315857
508 2315867
509 2315877
508 2315887
506 2315897
506 2315907
507 2315917
506 2315927
507 2315937
506 2315947
506 2315957
505 2315967
506 2315977
509 2315986
509 2316009
509 2316012
510 2316017
513 2316026
508 2316036
507 2316046
508 2316057
506 2316066
506 2316077
509 2316086
507 2316097
507 2316107
508 2316117
508 2316127
507 2316137
507 2316160
507 2316163
505 2316168
510 2316177
512 2316187
512 2316209
507 2316212
508 2316217
506 2316227
507 2316237
509 2316260
509 2316262
505 2316267
511 2316277
510 2316287
509 2316297
507 2316317
510 2316340
508 2316343
509 2316347
507 2316357
509 2316367
508 2316377
508 2316387
507 2316397
508 2316407
502 2316417
502 2316427
508 2316450
503 2316453
511 2316457
509 2316467
513 2316479
511 2316487
508 2316497
509 2316507
512 2316530
503 2316533
508 2316537
511 2316547
508 2316557
506 2316567
510 2316577
511 2316589
506 2316597
507 2316607
508 2316617
507 2316627
512 2316637
505 2316647
507 2316657
507 2316667
510 2316677
507 2316687
503 2316697
510 2316707
510 2316717
507 2316727
506 2316737
505 2316747
507 2316768
507 2316780
504 2316783
507 2316787
509 2316797
508 2316807
510 2316817
510 2316827
508 2316837
507 2316847
510 2316857
509 2316867
508 2316877
509 2316887
511 2316897
513 2316907
508 2316917
509 2316928
503 2316937
512 2316947
514 2316957
501 2316967
516 2316977
523 2316987
507 2316997
500 2317007
517 2317030
509 2317032
512 2317037
508 2317047
502 2317067
504 2317077
505 2317087
507 2317109
509 2317112
508 2317117
507 2317127
507 2317137
510 2317147
509 2317157
506 2317167
508 2317177
510 2317187
509 2317223
512 2317227
504 2317229
518 2317230
512 2317250
506 2317254
506 2317257
506 2317267
512 2317277
505 2317287
507 2317297
507 2317307
508 2317317
507 2317340
506 2317342
506 2317347
510 2317357
508 2317367
504 2317377
509 2317387
509 2317407
509 2317419
508 2317422
508 2317427
506 2317450
505 2317453
508 2317470
507 2317473
509 2317490
502 2317496
513 2317499
503 2317532
505 2317534
507 2317537
507 2317540
507 2317547
511 2317557
508 2317567
510 2317577
514 2317587
513 2317628
503 2317630
520 2317631
499 2317634
509 2317650
515 2317652
495 2317657
506 2317667
498 2317677
499 2317700
528 2317702
502 2317707
509 2317771
505 2317773
506 2317774
510 2317777
505 2317779
509 2317780
511 2317782
511 2317787
504 2317820
502 2317822
502 2317885
541 2318000
482 2318003
429 2318004
478 2318007
497 2318059
507 2318062
516 2318063
525 2318065
516 2318069
507 2318072
500 2318072
499 2318073
507 2318075
504 2318075
505 2318078
513 2318078
525 2318079
494 2318082
506 2318082
510 2318089
513 2318122
521 2318123
502 2318123
507 2318130
508 2318132
512 2318137
524 2318147
513 2318156
517 2318166
512 2318189
514 2318192
500 2318222
507 2318226
504 2318226
499 2318310
504 2318330
510 2318396
506 2318399
511 2318399
508 2318402
510 2318402
505 2318403
510 2318405
511 2318405
506 2318413
503 2318415
505 2318417
509 2318417
510 2318419
523 2318419
521 2318423
507 2318429
504 2318432
501 2318437
503 2318459
513 2318462
512 2318492
499 2318495
511 2318497
504 2318520
507 2318538
513 2318541
509 2318541
510 2318559
513 2318562
502 2318591
514 2318596
501 2318597
504 2318618
517 2318620
509 2318623
504 2318639
515 2318642
508 2318647
514 2318670
501 2318673
511 2318677
508 2318729
507 2318731
512 2318731
509 2318735
510 2318735
507 2318749
505 2318752
505 2318757
503 2318767
506 2318777
506 2318798
514 2318809
515 2318812
514 2318829
507 2318832
507 2318849
514 2318852
518 2318857
507 2318892
512 2318895
516 2318897
508 2318907
510 2318931
507 2318935
505 2318935
505 2318949
505 2318951
504 2318969
482 2318990
516 2318991
518 2318991
513 2319018
505 2319047
495 2319050
503 2319050
522 2319051
501 2319101
509 2319103
504 2319106
506 2319106
507 2319109
507 2319110
511 2319119
511 2319122
511 2319127
512 2319137
508 2319147
510 2319169
510 2319172
510 2319177
506 2319187
508 2319197
512 2319207
506 2319217
506 2319226
505 2319237
503 2319247
511 2319257
498 2319277
510 2319287
507 2319297
513 2319307
511 2319330
553 2319333
501 2319337
498 2319347
508 2319368
522 2319380
501 2319383
503 2319412
510 2319415
505 2319416
505 2319469
514 2319471
506 2319472
504 2319492
504 2319492
502 2319495
515 2319496
515 2319498
483 2319500
471 2319507
503 2319517
517 2319568
506 2319571
509 2319571
499 2319574
516 2319575
511 2319577
505 2319587
508 2319598
492 2319619
516 2319622
509 2319640
514 2319641
522 2319652
501 2319660
492 2319669
499 2319677
510 2319700
530 2319702
490 2319707
502 2319717
508 2319727
500 2319749
511 2319752
533 2319757
510 2319767
488 2319777
502 2319787
532 2319797
530 2319807
512 2319817
490 2319840
515 2319843
517 2319847
496 2319857
515 2319867
506 2319882
530 2319887
519 2319910
505 2319912
517 2319917
499 2319927
494 2319937
510 2319947
515 2319969
508 2319972
505 2319983
528 2319987
534 2319997
515 2320007
509 2320027
515 2320037
507 2320047
501 2320070
511 2320073
510 2320077
502 2320087
513 2320098
508 2320107
507 2320117
509 2320127
510 2320137
508 2320147
507 2320157
502 2320167
509 2320177
504 2320187
504 2320197
515 2320207
508 2320217
518 2320227
509 2320237
506 2320247
518 2320257
510 2320267
504 2320277
507 2320287
503 2320297
515 2320307
492 2320317
511 2320327
511 2320337
511 2320347
567 2320357
488 2320367
517 2320377
475 2320387
498 2320397
527 2320407
478 2320417
507 2320427
495 2320437
497 2320447
512 2320457
499 2320467
512 2320477
509 2320487
500 2320497
480 2320507
474 2320517
501 2320527
503 2320537
504 2320547
485 2320557
494 2320567
495 2320590
548 2320591
528 2320597
487 2320607
559 2320617
534 2320627
541 2320637
516 2320647
514 2320657
504 2320667
516 2320677
496 2320687
492 2320697
507 2320707
510 2320717
525 2320727
512 2320737
509 2320747
516 2320757
491 2320776
518 2320787
515 2320796
513 2320807
507 2320816
507 2320826
504 2320836
510 2320846
493 2320856
501 2320866
509 2320876
509 2320886
498 2320896
530 2320906
519 2320917
499 2320927
492 2320950
508 2320953
514 2320957
532 2320979
501 2320982
519 2320987
508 2320997
526 2321007
517 2321017
511 2321027
501 2321037
506 2321047
518 2321057
528 2321067
505 2321077
492 2321087
497 2321097
511 2321107
503 2321117
484 2321127
516 2321137
480 2321146
497 2321156
528 2321179
525 2321182
515 2321186
504 2321196
534 2321207
511 2321217
506 2321227
503 2321237
516 2321247
512 2321257
510 2321267
510 2321277
509 2321287
510 2321297
502 2321307
499 2321317
490 2321326
506 2321337
522 2321347
511 2321357
514 2321367
509 2321377
507 2321387
498 2321397
514 2321407
505 2321417
500 2321427
506 2321437
512 2321447
507 2321467
505 2321476
508 2321486
504 2321496
511 2321507
517 2321517
510 2321526
503 2321537
503 2321546
504 2321557
512 2321567
506 2321590
511 2321592
508 2321597
504 2321607
507 2321617
504 2321627
508 2321637
505 2321647
510 2321657
506 2321666
510 2321676
511 2321686
505 2321696
512 2321706
511 2321716
496 2321726
500 2321737
506 2321747
493 2321757
504 2321768
504 2321777
514 2321787
508 2321796
505 2321806
508 2321816
507 2321826
506 2321836
511 2321846
511 2321856
509 2321867
505 2321877
509 2321887
510 2321897
510 2321920
519 2321923
498 2321927
505 2321937
509 2321947
506 2321957
512 2321967
508 2321977
508 2321987
508 2321997
512 2322007
508 2322017
509 2322027
504 2322037
513 2322047
508 2322057
503 2322067
504 2322077
507 2322087
509 2322097
509 2322107
512 2322129
501 2322132
502 2322137
514 2322147
511 2322157
507 2322167
510 2322177
511 2322187
514 2322197
508 2322207
509 2322217
507 2322227
510 2322237
512 2322247
508 2322267
509 2322277
508 2322287
509 2322297
507 2322307
506 2322317
517 2322327
505 2322337
509 2322347
506 2322357
512 2322367
510 2322377
504 2322387
521 2322397
520 2322407
509 2322417
529 2322427
523 2322437
511 2322447
507 2322457
494 2322467
499 2322477
509 2322487
502 2322497
521 2322507
499 2322517
515 2322527
502 2322537
503 2322547
518 2322557
511 2322567
500 2322577
517 2322587
511 2322597
507 2322607
499 2322617
508 2322627
513 2322637
522 2322647
497 2322657
504 2322667
507 2322689
510 2322690
504 2322710
515 2322712
512 2322717
501 2322727
515 2322737
506 2322747
509 2322757
531 2322767
504 2322790
510 2322793
503 2322797
521 2322807
502 2322817
501 2322827
517 2322837
509 2322847
507 2322869
512 2322872
505 2322877
509 2322887
514 2322897
502 2322907
504 2322917
508 2322927
500 2322937
510 2322947
506 2322957
510 2322967
512 2322977
511 2322987
508 2322997
507 2323007
502 2323027
506 2323037
509 2323047
508 2323057
509 2323067
508 2323077
511 2323087
506 2323098
506 2323107
508 2323117
509 2323127
509 2323137
500 2323147
512 2323157
506 2323167
506 2323177
509 2323187
506 2323197
508 2323207
508 2323217
507 2323227
510 2323237
508 2323247
507 2323257
517 2323267
494 2323277
510 2323287
494 2323297
538 2323307
512 2323319
507 2323327
507 2323337
527 2323347
512 2323357
509 2323367
508 2323377
505 2323387
505 2323397
506 2323407
506 2323417
512 2323427
508 2323437
509 2323447
510 2323457
515 2323479
525 2323482
511 2323487
496 2323498
503 2323507
501 2323517
510 2323527
508 2323549
503 2323549
511 2323557
503 2323579
512 2323582
507 2323587
509 2323597
510 2323607
508 2323617
505 2323627
510 2323637
504 2323646
512 2323656
500 2323667
505 2323676
498 2323686
511 2323696
499 2323706
509 2323716
505 2323727
509 2323747
509 2323769
505 2323772
506 2323777
508 2323799
507 2323802
506 2323818
508 2323821
501 2323827
514 2323849
506 2323852
506 2323877
507 2323907
507 2323909
510 2323909
504 2323914
508 2323932
508 2323934
506 2323937
503 2323940
507 2323946
528 2323957
516 2323966
508 2323989
516 2323992
505 2323997
506 2324007
503 2324016
508 2324027
513 2324036
509 2324046
507 2324056
504 2324066
503 2324076
506 2324108
505 2324151
510 2324153
505 2324154
507 2324157
508 2324160
507 2324160
509 2324163
505 2324187
507 2324218
510 2324221
511 2324221
510 2324225
506 2324226
507 2324228
510 2324237
508 2324247
505 2324269
508 2324272
507 2324276
509 2324286
507 2324296
504 2324306
508 2324316
510 2324326
507 2324336
510 2324346
509 2324356
507 2324366
507 2324401
510 2324406
507 2324409
504 2324410
507 2324416
505 2324427
506 2324437
508 2324459
510 2324462
509 2324489
508 2324492
509 2324497
506 2324507
505 2324516
505 2324540
508 2324542
509 2324547
507 2324557
506 2324579
510 2324582
509 2324599
507 2324602
510 2324607
507 2324616
508 2324639
510 2324642
509 2324647
511 2324657
512 2324667
510 2324677
507 2324687
510 2324697
508 2324719
509 2324722
506 2324727
507 2324736
510 2324746
511 2324757
508 2324767
510 2324777
510 2324787
506 2324797
510 2324807
507 2324829
508 2324831
511 2324836
506 2324846
504 2324856
510 2324878
509 2324881
507 2324887
508 2324910
508 2324913
507 2324917
509 2324927
512 2324937
510 2324946
509 2324956
507 2324966
510 2324976
507 2324986
507 2324996
510 2325007
507 2325017
507 2325039
509 2325042
508 2325047
504 2325057
505 2325067
507 2325089
509 2325092
508 2325097
506 2325107
508 2325117
510 2325126
510 2325137
506 2325146
506 2325157
509 2325167
509 2325177
508 2325187
508 2325197
509 2325207
508 2325227
507 2325237
507 2325247
509 2325256
509 2325266
507 2325277
507 2325286
511 2325296
508 2325306
510 2325316
507 2325327
507 2325337
507 2325347
509 2325357
508 2325367
508 2325376
508 2325386
508 2325396
508 2325406
509 2325417
508 2325427
507 2325437
509 2325447
507 2325469
508 2325472
506 2325489
507 2325492
510 2325496
508 2325507
508 2325517
508 2325527
509 2325537
507 2325547
510 2325556
509 2325566
509 2325576
511 2325586
511 2325596
506 2325607
506 2325617
506 2325627
507 2325637
508 2325647
505 2325657
509 2325667
507 2325677
511 2325699
508 2325702
506 2325706
507 2325717
506 2325727
507 2325737
508 2325747
507 2325756
506 2325767
511 2325777
508 2325787
507 2325797
504 2325807
509 2325816
508 2325839
506 2325841
512 2325847
508 2325857
507 2325867
510 2325877
508 2325927
509 2325929
510 2325929
509 2325933
511 2325939
511 2325942
512 2325947
507 2325957
507 2326002
507 2326006
508 2326009
508 2326009
508 2326016
508 2326026
508 2326036
509 2326046
506 2326069
508 2326091
507 2326091
508 2326092
509 2326151
515 2326154
502 2326154
510 2326158
513 2326160
508 2326160
510 2326164
505 2326178
509 2326201
505 2326203
505 2326208
507 2326218
507 2326230
507 2326232
510 2326237
510 2326247
505 2326257
507 2326267
508 2326289
507 2326292
508 2326296
508 2326307
507 2326316
509 2326340
511 2326342
508 2326347
509 2326369
507 2326372
510 2326377
510 2326413
505 2326415
508 2326418
509 2326429
511 2326432
507 2326436
506 2326447
509 2326457
508 2326490
508 2326492
507 2326528
509 2326531
511 2326531
504 2326532
507 2326534
523 2326537
513 2326546
509 2326556
505 2326579
507 2326582
508 2326599
506 2326601
508 2326606
508 2326617
507 2326647
506 2326662
508 2326664
506 2326666
510 2326689
508 2326692
507 2326699
504 2326702
518 2326716
516 2326727
507 2326737
504 2326771
505 2326774
518 2326777
512 2326780
503 2326800
516 2326802
508 2326819
510 2326822
508 2326878
507 2326918
507 2326920
506 2326920
509 2326923
509 2326923
503 2326929
515 2326931
515 2326931
510 2326934
503 2326937
511 2326939
509 2326946
506 2326997
507 2326999
508 2326999
508 2327020
510 2327021
508 2327022
509 2327022
507 2327027
511 2327061
508 2327065
511 2327067
508 2327070
508 2327089
512 2327091
503 2327096
506 2327107
510 2327142
508 2327144
506 2327147
507 2327150
507 2327157
508 2327167
507 2327186
506 2327222
506 2327226
508 2327229
506 2327229
508 2327236
509 2327273
507 2327277
507 2327279
510 2327279
506 2327299
508 2327302
505 2327307
515 2327316
510 2327368
505 2327369
498 2327389
512 2327389
510 2327390
509 2327390
503 2327391
504 2327398
494 2327438
508 2327441
514 2327441
513 2327442
513 2327444
505 2327447
503 2327456
502 2327476
503 2327513
517 2327517
503 2327519
500 2327519
492 2327539
509 2327542
508 2327559
508 2327562
512 2327591
507 2327595
511 2327595
505 2327607
512 2327619
509 2327622
506 2327638
512 2327641
508 2327646
504 2327656
508 2327666
509 2327745
512 2327748
509 2327748
502 2327749
512 2327751
517 2327751
527 2327752
509 2327767
530 2327779
496 2327782
506 2327790
509 2327792
509 2327807
507 2327820
503 2327822
503 2327852
522 2327854
504 2327856
508 2327869
507 2327872
499 2327876
509 2327899
526 2327902
504 2327906
519 2327926
504 2327936
502 2327947
494 2327957
507 2327979
509 2327982
510 2328012
508 2328014
508 2328014
510 2328017
507 2328020
509 2328027
509 2328062
503 2328064
504 2328067
508 2328070
509 2328077
508 2328090
507 2328097
506 2328119
508 2328122
507 2328139
504 2328142
503 2328147
511 2328157
509 2328167
503 2328186
514 2328209
502 2328212
508 2328217
499 2328226
506 2328236
505 2328246
508 2328268
506 2328271
510 2328289
513 2328291
507 2328296
513 2328307
503 2328317
508 2328352
506 2328355
514 2328356
511 2328367
509 2328381
509 2328381
510 2328399
506 2328402
507 2328407
508 2328429
510 2328432
508 2328436
509 2328447
506 2328457
508 2328492
511 2328494
511 2328497
505 2328500
508 2328507
505 2328517
506 2328539
508 2328542
507 2328559
509 2328562
510 2328566
509 2328589
508 2328592
508 2328596
504 2328606
504 2328616
507 2328639
507 2328641
512 2328647
506 2328657
513 2328667
508 2328677
508 2328687
509 2328697
511 2328718
510 2328742
508 2328744
508 2328747
510 2328750
504 2328769
492 2328772
507 2328776
496 2328786
462 2328796
509 2328806
518 2328816
508 2328826
503 2328849
506 2328851
510 2328857
505 2328867
507 2328877
509 2328887
513 2328896
510 2328907
510 2328929
506 2328932
505 2328946
502 2328968
500 2328971
520 2328976
509 2328986
512 2329022
506 2329024
509 2329027
515 2329030
502 2329037
506 2329047
498 2329057
514 2329078
495 2329081
508 2329086
499 2329097
502 2329107
506 2329117
511 2329139
487 2329142
524 2329147
511 2329206
470 2329207
480 2329207
518 2329208
529 2329211
506 2329211
514 2329216
498 2329226
517 2329236
512 2329246
501 2329256
512 2329267
511 2329276
516 2329286
507 2329297
511 2329307
509 2329317
514 2329327
507 2329337
513 2329347
509 2329369
504 2329372
506 2329377
508 2329396
507 2329399
508 2329419
508 2329422
511 2329427
504 2329437
517 2329459
541 2329462
527 2329467
527 2329477
556 2329486
505 2329497
486 2329507
543 2329517
540 2329539
512 2329542
507 2329547
505 2329557
510 2329567
511 2329577
499 2329587
514 2329597
526 2329607
507 2329617
507 2329627
510 2329637
513 2329647
508 2329657
510 2329667
509 2329699
502 2329703
505 2329707
509 2329717
508 2329727
510 2329737
512 2329747
510 2329757
502 2329767
503 2329777
510 2329787
510 2329797
511 2329806
511 2329817
505 2329827
514 2329837
512 2329847
506 2329856
508 2329867
504 2329877
507 2329887
506 2329897
508 2329907
503 2329917
506 2329927
492 2329937
512 2329946
514 2329957
514 2329967
512 2329990
503 2329991
493 2329997
503 2330007
501 2330016
514 2330027
507 2330037
517 2330047
495 2330057
517 2330067
514 2330103
500 2330107
510 2330109
505 2330109
503 2330117
504 2330127
510 2330137
511 2330147
510 2330157
508 2330167
510 2330189
508 2330192
507 2330197
505 2330207
507 2330217
507 2330227
507 2330237
505 2330259
516 2330262
508 2330267
507 2330277
495 2330287
501 2330297
496 2330307
497 2330317
522 2330327
474 2330349
506 2330352
512 2330356
505 2330379
518 2330382
511 2330387
529 2330397
498 2330407
509 2330427
498 2330437
508 2330447
505 2330457
510 2330467
511 2330477
509 2330487
506 2330497
510 2330507
514 2330517
512 2330527
498 2330536
519 2330547
515 2330569
515 2330572
509 2330577
528 2330587
467 2330597
472 2330607
477 2330616
448 2330626
501 2330649
514 2330652
532 2330657
505 2330667
489 2330703
524 2330706
523 2330709
511 2330709
522 2330717
497 2330739
508 2330742
505 2330747
512 2330800
510 2330805
500 2330805
508 2330806
502 2330811
495 2330819
504 2330822
513 2330852
509 2330855
498 2330856
508 2330869
512 2330872
509 2330877
508 2330899
500 2330902
504 2330950
506 2330953
512 2330987
503 2330989
516 2330989
506 2330993
507 2330993
507 2330997
506 2331038
500 2331041
506 2331042
511 2331042
505 2331044
509 2331086
509 2331088
510 2331088
516 2331092
508 2331113
513 2331115
505 2331118
520 2331128
507 2331190
509 2331193
506 2331193
515 2331195
514 2331197
512 2331197
506 2331198
505 2331209
506 2331211
510 2331229
507 2331231
511 2331236
508 2331246
507 2331256
503 2331266
509 2331289
511 2331291
508 2331308
508 2331311
507 2331316
507 2331339
509 2331342
509 2331368
509 2331397
508 2331415
510 2331417
507 2331417
506 2331427
510 2331438
500 2331457
506 2331479
508 2331481
510 2331481
504 2331484
507 2331485
506 2331528
514 2331530
513 2331530
508 2331532
510 2331532
505 2331533
509 2331536
508 2331557
505 2331569
505 2331571
507 2331576
506 2331613
504 2331617
504 2331620
505 2331620
497 2331627
503 2331637
503 2331647
508 2331667
505 2331688
505 2331689
509 2331760
515 2331762
506 2331762
505 2331766
517 2331768
504 2331768
509 2331775
506 2331776
505 2331776
512 2331778
512 2331787
509 2331797
510 2331807
509 2331820
510 2331827
503 2331837
509 2331847
507 2331856
509 2331866
508 2331876
507 2331886
508 2331896
510 2331917
511 2331927
510 2331947
507 2331958
506 2331997
509 2331999
507 2332000
508 2332004
508 2332009
509 2332012
510 2332016
508 2332027
507 2332036
510 2332047
503 2332056
511 2332066
509 2332076
508 2332086
509 2332096
505 2332106
506 2332117
506 2332127
505 2332137
503 2332147
509 2332157
509 2332167
511 2332177
508 2332187
509 2332196
507 2332206
506 2332216
