-1.77001953125 -5.67626953125 1.40380859375 3234908
-1.77001953125 -5.67626953125 1.40380859375 3234908
-0.06103515625 -0.3662109375 0.42724609375 3234932
-0.06103515625 -0.3662109375 0.42724609375 3234942
-0.06103515625 -0.3662109375 0.42724609375 3234952
2.197265625 -6.53076171875 -2.13623046875 3235119
1.953125 -0.54931640625 0.244140625 3235125
1.953125 -0.54931640625 0.244140625 3235131
1.953125 -0.54931640625 0.244140625 3235139
-2.3193359375 1.46484375 -0.30517578125 3235308
-0.48828125 0.30517578125 2.44140625 3235315
-0.48828125 0.30517578125 2.44140625 3235321
-0.48828125 0.30517578125 2.44140625 3235328
-0.48828125 0.30517578125 2.44140625 3235412
-2.44140625 -0.30517578125 0.6103515625 3235418
-2.44140625 -0.30517578125 0.6103515625 3235426
-2.44140625 -0.30517578125 0.6103515625 3235440
-2.44140625 -0.30517578125 0.6103515625 3235513
0.18310546875 0 0.91552734375 3235521
0.18310546875 0 0.91552734375 3235530
-0.244140625 -0.42724609375 1.0986328125 3235602
-0.244140625 -0.42724609375 1.0986328125 3235713
-1.8310546875 -0.30517578125 2.01416015625 3235721
-1.8310546875 -0.30517578125 2.01416015625 3235727
-1.8310546875 -0.30517578125 2.01416015625 3235736
-1.8310546875 -0.30517578125 2.01416015625 3235815
-2.0751953125 0.67138671875 1.89208984375 3235823
-2.0751953125 0.67138671875 1.89208984375 3235830
-2.0751953125 0.67138671875 1.89208984375 3235838
-2.0751953125 0.67138671875 1.89208984375 3235916
-2.01416015625 1.64794921875 1.3427734375 3235924
-2.01416015625 1.64794921875 1.3427734375 3235932
-2.01416015625 1.64794921875 1.3427734375 3235944
-2.01416015625 1.64794921875 1.3427734375 3236018
0.18310546875 -1.03759765625 0.67138671875 3236025
-1.77001953125 -6.9580078125 2.197265625 3236117
-1.77001953125 -6.9580078125 2.197265625 3236125
-1.77001953125 -6.9580078125 2.197265625 3236232
-6.34765625 -21.8505859375 3.90625 3236241
-6.34765625 -21.8505859375 3.90625 3236248
-6.34765625 -21.8505859375 3.90625 3236256
-5.615234375 -30.517578125 -1.03759765625 3236418
7.50732421875 -17.02880859375 4.7607421875 3236426
7.50732421875 -17.02880859375 4.7607421875 3236433
7.50732421875 -17.02880859375 4.7607421875 3236443
7.50732421875 -17.02880859375 4.7607421875 3236521
5.9814453125 -10.009765625 0.9765625 3236529
5.9814453125 -10.009765625 0.9765625 3236537
5.9814453125 -10.009765625 0.9765625 3236545
-4.7607421875 -10.31494140625 3.173828125 3236715
-5.31005859375 -17.27294921875 9.46044921875 3236724
-5.31005859375 -17.27294921875 9.46044921875 3236734
-5.31005859375 -17.27294921875 9.46044921875 3236744
-10.55908203125 -35.33935546875 15.13671875 3236917
-18.798828125 -42.236328125 20.69091796875 3236925
-18.798828125 -42.236328125 20.69091796875 3236935
-18.798828125 -42.236328125 20.69091796875 3236953
-18.798828125 -42.236328125 20.69091796875 3237018
-10.68115234375 -63.8427734375 21.30126953125 3237027
-10.68115234375 -63.8427734375 21.30126953125 3237125
-14.34326171875 -51.20849609375 5.9814453125 3237137
-14.34326171875 -51.20849609375 5.9814453125 3237147
-14.34326171875 -51.20849609375 5.9814453125 3237157
-14.34326171875 -51.20849609375 5.9814453125 3237226
-11.29150390625 -34.48486328125 -39.36767578125 3237331
15.0146484375 30.70068359375 -44.189453125 3237342
15.0146484375 30.70068359375 -44.189453125 3237356
15.0146484375 30.70068359375 -44.189453125 3237365
-72.8759765625 49.49951171875 -111.87744140625 3237519
2.5634765625 48.52294921875 -170.95947265625 3237527
2.5634765625 48.52294921875 -170.95947265625 3237541
2.5634765625 48.52294921875 -170.95947265625 3237552
2.5634765625 48.52294921875 -170.95947265625 3237653
-0.6103515625 -0.244140625 -39.306640625 3237662
-0.6103515625 -0.244140625 -39.306640625 3237671
-0.6103515625 -0.244140625 -39.306640625 3237680
57.861328125 106.14013671875 237.97607421875 3237817
28.80859375 -6.77490234375 202.2705078125 3237827
28.80859375 -6.77490234375 202.2705078125 3237836
28.80859375 -6.77490234375 202.2705078125 3237845
28.80859375 -6.77490234375 202.2705078125 3237946
-50.47607421875 -103.759765625 -64.51416015625 3237958
-50.47607421875 -103.759765625 -64.51416015625 3237973
-50.47607421875 -103.759765625 -64.51416015625 3237981
77.7587890625 -68.05419921875 -256.2255859375 3238114
156.79931640625 67.81005859375 -93.20068359375 3238123
156.79931640625 67.81005859375 -93.20068359375 3238132
156.79931640625 67.81005859375 -93.20068359375 3238141
156.79931640625 67.81005859375 -93.20068359375 3238220
20.32470703125 75.37841796875 86.85302734375 3238229
20.32470703125 75.37841796875 86.85302734375 3238237
20.32470703125 75.37841796875 86.85302734375 3238248
20.32470703125 75.37841796875 86.85302734375 3238323
-13.85498046875 16.11328125 65.49072265625 3238333
-13.85498046875 16.11328125 65.49072265625 3238342
-13.85498046875 16.11328125 65.49072265625 3238352
-13.85498046875 16.11328125 65.49072265625 3238427
-10.009765625 -9.09423828125 -13.85498046875 3238435
-10.009765625 -9.09423828125 -13.85498046875 3238444
-10.009765625 -9.09423828125 -13.85498046875 3238528
-16.2353515625 0.42724609375 2.44140625 3238538
-16.2353515625 0.42724609375 2.44140625 3238546
-16.2353515625 0.42724609375 2.44140625 3238555
-9.46044921875 8.11767578125 0.30517578125 3238715
5.18798828125 4.94384765625 -3.0517578125 3238725
5.18798828125 4.94384765625 -3.0517578125 3238734
5.18798828125 4.94384765625 -3.0517578125 3238745
5.18798828125 4.94384765625 -3.0517578125 3238819
2.99072265625 -1.03759765625 -3.72314453125 3238830
2.99072265625 -1.03759765625 -3.72314453125 3238839
2.99072265625 -1.03759765625 -3.72314453125 3238849
-1.3427734375 -0.67138671875 -1.3427734375 3239023
-6.40869140625 -0.1220703125 6.4697265625 3239035
-6.40869140625 -0.1220703125 6.4697265625 3239046
-6.40869140625 -0.1220703125 6.4697265625 3239056
-6.40869140625 -0.1220703125 6.4697265625 3239129
-44.86083984375 25.87890625 106.8115234375 3239139
-44.86083984375 25.87890625 106.8115234375 3239150
-44.86083984375 25.87890625 106.8115234375 3239161
-44.86083984375 25.87890625 106.8115234375 3239235
-14.404296875 104.79736328125 155.8837890625 3239247
-14.404296875 104.79736328125 155.8837890625 3239257
-14.404296875 104.79736328125 155.8837890625 3239267
-1.220703125 -12.20703125 51.81884765625 3239414
-82.58056640625 38.4521484375 88.80615234375 3239424
-82.58056640625 38.4521484375 88.80615234375 3239434
-82.58056640625 38.4521484375 88.80615234375 3239445
-82.58056640625 38.4521484375 88.80615234375 3239519
-64.208984375 -19.83642578125 95.52001953125 3239528
-64.208984375 -19.83642578125 95.52001953125 3239537
-64.208984375 -19.83642578125 95.52001953125 3239624
-21.6064453125 71.71630859375 79.9560546875 3239634
-21.6064453125 71.71630859375 79.9560546875 3239644
-21.6064453125 71.71630859375 79.9560546875 3239655
-21.6064453125 71.71630859375 79.9560546875 3239731
-110.107421875 -9.3994140625 -17.4560546875 3239742
-110.107421875 -9.3994140625 -17.4560546875 3239751
-110.107421875 -9.3994140625 -17.4560546875 3239760
50.6591796875 23.98681640625 83.55712890625 3239928
53.40576171875 -141.2353515625 72.69287109375 3239941
53.40576171875 -141.2353515625 72.69287109375 3239949
53.40576171875 -141.2353515625 72.69287109375 3239960
53.40576171875 -141.2353515625 72.69287109375 3240030
48.64501953125 140.2587890625 -57.6171875 3240129
48.64501953125 140.2587890625 -57.6171875 3240139
48.64501953125 140.2587890625 -57.6171875 3240149
48.64501953125 140.2587890625 -57.6171875 3240233
92.6513671875 65.7958984375 65.5517578125 3240243
92.6513671875 65.7958984375 65.5517578125 3240253
92.6513671875 65.7958984375 65.5517578125 3240264
96.13037109375 173.7060546875 138.7939453125 3240431
-116.69921875 -186.4013671875 145.56884765625 3240441
-116.69921875 -186.4013671875 145.56884765625 3240450
-116.69921875 -186.4013671875 145.56884765625 3240460
-116.69921875 -186.4013671875 145.56884765625 3240533
-169.98291015625 -132.2021484375 118.83544921875 3240546
-169.98291015625 -132.2021484375 118.83544921875 3240557
-169.98291015625 -132.2021484375 118.83544921875 3240567
7.2021484375 56.640625 -41.6259765625 3240715
-7.50732421875 7.01904296875 -4.5166015625 3240726
-7.50732421875 7.01904296875 -4.5166015625 3240737
-7.50732421875 7.01904296875 -4.5166015625 3240746
-6.34765625 1.3427734375 10.92529296875 3240921
-21.1181640625 -19.22607421875 11.16943359375 3240931
-21.1181640625 -19.22607421875 11.16943359375 3240942
-21.1181640625 -19.22607421875 11.16943359375 3240951
15.625 11.77978515625 -4.5166015625 3241124
19.8974609375 -8.23974609375 -9.94873046875 3241135
19.8974609375 -8.23974609375 -9.94873046875 3241147
19.8974609375 -8.23974609375 -9.94873046875 3241159
19.8974609375 -8.23974609375 -9.94873046875 3241231
19.775390625 -34.48486328125 -13.3056640625 3241243
19.775390625 -34.48486328125 -13.3056640625 3241254
19.775390625 -34.48486328125 -13.3056640625 3241265
15.31982421875 -32.470703125 4.8828125 3241427
0.1220703125 -9.8876953125 -4.69970703125 3241439
0.1220703125 -9.8876953125 -4.69970703125 3241448
0.1220703125 -9.8876953125 -4.69970703125 3241459
0.1220703125 -9.8876953125 -4.69970703125 3241527
1.28173828125 2.38037109375 5.859375 3241540
1.28173828125 2.38037109375 5.859375 3241552
1.28173828125 2.38037109375 5.859375 3241564
1.28173828125 2.38037109375 5.859375 3241629
-1.77001953125 -2.62451171875 5.18798828125 3241641
-1.77001953125 -2.62451171875 5.18798828125 3241654
-1.77001953125 -2.62451171875 5.18798828125 3241667
-1.77001953125 -2.62451171875 5.18798828125 3241730
0.54931640625 -0.67138671875 5.4931640625 3241742
0.54931640625 -0.67138671875 5.4931640625 3241755
0.54931640625 -0.67138671875 5.4931640625 3241768
0.9765625 -1.03759765625 5.92041015625 3241921
0.6103515625 0.244140625 2.01416015625 3241931
0.6103515625 0.244140625 2.01416015625 3241943
0.6103515625 0.244140625 2.01416015625 3241954
0.6103515625 0.244140625 2.01416015625 3242025
1.89208984375 3.2958984375 3.96728515625 3242035
1.89208984375 3.2958984375 3.96728515625 3242048
1.89208984375 3.2958984375 3.96728515625 3242059
-1.15966796875 0.3662109375 3.173828125 3242218
-0.18310546875 0.79345703125 0.91552734375 3242228
-0.18310546875 0.79345703125 0.91552734375 3242238
-0.18310546875 0.79345703125 0.91552734375 3242247
-0.18310546875 0.79345703125 0.91552734375 3242322
0.42724609375 -0.3662109375 2.25830078125 3242332
0.42724609375 -0.3662109375 2.25830078125 3242343
0.42724609375 -0.3662109375 2.25830078125 3242355
0.42724609375 -0.3662109375 2.25830078125 3242428
-0.8544921875 -0.48828125 2.8076171875 3242440
-0.8544921875 -0.48828125 2.8076171875 3242450
-0.8544921875 -0.48828125 2.8076171875 3242461
0.732421875 0.54931640625 2.8076171875 3242618
-0.67138671875 -0.244140625 2.62451171875 3242628
-0.67138671875 -0.244140625 2.62451171875 3242638
-0.67138671875 -0.244140625 2.62451171875 3242649
-0.67138671875 -0.244140625 2.62451171875 3242727
-0.67138671875 0.06103515625 2.3193359375 3242738
-0.67138671875 0.06103515625 2.3193359375 3242749
-0.67138671875 0.06103515625 2.3193359375 3242759
-2.44140625 0.30517578125 3.60107421875 3242918
-2.13623046875 -1.03759765625 2.62451171875 3242929
-2.13623046875 -1.03759765625 2.62451171875 3242940
-2.13623046875 -1.03759765625 2.62451171875 3242950
-2.13623046875 -1.03759765625 2.62451171875 3243022
-1.15966796875 -0.1220703125 1.28173828125 3243035
-1.15966796875 -0.1220703125 1.28173828125 3243045
-1.15966796875 -0.1220703125 1.28173828125 3243056
-2.5634765625 -0.54931640625 0.91552734375 3243219
-4.21142578125 1.52587890625 3.5400390625 3243230
-4.21142578125 1.52587890625 3.5400390625 3243242
-4.21142578125 1.52587890625 3.5400390625 3243252
-4.21142578125 1.52587890625 3.5400390625 3243321
-16.05224609375 5.55419921875 -2.99072265625 3243332
-16.05224609375 5.55419921875 -2.99072265625 3243343
-16.05224609375 5.55419921875 -2.99072265625 3243354
-16.05224609375 5.55419921875 -2.99072265625 3243423
-7.26318359375 7.87353515625 10.55908203125 3243437
-7.26318359375 7.87353515625 10.55908203125 3243449
-7.26318359375 7.87353515625 10.55908203125 3243461
-7.26318359375 7.87353515625 10.55908203125 3243524
-3.5400390625 1.8310546875 4.7607421875 3243626
-7.50732421875 0.91552734375 5.67626953125 3243638
-7.50732421875 0.91552734375 5.67626953125 3243653
-7.50732421875 0.91552734375 5.67626953125 3243664
-14.0380859375 8.85009765625 -9.8876953125 3243818
6.04248046875 20.01953125 -15.7470703125 3243831
6.04248046875 20.01953125 -15.7470703125 3243843
6.04248046875 20.01953125 -15.7470703125 3243855
6.04248046875 20.01953125 -15.7470703125 3243923
-10.92529296875 67.626953125 -35.33935546875 3243934
-10.92529296875 67.626953125 -35.33935546875 3243944
-10.92529296875 67.626953125 -35.33935546875 3243958
-11.1083984375 7.2021484375 -27.28271484375 3244120
-48.64501953125 -28.01513671875 -33.26416015625 3244130
-48.64501953125 -28.01513671875 -33.26416015625 3244142
-48.64501953125 -28.01513671875 -33.26416015625 3244154
-48.64501953125 -28.01513671875 -33.26416015625 3244221
0.3662109375 19.34814453125 -42.17529296875 3244230
0.3662109375 19.34814453125 -42.17529296875 3244243
0.3662109375 19.34814453125 -42.17529296875 3244255
0.3662109375 19.34814453125 -42.17529296875 3244325
-33.447265625 14.70947265625 -12.14599609375 3244337
-33.447265625 14.70947265625 -12.14599609375 3244348
-33.447265625 14.70947265625 -12.14599609375 3244365
24.35302734375 -0.54931640625 -14.7705078125 3244516
50.1708984375 -15.13671875 14.83154296875 3244529
50.1708984375 -15.13671875 14.83154296875 3244540
50.1708984375 -15.13671875 14.83154296875 3244551
30.94482421875 -23.49853515625 30.09033203125 3244716
22.94921875 3.2958984375 23.681640625 3244727
22.94921875 3.2958984375 23.681640625 3244737
22.94921875 3.2958984375 23.681640625 3244748
22.94921875 3.2958984375 23.681640625 3244823
-0.06103515625 5.92041015625 18.1884765625 3244834
-0.06103515625 5.92041015625 18.1884765625 3244844
-0.06103515625 5.92041015625 18.1884765625 3244855
27.28271484375 -77.392578125 -15.869140625 3245023
-5.37109375 -22.03369140625 -10.55908203125 3245035
-5.37109375 -22.03369140625 -10.55908203125 3245047
-5.37109375 -22.03369140625 -10.55908203125 3245060
-17.51708984375 -0.30517578125 -8.72802734375 3245222
-4.7607421875 4.57763671875 2.99072265625 3245233
-4.7607421875 4.57763671875 2.99072265625 3245247
-4.7607421875 4.57763671875 2.99072265625 3245260
-4.7607421875 4.57763671875 2.99072265625 3245325
-4.08935546875 8.11767578125 1.0986328125 3245338
-4.08935546875 8.11767578125 1.0986328125 3245351
-4.08935546875 8.11767578125 1.0986328125 3245363
4.21142578125 -9.70458984375 -4.7607421875 3245521
-2.25830078125 -2.38037109375 -2.197265625 3245535
-2.25830078125 -2.38037109375 -2.197265625 3245546
-2.25830078125 -2.38037109375 -2.197265625 3245560
