0 0 0 74614
0 0 0 74614
0 0 0 74616
0 0 0 74616
0 0 0 74617
0 0 0 74767
0 0 0 74769
0 0 0 74770
0 0 0 74770
0 0 0 74942
0 0 0 74943
0 0 0 74943
0 0 0 74944
0 0 0 75131
0 0 0 75131
0 0 0 75132
0 0 0 75132
0 0 0 75236
0 0 0 75237
0 0 0 75237
0 0 0 75238
0 0 0 75343
0 0 0 75343
0 0 0 75344
0 0 0 75344
0 0 0 75534
0 0 0 75534
0 0 0 75535
0 0 0 75535
0 0 0 75639
0 0 0 75640
0 0 0 75640
0 0 0 75641
0 0 0 75838
0 0 0 75839
0 0 0 75839
0 0 0 75840
0 0 0 76034
0 0 0 76035
0 0 0 76035
0 0 0 76035
0 0 0 76137
0 0 0 76137
0 0 0 76138
0 0 0 76138
0 0 0 76331
0 0 0 76332
0 0 0 76332
0 0 0 76333
0 0 0 76433
0 0 0 76433
0 0 0 76434
0 0 0 76434
0 0 0 76535
0 0 0 76536
0 0 0 76536
0 0 0 76536
0 0 0 76637
0 0 0 76637
0 0 0 76638
0 0 0 76641
0 0 0 76827
0 0 0 76828
0 0 0 76829
0 0 0 76830
0 0 0 76928
0 0 0 76929
0 0 0 76929
0 0 0 76930
0 0 0 77031
0 0 0 77031
0 0 0 77032
0 0 0 77135
0 0 0 77135
0 0 0 77135
0 0 0 77135
0 0 0 77330
0 0 0 77330
0 0 0 77331
0 0 0 77331
0 0 0 77431
0 0 0 77431
0 0 0 77432
0 0 0 77432
0 0 0 77533
0 0 0 77533
0 0 0 77534
0 0 0 77534
0 0 0 77750
0 0 0 77775
0 0 0 77800
0 0 0 77801
0 0 0 77934
0 0 0 77934
0 0 0 77935
0 0 0 77935
0 0 0 78127
0 0 0 78127
0 0 0 78128
0 0 0 78128
0 0 0 78228
0 0 0 78229
0 0 0 78230
0 0 0 78230
0 0 0 78330
0 0 0 78330
0 0 0 78331
0 0 0 78331
0 0 0 78535
0 0 0 78535
0 0 0 78536
0 0 0 78536
0 0 0 78722
0 0 0 78723
0 0 0 78723
0 0 0 78724
0 0 0 78825
0 0 0 78825
0 0 0 78826
0 0 0 78826
-1.8310546875 -176.3916015625 54.26025390625 78926
-1.8310546875 -176.3916015625 54.26025390625 78927
-1.8310546875 -176.3916015625 54.26025390625 78927
-1.8310546875 -176.3916015625 54.26025390625 79038
5.0048828125 98.14453125 32.71484375 79039
5.0048828125 98.14453125 32.71484375 79039
5.0048828125 98.14453125 32.71484375 79039
1.64794921875 -49.072265625 47.36328125 79229
9.1552734375 -98.388671875 45.2880859375 79229
9.1552734375 -98.388671875 45.2880859375 79230
9.1552734375 -98.388671875 45.2880859375 79230
3.173828125 -17.4560546875 10.80322265625 79421
18.24951171875 -51.1474609375 -16.6015625 79422
18.24951171875 -51.1474609375 -16.6015625 79422
18.24951171875 -51.1474609375 -16.6015625 79423
18.24951171875 -51.1474609375 -16.6015625 79523
50.96435546875 -135.43701171875 -7.32421875 79524
50.96435546875 -135.43701171875 -7.32421875 79525
50.96435546875 -135.43701171875 -7.32421875 79525
50.96435546875 -135.43701171875 -7.32421875 79626
20.263671875 -68.2373046875 -9.8876953125 79627
20.263671875 -68.2373046875 -9.8876953125 79627
20.263671875 -68.2373046875 -9.8876953125 79627
20.263671875 -68.2373046875 -9.8876953125 79730
82.8857421875 18.6767578125 -2.50244140625 79731
82.8857421875 18.6767578125 -2.50244140625 79731
82.8857421875 18.6767578125 -2.50244140625 79732
-24.2919921875 -1.953125 55.0537109375 79921
-38.9404296875 -49.37744140625 81.35986328125 79921
-38.9404296875 -49.37744140625 81.35986328125 79921
-38.9404296875 -49.37744140625 81.35986328125 79922
-38.9404296875 -49.37744140625 81.35986328125 80023
-24.7802734375 -58.53271484375 112.060546875 80023
-24.7802734375 -58.53271484375 112.060546875 80023
-24.7802734375 -58.53271484375 112.060546875 80024
-24.7802734375 -58.53271484375 112.060546875 80126
-24.5361328125 -94.3603515625 153.80859375 80126
-24.5361328125 -94.3603515625 153.80859375 80127
-24.5361328125 -94.3603515625 153.80859375 80128
-24.5361328125 -94.3603515625 153.80859375 80252
16.90673828125 -129.21142578125 192.56591796875 80252
16.90673828125 -129.21142578125 192.56591796875 80253
16.90673828125 -129.21142578125 192.56591796875 80253
39.36767578125 -47.66845703125 151.85546875 80405
62.3779296875 18.4326171875 78.43017578125 80406
62.3779296875 18.4326171875 78.43017578125 80406
62.3779296875 18.4326171875 78.43017578125 80407
62.3779296875 18.4326171875 78.43017578125 80518
56.09130859375 32.53173828125 13.36669921875 80518
56.09130859375 32.53173828125 13.36669921875 80519
56.09130859375 32.53173828125 13.36669921875 80519
56.09130859375 32.53173828125 13.36669921875 80622
4.2724609375 10.986328125 7.50732421875 80622
4.2724609375 10.986328125 7.50732421875 80623
4.2724609375 10.986328125 7.50732421875 80623
4.2724609375 10.986328125 7.50732421875 80725
-8.7890625 18.24951171875 -15.13671875 80726
-8.7890625 18.24951171875 -15.13671875 80726
-8.7890625 18.24951171875 -15.13671875 80727
-8.7890625 18.24951171875 -15.13671875 80829
6.16455078125 0.30517578125 -27.2216796875 80829
6.16455078125 0.30517578125 -27.2216796875 80829
6.16455078125 0.30517578125 -27.2216796875 80830
-17.578125 -6.2255859375 -21.240234375 81018
-32.65380859375 27.2216796875 -34.3017578125 81019
-32.65380859375 27.2216796875 -34.3017578125 81019
-32.65380859375 27.2216796875 -34.3017578125 81020
-32.65380859375 27.2216796875 -34.3017578125 81121
-6.34765625 236.87744140625 -294.73876953125 81121
-6.34765625 236.87744140625 -294.73876953125 81122
-6.34765625 236.87744140625 -294.73876953125 81122
38.0859375 103.8818359375 -194.88525390625 81316
27.7099609375 29.23583984375 -80.56640625 81316
27.7099609375 29.23583984375 -80.56640625 81317
27.7099609375 29.23583984375 -80.56640625 81317
27.7099609375 29.23583984375 -80.56640625 81419
36.68212890625 -4.57763671875 -43.51806640625 81419
36.68212890625 -4.57763671875 -43.51806640625 81420
36.68212890625 -4.57763671875 -43.51806640625 81420
36.68212890625 -4.57763671875 -43.51806640625 81522
17.2119140625 -13.0615234375 -49.49951171875 81522
17.2119140625 -13.0615234375 -49.49951171875 81523
17.2119140625 -13.0615234375 -49.49951171875 81523
17.2119140625 -13.0615234375 -49.49951171875 81623
0.1220703125 1.220703125 -28.38134765625 81623
0.1220703125 1.220703125 -28.38134765625 81623
0.1220703125 1.220703125 -28.38134765625 81624
30.517578125 34.912109375 -42.41943359375 81814
-48.33984375 12.75634765625 -7.62939453125 81814
-48.33984375 12.75634765625 -7.62939453125 81815
-48.33984375 12.75634765625 -7.62939453125 81815
-48.33984375 12.75634765625 -7.62939453125 81919
-117.919921875 -0.6103515625 -14.22119140625 81919
-117.919921875 -0.6103515625 -14.22119140625 81920
-117.919921875 -0.6103515625 -14.22119140625 81920
-117.919921875 -0.6103515625 -14.22119140625 82023
2.13623046875 41.1376953125 2.44140625 82024
2.13623046875 41.1376953125 2.44140625 82024
2.13623046875 41.1376953125 2.44140625 82025
1.8310546875 52.06298828125 -1.46484375 82213
25.2685546875 109.7412109375 -53.3447265625 82213
25.2685546875 109.7412109375 -53.3447265625 82213
25.2685546875 109.7412109375 -53.3447265625 82214
25.2685546875 109.7412109375 -53.3447265625 82316
5.06591796875 151.4892578125 -36.62109375 82316
5.06591796875 151.4892578125 -36.62109375 82317
5.06591796875 151.4892578125 -36.62109375 82317
5.06591796875 151.4892578125 -36.62109375 82421
-1.0986328125 -28.80859375 6.8359375 82421
-1.0986328125 -28.80859375 6.8359375 82421
-1.0986328125 -28.80859375 6.8359375 82421
-2.9296875 -168.51806640625 40.83251953125 82613
0.3662109375 -45.8984375 11.1083984375 82613
0.3662109375 -45.8984375 11.1083984375 82613
0.3662109375 -45.8984375 11.1083984375 82614
0.3662109375 -45.8984375 11.1083984375 82714
1.15966796875 144.04296875 -34.36279296875 82715
1.15966796875 144.04296875 -34.36279296875 82715
1.15966796875 144.04296875 -34.36279296875 82715
1.15966796875 144.04296875 -34.36279296875 82818
4.2724609375 98.7548828125 -23.4375 82819
4.2724609375 98.7548828125 -23.4375 82819
4.2724609375 98.7548828125 -23.4375 82820
4.2724609375 98.7548828125 -23.4375 82920
-4.08935546875 -101.25732421875 24.10888671875 82921
-4.08935546875 -101.25732421875 24.10888671875 82921
-4.08935546875 -101.25732421875 24.10888671875 82921
-1.8310546875 -136.5966796875 33.26416015625 83118
-0.1220703125 44.7998046875 -10.68115234375 83119
-0.1220703125 44.7998046875 -10.68115234375 83119
-0.1220703125 44.7998046875 -10.68115234375 83119
2.5634765625 156.25 -37.90283203125 83311
0.79345703125 19.775390625 -4.69970703125 83311
0.79345703125 19.775390625 -4.69970703125 83312
0.79345703125 19.775390625 -4.69970703125 83312
0.79345703125 19.775390625 -4.69970703125 83424
-3.60107421875 -149.658203125 36.07177734375 83425
-3.60107421875 -149.658203125 36.07177734375 83425
-3.60107421875 -149.658203125 36.07177734375 83426
-0.54931640625 -67.0166015625 16.17431640625 83606
1.52587890625 91.1865234375 -22.0947265625 83606
1.52587890625 91.1865234375 -22.0947265625 83607
1.52587890625 91.1865234375 -22.0947265625 83608
1.52587890625 91.1865234375 -22.0947265625 83710
3.47900390625 131.34765625 -31.8603515625 83710
3.47900390625 131.34765625 -31.8603515625 83711
3.47900390625 131.34765625 -31.8603515625 83711
