0 0 0 2240120
0 0 0 2240120
0 0 0 2240127
0 0 0 2240128
0 0 0 2240128
0 0 0 2240277
0 0 0 2240278
0 0 0 2240278
0 0 0 2240279
0 0 0 2240389
0 0 0 2240390
0 0 0 2240390
0 0 0 2240391
0 0 0 2240516
0 0 0 2240517
0 0 0 2240517
0 0 0 2240518
0 0 0 2240696
0 0 0 2240697
0 0 0 2240697
0 0 0 2240698
0 0 0 2240895
0 0 0 2240895
0 0 0 2240896
0 0 0 2240896
0 0 0 2240996
0 0 0 2240996
0 0 0 2240996
0 0 0 2240997
0 0 0 2241187
0 0 0 2241188
0 0 0 2241188
0 0 0 2241189
0 0 0 2241291
0 0 0 2241291
0 0 0 2241292
0 0 0 2241292
0 0 0 2241392
0 0 0 2241393
0 0 0 2241394
0 0 0 2241395
0 0 0 2241496
0 0 0 2241497
0 0 0 2241497
0 0 0 2241498
0 0 0 2241685
0 0 0 2241686
0 0 0 2241686
0 0 0 2241687
0 0 0 2241787
0 0 0 2241788
0 0 0 2241788
0 0 0 2241789
0 0 0 2241915
0 0 0 2241915
0 0 0 2241916
0 0 0 2241916
0 0 0 2242074
0 0 0 2242075
0 0 0 2242075
0 0 0 2242076
0 0 0 2242186
0 0 0 2242187
0 0 0 2242187
0 0 0 2242188
0 0 0 2242290
0 0 0 2242291
0 0 0 2242291
0 0 0 2242292
0 0 0 2242487
0 0 0 2242488
0 0 0 2242488
0 0 0 2242489
0 0 0 2242590
0 0 0 2242590
0 0 0 2242591
0 0 0 2242591
0 0 0 2242704
0 0 0 2242705
0 0 0 2242705
0 0 0 2242705
0 0 0 2242872
0 0 0 2242872
0 0 0 2242873
0 0 0 2242873
0 0 0 2242983
0 0 0 2242983
0 0 0 2242984
0 0 0 2242984
0 0 0 2243086
0 0 0 2243087
0 0 0 2243087
0 0 0 2243088
0 0 0 2243190
0 0 0 2243191
0 0 0 2243191
0 0 0 2243192
