-939 942795
508 942801
510 942801
504 942802
510 942803
515 942803
510 942804
505 942804
513 942805
507 942805
508 942806
506 942806
511 942807
504 942807
503 942808
506 942808
508 942808
509 942809
507 942809
509 942810
508 942810
507 942811
508 942811
509 942812
506 942812
509 942813
509 942813
508 942813
508 942814
506 942814
510 942815
508 942815
508 942816
508 942816
507 942817
507 942817
509 942818
508 942818
507 942818
507 942819
507 942819
509 942820
508 942820
507 942820
507 942821
509 942821
508 942822
507 942822
509 942822
508 942823
506 942823
508 942824
509 942824
507 942824
507 942825
508 942825
507 942826
509 942826
508 942828
508 942828
509 942829
508 942829
507 942831
507 942832
508 942832
509 942833
508 942833
507 942833
508 942836
508 942931
509 942932
508 942932
509 942933
507 942933
507 942934
507 942934
505 942935
508 942935
507 942974
509 942974
509 942975
507 943017
509 943018
510 943018
507 943029
507 943030
508 943031
508 943032
510 943034
508 943034
508 943065
507 943067
507 943091
507 943091
506 943107
508 943108
510 943119
510 943129
510 943129
509 943139
507 943149
508 943159
508 943181
507 943181
508 943189
508 943199
507 943209
506 943219
509 943229
507 943252
506 943253
507 943259
509 943269
507 943279
507 943298
509 943299
508 943310
508 943320
509 943330
507 943340
507 943350
507 943373
509 943373
507 943380
508 943390
509 943400
509 943410
508 943420
508 943429
506 943439
508 943449
509 943472
508 943472
508 943480
508 943489
510 943499
509 943509
506 943523
508 943529
507 943555
507 943558
509 943569
508 943949
508 943950
509 943950
510 943951
508 943952
507 943953
508 943953
508 943954
508 943955
508 943955
509 943956
509 943957
510 943957
509 943958
505 943959
508 943959
509 943960
507 943961
509 943962
507 943962
508 943963
510 943964
509 943964
507 943965
507 943966
509 943966
509 943967
507 943968
508 943968
508 943969
509 943970
509 943970
507 943971
508 943972
508 943972
506 943973
508 943974
507 943974
507 943977
510 943977
509 943980
506 943989
507 943999
508 944009
507 944031
509 944032
507 944039
507 944049
508 944060
510 944070
506 944079
507 944089
508 944100
509 944109
510 944119
508 944129
508 944139
509 944162
505 944163
508 944177
508 944178
509 944189
506 944200
508 944209
508 944549
507 944550
508 944550
510 944551
508 944551
507 944552
508 944552
508 944553
508 944553
507 944554
508 944555
507 944555
509 944556
509 944556
508 944557
507 944557
507 944558
507 944558
508 944559
509 944559
506 944560
510 944560
507 944561
508 944561
509 944562
508 944562
507 944562
504 944563
505 944564
509 944564
508 944565
507 944566
509 944566
507 944569
507 944570
509 944579
504 944746
505 944746
508 944747
511 944748
507 944748
509 944749
508 944749
502 944750
508 944751
507 944751
508 944756
506 944756
510 944757
509 944757
507 944758
508 944758
505 944762
509 944786
507 944788
506 944790
509 944790
510 944800
510 945131
506 945132
509 945133
506 945133
506 945134
510 945134
508 945134
509 945136
509 945136
511 945137
512 945137
506 945137
506 945138
510 945138
507 945139
509 945139
509 945139
508 945140
510 945140
508 945141
508 945141
507 945141
507 945142
507 945142
508 945143
509 945143
508 945144
507 945144
509 945145
508 945145
506 945145
508 945148
508 945150
506 945162
509 945162
509 945169
508 945180
509 945190
507 945200
507 945210
507 945220
507 945255
508 945258
509 945259
510 945553
507 945554
509 945554
507 945556
507 945560
507 945562
508 945562
507 945562
508 945563
507 945563
507 945564
510 945564
508 945565
506 945565
507 945565
507 945566
508 945566
508 945567
507 945568
507 945568
510 945568
507 945569
507 945570
508 945570
508 945571
506 945571
506 945572
508 945572
508 945572
510 945575
509 945575
508 945576
507 945605
508 945607
508 945607
508 945695
508 945700
510 945700
509 945701
509 945703
506 945703
507 945704
507 945707
508 945707
507 945710
507 945954
508 945954
507 945955
508 945956
507 945957
507 945957
507 945958
508 945958
508 945959
507 945960
507 945960
508 945961
508 945961
508 945962
506 945962
507 945962
508 945963
508 945963
508 945964
508 945964
505 945965
510 945965
508 945966
506 945968
507 945968
509 945969
508 945979
508 946347
508 946348
508 946348
511 946350
509 946350
507 946351
508 946352
507 946353
509 946354
507 946354
508 946355
510 946356
508 946357
508 946357
507 946358
510 946359
505 946359
509 946360
508 946361
507 946361
507 946362
507 946362
508 946363
508 946364
506 946364
508 946365
507 946365
507 946366
510 946367
508 946367
510 946368
508 946368
506 946369
508 946369
507 946370
507 946370
508 946373
510 946373
508 946385
510 946386
510 946388
508 946400
505 946420
507 946432
509 946432
508 946439
507 946462
506 946462
507 946482
509 946482
507 946500
506 946509
506 946532
507 946532
507 946539
507 946561
507 946561
508 946569
511 946591
508 946591
505 946599
507 946630
507 946643
508 946644
508 946665
508 946747
509 946747
511 946748
508 946749
506 946749
506 946750
508 946751
510 946751
507 946752
508 946752
508 946760
508 946772
508 946773
508 946848
508 946848
509 946849
506 946852
508 946852
507 946853
509 946853
508 946953
507 946954
508 946954
508 946955
505 946955
507 946956
507 946956
510 946957
507 946958
508 946989
510 946989
508 946992
508 946992
507 947136
507 947137
507 947137
508 947138
508 947138
509 947139
509 947139
507 947139
506 947140
508 947140
509 947141
509 947141
507 947142
507 947142
509 947143
509 947143
507 947152
507 947152
508 947172
508 947172
508 947202
508 947202
508 947209
507 947219
510 947229
508 947243
506 947249
505 947259
508 947269
508 947280
507 947290
507 947300
506 947322
509 947323
509 947329
506 947339
507 947349
507 947554
510 947555
507 947555
509 947556
508 947556
509 947557
509 947558
507 947558
508 947559
508 947559
508 947560
507 947562
508 947562
509 947562
508 947563
508 947563
508 947564
507 947564
508 947565
507 947576
508 947578
508 947578
507 947735
508 947737
509 947737
508 947738
507 947738
508 947739
508 947739
509 947740
508 947740
509 947741
507 947741
510 947741
507 947742
507 947742
507 947743
508 947743
508 947746
508 947748
508 947759
509 947804
509 947805
509 947805
506 948018
507 948020
508 948020
509 948021
507 948022
505 948022
509 948023
509 948023
509 948026
507 948026
508 948027
509 948027
508 948028
508 948028
509 948029
507 948029
509 948030
509 948031
508 948031
507 948032
508 948032
507 948033
508 948044
508 948046
508 948048
508 948084
508 948084
507 948092
508 948092
508 948099
506 948120
507 948140
509 948140
507 948141
507 948161
510 948161
506 948169
507 948179
508 948189
508 948199
507 948209
506 948219
508 948229
507 948239
508 948250
508 948259
507 948273
508 948279
509 948295
508 948298
508 948309
508 948333
510 948333
510 948339
508 948363
507 948364
508 948392
510 948392
508 948400
508 948441
508 948441
507 948442
510 948444
507 948444
507 948491
508 948491
507 948492
508 948493
508 948495
508 948499
509 948666
508 948666
509 948667
507 948668
506 948668
507 948669
508 948669
507 948670
508 948670
508 948671
508 948672
509 948672
506 948673
508 948673
507 948674
508 948674
507 948677
509 948688
508 948698
508 948710
510 948739
508 948754
507 948756
510 948876
507 948877
509 948877
508 948878
508 948878
508 948878
509 948879
507 948880
507 948880
506 948881
508 948881
507 948882
508 948885
508 948885
508 948901
511 948901
508 948919
508 948922
507 948954
507 948956
509 948958
509 948971
508 948971
508 949063
509 949063
512 949064
508 949066
507 949066
507 949067
508 949067
509 949068
509 949100
508 949120
507 949150
508 949150
507 949153
508 949153
508 949154
506 949156
508 949156
507 949159
507 949172
508 949172
507 949185
507 949202
508 949202
507 949209
506 949231
507 949231
509 949239
509 949274
509 949274
509 949280
507 949280
505 949299
506 949320
506 949345
508 949349
510 949349
506 949350
510 949369
506 949381
509 949381
508 949401
508 949402
507 949419
507 949445
508 949449
507 949449
509 949452
509 949485
510 949489
509 949489
506 949492
507 949512
509 949512
507 949524
508 949531
510 949549
510 949751
513 949751
504 949752
506 949753
509 949753
507 949754
508 949755
508 949755
508 949756
508 949757
502 949757
506 949758
486 949758
507 949759
512 949759
510 949759
510 949760
509 949760
510 949761
508 949761
509 949774
506 949774
507 949777
508 949958
508 949959
508 949959
509 949960
507 949960
509 949961
507 949962
506 949962
508 949962
507 949963
508 949963
508 949964
507 949964
509 949965
509 949965
507 949966
505 949966
508 949967
507 949969
508 949981
508 949981
509 950147
508 950147
510 950148
508 950149
506 950149
507 950150
508 950150
508 950151
508 950152
507 950152
508 950153
509 950153
508 950154
508 950154
507 950155
508 950155
508 950156
508 950158
508 950168
509 950557
509 950557
508 950558
508 950559
507 950559
509 950560
508 950560
509 950561
508 950562
508 950562
508 950563
509 950563
507 950564
507 950564
508 950565
508 950565
509 950566
509 950567
509 950567
508 950568
509 950568
509 950569
508 950569
507 950571
507 950571
509 950572
507 950572
507 950572
509 950573
511 950575
509 950576
505 950576
507 950577
507 950577
508 950579
506 950579
508 950580
509 950584
509 950586
509 950588
506 950614
508 950614
503 950737
508 950738
507 950738
508 950739
507 950739
510 950740
506 950740
507 950741
508 950741
508 950742
507 950742
508 950742
508 950743
507 950745
508 950747
509 950759
507 950769
507 950779
509 950789
509 950799
508 950808
509 950831
509 950831
508 950839
509 950848
507 950860
506 950869
509 950879
508 950889
508 950899
508 950909
507 950919
509 950929
508 950939
507 950951
507 950972
507 950972
509 950979
508 951010
508 951023
507 951045
510 951054
508 951054
507 951068
508 951068
509 951081
508 951081
504 951089
507 951124
508 951125
509 951129
510 951129
508 951164
506 951168
506 951168
509 951171
508 951191
508 951191
508 951207
507 951208
510 951218
509 951228
507 951250
506 951262
507 951262
509 951269
508 951279
509 951289
508 951311
508 951311
508 951331
506 951331
507 951339
508 951361
507 951361
508 951380
507 951381
507 951389
509 951399
506 951409
507 951419
507 951429
508 951439
507 951449
509 951459
509 951469
507 951504
508 951505
509 951505
508 951508
507 951519
507 951558
507 951558
507 951572
509 951573
508 951621
509 951621
509 951624
508 951624
507 951626
508 951632
507 951632
507 951639
507 951649
508 951659
508 951669
510 951679
508 951689
506 951699
508 951722
508 951722
508 951739
508 951794
509 951795
509 951796
511 951796
508 951797
508 951811
508 951811
508 951955
508 951955
508 951956
508 951957
508 951957
509 951958
509 951958
507 951959
507 951959
508 951960
507 951961
508 951961
507 951964
509 951964
509 951969
508 951969
508 952139
505 952139
508 952140
506 952141
508 952141
507 952142
507 952142
509 952142
510 952143
508 952144
506 952144
507 952145
504 952145
509 952146
509 952146
505 952146
507 952161
508 952161
508 952352
505 952352
506 952353
508 952353
512 952354
508 952355
520 952355
515 952356
507 952356
513 952357
508 952357
508 952357
507 952358
507 952358
509 952359
508 952360
508 952363
510 952391
509 952391
505 952394
506 952394
508 952397
510 952399
509 952410
509 952435
506 952437
507 952437
508 952750
508 952750
507 952751
507 952752
509 952752
508 952753
508 952754
508 952754
507 952755
509 952755
507 952755
506 952756
509 952756
507 952757
507 952757
509 952757
508 952758
509 952758
509 952759
508 952759
508 952759
507 952760
509 952760
509 952761
509 952761
508 952761
508 952762
509 952762
507 952762
506 952763
507 952763
507 952766
507 952766
507 952769
509 952779
507 952789
509 952799
507 952809
506 952819
507 952829
508 952851
508 952853
508 952859
507 952869
510 952879
509 952889
507 952899
506 952909
507 952919
509 952929
508 952964
508 952964
507 952969
505 952969
509 952991
509 952991
507 952998
507 953019
509 953160
506 953161
509 953161
508 953162
505 953162
509 953163
509 953164
507 953164
507 953165
508 953165
508 953166
509 953167
508 953167
509 953167
508 953170
509 953179
506 953580
506 953580
507 953581
507 953582
508 953582
509 953583
507 953583
510 953584
510 953584
507 953585
506 953586
507 953586
507 953587
508 953588
508 953588
508 953589
507 953590
507 953590
508 953590
508 953591
507 953591
508 953592
509 953592
508 953592
508 953593
508 953593
510 953594
507 953594
507 953595
508 953595
508 953595
508 953596
508 953596
508 953597
508 953597
509 953597
508 953598
508 953598
507 953599
509 953599
508 953601
508 953601
508 953609
508 954761
509 954762
509 954763
508 954763
506 954764
507 954764
508 954764
507 954765
509 954765
508 954766
507 954766
509 954767
508 954768
507 954768
507 954769
509 954769
508 954770
508 954770
508 954771
509 954772
509 954772
507 954772
507 954773
507 954773
507 954774
506 954774
508 954774
508 954775
509 954775
511 954776
508 954776
507 954776
508 954777
506 954777
507 954778
508 954778
508 954779
509 954779
510 954780
508 954780
506 954781
507 954781
509 954782
508 954782
508 954783
507 954783
508 954784
509 954784
508 954785
507 954785
506 954786
508 954786
508 954787
507 954787
507 954788
507 954788
509 954788
508 954789
508 954789
506 954790
509 954790
508 954791
509 954791
508 954791
508 954792
507 954792
509 954792
508 954793
507 954793
507 954794
508 954794
508 954794
507 954795
507 954795
508 954795
507 954796
506 954796
506 954797
508 954797
507 954797
509 954798
508 954798
509 954798
507 954799
510 954799
508 954800
507 954800
507 954800
507 954801
508 954801
508 954801
508 954802
508 954802
508 954803
508 954803
508 954804
508 954804
508 954804
508 954973
507 954982
507 954983
508 954984
508 954984
508 954985
508 954985
508 954986
509 954987
509 954987
509 954988
507 954988
509 954989
509 954989
509 954990
508 954992
507 954992
509 954993
507 954993
507 954994
507 954995
510 954995
508 954996
507 954996
506 954997
505 954997
505 954997
506 954998
509 954998
506 954999
510 954999
507 955000
510 955000
507 955000
507 955001
507 955001
507 955032
506 955032
510 955035
508 955035
508 955042
508 955042
507 955045
505 955156
512 955157
509 955157
503 955158
510 955158
506 955159
504 955159
508 955188
506 955188
505 955191
506 955191
508 955191
510 955194
509 955194
509 955203
509 955205
512 955362
508 955362
507 955363
507 955364
511 955364
508 955365
508 955365
507 955366
508 955369
509 955369
509 955370
507 955370
508 955371
508 955371
508 955372
509 955374
509 955392
509 955392
508 955552
510 955552
507 955553
507 955554
509 955554
509 955555
507 955556
507 955556
506 955557
508 955557
510 955558
508 955558
506 955558
506 955559
506 955559
507 955572
507 955572
507 955581
508 955581
510 955589
508 955599
508 955621
508 955621
507 955629
509 955638
507 955648
507 955658
509 955669
509 955679
508 955689
505 955711
507 955711
509 955719
506 955729
507 955764
507 955764
508 955765
509 955768
509 955779
506 955959
506 955959
509 955960
509 955961
507 955961
507 955962
510 955962
509 955962
508 955963
508 955963
507 955964
508 955964
508 955964
508 955965
508 955965
509 955966
510 955966
509 955966
507 955969
506 955978
506 956362
507 956363
508 956363
508 956364
508 956366
507 956367
509 956368
507 956369
507 956369
509 956370
508 956371
509 956371
508 956372
509 956372
508 956373
509 956373
508 956374
507 956374
508 956374
507 956375
507 956375
508 956376
508 956376
508 956377
509 956377
508 956378
506 956378
507 956378
508 956379
508 956379
509 956380
507 956380
508 956381
509 956381
508 956382
507 956384
507 956384
508 956385
508 956385
508 956443
509 956443
508 956446
509 956448
509 956450
508 956450
508 956453
508 956554
509 956554
508 956555
507 956556
506 956556
508 956557
508 956558
504 956558
506 956580
507 956580
507 956581
509 956583
510 956583
508 956763
508 956764
508 956764
508 956765
507 956766
507 956766
508 956767
509 956767
509 956768
508 956769
507 956769
508 956770
507 956770
506 956771
507 956771
508 956772
508 956772
509 956775
509 956779
508 957156
510 957157
508 957157
506 957158
507 957158
508 957159
508 957160
509 957160
507 957161
509 957162
511 957162
509 957163
508 957163
508 957164
509 957164
508 957165
507 957165
508 957165
508 957166
508 957166
508 957167
508 957167
507 957167
508 957168
507 957168
507 957169
508 957169
509 957170
508 957170
508 957170
506 957171
507 957171
508 957172
507 957172
508 957172
507 957173
509 957175
508 957177
510 957179
506 957179
507 957363
507 957423
508 957425
509 957554
508 957555
508 957555
507 957556
508 957556
506 957557
506 957558
508 957558
509 957559
507 957560
506 957560
509 957561
511 957561
508 957562
507 957562
509 957562
506 957563
507 957563
507 957564
508 957564
509 957565
508 957565
507 957566
508 957566
509 957567
508 957567
508 957567
510 957568
509 957568
509 957597
509 957597
508 957600
506 957600
509 957601
507 957603
507 957603
507 957611
509 957611
510 957644
509 957644
509 957649
508 957649
507 957684
507 957684
507 957687
507 957713
508 957713
508 957759
506 957760
509 957760
507 957761
507 957762
508 957782
508 957782
507 957790
508 957825
508 957827
509 957827
508 957965
507 957966
508 957966
510 957967
504 957967
507 957968
509 957968
507 957969
511 957970
510 957970
508 957971
507 957971
507 957972
508 957972
506 957972
506 957978
508 958003
507 958005
511 958007
510 958021
508 958021
508 958360
508 958360
480 958361
498 958362
509 958362
507 958363
509 958363
507 958364
504 958364
521 958365
510 958365
509 958366
506 958366
507 958366
510 958367
510 958367
509 958368
499 958368
510 958368
509 958369
509 958369
507 958370
508 958370
512 958370
510 958371
509 958371
508 958372
508 958372
505 958372
506 958373
510 958373
508 958374
510 958374
509 958374
509 958381
506 958381
507 958389
509 958421
504 958421
509 958429
507 958452
507 958452
509 958484
512 958484
510 958489
507 958489
508 958498
505 958521
509 958522
509 958553
509 958555
509 958557
510 958594
507 958594
506 958595
507 958599
508 958599
508 958622
507 958622
509 958666
508 958671
509 958671
509 958674
508 958674
508 958679
509 958755
508 958755
509 958756
507 958757
508 958758
509 958758
508 958761
507 958771
507 958772
507 959165
507 959166
508 959166
508 959167
509 959167
508 959168
508 959169
507 959169
508 959170
507 959170
507 959171
508 959171
508 959172
509 959173
508 959173
510 959174
507 959174
507 959175
507 959175
508 959176
508 959177
508 959177
508 959178
508 959178
510 959179
506 959179
505 959180
507 959181
510 959181
507 959182
508 959182
507 959183
508 959183
509 959184
508 959184
507 959185
506 959185
507 959188
508 959188
508 959191
508 959191
508 959198
510 959208
509 959218
506 959228
507 959238
508 959248
508 959258
508 959281
508 959281
509 959289
508 959312
509 959312
507 959331
507 959332
508 959339
508 959349
508 959371
507 959372
508 959379
507 959389
510 959411
507 959412
507 959419
508 959441
507 959441
509 959449
508 959464
509 959469
508 959491
509 959491
507 959499
508 959508
508 959518
507 959561
507 959562
508 959562
508 959563
506 959581
510 959581
507 959588
507 959598
507 959608
508 959618
508 959628
507 959638
507 959660
507 959660
508 959668
509 959679
507 959689
507 959699
506 959709
509 959767
507 959767
508 959768
509 959769
510 959770
509 959773
508 959779
509 959957
507 959958
508 959958
508 959959
507 959960
508 959960
507 959961
509 959961
506 959962
509 959963
511 959964
507 959964
508 959965
509 959965
508 959966
508 959969
508 959969
506 959970
506 959978
508 960345
507 960346
509 960346
508 960347
508 960347
509 960348
508 960348
507 960349
508 960349
507 960350
508 960350
507 960351
507 960351
507 960352
509 960352
508 960352
506 960353
504 960353
506 960354
509 960354
507 960355
510 960355
508 960356
509 960356
511 960357
508 960358
507 960358
508 960359
509 960359
510 960360
507 960360
506 960361
506 960361
508 960361
508 960362
507 960364
508 960364
506 960371
510 960371
507 960559
507 960563
507 960564
509 960565
509 960565
508 960566
507 960567
509 960567
505 960568
507 960568
509 960569
509 960569
509 960570
508 960570
506 960571
508 960572
507 960572
507 960574
509 960594
509 960594
508 960763
509 960764
508 960764
508 960765
507 960765
508 960766
507 960766
508 960767
508 960768
508 960768
507 960769
510 960769
508 960770
507 960770
508 960770
509 960771
508 960773
508 960775
509 960777
508 960944
511 960945
508 960945
505 960946
506 960946
507 960947
508 960948
507 960948
509 960949
508 960949
510 960950
509 960951
507 960951
508 960952
509 960952
508 960953
508 960958
497 960958
496 960959
510 960970
505 961967
507 961968
508 961968
508 961969
512 961969
506 961970
509 961970
508 961971
506 961971
507 961972
507 961972
507 961973
509 961973
506 961974
506 961974
509 961975
508 961975
509 961975
509 961976
508 961976
512 961977
509 961977
509 961978
510 961978
508 961978
509 961979
509 961979
508 961980
509 961980
507 961980
506 961981
508 961981
507 961982
508 961982
507 961982
508 961983
510 961983
507 961984
506 961984
507 961985
509 961985
508 961985
509 961986
507 961986
507 961987
510 961987
507 961987
506 961988
507 961988
508 961988
509 961989
508 961989
507 961990
508 961990
510 961990
508 961991
506 961991
507 961992
507 961992
510 961992
508 961993
508 961993
509 961994
508 961994
508 961994
506 961995
508 961995
508 961995
508 961996
509 961996
508 961997
508 961997
507 961997
510 961998
507 961998
507 961999
508 961999
507 961999
508 962000
507 962000
508 962001
508 962001
508 962002
508 962002
507 962003
507 962003
509 962004
509 962005
506 962005
507 962006
507 962006
509 962007
507 962007
506 962008
507 962008
508 962009
507 962012
507 962013
507 962013
508 962014
511 962014
509 962015
506 962019
506 962360
508 962360
508 962361
507 962362
507 962362
508 962363
510 962364
507 962365
506 962365
507 962366
508 962367
509 962369
507 962370
508 962371
508 962371
509 962372
509 962372
508 962372
507 962373
509 962373
507 962374
507 962374
508 962375
508 962375
508 962376
510 962379
506 962384
508 962387
508 962390
519 962392
507 962392
507 962393
508 962393
509 962394
506 962396
508 962396
507 962397
506 962399
506 962554
508 962555
508 962555
507 962556
508 962556
509 962557
507 962557
506 962557
508 962558
507 962558
508 962559
507 962560
508 962560
507 962560
508 962561
506 962563
506 962568
508 962967
509 962967
508 962968
508 962969
507 962969
508 962970
510 962970
507 962971
508 962971
507 962974
507 962975
508 962976
507 962976
508 962977
509 962977
507 962978
509 962978
508 962979
507 962979
508 962980
509 962980
509 962981
508 962981
508 962982
509 962982
509 962983
507 962983
507 962983
508 962984
508 962984
507 962985
508 962985
508 962986
508 962986
509 962987
506 962987
507 962988
508 962988
508 962993
507 962998
508 962998
508 963001
509 963008
509 963149
507 963150
504 963151
507 963151
509 963152
508 963153
508 963154
509 963155
507 963156
512 963156
512 963157
509 963158
507 963189
509 963192
507 963193
508 963195
508 963366
508 963367
509 963367
508 963368
506 963369
508 963370
507 963370
509 963371
508 963372
505 963372
508 963373
508 963374
507 963376
507 963376
507 963377
510 963378
507 963383
508 963386
508 963387
508 963387
508 963388
510 963399
508 963411
507 963411
509 963432
508 963432
508 963464
508 963464
508 963467
509 963481
508 963481
506 963761
507 963762
508 963762
507 963763
508 963764
508 963765
507 963766
506 963767
509 963767
507 963768
506 963769
507 963769
507 963770
507 963771
507 963771
507 963772
510 963772
508 963773
509 963773
507 963774
508 963774
509 963775
509 963775
509 963776
506 963778
509 963778
510 963779
508 963781
508 963781
508 963788
509 963799
509 963822
505 963822
507 963829
508 963839
508 963849
507 963871
507 963871
509 963879
506 963889
502 963899
504 963922
508 963922
507 963929
503 963939
508 963949
507 963958
507 963968
509 963988
509 963989
505 963998
507 964146
506 964147
507 964147
513 964148
507 964149
506 964149
509 964150
510 964150
506 964151
509 964152
506 964152
506 964153
510 964154
505 964154
506 964157
508 964159
509 964169
508 964179
508 964189
507 964199
508 964209
510 964219
509 964242
506 964243
508 964249
508 964284
509 964285
506 964286
508 964288
509 964298
509 964311
508 964319
506 964328
508 964338
510 964371
507 964371
507 964403
508 964405
508 964426
509 964427
508 964439
507 964451
507 964451
508 964459
508 964472
508 964472
508 964496
509 964497
509 964499
508 964571
508 964572
508 964572
508 964573
506 964573
509 964574
507 964582
509 964582
508 964588
508 964761
506 964762
508 964762
508 964763
507 964764
508 964764
508 964765
509 964766
507 964766
510 964767
508 964768
508 964768
508 964769
507 964770
507 964770
507 964771
508 964774
508 964774
509 964791
508 964791
507 965159
508 965159
507 965160
508 965161
508 965161
508 965162
507 965163
506 965163
508 965164
507 965164
508 965165
508 965165
507 965166
509 965166
507 965167
509 965167
508 965168
508 965168
507 965169
507 965169
507 965169
507 965170
508 965170
508 965171
510 965171
510 965171
508 965172
507 965175
507 965175
509 965176
507 965176
508 965177
509 965177
509 965178
509 965178
508 965180
508 965180
505 965181
507 965201
508 965201
509 965365
509 965366
508 965366
508 965367
509 965368
507 965368
507 965369
508 965369
508 965370
508 965371
509 965372
509 965372
508 965373
509 965373
507 965373
505 965400
508 965400
509 965403
509 965403
509 965404
508 965569
509 965570
510 965570
507 965571
506 965572
507 965573
508 965573
509 965574
507 965575
509 965575
507 965576
509 965576
507 965576
506 965577
508 965577
508 965578
508 965578
507 965581
508 965588
508 966167
509 966168
510 966204
508 966205
508 966205
507 966206
506 966206
509 966207
508 966208
509 966208
508 966209
509 966209
508 966210
506 966210
507 966210
508 966211
509 966211
509 966212
508 966212
508 966212
509 966213
508 966213
507 966214
507 966214
507 966215
509 966215
507 966215
507 966216
507 966216
510 966217
507 966217
506 966217
506 966218
506 966218
507 966219
508 966220
506 966220
509 966221
509 966222
508 966222
506 966223
509 966223
507 966223
509 966224
507 966224
507 966225
510 966225
510 966228
507 966228
507 966229
508 966229
509 966230
508 966230
508 966231
504 966231
508 966234
509 966234
508 966235
507 966235
508 966236
508 966236
508 966236
507 966237
508 966239
508 966273
509 966275
509 966277
506 966395
505 966397
508 966397
507 966400
508 966400
509 966401
508 966486
508 966487
509 966501
508 966501
507 966504
507 966504
507 966505
508 966508
507 966551
507 966552
507 966554
509 966554
507 966557
508 966557
508 966560
508 966560
508 966561
509 966561
507 966564
508 966564
511 966575
508 966577
507 966579
508 966579
510 966588
514 966611
508 966611
508 966618
508 966628
510 966638
508 966661
507 966661
507 966668
508 966690
509 966691
508 966698
507 966708
508 966718
508 966729
509 966739
507 966749
508 966766
508 966788
506 966788
507 966814
508 966814
507 966835
509 966836
509 966841
508 966841
507 966849
507 966858
508 966881
508 966882
507 966888
509 966911
508 966912
509 966918
506 966941
507 966942
510 966948
508 966958
508 966968
506 966979
512 966988
504 966998
510 967021
509 967021
508 967028
508 967051
506 967051
508 967083
507 967083
507 967088
509 967088
511 967107
506 967109
508 967119
508 967166
509 967167
507 967167
507 967181
509 967181
507 967232
511 967233
505 967277
508 967277
508 967280
510 967280
509 967281
506 967282
508 967284
509 967303
508 967305
509 967307
507 967333
507 967335
510 967561
507 967561
508 967562
508 967563
507 967563
509 967564
508 967565
508 967565
507 967566
508 967567
506 967567
508 967568
507 967568
508 967569
506 967569
508 967570
507 967570
508 967571
508 967571
507 967572
508 967572
509 967573
507 967573
509 967574
507 967576
508 967578
507 967589
507 967599
508 967609
507 967631
507 967631
508 967639
508 967648
509 967658
509 967670
506 967678
508 967688
508 967711
507 967711
508 967718
508 967753
507 967755
510 967759
507 967759
506 967974
507 967975
509 967975
509 967976
507 967977
508 967977
508 967978
508 967979
508 967983
507 967985
507 967986
508 967987
509 967987
506 967989
508 967990
508 967990
509 967991
509 967992
508 967992
508 967993
508 967996
509 967999
508 968000
509 968000
509 968021
508 968021
509 968028
508 968048
507 968058
506 968094
508 968097
506 968100
507 968100
508 968121
508 968121
509 968128
508 968149
506 968202
508 968206
507 968206
508 968209
507 968209
509 968210
509 968221
509 968221
507 968229
506 968251
507 968251
507 969164
507 969164
508 969165
510 969166
510 969167
510 969167
507 969168
504 969170
509 969171
503 969171
510 969172
506 969172
509 969173
506 969173
508 969173
507 969174
507 969174
509 969175
508 969175
509 969176
508 969176
504 969176
510 969177
507 969177
510 969178
506 969178
505 969179
505 969179
507 969180
510 969181
510 969181
508 969182
509 969183
509 969184
505 969184
509 969185
506 969186
507 969186
507 969187
507 969188
504 969188
510 969189
513 969190
509 969190
505 969191
509 969192
508 969192
508 969193
509 969194
509 969194
504 969195
511 969195
508 969196
506 969196
506 969197
506 969198
508 969198
507 969199
507 969199
507 969200
508 969200
508 969201
503 969201
509 969202
507 969202
509 969203
507 969204
504 969204
506 969204
509 969205
507 969205
509 969206
509 969206
513 969207
507 969208
509 969208
508 969209
508 969209
509 969209
508 969210
507 969210
506 969211
506 969211
506 969212
508 969212
507 969213
508 969213
510 969214
510 969214
505 969216
506 969216
506 969217
511 969217
508 969218
507 969220
507 969222
506 969370
511 969371
507 969372
506 969373
509 969373
508 969484
507 969486
507 969486
506 969551
509 969589
507 969590
509 969592
509 969592
508 969593
508 969594
506 969599
507 969599
510 969600
508 969601
508 969603
508 969603
510 969608
506 969973
506 969974
506 969974
508 969975
506 969975
509 969976
508 969976
508 969977
508 969977
509 969978
506 969979
508 969979
507 969980
507 969980
508 969981
508 969981
509 969982
507 969982
510 969983
506 969983
506 969984
508 969984
505 969985
506 969985
508 969985
509 969986
507 969986
511 969987
508 969987
507 969988
508 969988
508 969989
506 969989
506 969990
507 969990
508 969990
507 969993
507 969993
508 970010
507 970010
508 970368
510 970369
509 970369
506 970370
508 970371
511 970372
508 970372
508 970373
506 970374
509 970374
507 970375
508 970375
507 970376
509 970376
508 970377
508 970378
509 970378
507 970379
509 970379
509 970380
509 970380
504 970381
507 970381
508 970382
507 970382
507 970383
507 970383
506 970384
507 970384
508 970385
507 970385
506 970386
509 970386
508 970387
507 970409
506 970409
507 970412
507 970412
507 970413
507 970552
507 970553
509 970553
508 970554
508 970554
507 970555
507 970556
507 970556
508 970556
508 970557
507 970557
507 970558
510 970558
507 970561
506 970561
508 970581
508 970582
508 970596
508 970599
508 970609
508 970620
509 970628
509 970638
507 970648
507 970671
508 970671
509 970678
507 970713
508 970716
507 970718
509 970720
509 970767
507 970767
506 970768
509 970783
509 970788
509 970788
507 970791
509 970798
508 970973
508 970974
508 970974
507 970975
506 970975
507 970976
508 970976
508 970977
508 970977
507 970978
508 970978
506 970979
507 970979
507 970980
507 970980
508 970981
508 970983
507 970988
508 971163
509 971164
507 971165
506 971165
507 971166
507 971167
508 971167
507 971168
509 971169
509 971170
509 971170
508 971171
506 971172
507 971172
507 971173
507 971174
508 971174
508 971181
508 971181
509 971188
509 971224
508 971226
507 971228
509 971254
508 971254
508 971259
509 971259
508 971281
508 971281
509 971289
508 971323
508 971325
508 971327
506 971349
508 971361
508 971362
508 971362
508 971381
510 971381
507 971388
508 971422
508 971422
508 971431
507 971431
509 971438
508 971455
506 971458
510 971494
507 971574
507 971575
506 971575
510 971576
508 971577
509 971578
508 971578
510 971587
508 971587
508 971590
504 971590
506 972153
509 972154
506 972154
508 972155
506 972156
509 972156
510 972157
507 972159
507 972160
508 972160
508 972161
509 972162
508 972162
508 972163
510 972163
509 972164
508 972165
507 972165
509 972166
508 972167
510 972167
508 972168
507 972168
510 972169
509 972170
508 972170
507 972171
507 972171
508 972172
509 972172
508 972173
507 972173
507 972174
510 972175
508 972175
506 972175
506 972176
508 972176
508 972177
508 972177
509 972178
508 972178
509 972179
508 972179
507 972180
508 972180
507 972181
506 972181
508 972181
508 972182
509 972182
507 972183
508 972183
508 972184
507 972186
508 972186
508 972187
508 972187
508 972188
509 972190
507 972211
510 972211
507 972218
507 972254
508 972255
507 972255
508 972258
507 972320
509 972320
508 972323
510 972323
508 972326
506 972331
507 972331
507 972361
507 972389
508 972389
508 972390
509 972392
509 972572
509 972572
507 972573
506 972574
509 972574
507 972575
508 972579
508 972580
508 972581
509 972581
509 972582
507 972582
507 972583
508 972584
506 972584
508 972585
509 972585
507 972586
514 972588
508 972588
507 972598
507 972754
507 972754
507 972755
508 972755
509 972756
507 972756
508 972757
508 972757
508 972758
508 972758
507 972759
506 972759
507 972760
508 972760
507 972760
508 972763
508 972769
508 972777
506 972802
507 972802
508 972968
508 972968
508 972969
508 972970
509 972970
508 972971
508 972972
507 972972
508 972973
508 972973
507 972974
507 972974
509 972975
507 972976
507 972976
508 972979
507 972979
507 972991
510 972991
505 973176
508 973177
508 973177
509 973178
510 973179
508 973179
507 973180
506 973181
507 973181
509 973182
507 973182
509 973183
508 973183
507 973184
509 973184
508 973185
506 973185
506 973209
508 973209
512 973210
506 973213
506 973372
509 973373
509 973373
507 973374
507 973375
506 973375
506 973376
507 973377
507 973377
508 973378
508 973378
510 973379
508 973380
507 973380
507 973381
508 973408
508 973408
507 973411
508 973411
508 974024
511 974025
508 974026
507 974026
507 974027
506 974028
509 974028
507 974029
508 974029
508 974030
510 974031
510 974031
507 974032
508 974032
506 974033
508 974034
508 974034
505 974035
509 974035
508 974036
508 974037
507 974037
506 974038
509 974039
507 974039
507 974040
509 974040
506 974041
508 974042
509 974042
508 974043
508 974043
508 974044
507 974044
508 974045
508 974045
508 974046
507 974046
509 974047
507 974047
508 974048
507 974049
507 974049
508 974050
509 974050
507 974051
509 974051
508 974052
507 974052
507 974053
508 974053
508 974054
508 974054
508 974055
507 974055
509 974056
510 974056
507 974057
506 974057
508 974058
509 974058
507 974061
508 974061
509 974062
510 974083
508 974085
510 974087
510 974089
508 974111
508 974111
511 974118
509 974128
502 974138
507 974148
507 974183
507 974183
503 974186
507 974207
506 974224
507 974224
506 974229
510 974371
508 974371
509 974372
509 974373
507 974373
509 974374
508 974375
506 974375
510 974376
510 974376
508 974377
509 974377
510 974378
506 974379
506 974379
504 974382
509 974388
509 975356
509 975357
507 975357
509 975358
509 975358
508 975359
506 975360
506 975360
507 975361
510 975361
508 975362
508 975362
509 975363
509 975363
509 975364
505 975364
507 975365
508 975365
507 975366
508 975367
508 975367
509 975368
510 975368
508 975369
507 975370
507 975370
510 975371
508 975372
511 975372
508 975373
509 975373
510 975374
510 975374
507 975375
507 975375
509 975376
509 975376
509 975377
506 975377
508 975378
509 975378
510 975379
508 975379
506 975380
508 975380
508 975381
507 975381
508 975381
507 975382
508 975382
508 975383
508 975383
507 975384
507 975384
507 975385
509 975385
509 975386
508 975386
509 975387
509 975387
507 975388
505 975388
506 975389
509 975389
508 975390
509 975390
508 975391
506 975391
511 975392
510 975392
507 975393
507 975393
508 975394
507 975394
507 975394
505 975395
507 975395
510 975396
508 975396
507 975397
507 975397
509 975398
508 975398
508 975398
508 975399
508 975399
510 975400
509 975400
507 975401
506 975401
507 975402
507 975402
508 975402
508 975403
508 975403
506 975406
506 975406
507 975407
507 975407
509 975568
507 975570
508 975570
509 975571
508 975572
508 975573
509 975573
507 975574
506 975574
506 975575
506 975576
507 975576
509 975577
508 975578
509 975579
509 975580
508 975580
508 975583
509 975591
507 975609
508 975775
509 975776
505 975776
509 975777
508 975777
509 975778
507 975779
509 975779
510 975780
509 975780
508 975781
508 975782
509 975782
511 975783
508 975783
505 975784
507 975784
509 975791
512 975791
508 975798
508 975809
508 975831
509 975832
506 975838
507 975848
507 975858
509 975868
507 975891
507 975891
507 975898
506 975908
507 975944
509 975947
507 975947
506 975965
509 975965
509 975968
507 975978
508 975988
509 975998
509 976008
508 976018
508 976028
506 976038
508 976059
507 976070
507 976070
508 976090
507 976091
508 976098
510 976121
507 976121
506 976141
507 976142
507 976148
508 976159
508 976168
512 976178
507 976191
507 976198
508 976208
506 976218
508 976251
506 976251
509 976258
508 976274
508 976277
509 976288
508 976379
508 976380
507 976380
508 976381
510 976382
508 976383
507 976383
510 976384
512 976404
506 976408
510 976408
509 976409
507 976430
508 976430
507 976450
509 976451
508 976458
506 976468
508 976504
509 976508
507 976508
507 976511
509 976518
507 976770
507 976770
508 976771
507 976773
508 976774
509 976774
508 976775
506 976775
508 976776
506 976776
507 976777
509 976777
507 976778
507 976778
508 976779
507 976779
506 976779
507 976780
507 976780
508 976781
508 976781
507 976782
507 976782
509 976783
507 976783
507 976785
508 976787
508 976798
508 976808
508 976818
508 976828
508 976838
510 976848
508 976858
507 976869
508 976904
507 976908
509 976908
509 976911
508 977168
507 977169
510 977170
508 977170
507 977171
507 977172
508 977172
510 977173
508 977174
508 977174
509 977175
509 977176
509 977176
508 977177
507 977177
507 977178
509 977178
507 977179
509 977179
509 977180
509 977180
509 977180
507 977181
507 977183
509 977183
507 977184
508 977200
509 977200
507 977556
507 977557
510 977558
508 977558
507 977559
508 977559
507 977559
507 977560
507 977560
508 977561
508 977561
508 977562
507 977562
506 977563
507 977563
507 977563
506 977564
508 977564
507 977565
508 977565
509 977566
509 977566
506 977567
510 977567
509 977567
509 977568
506 977568
507 977569
508 977569
510 977570
507 977570
506 977571
508 977571
509 977573
507 977573
508 977574
510 977578
508 977597
507 977613
509 977613
508 977625
507 977628
508 977638
508 977647
509 977659
509 977710
508 977711
509 977712
508 977713
507 977714
507 977718
508 977779
507 977780
508 977780
508 977781
507 977782
508 977783
509 977819
508 977820
508 977820
510 977821
508 977828
509 977838
508 977848
510 977858
510 977893
510 977897
509 977897
509 977900
509 977981
506 977982
509 977983
508 977983
508 977985
506 977985
512 977986
508 977986
506 977989
508 977999
509 978157
507 978157
507 978158
508 978158
509 978159
509 978159
509 978160
508 978160
507 978161
509 978162
508 978166
507 978183
507 978184
508 978186
509 978186
507 978187
507 978187
507 978188
505 978190
509 978198
508 978208
508 978218
507 978228
510 978238
509 978248
508 978258
508 978268
507 978278
508 978288
507 978298
508 978308
508 978318
509 978328
508 978339
507 978348
506 978357
508 978368
508 978379
507 978388
508 978398
508 978409
509 978418
510 978428
508 978438
507 978458
508 978468
508 978491
507 978501
509 978502
509 978521
509 978521
510 978528
508 978551
506 978551
507 978569
507 978610
508 978611
508 978613
509 978613
509 978614
510 978617
508 978653
506 978653
508 978656
508 978974
510 978974
507 978975
508 978976
507 978976
509 978977
508 978978
507 978978
507 978979
508 978979
507 978980
508 978980
509 978981
508 978981
508 978981
508 978982
508 978982
506 978983
507 978983
507 978984
507 978984
509 978985
505 978985
508 978985
510 978986
507 978986
507 978987
508 978987
508 978988
507 978988
507 978989
508 978991
507 978991
509 978998
508 979181
508 979182
507 979182
507 979183
509 979183
508 979184
508 979185
507 979185
509 979186
507 979187
506 979187
508 979188
507 979188
508 979189
509 979190
510 979190
508 979191
511 979193
507 979201
508 979201
508 979576
509 979577
508 979577
508 979578
508 979579
509 979579
507 979580
508 979581
507 979581
508 979582
509 979582
518 979583
508 979583
507 979584
509 979584
509 979585
508 979585
508 979586
508 979586
506 979587
508 979587
508 979588
509 979588
507 979589
507 979589
509 979589
507 979590
505 979590
507 979591
505 979591
508 979592
512 979592
503 979593
508 979593
509 979594
506 979594
503 979595
509 979597
511 979597
505 979598
509 979608
507 979971
511 979972
513 979972
506 979973
507 979973
511 979974
510 979974
511 979975
509 979976
508 979976
512 979977
509 979977
510 979980
502 979980
509 979981
508 979981
509 979982
511 979982
508 979983
509 979983
509 979984
509 979984
505 979985
510 979985
510 979986
511 979986
505 979987
509 979987
510 979988
508 979988
507 979989
507 979989
507 979990
510 979990
509 979991
508 979993
509 979993
508 979998
508 980177
509 980178
507 980178
506 980179
508 980179
508 980180
510 980180
509 980181
508 980182
508 980182
508 980185
507 980185
507 980186
508 980186
507 980187
507 980187
508 980188
507 980188
508 980200
508 980200
507 980366
506 980367
508 980368
508 980368
507 980369
507 980370
507 980370
509 980371
508 980372
509 980372
507 980373
510 980374
509 980374
508 980375
509 980375
507 980376
508 980381
511 980382
509 980401
507 980402
506 980421
509 980422
509 980428
509 980438
508 980448
506 980458
508 980468
508 980478
510 980500
506 980500
507 980508
509 980518
508 980528
510 980538
507 980548
507 980558
507 980580
507 980580
509 980588
507 980598
506 980621
507 980622
510 980629
508 980781
508 980781
508 980782
509 980783
508 980784
507 980787
507 980787
508 980788
509 980789
507 980789
509 980790
512 980791
508 980791
506 980792
506 980795
508 980797
508 980808
507 980818
507 980854
509 980857
510 980860
508 980861
508 980868
507 980890
509 980890
508 980923
508 980924
507 980928
508 980928
510 980950
507 980950
507 980958
507 980968
507 980978
509 980988
507 980999
507 981013
507 981031
508 981032
508 981182
508 981182
507 981183
510 981184
507 981184
506 981185
508 981186
506 981186
510 981187
509 981187
507 981188
507 981188
506 981189
509 981189
507 981190
510 981192
507 981198
507 982384
511 982385
510 982386
509 982386
509 982387
504 982388
505 982388
510 982389
507 982390
504 982391
510 982392
510 982392
505 982393
509 982394
510 982394
507 982395
510 982395
505 982396
507 982397
507 982397
510 982398
508 982398
508 982399
505 982399
509 982400
506 982400
510 982401
509 982401
513 982402
508 982402
505 982403
506 982403
510 982404
506 982404
508 982405
507 982405
510 982406
509 982406
510 982406
506 982407
508 982407
509 982408
509 982408
505 982409
507 982409
509 982410
507 982410
508 982410
508 982411
507 982411
508 982412
507 982413
512 982414
507 982414
505 982415
510 982416
510 982416
506 982417
504 982417
507 982418
506 982418
507 982419
508 982419
505 982420
507 982420
511 982421
507 982421
504 982422
507 982422
508 982423
506 982423
507 982424
507 982424
508 982425
509 982425
508 982426
508 982426
509 982427
508 982428
508 982428
510 982429
508 982429
506 982430
511 982430
509 982431
503 982431
502 982432
505 982432
510 982433
509 982433
505 982434
511 982434
507 982596
513 982597
506 982597
505 982598
507 982599
510 982600
509 982600
508 982601
509 982602
510 982602
509 982603
508 982603
509 982603
508 982604
506 982604
508 982605
507 982605
510 982606
506 982606
508 982607
507 982607
507 982608
509 982608
509 982609
505 982611
513 982611
507 982612
517 982612
510 982613
508 982613
507 982613
506 982614
507 982614
509 982615
510 982615
510 982615
509 982616
496 982616
506 982617
504 982617
508 982618
509 982618
511 982619
503 982619
502 982620
507 982620
507 982620
509 982623
509 982628
506 982638
509 982648
509 982658
506 982668
510 982678
507 982688
508 982698
508 982720
507 982720
506 982728
509 982738
508 982748
508 982820
510 982821
508 982822
509 982822
509 982823
508 982823
507 982824
508 982840
508 982840
512 982982
506 982983
510 982983
506 982984
507 982984
512 982985
507 982986
507 982986
504 982987
507 982987
508 982988
507 982988
509 982991
509 982991
508 982998
505 983173
506 983174
506 983174
509 983175
508 983176
508 983176
508 983177
509 983177
508 983178
509 983179
506 983179
507 983180
510 983180
507 983181
507 983181
508 983182
509 983182
507 983190
506 983190
508 983381
507 983381
508 983382
507 983383
507 983384
507 983385
510 983385
507 983386
507 983386
507 983387
507 983387
508 983388
508 983389
509 983389
509 983390
509 983390
508 983391
508 983391
508 983392
507 983394
509 983398
507 983560
508 983560
509 983561
509 983561
509 983562
508 983562
507 983563
509 983563
507 983564
507 983564
508 983565
508 983565
509 983566
509 983566
507 983567
507 983567
508 983569
509 983577
508 983776
508 983777
508 983778
507 983778
510 983779
506 983780
506 983785
508 983785
507 983786
508 983786
509 983787
508 983787
508 983801
510 983801
507 983802
507 983804
507 983806
508 983839
507 983839
508 983840
507 983843
509 983843
511 983844
508 984185
507 984186
508 984187
508 984188
509 984188
507 984191
509 984192
508 984192
508 984193
508 984194
505 984195
505 984195
509 984196
510 984197
509 984197
508 984198
506 984198
507 984199
508 984199
506 984200
507 984200
508 984201
506 984202
507 984202
507 984203
507 984203
507 984204
509 984204
508 984205
508 984205
507 984206
506 984207
508 984207
508 984208
508 984209
509 984210
510 984212
507 984213
507 984214
508 984218
508 984374
508 984375
508 984375
508 984377
508 984378
509 984378
508 984379
509 984379
507 984380
507 984380
507 984381
508 984382
507 984382
509 984383
509 984383
508 984386
508 984398
507 984579
509 984579
509 984580
507 984581
508 984581
508 984582
509 984583
508 984583
506 984584
507 984585
507 984586
508 984587
508 984587
507 984588
507 984589
509 984590
508 984591
507 984593
507 984593
508 984598
508 984785
508 984786
508 984786
508 984787
508 984788
509 984788
506 984789
507 984789
508 984790
507 984791
506 984791
507 984792
508 984793
507 984793
510 984794
508 984794
506 984795
508 984797
508 984797
508 984811
507 984811
504 984979
509 984980
509 984980
509 984981
505 984982
507 984982
509 984983
508 984983
508 984984
508 984985
509 984985
509 984986
509 984986
507 984987
507 984990
510 984990
508 984991
508 984999
507 985185
506 985185
509 985186
508 985187
507 985188
506 985188
507 985189
508 985190
507 985190
509 985191
509 985191
508 985192
510 985192
508 985193
510 985194
510 985194
507 985212
508 985213
509 985216
507 985216
508 985217
508 985219
507 985228
507 985250
507 985250
508 985258
509 985281
508 985282
507 985288
509 985310
510 985310
509 985318
504 985328
508 985350
509 985350
508 985358
508 985381
508 985382
510 985388
510 985397
507 985408
506 985418
506 985440
508 985440
507 985447
507 985470
508 985470
509 985502
512 985506
509 985508
508 985511
508 985525
506 985528
508 985538
509 985583
507 985583
508 985584
509 985585
506 985587
508 985598
508 985763
512 985763
508 985764
508 985765
509 985765
508 985766
510 985767
509 985767
509 985768
511 985768
506 985769
505 985769
509 985770
509 985770
508 985771
509 985771
508 985774
508 985776
506 985788
508 985815
507 985817
509 985828
508 985863
507 985864
509 985865
509 985868
507 985877
506 985888
507 985900
508 985908
508 986002
507 986003
506 986020
509 986020
510 986023
508 986023
505 986026
508 986031
508 986031
508 986034
508 986034
508 986037
508 986039
510 986048
507 986062
506 986068
507 986078
507 986088
509 986098
507 986108
508 986118
508 986140
510 986140
508 986147
507 986157
507 986168
509 986177
507 986188
508 986210
509 986210
508 986218
509 986227
509 986238
508 986247
507 986258
509 986268
507 986278
509 986288
508 986298
507 986308
508 986318
508 986328
507 986341
508 986348
508 986358
508 986380
507 986380
507 986388
508 986398
509 986420
508 986420
507 986430
508 986438
507 986448
507 986458
508 986468
508 986490
508 986490
508 986498
510 986520
508 986521
506 986541
508 986541
508 986560
508 986561
508 986567
508 986588
510 986597
511 986607
508 986617
505 986641
508 986641
508 986661
508 986661
508 986668
508 986691
508 986691
508 986698
508 986708
507 986718
507 986728
509 986764
508 986768
508 986769
509 986771
508 986829
509 986830
509 986830
507 986831
506 986831
508 986832
507 986838
508 986860
508 986860
507 986868
509 986878
509 986888
508 986898
506 986908
508 986917
507 986928
508 986937
508 986960
507 986961
508 986967
508 986990
507 986990
508 986997
508 987034
507 987038
507 987038
508 987041
507 987061
509 987061
510 987071
508 987088
506 987389
508 987390
508 987391
508 987391
507 987392
508 987393
508 987393
508 987394
508 987395
507 987396
507 987396
507 987397
510 987398
507 987398
507 987399
506 987399
511 987400
508 987400
507 987401
507 987402
508 987402
508 987403
507 987403
507 987403
509 987404
508 987404
509 987405
507 987405
507 987406
509 987406
508 987409
508 987409
508 987418
508 987577
509 987578
511 987578
508 987579
507 987580
506 987580
508 987581
508 987582
509 987582
506 987583
508 987584
509 987584
510 987585
507 987585
507 987586
506 987586
510 987600
508 987600
507 988788
509 988789
509 988789
507 988790
506 988791
508 988791
509 988792
508 988792
507 988793
507 988793
508 988794
510 988794
510 988795
508 988795
509 988796
509 988796
506 988797
510 988797
507 988798
509 988798
510 988799
508 988799
507 988800
507 988800
508 988801
506 988801
509 988801
508 988802
508 988802
508 988803
507 988803
506 988804
506 988804
509 988806
507 988807
508 988808
508 988808
507 988809
508 988809
509 988810
508 988810
506 988811
508 988811
507 988812
509 988812
510 988813
507 988813
508 988814
506 988814
507 988814
507 988815
506 988815
508 988816
507 988816
508 988817
508 988817
509 988818
510 988818
508 988819
507 988819
508 988819
508 988820
508 988820
507 988821
508 988821
507 988821
509 988822
508 988822
508 988823
508 988823
508 988824
508 988824
509 988824
508 988825
507 988825
510 988826
508 988826
508 988826
508 988827
509 988827
508 988828
509 988828
508 988828
509 988829
509 988829
507 988830
506 988830
507 988831
506 988831
508 988831
507 988832
506 988832
509 988833
507 988833
506 988833
506 988834
508 988834
505 988835
510 988835
508 988835
510 988836
510 988836
510 988837
507 988837
508 988837
508 988838
507 988838
507 988839
506 988839
509 988840
509 988840
510 988840
511 988841
507 988841
505 988842
503 988842
509 988842
507 988845
505 988845
507 989012
512 989012
512 989013
510 989016
509 989016
508 989017
469 989017
507 989018
507 989018
509 989021
509 989022
510 989023
508 989023
507 989024
506 989024
509 989025
508 989025
510 989026
508 989026
509 989026
509 989029
508 989031
506 989038
508 989089
508 989124
508 989130
509 989130
507 989133
508 989133
508 989138
509 989138
507 989139
508 989141
508 989148
507 989158
509 989167
507 989178
506 989204
508 989205
509 989208
506 989387
507 989388
507 989388
506 989391
508 989392
507 989393
507 989394
508 989394
511 989395
508 989396
505 989396
508 989397
507 989398
508 989398
509 989399
509 989400
508 989402
511 989402
508 989403
508 989408
509 989781
507 989782
507 989782
508 989783
508 989784
508 989785
510 989785
508 989786
508 989787
508 989787
507 989788
508 989789
508 989789
509 989790
508 989790
506 989791
507 989792
508 989794
505 989795
508 989796
508 989797
508 989798
508 989799
509 989800
509 989800
510 989801
506 989801
507 989802
506 989803
507 989803
508 989804
510 989804
508 989805
510 989806
508 989806
507 989807
507 989809
506 989810
508 989820
509 989821
508 989985
506 989986
508 989986
510 989987
507 989988
506 989989
507 989989
507 989990
509 989991
509 989991
508 989992
507 990010
509 990010
507 990013
505 990013
506 990014
507 990015
508 990015
506 990019
507 990028
508 990051
509 990051
508 990081
507 990081
507 990091
508 990091
509 990098
508 990120
507 990120
508 990128
509 990150
508 990150
508 990158
507 990168
508 990178
508 990200
506 990200
508 990208
508 990218
509 990228
508 990238
507 990248
507 990258
508 990268
507 990277
508 990288
509 990297
509 990320
508 990320
509 990340
507 990340
508 990348
508 990357
507 990367
508 990377
509 990389
509 990414
509 990414
509 990417
507 990429
507 990451
508 990451
507 990471
508 990471
509 990478
508 990488
508 990498
510 990508
508 990530
506 990530
508 990538
508 990548
508 990780
507 990780
508 990781
508 990782
507 990783
508 990783
506 990784
507 990784
507 990785
508 990785
507 990786
508 990786
509 990787
509 990788
508 990788
507 990789
507 990789
508 990790
507 990791
507 990791
506 990792
508 990792
508 990793
508 990795
507 990797
507 990808
508 990818
507 990841
508 990841
508 990848
507 990858
508 990878
508 990890
508 990891
506 990898
506 990908
507 990918
508 990928
508 990938
508 990960
508 990960
508 990968
507 990978
506 990987
507 990997
509 991007
509 991019
508 991050
507 991050
507 991060
511 991060
507 991078
507 991100
508 991100
509 991107
509 991117
508 991127
507 991137
509 991148
509 991158
509 991181
507 991182
508 991188
508 991216
508 991216
508 991230
508 991230
509 991249
512 991274
507 991277
506 991277
507 991304
508 991306
509 991306
508 991320
509 991320
508 991328
510 991337
507 991347
506 991357
506 991367
508 991377
508 991404
507 991410
509 991410
509 991418
509 991427
508 991450
507 991450
507 991457
506 991467
507 991477
508 991500
508 991501
508 991533
508 991535
509 991537
507 991551
506 991551
510 991570
505 991570
507 991578
508 991616
509 991616
508 991617
509 991630
507 991630
506 991638
507 991673
507 991673
507 991678
507 991679
509 991700
508 991700
509 991708
508 991718
507 991727
508 991737
509 991747
510 991770
508 991770
508 991810
506 991810
510 991811
508 991817
506 991827
507 991837
507 991847
508 991857
507 991880
508 991880
507 991901
508 991901
510 991908
504 991918
508 991928
505 991938
507 991948
508 991958
509 991968
507 992012
507 992013
507 992014
507 992014
505 992017
508 992040
507 992041
508 992048
508 992058
508 992068
508 992077
505 992088
508 992100
504 992147
510 992147
505 992150
509 992150
508 992162
506 992162
507 992167
509 992177
507 992187
508 992197
507 992228
507 992242
507 992244
507 992248
507 992248
508 992263
509 992266
508 992293
507 992293
508 992323
508 992323
508 992326
507 992339
508 992389
509 992390
510 992390
508 992391
507 992392
507 992392
508 992423
509 992423
507 992428
508 992428
508 992438
509 992569
508 992570
507 992570
507 992571
509 992572
510 992572
508 992573
508 992573
508 992574
508 992575
509 992575
507 992576
507 992578
507 992600
508 992601
507 992985
509 992985
508 992986
508 992987
509 992987
508 992988
506 992989
508 992989
507 992990
509 992990
508 992991
507 992991
509 992992
510 992992
508 992993
507 992993
508 992994
507 992994
508 992995
507 992995
508 992996
509 992996
509 992997
508 992997
505 992998
507 992998
508 992999
508 992999
508 993000
508 993000
509 993001
510 993001
507 993002
507 993002
508 993002
508 993003
508 993003
507 993004
508 993006
511 993006
509 993007
509 993017
507 993380
507 993383
509 993384
510 993384
508 993385
508 993385
508 993386
508 993387
508 993387
507 993388
508 993389
508 993389
506 993390
508 993390
506 993391
508 993392
509 993393
509 993393
507 993394
507 993394
508 993395
508 993395
508 993396
508 993396
508 993397
509 993397
511 993398
508 993398
507 993399
507 993399
508 993400
508 993400
508 993402
508 993402
509 993403
511 993405
508 993405
507 993420
508 993420
507 993791
508 993791
508 993792
508 993793
508 993793
509 993794
508 993795
507 993795
508 993796
507 993796
508 993797
508 993798
507 993798
508 993799
508 993799
507 993800
507 993800
506 993801
508 993801
509 993802
509 993802
508 993803
508 993803
508 993804
509 993804
507 993804
508 993805
507 993805
507 993806
506 993806
507 993807
507 993807
508 993808
510 993808
506 993809
508 993809
508 993812
508 993812
508 993820
508 993820
507 994186
507 994187
509 994187
507 994188
506 994189
507 994189
508 994190
508 994190
508 994191
507 994192
509 994193
511 994193
507 994194
505 994195
507 994196
508 994196
509 994197
509 994198
509 994198
508 994199
510 994199
509 994200
507 994201
507 994201
507 994202
508 994202
509 994203
507 994203
508 994204
510 994204
509 994205
507 994205
507 994206
509 994207
508 994207
508 994210
507 994210
507 994211
508 994218
509 994582
507 994582
507 994583
508 994584
508 994585
509 994585
508 994586
507 994587
507 994587
509 994588
506 994589
507 994589
507 994590
507 994590
509 994591
508 994591
508 994593
506 994594
510 994595
507 994595
506 994596
507 994597
507 994597
509 994598
506 994598
508 994599
508 994599
510 994600
508 994600
506 994601
508 994601
508 994602
507 994602
508 994603
508 994603
508 994606
510 994606
508 994607
509 994609
508 994630
508 994630
508 994638
508 994648
509 994670
508 994671
510 994690
505 994691
508 994699
508 994720
509 994721
508 994728
508 994738
508 994757
509 994768
509 994777
508 994787
507 994810
507 994810
508 994829
508 994829
507 994837
509 994860
508 994860
509 994880
508 994880
506 994900
506 994900
506 994908
507 994969
508 994970
509 994970
508 994971
508 994971
510 994971
507 994978
506 995000
506 995000
508 995008
507 995037
508 995038
508 995038
508 995048
509 995078
509 995079
505 995080
507 995088
507 995105
508 995107
508 995118
508 995128
508 995140
511 995147
508 995185
507 995186
507 995186
507 995189
510 995197
508 995581
508 995582
509 995582
511 995583
508 995583
507 995584
509 995585
507 995585
508 995586
508 995586
508 995587
507 995587
509 995590
508 995591
510 995591
508 995592
510 995592
509 995593
508 995594
509 995594
507 995595
507 995595
509 995596
507 995597
507 995597
508 995598
508 995598
506 995599
508 995600
508 995600
508 995601
509 995601
507 995602
507 995602
507 995603
507 995603
507 995606
508 995606
509 995607
508 995607
510 995617
508 995988
506 995989
508 995989
508 995990
508 995991
508 995991
509 995992
508 995993
510 995993
508 995997
506 995998
508 995998
508 995999
507 996000
508 996000
508 996001
508 996001
509 996002
508 996003
507 996003
508 996004
509 996005
508 996005
508 996006
508 996006
508 996007
509 996008
509 996008
507 996009
507 996009
507 996010
507 996011
507 996011
507 996012
507 996012
509 996013
509 996016
508 996016
506 996017
507 996039
507 996382
508 996382
509 996383
508 996384
508 996384
510 996385
507 996385
507 996385
507 996386
508 996386
508 996387
509 996387
508 996388
509 996389
509 996390
507 996390
507 996392
504 996393
508 996394
508 996395
508 996396
507 996397
507 996397
511 996398
508 996398
508 996398
509 996399
508 996399
508 996400
508 996400
507 996401
508 996401
510 996402
508 996402
506 996404
507 996404
509 996405
508 996407
508 996428
508 996440
509 996440
509 996448
509 996458
507 996468
507 996477
507 996488
509 996500
507 996508
509 996518
508 996540
509 996541
508 996573
507 996576
507 996578
508 996578
507 996587
507 996597
508 996607
508 996618
509 996632
509 996637
509 996647
508 996683
507 996687
508 996687
508 996690
508 996697
508 996708
509 996717
510 996734
507 996750
506 996750
507 996757
507 996767
508 996777
508 996788
508 996798
508 996808
511 996818
507 996828
506 996850
507 996851
509 996858
508 996868
508 996878
507 996888
505 996910
509 996910
508 996918
506 996928
507 996950
507 996950
507 996958
508 996967
508 996987
508 996997
508 997033
508 997037
507 997037
507 997040
510 997047
508 997174
508 997251
508 997252
509 997255
509 997255
509 997256
507 997256
508 997257
508 997257
507 997258
508 997258
508 997259
508 997259
508 997260
505 997260
509 997261
507 997261
508 997262
506 997263
508 997263
508 997266
508 997266
508 997278
510 997300
507 997301
506 997320
507 997320
508 997327
507 997337
508 997348
507 997358
509 997367
509 997377
509 997400
506 997400
509 997407
508 997417
508 997427
506 997437
508 997447
509 997470
510 997470
507 997501
507 997501
507 997542
508 997542
509 997559
508 997569
508 997591
508 997591
510 997630
509 997631
507 997632
508 997633
506 997664
508 997668
508 997668
508 997671
509 997671
509 997672
509 997675
508 997692
509 997694
506 997699
511 997700
506 997717
511 997748
506 997762
509 997764
509 997768
507 997769
507 997790
507 997790
507 997802
507 997820
508 997820
507 997827
509 997837
510 997860
508 997860
507 997867
508 997890
508 997891
507 997897
508 997907
508 997919
509 997928
510 997978
507 997978
506 997981
506 997981
507 997987
508 998000
508 998000
509 998008
508 998028
511 998040
508 998040
507 998060
507 998060
508 998080
510 998081
511 998087
509 998118
508 998119
509 998120
509 998127
507 998137
506 998147
509 998157
508 998167
505 998190
506 998190
507 998197
505 998207
509 998217
508 998227
507 998237
509 998260
509 998260
507 998267
509 998279
506 998287
508 998316
509 998320
507 998320
506 998328
505 998338
507 998348
509 998358
507 998368
507 998378
509 998400
509 998400
510 998408
502 998418
510 998427
504 998450
507 998450
508 998458
507 998467
508 998477
510 998497
509 998507
505 998517
508 998543
507 998543
509 998546
509 998673
508 998674
507 998674
509 998677
508 998677
507 998708
506 998709
507 998710
507 998721
509 998722
506 998722
508 998723
509 998726
509 998726
508 998727
507 998727
509 998728
506 998739
510 998752
506 998753
508 998781
509 998781
509 998808
523 998809
510 998809
507 998812
508 998817
506 998887
510 998888
509 998888
508 998889
506 998890
508 998903
505 999094
506 999095
511 999095
506 999096
508 999096
506 999097
508 999098
509 999098
508 999099
508 999099
507 999100
507 999101
507 999101
508 999102
507 999102
507 999103
510 999103
509 999104
506 999104
507 999105
507 999107
508 999107
510 999108
504 999118
510 1000274
510 1000275
508 1000275
505 1000276
507 1000276
509 1000277
507 1000278
507 1000278
509 1000279
509 1000279
509 1000280
509 1000280
507 1000281
507 1000281
509 1000282
507 1000282
507 1000283
508 1000283
508 1000284
509 1000285
509 1000285
506 1000286
508 1000286
508 1000287
507 1000288
509 1000288
507 1000289
508 1000289
508 1000290
509 1000291
507 1000291
507 1000292
508 1000293
506 1000293
508 1000294
508 1000295
506 1000296
509 1000296
509 1000297
508 1000297
508 1000298
508 1000299
506 1000300
507 1000300
508 1000301
509 1000302
506 1000302
509 1000303
507 1000306
507 1000307
507 1000307
507 1000308
508 1000308
507 1000309
509 1000310
508 1000311
509 1000311
507 1000312
506 1000313
507 1000313
507 1000314
507 1000315
506 1000315
507 1000316
508 1000316
510 1000317
507 1000318
506 1000319
507 1000319
508 1000320
507 1000321
508 1000321
508 1000322
508 1000322
509 1000323
508 1000323
507 1000324
507 1000324
509 1000325
508 1000325
506 1000326
511 1000326
507 1000327
508 1000328
509 1000328
508 1000329
506 1000329
506 1000330
508 1000480
510 1000480
508 1000481
509 1000481
508 1000482
509 1000482
506 1000483
507 1000483
507 1000484
508 1000484
508 1000485
509 1000485
507 1000486
509 1000486
510 1000487
507 1000488
507 1000488
508 1000489
508 1000490
509 1000510
509 1000511
507 1000512
509 1000513
511 1000513
508 1000514
507 1000516
508 1000516
509 1000517
509 1000517
509 1000518
508 1000518
509 1000519
510 1000520
508 1000520
507 1000521
506 1000521
507 1000522
510 1000523
507 1000523
507 1000524
509 1000524
509 1000525
506 1000526
508 1000526
507 1000527
508 1000527
508 1000528
507 1000528
508 1000529
508 1000529
508 1000532
509 1000537
507 1000548
508 1000558
506 1000568
506 1000578
509 1000600
505 1000600
508 1000608
508 1000630
507 1000630
508 1000638
506 1000660
508 1000660
506 1000668
508 1000678
508 1000748
509 1000788
508 1000798
509 1000856
508 1000857
506 1000859
508 1000859
507 1000860
507 1000860
508 1000863
508 1000863
509 1000868
511 1000868
508 1000869
506 1000872
508 1000872
507 1000873
507 1000884
509 1000885
508 1000887
509 1000897
505 1001087
506 1001088
508 1001088
506 1001089
509 1001090
508 1001091
508 1001091
510 1001092
509 1001093
507 1001093
511 1001094
506 1001094
507 1001095
506 1001095
507 1001096
508 1001096
505 1001097
508 1001097
508 1001129
511 1001129
508 1001132
502 1001132
507 1001133
510 1001136
504 1001147
505 1001157
508 1001167
508 1001187
507 1001223
506 1001227
508 1001227
504 1001230
506 1001237
507 1001293
508 1001294
509 1001301
508 1001301
508 1001302
507 1001304
506 1001308
507 1001316
508 1001328
506 1001338
507 1001348
508 1001358
511 1001368
509 1001474
508 1001474
507 1001475
507 1001476
508 1001526
508 1001527
506 1001528
508 1001528
509 1001529
510 1001530
508 1001532
508 1001532
507 1001533
511 1001533
508 1001534
510 1001534
510 1001536
510 1001547
510 1001557
508 1001567
506 1001590
503 1001590
506 1001636
511 1001636
507 1001639
514 1001639
508 1001788
510 1001829
510 1001830
505 1001830
506 1001831
508 1001831
506 1001834
507 1001861
510 1001861
511 1001896
509 1001897
510 1001897
508 1001898
506 1001899
509 1001899
507 1001900
508 1001900
509 1001903
509 1001905
507 1001907
511 1001907
505 1001908
507 1001911
505 1001911
509 1001912
508 1001915
507 1001917
507 1001917
508 1001940
512 1001941
505 1001947
508 1002290
508 1002291
507 1002291
507 1002292
507 1002292
508 1002293
507 1002293
510 1002294
507 1002295
507 1002295
507 1002296
507 1002296
509 1002297
507 1002297
508 1002298
507 1002298
508 1002299
508 1002299
507 1002300
505 1002301
508 1002301
505 1002302
509 1002302
508 1002303
508 1002304
508 1002306
507 1002307
507 1002307
509 1002308
508 1002308
507 1002309
509 1002309
510 1002310
507 1002312
510 1002312
509 1002313
507 1002329
507 1002329
509 1002675
507 1002676
509 1002677
509 1002678
508 1002678
510 1002679
508 1002679
509 1002680
507 1002680
507 1002681
508 1002681
508 1002682
508 1002682
507 1002683
506 1002683
507 1002684
508 1002684
507 1002685
508 1002685
508 1002686
507 1002687
507 1002687
507 1002688
508 1002688
509 1002689
507 1002689
506 1002690
506 1002690
508 1002691
509 1002691
507 1002692
508 1002693
507 1002693
510 1002694
507 1002710
507 1002713
508 1002713
507 1002718
507 1002718
508 1002768
508 1002768
508 1002769
508 1002770
510 1002773
507 1002846
508 1002918
509 1002918
509 1002919
508 1002920
510 1002920
507 1002921
506 1003077
509 1003078
511 1003078
508 1003079
507 1003079
508 1003080
510 1003080
508 1003081
506 1003081
508 1003082
510 1003082
509 1003083
507 1003084
507 1003086
507 1003086
508 1003087
509 1003088
508 1003088
510 1003089
509 1003090
507 1003090
505 1003091
507 1003092
507 1003092
507 1003097
508 1003128
508 1003129
508 1003129
510 1003137
509 1003147
506 1003170
508 1003170
508 1003177
507 1003189
507 1003198
505 1003208
509 1003218
510 1003228
509 1003238
507 1003248
508 1003258
508 1003268
507 1003277
509 1003287
509 1003297
509 1003307
508 1003334
508 1003334
508 1003337
506 1003351
509 1003357
507 1003367
507 1003377
507 1003387
508 1003409
509 1003409
506 1003417
507 1003427
507 1003437
506 1003447
508 1003457
507 1003467
508 1003479
507 1003488
509 1003510
510 1003511
507 1003517
507 1003539
506 1003539
505 1003547
507 1003558
508 1003568
508 1003622
507 1003623
509 1003624
507 1003625
508 1003625
507 1003628
507 1003637
509 1003669
509 1003670
506 1003670
508 1003688
511 1003697
509 1003707
508 1003717
509 1003727
507 1003737
510 1003747
510 1003764
508 1003767
507 1003777
510 1003897
510 1003898
509 1003898
510 1003899
506 1003900
509 1003901
508 1003901
508 1003902
508 1003903
508 1003903
508 1003904
508 1003905
507 1003908
506 1004028
508 1004291
506 1004292
507 1004292
507 1004293
509 1004294
508 1004294
507 1004295
507 1004295
508 1004296
510 1004296
507 1004297
505 1004297
506 1004298
507 1004298
505 1004299
507 1004299
506 1004300
509 1004300
509 1004301
508 1004301
505 1004302
506 1004302
509 1004302
508 1004303
510 1004304
508 1004304
509 1004304
510 1004305
508 1004305
506 1004306
507 1004306
508 1004307
508 1004310
508 1004319
508 1004496
508 1004497
509 1004503
508 1004530
509 1004531
509 1004531
509 1004532
507 1004533
509 1004533
512 1004534
509 1004535
510 1004535
510 1004536
509 1004536
510 1004537
508 1004538
505 1004538
507 1004539
507 1004541
509 1004541
509 1004542
509 1004550
509 1004550
506 1004555
508 1004567
509 1004577
508 1004587
507 1004610
506 1004611
508 1004617
508 1004627
508 1004648
507 1004659
509 1004660
509 1004667
507 1004679
508 1004688
508 1004698
510 1004716
510 1004718
509 1004728
509 1004738
508 1004748
514 1004757
507 1004780
509 1004780
507 1004787
506 1004809
510 1004820
508 1004820
506 1004827
506 1004848
506 1004864
507 1004865
508 1004867
507 1004888
509 1005098
506 1005101
507 1005102
507 1005102
508 1005107
509 1005108
508 1005108
508 1005110
509 1005110
509 1005111
509 1005112
508 1005112
508 1005113
507 1005114
508 1005114
508 1005115
509 1005116
509 1005116
509 1005117
509 1005118
508 1005118
506 1005119
507 1005122
507 1005130
507 1005130
508 1005278
509 1005301
507 1005302
508 1005302
510 1005303
507 1005303
507 1005303
508 1005304
508 1005304
507 1005305
508 1005305
507 1005306
509 1005308
508 1005308
507 1005308
505 1005309
507 1005347
508 1005347
508 1005348
508 1005364
507 1005367
509 1005367
509 1005368
508 1005377
506 1005494
507 1005494
508 1005495
507 1005496
507 1005496
507 1005497
508 1005497
510 1005498
508 1005499
507 1005499
507 1005502
508 1005502
509 1005507
509 1005880
508 1005880
508 1005881
509 1005882
508 1005882
508 1005883
506 1005883
508 1005884
508 1005884
507 1005885
508 1005885
507 1005886
509 1005886
508 1005887
507 1005887
507 1005888
507 1005888
507 1005889
507 1005889
508 1005890
507 1005890
507 1005891
507 1005891
506 1005892
507 1005892
508 1005893
507 1005893
509 1005894
509 1005894
509 1005895
508 1005896
509 1005896
507 1005897
507 1005897
508 1005898
507 1005898
509 1005901
509 1005901
508 1005908
508 1006279
511 1006279
507 1006280
507 1006281
509 1006282
507 1006282
508 1006283
507 1006283
507 1006284
506 1006285
510 1006285
508 1006286
507 1006287
507 1006290
507 1006291
508 1006291
507 1006292
507 1006293
508 1006293
507 1006294
509 1006294
506 1006295
507 1006295
508 1006295
508 1006296
508 1006296
508 1006297
508 1006297
509 1006298
509 1006298
507 1006299
506 1006299
509 1006300
507 1006300
524 1006301
507 1006301
552 1006302
503 1006304
508 1006304
508 1006330
507 1006330
511 1006492
508 1006492
506 1006493
509 1006494
508 1006494
507 1006495
506 1006496
508 1006496
506 1006497
507 1006498
507 1006498
508 1006499
509 1006499
508 1006500
508 1006500
509 1006501
508 1006538
507 1006538
508 1006541
508 1006541
508 1006542
508 1006699
506 1006700
508 1006700
510 1006701
508 1006702
505 1006703
508 1006703
508 1006704
508 1006704
507 1006705
507 1006705
508 1006706
509 1006706
508 1006709
506 1006709
506 1006712
509 1006712
509 1006717
508 1007091
509 1007092
508 1007092
509 1007093
508 1007093
507 1007094
507 1007094
508 1007095
508 1007096
508 1007096
508 1007097
509 1007097
508 1007098
509 1007098
508 1007099
507 1007099
508 1007100
507 1007100
508 1007101
507 1007101
507 1007102
507 1007102
508 1007103
507 1007103
507 1007103
507 1007104
508 1007104
508 1007105
507 1007105
508 1007106
508 1007106
510 1007107
508 1007107
506 1007108
506 1007109
508 1007109
506 1007110
507 1007112
508 1007112
508 1007117
510 1007501
508 1007501
508 1007502
507 1007503
509 1007503
508 1007506
508 1007507
507 1007507
509 1007508
509 1007508
508 1007509
508 1007509
508 1007510
509 1007510
508 1007511
508 1007511
509 1007512
509 1007512
508 1007513
509 1007513
508 1007513
508 1007514
508 1007515
509 1007515
507 1007516
508 1007516
508 1007517
508 1007517
508 1007518
507 1007518
507 1007519
508 1007519
506 1007520
508 1007520
507 1007521
509 1007521
508 1007521
509 1007532
508 1007532
506 1007535
506 1007903
507 1007904
508 1007904
508 1007905
508 1007905
507 1007906
508 1007906
508 1007907
506 1007907
507 1007908
507 1007908
509 1007909
508 1007909
508 1007910
507 1007912
508 1007913
507 1007914
507 1007914
509 1007915
506 1007915
509 1007916
507 1007916
509 1007917
508 1007917
510 1007918
508 1007918
507 1007918
506 1007919
505 1007919
505 1007920
508 1007920
508 1007920
510 1007921
509 1007922
510 1007922
505 1007923
510 1007925
506 1007927
507 1007927
507 1007930
508 1008097
509 1008098
509 1008098
509 1008099
507 1008100
507 1008100
508 1008101
509 1008102
507 1008102
507 1008103
509 1008104
509 1008104
509 1008105
507 1008106
507 1008106
507 1008107
507 1008109
507 1008130
508 1008130
508 1008302
508 1008303
508 1008303
507 1008304
506 1008305
507 1008305
506 1008306
508 1008307
508 1008307
508 1008308
508 1008308
510 1008309
507 1008310
507 1008310
507 1008310
508 1008311
507 1008313
507 1008313
509 1008369
509 1008369
509 1008493
507 1008494
507 1008494
507 1008495
508 1008495
508 1008496
508 1008497
508 1008497
508 1008498
509 1008498
508 1008499
539 1008499
511 1008500
507 1008500
505 1008501
505 1008503
507 1008503
509 1008533
507 1008535
509 1008535
507 1008563
501 1008565
509 1008565
505 1008903
507 1008904
509 1008904
508 1008905
509 1008906
509 1008906
507 1008907
508 1008907
508 1008908
507 1008909
508 1008909
509 1008910
507 1008910
508 1008911
510 1008911
508 1008912
507 1008912
508 1008913
508 1008914
507 1008914
508 1008915
505 1008915
507 1008916
510 1008917
507 1008917
509 1008918
509 1008920
507 1008921
509 1008922
507 1008922
508 1008923
509 1008924
509 1008925
508 1008927
507 1008927
507 1008940
508 1008940
507 1009480
508 1009480
508 1009481
510 1009481
504 1009482
507 1009482
507 1009483
509 1009483
507 1009484
506 1009485
507 1009485
508 1009486
508 1009486
508 1009487
509 1009487
507 1009487
506 1009488
507 1009488
507 1009489
508 1009489
509 1009490
507 1009490
508 1009491
509 1009491
507 1009492
507 1009492
507 1009492
508 1009493
507 1009493
508 1009494
508 1009494
508 1009495
508 1009495
508 1009496
507 1009496
507 1009496
508 1009497
506 1009497
508 1009498
507 1009498
508 1009499
510 1009499
508 1009500
506 1009500
508 1009500
508 1009501
508 1009501
508 1009502
508 1009502
508 1009503
510 1009503
508 1009505
507 1009507
507 1009507
507 1009510
510 1009526
507 1009529
509 1009529
507 1009537
510 1009901
509 1009901
507 1009902
508 1009903
509 1009903
508 1009904
508 1009904
508 1009905
507 1009905
508 1009906
509 1009906
507 1009907
507 1009907
508 1009908
507 1009908
509 1009909
508 1009909
507 1009910
508 1009910
508 1009910
508 1009911
507 1009911
508 1009912
507 1009912
508 1009913
508 1009913
506 1009913
508 1009914
510 1009914
507 1009915
506 1009915
506 1009916
507 1009916
507 1009916
509 1009917
508 1009917
509 1009920
509 1009920
508 1009927
505 1010081
507 1010082
509 1010082
507 1010083
507 1010084
508 1010084
509 1010085
510 1010085
509 1010086
509 1010087
507 1010087
508 1010087
506 1010088
507 1010088
509 1010089
509 1010091
508 1010097
508 1010296
508 1010297
508 1010297
509 1010298
508 1010299
508 1010300
508 1010300
507 1010301
509 1010302
507 1010302
508 1010303
507 1010304
509 1010304
508 1010305
508 1010305
507 1010306
508 1010307
508 1010307
508 1010308
506 1010308
505 1010311
506 1010317
507 1010682
509 1010683
508 1010683
508 1010684
509 1010684
507 1010685
508 1010685
509 1010686
507 1010686
508 1010687
508 1010687
507 1010687
507 1010688
506 1010688
508 1010689
508 1010689
507 1010690
508 1010690
508 1010691
510 1010691
507 1010692
508 1010692
508 1010693
508 1010693
507 1010694
508 1010694
509 1010695
508 1010695
510 1010696
509 1010698
508 1010710
507 1010710
508 1011101
509 1011101
508 1011102
508 1011102
509 1011103
508 1011103
509 1011104
509 1011104
508 1011105
508 1011105
508 1011106
507 1011106
507 1011107
510 1011107
509 1011108
508 1011108
507 1011109
508 1011109
508 1011110
507 1011127
507 1011129
503 1011130
511 1011132
509 1011132
509 1011133
508 1011133
507 1011134
506 1011134
506 1011135
508 1011135
507 1011136
511 1011137
509 1011138
511 1011138
505 1011139
506 1011139
509 1011140
506 1011141
505 1011141
509 1011144
505 1011145
511 1011145
508 1011146
509 1011146
508 1011149
507 1011170
507 1011170
509 1011177
508 1011187
509 1011238
508 1011238
510 1011241
508 1011241
507 1011242
506 1011296
510 1011296
506 1011306
509 1011306
508 1011309
507 1011309
509 1012227
508 1012228
508 1012228
506 1012229
507 1012229
505 1012229
509 1012230
509 1012230
509 1012231
507 1012231
507 1012232
507 1012232
507 1012232
509 1012233
506 1012233
509 1012234
508 1012234
508 1012234
508 1012235
509 1012235
507 1012236
505 1012236
507 1012237
508 1012237
507 1012238
508 1012238
509 1012238
508 1012239
509 1012239
508 1012240
506 1012241
507 1012241
511 1012241
508 1012242
510 1012242
509 1012243
507 1012244
510 1012244
507 1012245
508 1012245
506 1012246
507 1012247
507 1012247
506 1012248
505 1012248
509 1012249
510 1012249
508 1012250
508 1012250
513 1012251
502 1012251
510 1012251
509 1012252
507 1012252
510 1012253
508 1012253
508 1012254
508 1012255
507 1012255
507 1012256
511 1012256
507 1012256
508 1012257
508 1012257
508 1012258
509 1012258
509 1012259
505 1012259
509 1012259
507 1012260
507 1012260
508 1012261
508 1012261
508 1012261
509 1012262
507 1012262
508 1012263
508 1012263
508 1012264
507 1012264
508 1012264
508 1012265
507 1012265
509 1012266
507 1012266
507 1012267
508 1012267
509 1012269
508 1012269
508 1012270
508 1012270
509 1012271
510 1012271
513 1012271
505 1012272
507 1012306
508 1012306
507 1012309
507 1012309
507 1012320
509 1012320
508 1012327
507 1012338
506 1012360
508 1012363
508 1012367
507 1012418
508 1012462
507 1012462
507 1012465
509 1012465
508 1012468
507 1012469
506 1012495
509 1012495
507 1012498
507 1012737
508 1012738
508 1012738
508 1012739
509 1012739
507 1012740
507 1012740
509 1012741
507 1012742
508 1012743
508 1012743
508 1012744
510 1012744
508 1012744
508 1012745
502 1012745
506 1012746
505 1012746
506 1012747
509 1012747
508 1012747
508 1012748
510 1012748
508 1012749
507 1012749
509 1012750
507 1012752
507 1012757
509 1012791
509 1012792
508 1012793
509 1012836
508 1012837
508 1012837
505 1012840
507 1012840
511 1012847
508 1012857
510 1012868
512 1012877
509 1012887
509 1012897
506 1012908
507 1013183
509 1013183
508 1013184
508 1013184
504 1013185
509 1013185
509 1013186
511 1013186
508 1013187
507 1013187
508 1013188
505 1013188
509 1013189
508 1013189
509 1013190
509 1013190
509 1013191
508 1013191
507 1013192
509 1013192
508 1013193
509 1013193
509 1013194
509 1013194
509 1013195
510 1013195
507 1013196
508 1013198
508 1013198
507 1013205
508 1013218
507 1013228
507 1013237
508 1013247
507 1013257
507 1013267
508 1013424
508 1013424
508 1013425
506 1013425
507 1013426
508 1013426
507 1013427
509 1013427
508 1013427
507 1013428
506 1013428
511 1013429
508 1013429
510 1013431
507 1013431
509 1013447
509 1013450
507 1013457
505 1013518
509 1013520
509 1013520
508 1013523
509 1013523
508 1013556
509 1013556
509 1013559
508 1013559
507 1013583
507 1013586
510 1013587
508 1013840
510 1013841
510 1013841
509 1013842
511 1013842
509 1013843
506 1013843
507 1013844
509 1013844
507 1013845
508 1013845
508 1013845
507 1013846
508 1013846
508 1013847
506 1013847
506 1013848
511 1013848
507 1013849
506 1013849
509 1013849
506 1013850
506 1013850
508 1013851
507 1013851
