508 2420568
507 2420574
507 2420575
508 2420575
506 2420576
509 2420576
505 2420577
505 2420577
508 2420578
509 2420578
510 2420579
507 2420579
503 2420580
507 2420580
507 2420580
505 2420581
504 2420581
505 2420582
507 2420582
509 2420583
508 2420583
507 2420583
508 2420584
508 2420584
507 2420585
508 2420594
508 2420595
506 2420595
508 2420595
509 2420596
507 2420596
507 2420597
509 2420597
509 2420598
507 2420598
511 2420599
505 2420599
508 2420599
509 2420600
508 2420600
509 2420601
507 2420601
504 2420602
509 2420602
499 2420602
520 2420603
513 2420603
517 2420604
509 2420604
506 2420605
504 2420605
509 2420606
506 2420607
508 2420607
507 2420608
504 2420608
507 2420609
508 2420610
507 2420610
507 2420611
508 2420612
509 2420612
505 2420613
506 2420613
506 2420616
508 2420616
507 2420632
505 2420636
509 2420646
507 2420675
508 2420676
510 2420689
504 2420725
508 2420735
510 2420745
510 2420755
516 2420764
508 2420775
511 2420784
503 2420795
504 2420804
523 2420815
514 2420824
501 2420848
506 2420849
514 2420854
511 2420878
511 2420879
508 2420884
514 2420908
510 2420909
506 2420924
510 2420938
498 2420938
504 2420956
509 2420958
507 2420991
510 2420992
510 2420994
508 2421008
505 2421009
513 2421015
504 2421024
509 2421035
507 2421045
512 2421055
508 2421064
504 2421075
501 2421084
504 2421095
505 2421104
508 2421115
512 2421124
509 2421135
506 2421144
507 2421155
511 2421164
507 2421175
501 2421184
515 2421195
503 2421204
506 2421229
507 2421230
508 2421234
505 2421245
513 2421254
510 2421266
507 2421274
508 2421286
508 2421294
510 2421305
509 2421314
511 2421325
510 2421334
504 2421345
508 2421354
509 2421378
504 2421378
512 2421384
502 2421395
508 2421404
509 2421416
509 2421424
505 2421435
506 2421444
507 2421455
508 2421464
504 2421476
508 2421484
510 2421495
507 2421504
508 2421515
505 2421524
512 2421556
510 2421584
509 2421586
508 2421587
507 2421589
508 2421596
507 2421599
509 2421606
512 2421628
508 2421628
510 2421634
503 2421645
507 2421654
505 2421665
506 2421674
509 2421685
505 2421694
505 2421705
516 2421714
508 2421736
499 2421770
510 2421772
510 2421774
513 2421786
510 2421789
510 2421796
508 2421805
507 2421814
505 2421825
504 2421846
504 2421849
507 2421855
508 2421865
504 2421901
508 2421903
508 2421905
513 2421930
510 2421932
506 2421934
499 2421946
508 2421949
509 2421956
507 2421978
503 2421979
506 2421997
505 2422000
509 2422006
512 2422015
503 2422024
509 2422035
511 2422044
506 2422055
509 2422064
505 2422075
511 2422084
505 2422121
511 2422124
504 2422124
506 2422135
507 2422156
504 2422159
505 2422193
508 2422193
514 2422196
507 2422196
508 2422222
508 2422223
506 2422225
506 2422238
507 2422238
507 2422272
505 2422274
506 2422276
505 2422276
507 2422326
504 2422366
508 2422366
508 2422369
509 2422369
510 2422370
508 2422372
506 2422372
508 2422375
510 2422386
506 2422389
507 2422407
511 2422407
507 2422427
507 2422428
508 2422433
510 2422445
509 2422453
510 2422466
508 2422484
505 2422496
511 2422504
508 2422516
508 2422524
508 2422536
505 2422544
509 2422556
507 2422564
511 2422576
507 2422584
505 2422595
503 2422604
506 2422616
505 2422624
510 2422648
508 2422649
511 2422653
508 2422665
506 2422673
505 2422685
506 2422693
507 2422705
507 2422713
508 2422725
509 2422733
511 2422745
508 2422753
506 2422765
508 2422773
506 2422797
507 2422797
509 2422803
507 2422828
508 2422829
507 2422834
509 2422848
508 2422854
507 2422878
506 2422878
505 2422884
509 2422896
506 2422904
508 2422928
511 2422928
506 2422946
504 2422949
508 2422956
509 2422966
506 2422974
507 2422985
508 2422994
508 2423005
510 2423014
508 2423025
508 2423034
507 2423057
508 2423057
507 2423063
508 2423088
508 2423088
507 2423093
510 2423105
510 2423144
508 2423146
508 2423146
506 2423149
508 2423166
508 2423168
508 2423175
507 2423186
510 2423194
511 2423229
509 2423229
508 2423246
507 2423249
506 2423256
510 2423266
516 2423274
505 2423311
506 2423311
509 2423315
508 2423328
499 2423328
493 2423346
511 2423348
506 2423356
503 2423378
492 2423378
498 2423383
509 2423408
508 2423408
504 2423437
502 2423440
509 2423466
506 2423484
505 2423484
504 2423487
507 2423487
511 2423498
509 2423498
507 2423503
506 2423528
510 2423528
507 2423546
506 2423548
509 2423555
508 2423565
510 2423574
507 2423586
507 2423594
506 2423606
508 2423614
507 2423626
508 2423634
508 2423646
507 2423655
508 2423666
513 2423674
511 2423686
511 2423694
506 2423705
506 2423714
508 2423725
509 2423734
502 2423745
507 2423754
508 2423765
507 2423773
507 2423785
508 2423807
507 2423809
508 2423816
509 2423825
508 2423834
509 2423845
510 2423854
507 2423865
508 2423874
508 2423885
507 2423906
508 2423908
508 2423915
507 2423925
508 2423933
511 2423958
501 2423958
482 2423986
499 2423988
502 2423996
507 2424005
510 2424013
508 2424026
507 2424034
510 2424045
508 2424054
515 2424065
508 2424074
504 2424085
513 2424094
492 2424105
483 2424114
479 2424125
551 2424137
520 2424157
551 2424158
512 2424164
506 2424188
498 2424188
502 2424194
501 2424205
521 2424214
519 2424225
498 2424240
520 2424258
517 2424259
519 2424264
511 2424288
512 2424288
498 2424319
504 2424322
512 2424325
508 2424337
501 2424346
510 2424349
501 2424367
507 2424377
510 2424378
505 2424454
506 2424456
497 2424456
485 2424458
510 2424487
488 2424489
523 2424490
538 2424492
482 2424495
489 2424544
508 2424544
507 2424546
493 2424547
508 2424547
516 2424549
496 2424550
497 2424558
509 2424558
499 2424565
497 2424574
503 2424585
508 2424595
506 2424605
505 2424615
511 2424624
506 2424635
508 2424643
516 2424655
505 2424674
518 2424687
522 2424688
516 2424704
499 2424715
502 2424724
517 2424735
513 2424744
502 2424755
510 2424764
509 2424775
508 2424784
500 2424795
509 2424804
518 2424815
502 2424823
508 2424835
514 2424844
498 2424855
516 2424864
512 2424875
506 2424884
513 2424895
508 2424904
511 2424915
504 2424924
509 2424935
512 2424944
506 2424955
507 2424964
508 2424975
512 2424984
501 2424995
491 2425004
484 2425015
516 2425024
527 2425036
504 2425043
513 2425055
512 2425076
505 2425078
510 2425086
510 2425095
509 2425104
504 2425115
496 2425124
504 2425135
505 2425144
515 2425155
505 2425164
501 2425175
507 2425184
514 2425195
503 2425204
501 2425215
490 2425242
511 2425243
512 2425246
505 2425256
508 2425278
509 2425278
511 2425284
508 2425295
506 2425304
508 2425316
510 2425324
505 2425335
505 2425344
507 2425355
503 2425364
513 2425375
507 2425384
503 2425395
509 2425403
514 2425425
507 2425436
514 2425439
516 2425446
509 2425465
503 2425473
509 2425485
505 2425493
503 2425505
507 2425513
498 2425525
503 2425533
495 2425545
509 2425553
501 2425565
508 2425573
504 2425597
511 2425597
505 2425603
506 2425615
510 2425623
505 2425654
508 2425654
508 2425657
511 2425666
509 2425674
509 2425698
506 2425698
507 2425704
510 2425716
509 2425727
503 2425736
510 2425744
512 2425755
511 2425776
511 2425779
505 2425786
514 2425807
509 2425808
506 2425838
509 2425841
506 2425843
508 2425856
507 2425858
507 2425866
506 2425888
508 2425888
508 2425893
508 2425917
507 2425917
507 2425936
507 2425940
507 2425971
508 2425974
507 2425976
507 2425977
507 2425996
509 2425998
508 2426018
507 2426019
509 2426051
509 2426053
507 2426055
508 2426068
508 2426069
510 2426075
508 2426096
507 2426099
507 2426106
509 2426128
508 2426129
507 2426143
508 2426179
509 2426179
510 2426186
511 2426188
507 2426208
506 2426209
507 2426228
507 2426228
508 2426233
508 2426258
509 2426259
508 2426315
510 2426318
509 2426318
507 2426321
506 2426321
508 2426339
509 2426343
510 2426343
508 2426356
509 2426358
509 2426365
509 2426388
506 2426388
509 2426406
509 2426409
508 2426416
505 2426438
505 2426438
508 2426444
508 2426468
510 2426468
507 2426486
507 2426489
508 2426496
507 2426518
509 2426519
509 2426580
506 2426582
509 2426584
509 2426596
507 2426599
506 2426611
507 2426612
507 2426614
509 2426633
507 2426634
507 2426652
507 2426653
509 2426657
508 2426715
506 2426717
506 2426717
507 2426742
508 2426744
507 2426783
504 2426791
509 2426792
511 2426793
506 2426796
506 2426798
511 2426798
504 2426800
509 2426802
508 2426808
504 2426808
505 2426839
507 2426842
506 2426844
504 2426869
511 2426871
506 2426873
502 2426924
507 2426926
515 2426926
495 2426928
507 2426935
499 2426947
509 2426948
500 2426966
520 2426968
513 2427001
510 2427002
507 2427004
509 2427017
508 2427018
510 2427050
510 2427052
506 2427054
506 2427081
513 2427083
506 2427083
507 2427098
508 2427099
508 2427105
508 2427126
503 2427128
510 2427161
506 2427163
513 2427164
508 2427191
507 2427192
512 2427195
510 2427207
505 2427208
503 2427240
506 2427242
505 2427244
505 2427257
505 2427258
505 2427265
504 2427307
508 2427310
512 2427322
505 2427322
503 2427324
509 2427354
508 2427355
509 2427355
508 2427365
508 2427399
509 2427402
508 2427404
506 2427456
507 2427458
508 2427458
504 2427460
513 2427482
508 2427484
506 2427484
509 2427485
513 2427485
508 2427521
507 2427522
509 2427564
510 2427564
507 2427565
509 2427566
510 2427566
509 2427567
508 2427576
509 2427578
507 2427611
506 2427612
509 2427614
509 2427627
506 2427628
508 2427635
508 2427654
506 2427690
509 2427691
508 2427693
504 2427708
513 2427708
507 2427739
509 2427741
507 2427743
506 2427768
509 2427770
510 2427772
507 2427786
507 2427788
505 2427796
507 2427818
508 2427818
508 2427851
508 2427852
507 2427855
510 2427868
508 2427869
507 2427875
507 2427896
507 2427898
509 2427917
507 2427918
508 2427925
510 2427946
511 2427949
509 2427981
509 2427982
507 2427984
508 2427999
509 2427999
508 2428005
507 2428023
508 2428062
510 2428062
507 2428065
507 2428078
508 2428079
509 2428079
506 2428083
508 2428108
507 2428109
508 2428142
509 2428144
508 2428144
505 2428157
507 2428158
509 2428187
507 2428223
508 2428226
509 2428227
509 2428227
509 2428238
507 2428238
508 2428239
506 2428271
506 2428273
507 2428273
509 2428288
508 2428288
508 2428319
509 2428321
508 2428323
507 2428348
506 2428351
507 2428353
507 2428366
509 2428368
509 2428376
508 2428395
508 2428429
510 2428432
506 2428434
506 2428547
507 2428549
508 2428549
507 2428555
507 2428569
507 2428569
509 2428570
510 2428572
507 2428574
506 2428574
508 2428577
508 2428577
509 2428578
508 2428587
507 2428588
509 2428611
511 2428613
508 2428613
506 2428644
507 2428644
507 2428645
508 2428656
508 2428658
508 2428686
508 2428696
509 2428719
508 2428720
508 2428723
506 2428723
511 2428738
507 2428739
506 2428782
508 2428783
503 2428786
507 2428800
510 2428800
505 2428803
509 2428806
510 2428815
510 2428858
508 2428858
505 2428885
507 2428910
506 2428911
510 2428915
512 2428915
506 2428918
508 2428918
506 2428919
510 2428926
509 2428936
513 2428986
509 2428989
508 2428989
507 2428990
508 2428992
506 2428994
511 2429006
506 2429014
507 2429025
507 2429058
510 2429061
511 2429065
507 2429065
505 2429075
506 2429083
506 2429108
507 2429108
512 2429123
505 2429141
511 2429143
510 2429155
507 2429164
509 2429185
504 2429196
507 2429199
504 2429205
508 2429215
510 2429243
509 2429244
508 2429288
508 2429288
507 2429291
507 2429292
508 2429294
507 2429296
507 2429316
508 2429319
509 2429325
509 2429336
511 2429344
506 2429356
506 2429364
509 2429388
507 2429388
509 2429394
508 2429405
506 2429414
507 2429425
508 2429434
508 2429450
503 2429466
503 2429469
502 2429476
507 2429485
510 2429526
506 2429529
508 2429557
511 2429557
509 2429558
502 2429560
509 2429560
505 2429633
508 2429649
505 2429651
504 2429653
506 2429653
507 2429657
504 2429657
508 2429658
506 2429670
509 2429675
510 2429675
508 2429678
505 2429686
509 2429707
512 2429709
507 2429716
507 2429726
505 2429734
506 2429749
512 2429754
508 2429778
508 2429778
507 2429784
509 2429808
509 2429808
506 2429813
506 2429838
508 2429838
509 2429846
507 2429915
507 2429929
509 2429932
509 2429934
509 2429953
508 2429956
506 2429956
509 2429959
507 2430013
507 2430016
508 2430016
508 2430020
510 2430023
505 2430024
503 2430024
512 2430027
508 2430061
504 2430099
509 2430101
508 2430103
507 2430105
507 2430105
509 2430108
509 2430122
511 2430123
507 2430124
508 2430138
507 2430138
506 2430143
509 2430168
503 2430169
505 2430194
505 2430221
509 2430223
509 2430223
505 2430249
506 2430249
508 2430250
509 2430308
507 2430310
510 2430312
508 2430314
509 2430315
505 2430315
506 2430325
499 2430354
502 2430390
506 2430390
503 2430393
512 2430394
504 2430394
507 2430397
509 2430408
507 2430408
510 2430430
511 2430431
508 2430459
510 2430461
512 2430463
506 2430463
507 2430515
506 2430518
510 2430518
508 2430521
506 2430521
510 2430539
509 2430542
508 2430544
511 2430593
506 2430595
508 2430595
509 2430598
507 2430637
506 2430639
520 2430674
511 2430674
507 2430675
507 2430695
509 2430698
503 2430698
505 2430699
507 2430701
507 2430718
514 2430721
509 2430723
506 2430733
509 2430747
508 2430747
508 2430788
508 2430790
509 2430803
507 2430804
509 2430804
508 2430816
509 2430826
511 2430829
509 2430857
507 2430871
508 2430873
507 2430876
507 2430877
509 2430885
509 2430895
509 2430903
511 2430926
508 2430945
508 2430946
508 2430947
508 2430955
508 2431003
509 2431006
507 2431006
508 2431007
508 2431017
509 2431017
507 2431025
507 2431033
506 2431078
509 2431079
507 2431090
507 2431092
512 2431095
505 2431105
506 2431108
510 2431115
504 2431136
509 2431144
510 2431155
503 2431190
510 2431193
507 2431195
508 2431244
507 2431276
507 2431277
507 2431277
508 2431281
506 2431299
508 2431301
509 2431316
505 2431329
508 2431332
509 2431334
508 2431344
506 2431356
507 2431377
508 2431380
509 2431429
507 2431430
508 2431435
510 2431435
512 2431438
508 2431438
508 2431439
507 2431439
508 2431442
510 2431442
507 2431455
508 2431480
508 2431480
511 2431483
509 2431511
507 2431511
508 2431515
510 2431516
507 2431526
508 2431534
509 2431599
507 2431599
508 2431602
508 2431605
506 2431605
508 2431608
509 2431608
507 2431615
508 2431638
509 2431638
507 2431654
509 2431668
509 2431668
508 2431673
506 2431685
507 2431715
506 2431718
508 2431726
508 2431747
509 2431747
505 2431765
509 2431768
508 2431775
508 2431796
507 2431805
506 2431808
509 2431847
505 2431870
507 2431871
508 2431903
509 2431903
505 2431906
507 2431932
507 2431934
507 2431934
507 2431965
506 2431965
509 2431968
507 2431968
508 2431989
509 2431989
507 2431992
508 2431992
508 2431995
508 2431995
507 2432007
507 2432007
507 2432026
508 2432036
510 2432038
508 2432057
509 2432058
509 2432087
507 2432087
507 2432114
508 2432144
509 2432144
508 2432147
508 2432168
507 2432170
508 2432170
510 2432173
508 2432185
507 2432188
507 2432194
508 2432218
510 2432218
509 2432249
507 2432255
506 2432255
507 2432261
508 2432305
509 2432306
508 2432306
509 2432309
509 2432359
510 2432361
508 2432363
509 2432363
509 2432366
510 2432367
510 2432382
510 2432383
507 2432407
507 2432408
509 2432408
507 2432426
507 2432429
509 2432483
507 2432484
509 2432487
509 2432488
508 2432489
510 2432510
508 2432510
509 2432513
506 2432540
507 2432541
506 2432543
510 2432557
508 2432558
507 2432564
507 2432625
509 2432626
506 2432628
505 2432629
508 2432654
509 2432654
507 2432655
508 2432666
508 2432669
505 2432688
509 2432688
511 2432695
510 2432716
504 2432719
510 2432748
505 2432751
507 2432753
507 2432767
507 2432767
510 2432775
508 2432796
508 2432798
507 2432826
507 2432828
507 2432848
508 2432848
510 2432855
507 2432858
509 2432858
510 2432877
508 2432893
506 2432908
508 2432909
507 2432925
508 2432928
509 2432960
508 2432961
510 2432963
509 2432978
507 2432979
508 2433006
507 2433037
508 2433039
508 2433112
509 2433115
509 2433117
508 2433117
510 2433120
508 2433121
506 2433121
507 2433124
507 2433124
508 2433125
508 2433125
510 2433138
507 2433138
511 2433145
511 2433163
508 2433178
509 2433178
510 2433183
508 2433195
509 2433216
508 2433218
509 2433225
511 2433245
510 2433255
505 2433260
506 2433265
507 2433297
507 2433297
507 2433303
507 2433325
509 2433335
509 2433338
508 2433346
506 2433355
507 2433364
508 2433375
507 2433384
508 2433408
508 2433409
508 2433414
508 2433438
508 2433438
508 2433456
508 2433458
507 2433490
508 2433490
507 2433493
507 2433520
510 2433522
510 2433524
510 2433546
508 2433588
506 2433588
507 2433607
508 2433610
508 2433612
507 2433614
508 2433616
510 2433616
511 2433619
507 2433623
505 2433653
507 2433654
507 2433665
508 2433668
508 2433675
508 2433697
508 2433698
510 2433715
509 2433718
507 2433726
508 2433748
508 2433748
509 2433754
508 2433777
509 2433778
508 2433837
509 2433839
509 2433841
506 2433843
507 2433844
509 2433846
509 2433880
508 2433880
507 2433881
508 2433882
509 2433884
507 2433905
507 2433913
507 2433935
509 2433959
506 2433961
509 2433961
511 2433965
511 2433966
512 2433987
509 2433988
507 2434040
512 2434050
508 2434050
506 2434052
510 2434054
507 2434055
505 2434067
508 2434068
509 2434115
506 2434124
506 2434184
506 2434184
505 2434187
507 2434187
509 2434188
507 2434190
506 2434190
513 2434202
507 2434204
507 2434215
507 2434216
507 2434216
507 2434225
508 2434248
504 2434249
510 2434253
512 2434277
503 2434278
503 2434309
507 2434311
509 2434313
509 2434326
509 2434328
512 2434336
506 2434357
509 2434358
508 2434388
508 2434391
509 2434393
507 2434403
507 2434415
507 2434415
508 2434436
509 2434438
510 2434470
510 2434471
509 2434473
508 2434488
508 2434489
508 2434495
512 2434545
510 2434547
509 2434547
518 2434549
507 2434550
507 2434566
509 2434568
507 2434576
514 2434598
505 2434598
507 2434616
503 2434618
514 2434626
507 2434635
504 2434643
504 2434655
508 2434664
508 2434687
508 2434688
509 2434706
509 2434708
507 2434716
507 2434725
504 2434733
510 2434766
508 2434767
508 2434768
510 2434773
503 2434796
509 2434806
507 2434808
510 2434816
508 2434825
505 2434833
510 2434845
505 2434853
509 2434865
508 2434873
507 2434885
509 2434893
510 2434905
509 2434913
506 2434925
506 2434933
508 2434967
511 2434968
505 2434975
509 2434978
507 2434997
509 2434997
508 2435004
509 2435013
510 2435025
511 2435033
510 2435045
503 2435077
510 2435079
512 2435087
502 2435095
508 2435103
517 2435125
499 2435150
509 2435150
505 2435175
502 2435264
504 2435288
515 2435289
514 2435356
505 2435358
514 2435396
506 2435413
516 2435413
507 2435416
505 2435550
507 2435552
508 2435553
545 2435555
508 2435555
507 2435556
509 2435557
509 2435559
507 2435559
507 2435560
505 2435562
507 2435604
510 2435607
498 2435607
505 2435608
506 2435609
506 2435611
511 2435611
504 2435612
515 2435615
505 2435615
509 2435616
510 2435617
530 2435617
511 2435620
507 2435745
505 2435745
502 2435746
508 2435747
507 2435747
509 2435748
507 2435748
509 2435749
507 2435750
509 2435750
508 2435751
508 2435752
508 2435752
508 2435753
508 2435754
508 2435756
509 2435758
504 2435836
506 2435837
509 2435837
507 2435838
509 2435839
510 2435839
509 2435840
513 2435845
505 2435853
502 2435865
500 2435873
506 2435888
503 2435895
510 2435905
510 2435913
508 2435924
508 2435933
510 2435945
510 2435966
508 2435968
512 2435976
505 2435998
509 2435998
508 2436003
507 2436015
510 2436024
509 2436047
504 2436056
505 2436059
508 2436092
509 2436094
507 2436096
510 2436096
507 2436103
511 2436127
508 2436128
508 2436187
507 2436190
505 2436195
511 2436195
511 2436198
508 2436198
513 2436199
510 2436257
506 2436258
508 2436259
509 2436259
513 2436309
512 2436310
551 2436312
500 2436318
515 2436319
502 2436319
510 2436322
508 2436325
502 2436327
521 2436334
517 2436345
514 2436366
505 2436369
512 2436376
508 2436385
511 2436393
508 2436405
509 2436413
507 2436425
505 2436433
506 2436449
511 2436453
507 2436465
510 2436473
511 2436485
506 2436494
506 2436505
508 2436513
508 2436525
508 2436533
507 2436545
507 2436553
508 2436565
509 2436573
509 2436607
508 2436607
507 2436613
510 2436625
509 2436633
508 2436652
509 2436654
507 2436663
506 2436674
506 2436683
488 2436727
508 2436727
504 2436728
514 2436729
512 2436735
504 2436745
520 2436753
511 2436765
511 2436773
505 2436784
502 2436793
509 2436805
508 2436813
510 2436825
508 2436833
506 2436845
506 2436853
509 2436865
509 2436873
504 2436885
508 2436893
505 2436905
509 2436913
508 2436925
510 2436933
509 2436976
510 2436979
509 2436980
507 2436983
514 2436985
504 2436995
507 2437005
507 2437013
505 2437025
505 2437033
492 2437045
510 2437053
508 2437064
492 2437073
514 2437084
507 2437093
493 2437117
506 2437117
511 2437141
518 2437147
504 2437148
500 2437161
511 2437165
501 2437179
500 2437185
508 2437194
507 2437217
506 2437218
512 2437224
505 2437261
496 2437340
507 2437340
512 2437341
510 2437342
507 2437342
509 2437343
512 2437343
504 2437356
516 2437399
508 2437401
500 2437403
509 2437404
505 2437406
508 2437406
505 2437447
509 2437447
508 2437449
509 2437450
505 2437452
504 2437458
503 2437459
508 2437465
511 2437473
506 2437485
503 2437519
507 2437524
508 2437525
518 2437530
511 2437535
501 2437556
494 2437558
485 2437566
501 2437575
502 2437583
510 2437595
512 2437603
508 2437615
506 2437623
512 2437635
505 2437654
509 2437655
505 2437665
507 2437673
508 2437685
509 2437693
507 2437717
504 2437718
508 2437724
506 2437735
505 2437843
508 2437844
500 2437845
498 2437845
512 2437846
519 2437847
509 2437847
503 2437848
503 2437848
508 2437849
501 2437850
507 2437855
506 2437965
508 2437966
510 2437967
507 2437968
508 2437968
511 2437969
505 2437969
510 2437970
508 2437971
509 2437971
507 2437972
511 2437975
511 2437987
508 2438007
508 2438008
508 2438138
507 2438138
504 2438139
504 2438140
509 2438140
506 2438141
507 2438141
508 2438142
508 2438142
500 2438143
507 2438144
502 2438144
508 2438148
511 2438155
511 2438165
510 2438256
504 2438256
516 2438257
505 2438257
511 2438258
510 2438258
513 2438259
512 2438259
513 2438260
507 2438265
507 2438273
508 2438285
508 2438293
504 2438305
509 2438313
503 2438325
506 2438333
509 2438345
509 2438357
507 2438365
509 2438373
506 2438385
512 2438393
506 2438405
505 2438413
506 2438425
508 2438433
509 2438444
507 2438453
506 2438465
505 2438474
508 2438485
507 2438510
506 2438511
509 2438515
508 2438526
509 2438535
508 2438543
507 2438555
508 2438563
507 2438575
507 2438583
508 2438595
508 2438603
508 2438615
509 2438623
508 2438635
507 2438651
508 2438654
508 2438666
509 2438675
509 2438683
508 2438695
508 2438703
509 2438715
507 2438723
508 2438735
508 2438743
508 2438765
508 2438773
509 2438785
508 2438793
509 2438805
510 2438813
508 2438824
506 2438834
508 2438845
508 2438854
509 2438865
508 2438873
509 2438885
508 2438893
510 2438905
508 2438913
507 2438925
507 2438933
509 2438961
507 2438961
507 2438964
508 2438975
509 2438983
510 2438995
506 2439003
508 2439015
496 2439023
504 2439035
505 2439043
504 2439055
508 2439063
514 2439075
503 2439083
513 2439095
509 2439103
503 2439115
510 2439123
507 2439135
503 2439143
510 2439167
507 2439167
510 2439173
508 2439185
507 2439193
508 2439204
507 2439214
508 2439225
507 2439251
503 2439252
508 2439254
492 2439271
506 2439274
506 2439285
514 2439295
515 2439303
524 2439327
506 2439327
515 2439344
505 2439357
503 2439357
511 2439363
505 2439375
503 2439400
505 2439401
509 2439417
510 2439417
506 2439423
505 2439435
512 2439445
512 2439455
506 2439463
514 2439475
508 2439483
505 2439495
505 2439515
509 2439518
510 2439525
507 2439535
503 2439543
512 2439564
515 2439573
506 2439584
509 2439594
511 2439605
504 2439614
508 2439625
510 2439647
520 2439647
511 2439655
501 2439663
505 2439676
510 2439683
503 2439695
511 2439720
505 2439721
510 2439725
508 2439734
509 2439745
507 2439766
508 2439768
505 2439775
509 2439784
508 2439793
510 2439804
508 2439814
507 2439825
510 2439846
508 2439848
506 2439882
509 2439886
508 2439887
508 2439889
509 2439893
508 2439904
509 2439926
510 2439928
508 2439936
512 2439945
507 2439953
497 2439964
506 2439973
504 2439985
515 2440007
499 2440018
498 2440019
502 2440024
505 2440035
513 2440043
492 2440055
509 2440063
502 2440087
505 2440087
508 2440093
511 2440105
508 2440113
507 2440137
506 2440137
504 2440143
514 2440170
504 2440171
510 2440175
514 2440185
508 2440193
509 2440217
508 2440218
506 2440223
510 2440235
509 2440244
507 2440255
506 2440263
506 2440274
510 2440293
512 2440304
507 2440313
507 2440325
507 2440357
504 2440358
509 2440359
506 2440364
508 2440374
510 2440385
509 2440393
506 2440405
509 2440413
508 2440425
508 2440433
509 2440445
506 2440453
512 2440465
509 2440473
510 2440485
507 2440493
507 2440505
508 2440513
506 2440524
507 2440533
508 2440545
504 2440553
508 2440565
510 2440586
509 2440588
508 2440596
507 2440617
508 2440618
506 2440623
507 2440647
507 2440648
506 2440692
508 2440692
506 2440693
505 2440694
506 2440697
509 2440705
507 2440714
505 2440742
511 2440788
508 2440788
509 2440789
512 2440789
508 2440790
508 2440791
508 2440794
508 2440804
508 2440826
507 2440828
508 2440834
506 2440845
509 2440873
507 2440877
507 2440878
510 2440883
508 2440894
509 2440903
508 2440914
508 2440923
509 2440935
505 2440956
508 2440958
505 2440965
506 2440975
507 2440983
508 2440994
508 2441002
507 2441014
509 2441033
510 2441044
507 2441065
508 2441068
508 2441075
507 2441084
507 2441094
508 2441105
507 2441113
508 2441125
509 2441133
507 2441145
507 2441153
508 2441166
507 2441173
509 2441185
507 2441193
509 2441205
508 2441213
509 2441225
508 2441246
506 2441248
507 2441255
507 2441265
509 2441273
509 2441285
505 2441293
509 2441304
509 2441325
510 2441328
507 2441346
507 2441357
507 2441357
509 2441363
508 2441387
508 2441387
507 2441405
509 2441408
509 2441415
507 2441425
507 2441432
507 2441444
509 2441465
507 2441468
507 2441483
508 2441498
509 2441498
508 2441503
507 2441515
507 2441523
508 2441535
507 2441543
508 2441555
507 2441563
507 2441575
508 2441583
510 2441595
508 2441615
505 2441618
507 2441626
507 2441640
509 2441643
509 2441653
508 2441665
507 2441673
511 2441697
508 2441698
506 2441703
508 2441715
508 2441723
508 2441734
508 2441743
508 2441754
509 2441772
506 2441784
508 2441805
508 2441808
507 2441815
509 2441824
507 2441858
507 2441861
508 2441866
508 2441867
509 2441875
508 2441883
507 2441895
507 2441940
508 2441947
506 2441947
508 2441950
508 2441950
510 2441955
507 2441971
509 2442008
507 2442008
506 2442018
507 2442021
507 2442025
509 2442025
508 2442035
508 2442073
508 2442096
510 2442096
507 2442099
506 2442099
508 2442100
506 2442104
507 2442113
507 2442149
509 2442151
508 2442155
510 2442155
508 2442175
507 2442178
508 2442185
508 2442194
508 2442228
508 2442231
509 2442236
509 2442237
511 2442245
507 2442253
508 2442265
509 2442273
508 2442285
507 2442293
507 2442305
509 2442313
507 2442353
508 2442353
509 2442356
506 2442358
508 2442377
509 2442377
508 2442383
507 2442395
506 2442403
508 2442425
509 2442448
508 2442450
509 2442455
508 2442456
509 2442464
507 2442473
505 2442485
508 2442492
507 2442517
510 2442540
513 2442542
504 2442546
506 2442558
506 2442564
509 2442574
508 2442584
509 2442592
507 2442605
504 2442613
511 2442625
510 2442634
507 2442645
511 2442655
506 2442665
506 2442688
508 2442689
506 2442695
509 2442703
509 2442727
509 2442727
506 2442733
508 2442745
507 2442753
507 2442765
508 2442773
508 2442785
509 2442793
510 2442805
508 2442813
506 2442824
508 2442833
508 2442865
508 2442865
507 2442866
508 2442885
507 2442888
510 2442895
507 2442904
508 2442912
508 2442924
508 2442945
510 2442948
506 2442967
510 2442968
508 2442975
509 2442983
509 2442995
509 2443005
507 2443028
509 2443028
506 2443033
510 2443045
509 2443054
509 2443065
505 2443073
507 2443097
507 2443097
507 2443103
508 2443115
508 2443123
504 2443147
507 2443147
506 2443153
507 2443177
508 2443178
510 2443183
508 2443194
509 2443208
505 2443214
506 2443223
508 2443260
508 2443263
506 2443264
509 2443267
509 2443285
506 2443294
508 2443302
507 2443314
508 2443333
508 2443347
509 2443347
507 2443371
510 2443372
507 2443374
506 2443398
507 2443398
508 2443417
508 2443417
509 2443423
507 2443435
508 2443443
509 2443467
508 2443467
507 2443473
507 2443485
509 2443493
508 2443505
508 2443513
507 2443525
509 2443545
510 2443548
508 2443555
507 2443564
508 2443573
509 2443584
508 2443593
508 2443604
508 2443625
509 2443628
510 2443635
509 2443664
506 2443664
506 2443665
507 2443672
508 2443684
506 2443706
508 2443709
508 2443728
508 2443729
509 2443735
508 2443743
505 2443755
507 2443763
507 2443775
509 2443783
509 2443795
507 2443803
509 2443815
508 2443835
507 2443838
508 2443845
507 2443855
507 2443878
508 2443879
508 2443885
507 2443893
508 2443917
510 2443918
509 2443948
504 2443950
504 2443955
508 2443956
508 2443965
508 2443972
508 2443997
507 2443997
511 2444025
508 2444028
506 2444035
508 2444044
508 2444052
511 2444064
507 2444072
509 2444097
508 2444097
509 2444103
508 2444115
508 2444123
507 2444146
509 2444168
509 2444169
507 2444170
508 2444175
508 2444184
509 2444221
508 2444223
507 2444224
506 2444237
509 2444237
507 2444243
508 2444255
508 2444263
508 2444275
509 2444283
509 2444294
507 2444303
506 2444315
509 2444326
508 2444334
509 2444343
508 2444367
509 2444367
509 2444372
509 2444384
508 2444392
507 2444404
506 2444425
506 2444427
506 2444454
506 2444455
507 2444455
508 2444465
510 2444473
508 2444485
507 2444493
507 2444505
506 2444513
508 2444525
509 2444533
507 2444557
507 2444557
511 2444575
508 2444578
506 2444586
507 2444595
509 2444603
507 2444615
509 2444623
508 2444665
510 2444666
509 2444669
509 2444669
507 2444675
507 2444683
508 2444694
507 2444702
508 2444714
509 2444748
508 2444750
508 2444752
510 2444762
509 2444774
507 2444782
511 2444794
508 2444802
510 2444814
507 2444822
508 2444835
507 2444844
509 2444855
507 2444876
506 2444878
506 2444885
506 2444895
507 2444903
509 2444915
508 2444923
507 2444966
510 2444966
508 2444967
506 2444967
508 2444978
509 2444987
507 2444995
508 2445005
509 2445024
509 2445050
511 2445053
508 2445056
508 2445057
508 2445065
507 2445074
507 2445083
508 2445095
507 2445115
510 2445118
511 2445125
507 2445134
507 2445143
507 2445154
508 2445163
506 2445174
507 2445182
509 2445194
509 2445202
512 2445215
508 2445223
506 2445235
507 2445243
507 2445255
509 2445263
506 2445275
508 2445283
509 2445295
509 2445314
510 2445327
507 2445327
506 2445333
508 2445357
509 2445358
506 2445363
509 2445375
507 2445395
509 2445398
508 2445405
507 2445415
506 2445423
508 2445435
505 2445462
507 2445463
508 2445476
508 2445485
509 2445488
513 2445505
509 2445514
508 2445522
506 2445534
508 2445553
510 2445566
509 2445566
509 2445572
508 2445585
509 2445593
507 2445605
507 2445613
507 2445625
508 2445633
510 2445645
509 2445653
507 2445665
507 2445686
511 2445715
507 2445715
507 2445716
508 2445716
507 2445739
509 2445740
507 2445745
508 2445765
507 2445768
508 2445775
509 2445785
508 2445793
511 2445805
512 2445813
511 2445824
509 2445832
507 2445845
505 2445852
509 2445864
511 2445872
508 2445884
506 2445905
509 2445908
507 2445915
506 2445932
507 2445935
507 2445957
503 2445957
504 2445963
506 2445975
508 2445983
508 2445995
509 2446003
505 2446027
505 2446027
508 2446033
508 2446045
504 2446053
510 2446065
505 2446073
505 2446085
507 2446093
509 2446105
510 2446113
511 2446157
509 2446157
510 2446158
508 2446158
507 2446163
509 2446175
505 2446183
509 2446194
509 2446215
508 2446218
509 2446235
507 2446244
506 2446252
508 2446265
508 2446283
509 2446297
506 2446297
507 2446315
506 2446318
509 2446324
509 2446348
507 2446348
508 2446395
510 2446398
508 2446398
509 2446399
508 2446402
506 2446404
507 2446427
510 2446427
509 2446458
506 2446458
507 2446459
508 2446465
510 2446473
509 2446485
507 2446505
509 2446508
509 2446560
509 2446560
508 2446561
508 2446561
506 2446562
509 2446564
506 2446574
509 2446582
508 2446595
509 2446602
509 2446614
507 2446623
506 2446634
506 2446642
508 2446654
505 2446662
508 2446674
509 2446682
507 2446694
512 2446702
508 2446727
505 2446727
506 2446733
505 2446745
509 2446764
508 2446764
507 2446775
511 2446794
510 2446807
507 2446807
507 2446813
509 2446837
507 2446837
511 2446843
507 2446858
511 2446875
510 2446881
511 2446885
509 2446894
508 2446904
506 2446915
509 2446943
510 2446946
509 2446948
509 2446953
509 2446964
510 2446983
506 2446994
510 2447015
506 2447018
501 2447026
507 2447034
507 2447043
509 2447054
514 2447063
511 2447074
510 2447083
507 2447094
509 2447103
507 2447115
507 2447123
511 2447134
509 2447143
509 2447167
509 2447167
508 2447173
507 2447184
507 2447193
508 2447204
508 2447213
510 2447237
509 2447237
508 2447243
506 2447254
511 2447263
508 2447274
506 2447283
503 2447294
511 2447303
505 2447314
511 2447323
507 2447334
507 2447343
507 2447354
510 2447363
504 2447374
508 2447383
508 2447395
503 2447403
509 2447414
510 2447423
511 2447434
513 2447443
508 2447454
508 2447463
508 2447475
508 2447483
506 2447495
507 2447503
506 2447514
507 2447523
508 2447534
504 2447543
516 2447554
504 2447563
507 2447575
506 2447583
505 2447595
509 2447615
509 2447618
512 2447625
504 2447634
507 2447643
505 2447658
509 2447663
507 2447675
508 2447695
506 2447698
508 2447706
509 2447724
509 2447733
509 2447744
507 2447753
507 2447764
506 2447773
508 2447784
509 2447793
507 2447804
505 2447813
506 2447824
505 2447833
508 2447844
508 2447862
508 2447864
506 2447875
507 2447884
507 2447906
508 2447908
508 2447914
506 2447925
505 2447933
508 2447957
507 2447958
509 2447963
510 2447974
506 2447995
507 2447997
511 2448005
508 2448014
506 2448023
509 2448034
506 2448043
506 2448055
511 2448076
505 2448078
507 2448103
513 2448106
510 2448108
509 2448115
504 2448124
508 2448133
507 2448144
508 2448153
507 2448164
509 2448173
514 2448185
496 2448205
521 2448208
501 2448215
504 2448224
499 2448233
501 2448244
513 2448253
500 2448264
521 2448275
515 2448284
510 2448293
508 2448314
505 2448325
510 2448327
511 2448336
509 2448345
507 2448353
507 2448364
510 2448385
511 2448387
508 2448396
508 2448405
507 2448413
509 2448434
507 2448442
511 2448454
510 2448463
508 2448474
509 2448483
507 2448507
509 2448507
508 2448513
508 2448525
509 2448532
505 2448544
508 2448553
510 2448569
509 2448601
507 2448604
506 2448605
508 2448608
508 2448612
509 2448624
510 2448632
508 2448644
510 2448652
508 2448664
508 2448672
507 2448698
509 2448698
507 2448714
507 2448727
509 2448727
508 2448733
507 2448745
509 2448766
507 2448768
506 2448776
509 2448797
508 2448798
507 2448803
508 2448827
508 2448849
508 2448852
509 2448852
508 2448855
506 2448877
507 2448877
506 2448911
509 2448913
506 2448913
507 2448975
506 2448975
511 2448976
509 2448979
507 2448989
508 2448991
507 2448995
507 2448995
509 2449015
507 2449018
508 2449025
509 2449088
507 2449088
506 2449089
508 2449091
508 2449119
507 2449188
509 2449188
506 2449191
517 2449191
514 2449192
503 2449194
506 2449194
521 2449195
507 2449197
509 2449197
508 2449198
507 2449200
507 2449205
509 2449236
510 2449238
507 2449264
507 2449291
510 2449291
508 2449294
507 2449298
509 2449300
509 2449302
510 2449315
508 2449325
506 2449335
510 2449338
509 2449344
509 2449367
509 2449367
510 2449372
508 2449397
509 2449397
507 2449414
507 2449417
506 2449450
508 2449450
508 2449456
509 2449456
506 2449463
508 2449475
507 2449496
508 2449498
528 2449506
502 2449515
508 2449544
505 2449545
507 2449546
508 2449555
508 2449585
508 2449588
510 2449595
506 2449596
505 2449605
506 2449626
507 2449629
506 2449634
505 2449657
508 2449657
508 2449664
510 2449687
506 2449687
507 2449705
506 2449708
506 2449715
508 2449724
509 2449732
506 2449781
508 2449781
509 2449815
507 2449817
507 2449818
507 2449820
512 2449820
503 2449823
510 2449860
506 2449862
496 2449863
514 2449877
520 2449877
519 2449895
487 2449898
638 2449904
606 2449926
501 2449927
487 2449962
443 2449963
502 2449963
577 2449986
532 2449987
517 2449990
498 2450007
497 2450007
505 2450013
516 2450024
507 2450033
509 2450044
505 2450053
508 2450064
516 2450073
506 2450084
497 2450093
481 2450104
518 2450113
500 2450137
520 2450138
502 2450156
508 2450158
506 2450188
514 2450189
496 2450190
519 2450194
495 2450203
515 2450232
510 2450232
506 2450234
493 2450245
534 2450253
489 2450277
502 2450277
509 2450283
511 2450294
496 2450303
513 2450314
506 2450323
504 2450334
501 2450343
508 2450354
503 2450363
500 2450374
507 2450384
504 2450394
510 2450403
504 2450415
488 2450423
539 2450434
484 2450455
482 2450457
463 2450465
506 2450474
509 2450483
491 2450495
449 2450503
496 2450527
499 2450527
455 2450533
478 2450544
572 2450553
539 2450566
484 2450576
443 2450610
449 2450613
532 2450615
498 2450616
522 2450625
526 2450634
519 2450643
494 2450654
502 2450676
509 2450678
505 2450707
506 2450708
508 2450740
506 2450741
510 2450744
509 2450746
511 2450763
510 2450764
504 2450773
500 2450784
518 2450806
513 2450808
504 2450814
502 2450824
504 2450833
509 2450844
510 2450853
508 2450864
509 2450885
511 2450887
507 2450894
502 2450904
503 2450913
520 2450924
505 2450933
507 2450963
502 2450963
514 2450966
505 2450987
511 2450988
506 2450993
506 2451004
510 2451013
506 2451024
508 2451033
509 2451044
508 2451066
508 2451068
509 2451075
509 2451084
507 2451105
506 2451107
506 2451127
510 2451128
506 2451134
510 2451143
508 2451168
508 2451168
507 2451173
509 2451184
507 2451206
507 2451208
510 2451215
507 2451225
508 2451246
510 2451248
508 2451267
506 2451268
506 2451292
509 2451292
508 2451295
508 2451305
506 2451313
507 2451350
511 2451350
508 2451353
507 2451380
507 2451380
507 2451383
511 2451386
509 2451434
509 2451435
509 2451436
509 2451438
508 2451445
510 2451455
508 2451463
509 2451500
511 2451502
510 2451505
507 2451506
507 2451515
510 2451524
507 2451558
510 2451561
505 2451563
507 2451575
507 2451578
508 2451585
509 2451594
508 2451627
510 2451630
509 2451635
508 2451636
507 2451668
506 2451668
506 2451669
508 2451674
507 2451710
508 2451713
506 2451716
509 2451716
509 2451738
508 2451738
506 2451745
505 2451809
509 2451821
507 2451822
508 2451822
507 2451823
509 2451823
509 2451826
505 2451837
507 2451838
505 2451844
506 2451865
505 2451868
510 2451874
506 2451884
510 2451892
510 2451929
507 2451933
506 2451983
508 2451983
507 2451984
509 2451984
507 2451985
508 2451987
509 2451987
510 2452004
508 2452007
506 2452014
508 2452024
508 2452033
507 2452045
509 2452054
509 2452065
509 2452073
510 2452085
509 2452093
507 2452105
507 2452138
509 2452163
508 2452163
507 2452164
508 2452164
509 2452175
506 2452184
509 2452193
508 2452204
507 2452212
508 2452237
509 2452237
510 2452256
505 2452256
509 2452264
507 2452285
511 2452288
506 2452295
502 2452304
509 2452312
506 2452336
507 2452336
502 2452354
508 2452357
507 2452390
510 2452392
510 2452392
508 2452406
506 2452408
507 2452436
502 2452469
509 2452470
511 2452471
512 2452471
506 2452474
506 2452474
506 2452486
509 2452495
509 2452503
508 2452514
512 2452523
515 2452535
508 2452543
507 2452554
516 2452562
518 2452574
500 2452582
512 2452607
505 2452607
508 2452613
513 2452637
508 2452638
511 2452642
508 2452654
509 2452687
506 2452694
505 2452694
507 2452699
508 2452705
508 2452712
510 2452737
510 2452737
509 2452742
506 2452772
508 2452772
507 2452786
508 2452789
508 2452832
507 2452834
507 2452835
509 2452837
509 2452843
508 2452861
507 2452865
507 2452874
508 2452895
508 2452898
507 2452905
507 2452914
509 2452923
509 2452934
506 2452943
506 2452954
506 2452963
494 2452974
507 2452983
496 2452994
495 2453003
502 2453014
514 2453022
511 2453034
504 2453043
511 2453054
516 2453063
509 2453074
507 2453083
506 2453094
510 2453103
508 2453114
507 2453123
503 2453134
505 2453143
508 2453168
510 2453169
508 2453174
510 2453184
510 2453193
508 2453205
514 2453213
509 2453224
506 2453233
506 2453244
505 2453253
507 2453264
503 2453273
515 2453284
516 2453293
503 2453304
502 2453313
507 2453324
500 2453345
503 2453357
506 2453358
506 2453363
508 2453374
511 2453383
506 2453394
509 2453403
508 2453414
510 2453423
503 2453434
510 2453443
511 2453460
507 2453465
507 2453474
508 2453483
508 2453494
506 2453503
509 2453514
505 2453539
505 2453539
505 2453557
505 2453558
507 2453569
510 2453574
508 2453584
507 2453594
506 2453603
508 2453614
507 2453623
510 2453635
507 2453649
508 2453654
509 2453673
507 2453684
507 2453705
511 2453708
507 2453714
504 2453724
509 2453733
512 2453744
500 2453868
508 2453869
506 2453870
508 2453870
510 2453871
510 2453871
509 2453872
507 2453873
508 2453874
510 2453874
510 2453875
506 2453876
506 2453878
506 2453884
509 2453894
509 2453903
501 2453926
499 2453927
508 2453932
502 2453944
510 2453979
506 2453984
507 2453985
510 2453987
508 2454008
516 2454009
505 2454038
517 2454041
508 2454043
498 2454055
506 2454057
506 2454090
508 2454091
504 2454093
508 2454149
508 2454149
509 2454151
508 2454170
508 2454174
507 2454174
507 2454175
505 2454187
508 2454187
507 2454207
509 2454207
506 2454213
517 2454238
512 2454239
507 2454255
502 2454258
504 2454265
507 2454287
508 2454287
510 2454305
507 2454308
504 2454332
512 2454335
510 2454338
506 2454345
510 2454354
508 2454362
509 2454387
507 2454387
507 2454392
508 2454417
508 2454417
509 2454433
507 2454446
506 2454446
509 2454478
509 2454482
506 2454482
508 2454496
510 2454498
508 2454518
507 2454519
506 2454525
506 2454533
508 2454545
507 2454553
507 2454565
508 2454573
509 2454585
509 2454606
509 2454607
508 2454615
508 2454635
507 2454638
506 2454645
507 2454679
509 2454682
509 2454685
509 2454685
511 2454694
507 2454704
507 2454713
506 2454724
506 2454743
508 2454757
507 2454757
509 2454762
507 2454774
509 2454782
507 2454807
506 2454807
506 2454812
508 2454824
506 2454845
508 2454847
507 2454889
508 2454890
508 2454891
509 2454891
507 2454894
508 2454906
508 2454915
508 2454923
508 2454935
508 2454953
509 2454965
508 2454973
509 2454985
508 2454993
507 2455017
509 2455017
507 2455022
508 2455034
509 2455043
508 2455054
508 2455063
508 2455074
510 2455095
503 2455098
508 2455105
507 2455114
507 2455122
508 2455134
508 2455143
508 2455166
510 2455175
507 2455178
504 2455210
507 2455213
506 2455215
508 2455215
509 2455222
510 2455234
511 2455242
510 2455268
506 2455268
507 2455273
507 2455285
508 2455305
509 2455308
509 2455315
506 2455325
508 2455333
508 2455345
508 2455353
507 2455390
507 2455392
509 2455395
507 2455395
507 2455417
507 2455418
508 2455424
510 2455432
507 2455444
507 2455452
506 2455464
506 2455472
509 2455484
508 2455492
508 2455504
506 2455513
509 2455524
507 2455545
507 2455547
506 2455554
507 2455564
508 2455572
506 2455584
508 2455592
510 2455604
511 2455626
509 2455629
509 2455635
506 2455645
508 2455664
509 2455677
507 2455677
508 2455683
509 2455707
508 2455707
509 2455713
506 2455724
508 2455732
508 2455757
508 2455757
507 2455762
509 2455775
509 2455782
509 2455795
511 2455803
507 2455814
506 2455835
508 2455838
504 2455845
508 2455864
508 2455875
508 2455878
508 2455885
509 2455917
507 2455917
505 2455939
507 2455940
507 2455944
507 2455952
508 2455964
510 2455972
509 2455996
511 2455996
508 2456003
506 2456015
508 2456023
508 2456035
506 2456043
507 2456055
507 2456075
508 2456078
509 2456085
508 2456094
506 2456103
505 2456114
507 2456122
509 2456134
510 2456159
508 2456160
507 2456166
507 2456172
510 2456184
507 2456205
505 2456210
508 2456227
507 2456228
508 2456234
508 2456255
506 2456258
509 2456265
509 2456287
508 2456287
507 2456292
507 2456304
505 2456312
505 2456327
509 2456342
508 2456369
505 2456369
508 2456373
510 2456376
504 2456385
510 2456395
507 2456403
510 2456415
508 2456423
508 2456435
509 2456443
509 2456454
507 2456463
507 2456474
507 2456483
508 2456494
508 2456503
507 2456514
507 2456523
508 2456534
509 2456543
508 2456554
509 2456576
509 2456587
508 2456587
509 2456599
508 2456604
509 2456622
508 2456634
508 2456642
508 2456654
507 2456663
507 2456686
507 2456686
510 2456693
508 2456716
508 2456716
509 2456722
509 2456734
509 2456747
506 2456767
506 2456767
507 2456773
507 2456785
507 2456793
508 2456817
508 2456817
509 2456823
509 2456862
506 2456862
506 2456863
506 2456950
507 2456950
508 2456951
507 2456952
507 2456952
509 2456953
509 2456954
508 2456954
507 2456957
508 2456957
508 2456977
506 2456977
507 2456984
507 2457070
508 2457071
509 2457072
507 2457072
505 2457073
508 2457073
507 2457073
508 2457074
508 2457116
509 2457116
508 2457117
510 2457120
507 2457120
507 2457123
508 2457135
509 2457145
509 2457162
509 2457206
508 2457207
509 2457224
509 2457224
509 2457225
509 2457226
507 2457226
506 2457235
509 2457371
509 2457372
509 2457372
509 2457373
506 2457373
509 2457374
507 2457374
507 2457375
509 2457375
507 2457376
507 2457377
508 2457377
508 2457386
509 2457386
509 2457404
507 2457407
508 2457414
508 2457424
507 2457432
508 2457498
509 2457500
507 2457504
508 2457506
509 2457506
507 2457509
507 2457509
508 2457515
507 2457523
507 2457535
508 2457555
510 2457558
508 2457565
512 2457575
508 2457595
507 2457598
507 2457617
508 2457618
507 2457624
506 2457633
508 2457644
509 2457662
509 2457665
507 2457686
508 2457687
508 2457710
509 2457710
508 2457713
508 2457724
507 2457732
509 2457744
510 2457765
509 2457767
507 2457774
508 2457784
507 2457805
509 2457809
508 2457814
508 2457824
507 2457844
509 2457847
509 2457854
507 2457864
507 2457872
509 2457885
508 2457935
508 2457937
508 2457937
509 2457940
508 2457940
508 2457943
507 2457971
505 2457972
506 2457976
506 2458010
507 2458012
506 2458012
508 2458027
509 2458027
509 2458033
507 2458044
506 2458065
506 2458068
508 2458092
507 2458093
508 2458117
508 2458117
510 2458122
510 2458134
508 2458142
505 2458168
505 2458168
507 2458172
507 2458210
508 2458212
505 2458215
508 2458215
510 2458224
508 2458234
507 2458250
509 2458253
508 2458265
510 2458275
507 2458283
506 2458295
508 2458303
512 2458315
507 2458323
508 2458334
509 2458343
506 2458354
510 2458367
509 2458374
507 2458382
509 2458394
509 2458403
506 2458425
507 2458433
508 2458459
509 2458464
508 2458464
508 2458466
507 2458501
508 2458504
509 2458504
508 2458507
508 2458538
506 2458544
508 2458544
505 2458550
510 2458567
509 2458567
508 2458572
509 2458584
510 2458592
507 2458616
507 2458616
508 2458622
507 2458635
510 2458643
508 2458669
505 2458669
507 2458673
510 2458685
507 2458693
506 2458715
507 2458723
506 2458735
508 2458743
509 2458755
508 2458765
507 2458775
511 2458795
508 2458798
508 2458805
507 2458814
510 2458823
508 2458834
508 2458842
508 2458854
508 2458875
511 2458878
509 2458885
508 2458894
508 2458902
509 2458914
507 2458922
507 2458934
508 2458942
509 2458954
509 2458975
509 2458978
508 2458985
507 2458994
508 2459002
508 2459015
507 2459023
508 2459035
508 2459043
508 2459055
509 2459077
508 2459077
507 2459085
510 2459093
507 2459105
507 2459113
509 2459125
507 2459142
508 2459145
509 2459171
505 2459172
503 2459200
508 2459202
507 2459205
509 2459205
507 2459214
505 2459224
506 2459245
508 2459247
507 2459266
509 2459267
510 2459274
514 2459289
502 2459294
505 2459302
504 2459326
497 2459326
517 2459332
500 2459344
503 2459352
500 2459376
518 2459376
502 2459409
513 2459415
510 2459415
511 2459416
505 2459423
504 2459435
506 2459464
514 2459465
511 2459466
506 2459500
516 2459506
508 2459507
508 2459507
516 2459514
510 2459535
501 2459538
498 2459558
504 2459558
513 2459564
513 2459572
523 2459619
518 2459619
534 2459623
516 2459625
515 2459634
516 2459644
499 2459770
509 2459770
501 2459771
517 2459772
494 2459773
526 2459773
498 2459774
520 2459774
497 2459774
524 2459775
504 2459775
522 2459776
506 2459778
516 2459785
512 2459795
514 2459803
520 2459827
506 2459827
515 2459833
509 2459844
518 2459853
514 2459878
501 2459878
505 2459907
508 2459910
507 2459914
511 2459915
506 2459924
504 2459936
503 2459956
503 2459957
511 2459965
508 2459987
516 2459987
514 2459993
504 2460006
502 2460014
513 2460024
508 2460033
512 2460044
508 2460065
501 2460068
495 2460075
498 2460084
523 2460093
491 2460104
493 2460112
505 2460124
484 2460133
516 2460144
507 2460166
514 2460167
509 2460185
509 2460186
508 2460196
507 2460207
510 2460213
498 2460224
514 2460233
510 2460244
509 2460252
491 2460264
490 2460272
521 2460284
543 2460295
497 2460304
504 2460313
507 2460334
508 2460343
506 2460367
507 2460367
503 2460373
496 2460384
508 2460393
501 2460404
531 2460413
508 2460424
494 2460433
512 2460444
508 2460453
514 2460464
508 2460485
509 2460487
503 2460495
507 2460504
508 2460513
506 2460524
508 2460533
512 2460568
510 2460568
509 2460575
501 2460577
503 2460585
523 2460594
504 2460603
509 2460614
504 2460623
514 2460646
498 2460647
513 2460652
501 2460679
505 2460680
504 2460682
511 2460694
509 2460703
504 2460727
511 2460727
510 2460733
497 2460744
509 2460753
504 2460764
507 2460773
508 2460784
503 2460805
525 2460807
500 2460815
507 2460824
494 2460833
515 2460844
508 2460852
500 2460890
507 2460893
509 2460895
508 2460895
515 2460919
513 2460920
493 2460925
508 2460934
508 2460944
510 2460953
511 2460964
508 2460972
511 2460984
504 2460992
512 2461004
504 2461012
509 2461024
507 2461032
508 2461044
504 2461052
503 2461064
504 2461083
506 2461094
535 2461103
500 2461114
522 2461123
503 2461134
498 2461143
507 2461154
508 2461176
509 2461177
515 2461184
519 2461193
508 2461217
504 2461217
506 2461222
508 2461234
507 2461242
506 2461254
508 2461263
508 2461274
510 2461283
516 2461294
523 2461303
479 2461314
498 2461338
496 2461339
512 2461344
515 2461353
497 2461364
506 2461373
510 2461384
512 2461393
516 2461404
510 2461412
509 2461424
508 2461445
506 2461448
505 2461455
512 2461477
503 2461478
513 2461485
510 2461494
489 2461515
518 2461517
506 2461525
506 2461534
507 2461542
506 2461564
510 2461564
508 2461572
509 2461584
507 2461592
511 2461604
505 2461626
508 2461629
510 2461635
505 2461650
507 2461656
509 2461686
503 2461687
515 2461695
504 2461707
508 2461707
508 2461713
507 2461724
511 2461733
508 2461744
507 2461754
506 2461789
509 2461821
512 2461822
513 2461823
509 2461823
509 2461824
508 2461826
507 2461844
512 2461867
507 2461867
510 2461884
501 2461887
504 2461936
523 2461937
522 2461937
509 2461938
513 2461946
513 2461946
509 2461974
495 2461974
507 2462000
519 2462003
506 2462005
510 2462005
509 2462027
508 2462028
509 2462060
522 2462078
498 2462103
507 2462104
509 2462105
508 2462128
512 2462128
496 2462143
502 2462144
511 2462147
507 2462147
507 2462172
510 2462172
508 2462175
507 2462187
513 2462187
501 2462206
508 2462206
512 2462212
511 2462237
503 2462237
507 2462242
509 2462256
508 2462262
507 2462274
508 2462282
509 2462294
510 2462302
508 2462314
506 2462322
507 2462334
509 2462342
509 2462355
508 2462363
511 2462375
508 2462383
508 2462407
509 2462407
509 2462413
507 2462447
509 2462447
507 2462489
508 2462492
501 2462492
507 2462495
505 2462499
508 2462504
513 2462525
505 2462528
510 2462535
510 2462544
507 2462564
509 2462567
507 2462575
507 2462598
507 2462599
508 2462615
508 2462617
507 2462625
506 2462634
510 2462655
508 2462657
504 2462666
507 2462674
514 2462682
510 2462694
506 2462702
506 2462714
508 2462723
506 2462735
509 2462743
509 2462755
510 2462783
511 2462800
509 2462803
507 2462805
507 2462805
510 2462827
509 2462827
505 2462834
510 2462871
507 2462926
511 2462927
508 2462929
506 2462929
504 2462930
505 2462931
506 2462931
511 2462932
507 2462935
508 2462943
510 2462954
509 2462962
507 2462974
508 2462982
510 2462994
506 2463002
510 2463014
512 2463022
507 2463047
509 2463048
509 2463073
505 2463073
508 2463074
506 2463097
508 2463097
510 2463102
508 2463114
510 2463136
513 2463138
505 2463145
516 2463154
502 2463164
513 2463175
508 2463185
512 2463194
513 2463202
509 2463226
505 2463227
507 2463233
508 2463244
508 2463253
509 2463264
511 2463272
510 2463284
512 2463296
510 2463304
506 2463322
512 2463334
503 2463355
510 2463357
509 2463365
508 2463374
505 2463382
506 2463393
506 2463403
508 2463414
511 2463423
505 2463434
506 2463443
503 2463476
504 2463504
510 2463506
499 2463507
511 2463509
505 2463510
501 2463512
505 2463551
537 2463552
506 2463555
499 2463557
499 2463591
499 2463595
508 2463595
521 2463598
525 2463627
495 2463628
513 2463628
510 2463632
515 2463644
501 2463694
495 2463696
514 2463697
503 2463699
495 2463700
499 2463703
498 2463714
512 2463723
513 2463734
506 2463769
509 2463774
512 2463774
505 2463777
509 2463784
508 2463792
498 2463804
507 2463813
510 2463850
504 2463852
510 2463855
507 2463855
505 2463869
508 2463940
513 2463941
499 2463942
498 2463942
514 2463943
508 2463943
509 2463944
507 2464096
507 2464097
505 2464102
500 2464103
504 2464103
510 2464104
503 2464105
510 2464105
508 2464105
506 2464106
504 2464106
504 2464107
510 2464107
504 2464108
510 2464108
506 2464429
511 2464429
505 2464430
508 2464430
508 2464431
503 2464431
512 2464432
508 2464432
503 2464433
505 2464433
561 2464434
496 2464434
507 2464435
489 2464435
395 2464436
381 2464436
491 2464436
516 2464437
503 2464437
506 2464438
505 2464438
511 2464439
505 2464439
507 2464440
511 2464440
513 2464441
502 2464441
503 2464442
511 2464442
507 2464443
501 2464443
504 2464444
502 2464444
499 2464471
433 2464474
509 2464477
484 2464477
508 2464478
508 2464484
509 2464494
507 2464506
511 2464514
506 2464534
510 2464534
508 2464544
505 2464568
508 2464569
509 2464619
509 2464619
507 2464620
508 2464621
509 2464621
510 2464624
508 2464634
507 2464643
508 2464654
509 2464663
510 2464674
507 2464683
509 2464693
507 2464702
508 2464713
508 2464735
507 2464760
506 2464761
506 2464761
510 2464775
506 2464775
510 2464797
509 2464797
509 2464802
509 2464824
508 2464832
508 2464844
509 2464852
508 2464864
508 2464872
507 2464884
509 2464892
511 2464904
508 2464912
508 2464925
507 2464932
506 2464944
509 2464952
506 2464964
508 2464972
508 2464984
508 2464992
511 2465004
506 2465012
508 2465024
508 2465032
508 2465044
508 2465064
508 2465067
509 2465074
508 2465084
510 2465092
509 2465104
506 2465113
508 2465124
507 2465133
507 2465145
508 2465153
509 2465177
507 2465177
509 2465182
508 2465194
506 2465202
506 2465214
503 2465223
505 2465234
504 2465242
510 2465254
508 2465262
507 2465274
505 2465282
509 2465306
506 2465306
511 2465312
508 2465324
508 2465348
507 2465350
508 2465354
507 2465364
510 2465387
507 2465388
507 2465394
509 2465402
506 2465414
508 2465434
509 2465437
508 2465445
509 2465453
509 2465462
507 2465487
507 2465487
509 2465492
507 2465514
508 2465522
508 2465535
508 2465571
509 2465572
510 2465575
507 2465575
508 2465596
508 2465596
508 2465617
508 2465617
508 2465622
508 2465647
508 2465647
510 2465666
508 2465669
508 2465674
509 2465697
508 2465697
507 2465702
509 2465727
507 2465728
507 2465743
509 2465785
506 2465786
507 2465793
507 2465794
508 2465794
509 2465806
508 2465806
507 2465824
508 2465827
509 2465857
508 2465858
507 2465864
506 2465872
509 2465884
507 2465905
507 2465907
509 2465941
508 2465941
508 2465943
508 2465944
506 2465946
506 2465994
507 2465996
509 2465997
509 2465999
509 2465999
508 2466002
510 2466014
510 2466055
502 2466057
520 2466071
500 2466073
480 2466075
504 2466076
523 2466083
496 2466094
506 2466112
507 2466149
486 2466151
495 2466152
495 2466200
503 2466201
514 2466201
500 2466202
508 2466202
508 2466204
513 2466214
507 2466223
504 2466234
504 2466242
515 2466254
494 2466275
508 2466277
511 2466285
496 2466294
509 2466302
500 2466314
505 2466322
505 2466334
524 2466353
506 2466366
518 2466366
516 2466389
505 2466409
513 2466412
503 2466414
505 2466415
518 2466436
522 2466438
510 2466444
510 2466453
505 2466489
502 2466491
510 2466494
503 2466495
517 2466515
506 2466517
516 2466525
521 2466534
507 2466542
504 2466580
514 2466582
503 2466584
509 2466585
507 2466595
505 2466604
511 2466612
513 2466623
501 2466659
508 2466665
509 2466666
506 2466668
490 2466674
509 2466682
534 2466694
493 2466702
503 2466724
510 2466732
503 2466744
506 2466771
506 2466772
510 2466786
507 2466786
506 2466792
508 2466803
507 2466812
506 2466824
510 2466833
507 2466844
510 2466865
508 2466867
506 2466875
504 2466884
507 2466892
504 2466904
505 2466912
511 2466949
517 2466951
506 2466953
512 2466955
510 2466962
502 2466979
508 2466995
506 2466997
510 2467017
509 2467017
506 2467024
505 2467045
509 2467047
508 2467055
507 2467064
509 2467072
507 2467097
509 2467097
508 2467102
507 2467114
507 2467122
509 2467134
511 2467142
513 2467169
501 2467174
517 2467177
514 2467184
504 2467195
514 2467202
500 2467214
499 2467222
509 2467234
519 2467242
510 2467254
497 2467262
512 2467274
511 2467282
503 2467306
512 2467307
504 2467312
507 2467323
505 2467332
505 2467343
507 2467352
509 2467371
507 2467385
505 2467388
508 2467395
507 2467404
510 2467412
508 2467424
505 2467432
507 2467444
507 2467465
511 2467467
511 2467475
501 2467484
518 2467492
522 2467504
508 2467512
506 2467524
513 2467532
505 2467544
511 2467552
506 2467568
509 2467574
505 2467584
513 2467604
504 2467607
520 2467614
511 2467624
511 2467632
501 2467644
510 2467666
509 2467668
507 2467686
503 2467687
506 2467694
509 2467702
500 2467714
506 2467748
508 2467755
508 2467756
534 2467756
508 2467796
511 2467797
508 2467800
536 2467817
502 2467817
506 2467824
503 2467857
501 2467860
510 2467865
508 2467865
507 2467874
513 2467895
499 2467897
523 2467904
501 2467914
510 2467922
501 2467934
509 2467942
508 2467954
507 2467978
510 2467979
509 2467984
506 2467992
506 2468004
507 2468012
508 2468024
508 2468032
508 2468085
508 2468108
510 2468111
511 2468111
507 2468112
508 2468112
507 2468113
506 2468115
508 2468137
510 2468137
507 2468144
508 2468152
508 2468164
505 2468185
508 2468188
507 2468195
507 2468230
508 2468232
508 2468235
504 2468235
512 2468245
506 2468279
506 2468279
510 2468283
505 2468285
505 2468294
516 2468304
505 2468312
506 2468324
512 2468344
505 2468347
511 2468366
505 2468366
503 2468374
502 2468394
511 2468397
506 2468404
509 2468414
506 2468422
507 2468446
508 2468446
508 2468452
507 2468485
509 2468486
511 2468486
504 2468515
511 2468517
518 2468525
512 2468534
508 2468542
509 2468554
507 2468562
508 2468574
510 2468582
508 2468594
507 2468602
509 2468614
509 2468635
509 2468638
505 2468645
506 2468654
511 2468662
510 2468680
505 2468683
510 2468692
505 2468704
506 2468712
503 2468724
514 2468732
523 2468744
507 2468752
511 2468764
501 2468772
503 2468784
503 2468792
518 2468803
511 2468812
513 2468824
507 2468844
509 2468847
510 2468854
499 2468889
511 2468890
504 2468891
510 2468893
509 2468904
499 2468912
508 2468924
515 2468932
511 2468944
506 2468952
500 2468964
507 2468972
504 2468984
502 2468992
509 2469004
507 2469012
501 2469024
510 2469032
507 2469044
496 2469052
504 2469064
496 2469072
502 2469084
502 2469092
497 2469104
506 2469112
505 2469124
511 2469132
511 2469144
509 2469152
511 2469164
509 2469172
511 2469184
506 2469192
506 2469204
509 2469212
507 2469223
507 2469232
507 2469244
509 2469263
528 2469296
514 2469297
468 2469299
501 2469303
540 2469314
536 2469322
498 2469334
515 2469342
498 2469354
504 2469375
513 2469377
506 2469384
510 2469394
509 2469402
506 2469414
508 2469422
507 2469434
510 2469472
506 2469473
506 2469475
507 2469475
508 2469484
505 2469494
506 2469502
506 2469514
510 2469534
507 2469537
508 2469544
528 2469554
504 2469562
502 2469573
504 2469582
500 2469594
519 2469602
499 2469613
486 2469622
509 2469634
513 2469643
508 2469654
500 2469663
518 2469674
512 2469683
507 2469694
512 2469702
510 2469714
511 2469722
509 2469734
510 2469742
505 2469754
505 2469762
517 2469785
503 2469786
508 2469795
509 2469804
497 2469812
509 2469824
508 2469832
519 2469844
502 2469852
503 2469864
504 2469873
506 2469884
512 2469892
509 2469904
507 2469912
502 2469924
518 2469932
503 2469944
505 2470013
514 2470014
493 2470015
511 2470015
513 2470016
511 2470016
502 2470037
511 2470037
515 2470042
514 2470067
509 2470067
507 2470072
530 2470084
497 2470092
508 2470104
502 2470112
509 2470124
505 2470132
503 2470144
511 2470152
506 2470164
506 2470175
510 2470184
511 2470192
508 2470204
507 2470212
505 2470224
508 2470232
507 2470244
508 2470273
508 2470289
508 2470291
508 2470294
511 2470295
507 2470319
505 2470355
506 2470392
507 2470394
507 2470394
509 2470395
508 2470395
508 2470396
508 2470397
508 2470397
507 2470404
505 2470425
510 2470428
506 2470434
509 2470444
510 2470452
509 2470477
511 2470477
509 2470486
511 2470494
511 2470502
510 2470514
505 2470522
507 2470534
505 2470555
507 2470557
510 2470564
502 2470586
509 2470587
506 2470592
511 2470604
508 2470638
507 2470667
506 2470676
511 2470677
509 2470678
504 2470678
506 2470681
508 2470683
508 2470694
509 2470703
507 2470711
509 2470724
506 2470742
508 2470767
512 2470767
509 2470789
506 2470790
510 2470794
506 2470802
507 2470814
509 2470822
508 2470834
509 2470868
507 2470874
511 2470874
508 2470880
508 2470883
507 2470895
505 2470904
507 2470912
511 2470924
509 2470932
512 2470944
511 2470952
507 2470964
507 2470988
508 2470988
509 2470994
506 2471002
508 2471014
509 2471022
508 2471033
509 2471042
508 2471053
507 2471062
508 2471073
509 2471082
506 2471093
508 2471102
508 2471113
511 2471122
509 2471133
506 2471143
508 2471154
507 2471181
506 2471182
506 2471185
508 2471195
509 2471214
509 2471225
510 2471227
508 2471234
506 2471244
508 2471265
510 2471267
507 2471274
509 2471284
507 2471292
509 2471303
511 2471312
507 2471323
505 2471345
506 2471347
508 2471354
508 2471364
507 2471371
507 2471384
508 2471391
510 2471404
507 2471412
506 2471424
506 2471444
507 2471447
509 2471454
507 2471478
508 2471478
509 2471492
510 2471503
509 2471513
507 2471524
507 2471533
510 2471544
509 2471553
507 2471564
507 2471572
509 2471584
508 2471592
509 2471604
507 2471612
507 2471624
509 2471632
508 2471644
510 2471652
508 2471690
509 2471691
507 2471691
508 2471705
506 2471707
506 2471714
507 2471723
507 2471732
506 2471744
509 2471752
506 2471764
508 2471772
509 2471783
508 2471794
507 2471804
507 2471812
507 2471824
508 2471832
508 2471844
508 2471852
509 2471863
510 2471872
507 2471883
507 2471893
505 2471904
507 2471912
508 2471924
508 2471932
508 2471944
508 2471974
506 2471975
510 2471975
508 2471984
507 2471993
508 2472004
508 2472012
508 2472024
507 2472032
508 2472044
510 2472052
508 2472063
508 2472072
507 2472084
508 2472092
507 2472103
508 2472112
508 2472124
508 2472145
508 2472146
508 2472153
508 2472161
507 2472174
507 2472183
508 2472194
507 2472202
508 2472223
508 2472232
508 2472243
508 2472252
507 2472263
507 2472281
507 2472284
507 2472294
509 2472304
508 2472312
508 2472324
508 2472358
509 2472364
507 2472364
507 2472369
508 2472374
508 2472382
507 2472394
508 2472459
507 2472460
508 2472460
510 2472461
508 2472462
507 2472462
507 2472465
507 2472474
509 2472484
508 2472504
508 2472507
508 2472514
510 2472524
508 2472532
507 2472570
507 2472572
509 2472574
509 2472575
508 2472596
508 2472596
508 2472603
510 2472611
507 2472649
506 2472653
507 2472654
509 2472657
507 2472683
508 2472684
508 2472684
509 2472694
509 2472715
507 2472718
507 2472725
506 2472734
509 2472742
508 2472754
508 2472762
508 2472774
508 2472782
507 2472794
508 2472802
508 2472826
507 2472826
506 2472832
507 2472844
508 2472852
508 2472864
506 2472873
508 2472883
509 2472892
507 2472903
507 2472912
507 2472923
506 2472932
508 2472943
508 2472972
507 2472974
507 2472984
510 2472993
508 2473002
506 2473014
507 2473022
507 2473034
507 2473042
507 2473053
507 2473062
508 2473073
511 2473082
507 2473093
508 2473102
509 2473113
504 2473122
501 2473158
510 2473161
513 2473163
512 2473165
509 2473185
511 2473187
511 2473195
508 2473203
508 2473212
509 2473236
508 2473237
508 2473242
508 2473254
509 2473262
510 2473295
506 2473296
507 2473305
507 2473307
508 2473315
508 2473323
506 2473332
509 2473343
509 2473352
506 2473363
504 2473372
506 2473383
505 2473392
506 2473403
506 2473412
506 2473423
507 2473432
501 2473444
510 2473452
509 2473463
506 2473472
508 2473483
505 2473492
506 2473503
508 2473525
509 2473527
510 2473535
510 2473544
508 2473565
506 2473567
507 2473575
508 2473583
507 2473592
507 2473604
508 2473612
508 2473623
509 2473632
513 2473643
504 2473652
513 2473663
495 2473672
507 2473684
509 2473692
510 2473713
507 2473722
511 2473733
512 2473742
505 2473753
506 2473770
510 2473772
509 2473808
506 2473809
511 2473810
508 2473814
510 2473822
507 2473833
508 2473842
507 2473853
507 2473862
508 2473899
510 2473899
509 2473903
512 2473906
508 2473915
506 2473923
507 2473932
505 2473943
509 2473977
507 2473978
508 2473979
510 2473996
506 2473997
508 2474002
509 2474013
508 2474022
504 2474033
506 2474042
509 2474053
509 2474081
504 2474083
511 2474085
507 2474094
508 2474103
506 2474137
513 2474139
506 2474144
503 2474144
503 2474153
502 2474162
508 2474173
505 2474182
509 2474193
513 2474202
505 2474213
505 2474222
507 2474233
507 2474242
509 2474253
506 2474262
512 2474273
516 2474287
506 2474306
512 2474306
502 2474312
505 2474323
493 2474332
506 2474356
512 2474356
510 2474362
506 2474373
499 2474382
509 2474393
504 2474402
502 2474413
510 2474435
505 2474437
506 2474455
510 2474463
509 2474472
508 2474505
508 2474506
507 2474514
506 2474516
508 2474524
506 2474533
507 2474542
505 2474554
511 2474562
506 2474574
512 2474582
504 2474594
511 2474602
509 2474613
522 2474622
504 2474633
506 2474654
509 2474657
509 2474664
510 2474686
506 2474686
507 2474704
505 2474706
509 2474714
506 2474736
509 2474736
509 2474741
513 2474753
510 2474762
512 2474799
512 2474799
506 2474803
518 2474817
506 2474817
505 2474822
511 2474847
510 2474847
506 2474864
508 2474867
507 2474874
507 2474890
510 2474893
509 2474913
507 2474926
507 2474926
507 2474944
508 2474947
505 2474954
505 2474963
508 2474972
508 2474983
506 2474992
506 2475004
508 2475024
508 2475027
509 2475034
509 2475043
507 2475081
511 2475082
509 2475083
508 2475096
509 2475096
509 2475101
507 2475126
512 2475126
511 2475142
509 2475154
504 2475162
510 2475186
509 2475188
506 2475197
508 2475204
506 2475256
506 2475256
509 2475260
506 2475261
505 2475261
509 2475264
510 2475418
508 2475419
507 2475420
508 2475422
511 2475422
514 2475423
504 2475423
511 2475424
511 2475424
505 2475425
510 2475425
510 2475426
507 2475426
510 2475427
508 2475429
505 2475429
507 2475508
507 2475508
506 2475509
508 2475509
507 2475510
509 2475510
511 2475512
506 2475512
504 2475515
507 2475524
509 2475534
510 2475556
505 2475557
508 2475564
506 2475585
510 2475588
508 2475594
507 2475616
505 2475616
509 2475622
506 2475634
508 2475642
507 2475680
508 2475680
508 2475683
510 2475685
508 2475694
506 2475703
506 2475712
506 2475723
509 2475732
508 2475744
508 2475752
507 2475764
510 2475784
508 2475787
506 2475806
509 2475807
506 2475826
507 2475826
507 2475832
507 2475843
508 2475857
510 2475889
507 2475889
509 2475892
507 2475917
507 2475918
508 2475935
508 2475937
508 2475969
507 2475969
509 2475972
509 2476002
507 2476003
508 2476004
509 2476016
507 2476016
509 2476049
508 2476051
507 2476053
509 2476078
507 2476079
509 2476082
508 2476096
510 2476096
507 2476127
507 2476129
510 2476131
509 2476145
510 2476147
510 2476179
507 2476180
507 2476182
509 2476196
507 2476197
508 2476204
503 2476212
512 2476224
501 2476232
508 2476256
500 2476256
505 2476263
508 2476300
511 2476301
507 2476304
508 2476306
507 2476314
507 2476336
504 2476337
504 2476354
507 2476357
507 2476365
505 2476374
506 2476382
508 2476393
509 2476414
507 2476417
509 2476424
508 2476433
505 2476442
509 2476453
508 2476462
507 2476486
510 2476487
509 2476492
512 2476504
511 2476512
510 2476523
515 2476532
510 2476543
505 2476564
515 2476567
518 2476575
488 2476584
486 2476592
509 2476603
478 2476612
507 2476623
499 2476632
513 2476643
505 2476652
505 2476663
512 2476682
517 2476694
497 2476715
518 2476717
498 2476725
490 2476733
510 2476742
500 2476753
507 2476762
514 2476773
509 2476795
506 2476797
510 2476804
505 2476813
507 2476822
508 2476833
505 2476842
508 2476853
510 2476865
505 2476883
508 2476883
511 2476893
508 2476903
504 2476923
510 2476936
512 2476937
512 2476967
503 2476969
503 2476974
522 2476975
506 2476994
499 2477017
506 2477019
509 2477024
511 2477024
509 2477046
513 2477046
508 2477054
506 2477063
510 2477072
507 2477096
507 2477097
502 2477102
514 2477114
504 2477122
509 2477146
506 2477146
510 2477152
509 2477180
509 2477181
510 2477183
508 2477206
507 2477206
506 2477212
512 2477223
501 2477232
513 2477243
510 2477252
509 2477263
515 2477272
506 2477283
513 2477292
505 2477303
512 2477312
507 2477323
507 2477332
509 2477343
509 2477352
506 2477363
504 2477398
509 2477403
505 2477404
508 2477406
510 2477413
512 2477432
513 2477444
511 2477452
501 2477464
506 2477487
501 2477488
511 2477494
502 2477502
511 2477514
504 2477522
513 2477534
497 2477542
507 2477554
508 2477562
506 2477574
487 2477582
501 2477594
500 2477602
513 2477614
512 2477622
486 2477633
514 2477642
499 2477654
496 2477677
507 2477678
502 2477683
512 2477694
507 2477704
505 2477711
510 2477723
509 2477731
503 2477743
510 2477752
500 2477763
504 2477780
507 2477783
539 2477794
491 2477803
504 2477811
521 2477824
500 2477832
504 2477844
499 2477852
513 2477864
507 2477872
509 2477884
509 2477892
510 2477904
503 2477912
509 2477924
506 2477932
511 2477944
508 2477952
510 2477964
507 2477972
510 2477984
512 2477992
509 2478004
512 2478012
507 2478024
514 2478032
512 2478044
508 2478052
503 2478064
496 2478071
502 2478083
512 2478091
507 2478103
501 2478112
515 2478123
500 2478132
505 2478143
507 2478174
507 2478177
510 2478183
510 2478193
507 2478202
504 2478214
508 2478222
510 2478234
509 2478242
509 2478254
507 2478262
505 2478295
510 2478296
510 2478304
504 2478307
506 2478314
508 2478324
504 2478332
510 2478344
508 2478352
509 2478364
509 2478372
506 2478384
507 2478392
507 2478404
510 2478412
506 2478427
507 2478444
507 2478447
509 2478454
509 2478464
507 2478472
508 2478483
504 2478491
508 2478503
508 2478511
507 2478523
509 2478531
508 2478556
508 2478556
508 2478561
506 2478587
505 2478587
505 2478592
507 2478604
508 2478612
509 2478624
507 2478632
509 2478644
509 2478652
508 2478664
505 2478672
509 2478684
506 2478704
509 2478707
505 2478714
507 2478724
508 2478744
509 2478747
508 2478770
505 2478771
508 2478774
508 2478784
507 2478807
509 2478807
507 2478812
506 2478823
510 2478865
506 2478867
509 2478878
511 2478879
498 2478884
506 2478884
510 2478911
499 2478956
522 2478957
518 2478959
512 2478959
508 2478963
537 2478964
519 2478972
519 2479024
501 2479044
508 2479046
505 2479046
510 2479048
510 2479051
503 2479056
510 2479056
506 2479116
512 2479119
510 2479121
485 2479121
525 2479123
508 2479124
502 2479136
510 2479136
493 2479154
517 2479156
507 2479164
512 2479196
507 2479196
508 2479212
509 2479253
512 2479278
502 2479279
510 2479281
515 2479281
508 2479282
510 2479282
503 2479283
511 2479323
508 2479366
509 2479367
509 2479368
504 2479368
504 2479369
506 2479370
502 2479372
509 2479376
508 2479376
507 2479406
513 2479406
510 2479425
499 2479427
508 2479460
504 2479460
504 2479463
514 2479491
514 2479492
508 2479492
501 2479494
505 2479504
506 2479526
509 2479526
500 2479532
506 2479578
502 2479580
509 2479584
509 2479585
512 2479585
510 2479605
513 2479607
514 2479615
509 2479623
504 2479632
512 2479656
510 2479656
505 2479662
506 2479686
512 2479687
506 2479692
507 2479703
512 2479712
509 2479750
500 2479752
506 2479753
505 2479766
505 2479767
509 2479772
509 2479783
509 2479792
507 2479816
508 2479816
507 2479822
507 2479846
509 2479846
509 2479852
509 2479863
509 2479872
507 2479896
505 2479896
507 2479902
506 2479939
508 2479945
506 2479946
507 2479956
509 2479957
508 2479973
507 2479986
509 2479986
508 2480003
508 2480043
508 2480043
507 2480046
505 2480047
506 2480092
506 2480093
507 2480095
504 2480095
508 2480120
507 2480122
508 2480123
507 2480124
505 2480136
509 2480137
508 2480142
507 2480168
507 2480170
506 2480199
508 2480199
507 2480202
509 2480216
509 2480216
510 2480222
509 2480246
508 2480247
506 2480253
508 2480276
508 2480276
506 2480292
511 2480303
508 2480312
505 2480324
507 2480331
506 2480343
509 2480351
508 2480376
501 2480376
512 2480381
510 2480393
510 2480401
508 2480413
509 2480421
511 2480446
504 2480447
506 2480451
507 2480484
506 2480484
510 2480486
508 2480494
508 2480504
511 2480512
510 2480524
505 2480532
507 2480544
507 2480552
509 2480583
508 2480583
508 2480584
507 2480617
510 2480620
510 2480622
507 2480634
508 2480637
508 2480644
507 2480654
508 2480662
508 2480674
509 2480682
509 2480693
508 2480702
507 2480714
507 2480721
509 2480733
508 2480742
507 2480766
509 2480767
508 2480784
513 2480787
509 2480820
506 2480822
505 2480824
507 2480824
505 2480844
507 2480846
507 2480854
507 2480881
508 2480882
507 2480895
506 2480898
509 2480904
512 2480926
512 2480926
509 2480945
508 2480947
508 2480954
508 2480978
509 2480979
507 2480982
505 2481035
506 2481035
508 2481038
509 2481038
508 2481039
507 2481056
507 2481056
511 2481113
509 2481116
509 2481116
507 2481117
507 2481120
506 2481203
505 2481205
512 2481205
510 2481208
509 2481208
510 2481211
506 2481211
509 2481212
508 2481245
509 2481245
507 2481248
507 2481248
509 2481249
510 2481267
508 2481267
506 2481272
508 2481294
506 2481313
509 2481326
507 2481326
508 2481327
509 2481345
508 2481348
509 2481354
508 2481379
506 2481379
509 2481402
509 2481433
506 2481433
508 2481436
508 2481437
507 2481458
508 2481460
503 2481487
512 2481488
507 2481488
505 2481489
506 2481506
508 2481506
507 2481539
508 2481541
505 2481544
507 2481544
507 2481553
504 2481563
510 2481584
508 2481605
505 2481619
506 2481619
505 2481622
510 2481684
508 2481700
506 2481700
507 2481703
507 2481732
508 2481732
508 2481735
508 2481735
508 2481736
511 2481738
508 2481738
507 2481746
507 2481746
508 2481754
508 2481762
508 2481773
509 2481794
507 2481820
510 2481821
509 2481826
507 2481826
507 2481846
509 2481846
508 2481872
508 2481886
509 2481886
508 2481904
508 2481906
508 2481926
507 2481927
506 2481950
509 2481954
506 2481956
509 2481964
509 2481997
508 2481997
508 2482005
509 2482007
507 2482015
507 2482049
507 2482050
507 2482053
505 2482055
506 2482064
508 2482087
503 2482087
509 2482092
508 2482129
501 2482129
506 2482133
508 2482135
503 2482158
507 2482168
516 2482168
508 2482181
509 2482196
513 2482196
505 2482202
508 2482213
511 2482261
506 2482264
508 2482264
503 2482267
505 2482272
507 2482286
509 2482287
504 2482291
509 2482303
504 2482324
505 2482327
504 2482334
505 2482354
510 2482363
504 2482367
512 2482386
501 2482386
506 2482408
501 2482409
525 2482412
520 2482424
516 2482444
517 2482447
503 2482454
508 2482501
508 2482504
507 2482504
505 2482507
507 2482507
508 2482527
507 2482527
508 2482532
509 2482543
508 2482577
508 2482578
506 2482578
506 2482583
506 2482614
508 2482617
508 2482624
507 2482659
508 2482662
508 2482665
509 2482666
507 2482673
507 2482695
510 2482695
507 2482701
506 2482733
509 2482747
508 2482750
512 2482754
506 2482754
509 2482795
510 2482795
509 2482796
507 2482797
505 2482802
509 2482814
508 2482822
509 2482834
505 2482867
506 2482870
508 2482874
509 2482874
510 2482896
508 2482896
507 2482902
508 2482913
510 2482932
509 2482946
507 2482947
507 2482952
508 2482990
508 2483091
507 2483092
509 2483092
507 2483093
509 2483094
509 2483094
507 2483095
507 2483096
508 2483096
507 2483097
509 2483097
505 2483098
508 2483100
507 2483102
509 2483111
507 2483124
507 2483145
508 2483148
508 2483154
509 2483164
508 2483172
508 2483196
508 2483196
508 2483202
509 2483226
507 2483226
508 2483232
507 2483256
509 2483256
507 2483274
509 2483277
509 2483284
509 2483306
508 2483306
506 2483311
506 2483324
509 2483332
508 2483353
509 2483364
507 2483373
508 2483398
511 2483399
507 2483404
508 2483411
501 2483436
518 2483436
499 2483441
510 2483453
511 2483461
514 2483485
511 2483485
509 2483491
505 2483516
513 2483516
512 2483534
505 2483537
508 2483544
510 2483566
510 2483566
507 2483572
508 2483596
508 2483596
507 2483602
508 2483614
506 2483622
507 2483646
508 2483647
506 2483652
511 2483676
510 2483676
507 2483682
506 2483693
508 2483701
506 2483726
509 2483726
508 2483731
508 2483756
510 2483756
509 2483761
507 2483773
504 2483781
506 2483805
509 2483806
508 2483811
508 2483823
508 2483831
508 2483855
510 2483855
507 2483861
507 2483886
508 2483886
509 2483892
509 2483916
507 2483916
507 2483922
509 2483934
510 2483955
508 2483958
505 2483964
507 2483974
508 2483982
508 2483994
509 2484027
508 2484031
509 2484031
508 2484044
508 2484047
505 2484054
507 2484063
507 2484072
509 2484084
507 2484092
509 2484126
509 2484127
509 2484131
508 2484143
506 2484151
507 2484163
509 2484171
509 2484183
507 2484191
508 2484204
509 2484211
509 2484223
508 2484231
506 2484243
506 2484252
508 2484264
507 2484286
507 2484287
508 2484294
507 2484302
508 2484314
509 2484322
506 2484334
507 2484342
507 2484354
506 2484362
508 2484374
508 2484382
509 2484394
508 2484402
511 2484414
508 2484434
505 2484437
506 2484444
508 2484453
508 2484461
508 2484486
506 2484508
517 2484513
517 2484514
511 2484515
505 2484523
507 2484556
506 2484563
508 2484563
507 2484566
507 2484573
509 2484581
510 2484593
508 2484601
508 2484613
508 2484634
508 2484637
508 2484644
512 2484666
507 2484668
507 2484686
508 2484686
509 2484692
507 2484704
507 2484712
508 2484724
508 2484732
507 2484745
509 2484752
508 2484764
508 2484772
507 2484784
505 2484792
506 2484804
509 2484824
507 2484827
508 2484834
508 2484853
509 2484861
507 2484886
508 2484886
508 2484892
506 2484903
507 2484911
507 2484923
509 2484931
510 2484943
508 2484951
507 2484963
510 2484998
508 2485004
507 2485005
507 2485009
507 2485027
508 2485027
508 2485032
508 2485044
508 2485052
510 2485076
508 2485076
508 2485082
509 2485094
508 2485102
506 2485113
508 2485122
507 2485133
509 2485142
511 2485154
508 2485161
506 2485186
508 2485186
508 2485192
509 2485219
507 2485219
508 2485222
509 2485233
509 2485241
509 2485253
507 2485261
507 2485273
509 2485281
508 2485306
507 2485306
507 2485323
508 2485326
509 2485333
509 2485343
508 2485351
506 2485363
509 2485385
509 2485386
507 2485406
509 2485407
508 2485413
509 2485424
509 2485432
507 2485444
507 2485457
508 2485464
507 2485493
507 2485494
508 2485519
508 2485522
508 2485525
508 2485525
509 2485533
515 2485543
503 2485562
500 2485586
506 2485586
506 2485604
506 2485607
508 2485614
510 2485623
507 2485631
507 2485643
507 2485666
507 2485669
508 2485674
508 2485696
509 2485696
507 2485714
510 2485716
508 2485723
507 2485746
507 2485746
508 2485752
507 2485776
508 2485776
510 2485808
509 2485814
509 2485814
509 2485815
507 2485822
507 2485834
508 2485842
507 2485853
508 2485904
508 2485907
508 2485907
508 2485909
509 2485912
507 2485914
507 2485925
509 2485933
508 2485942
508 2485953
509 2485962
509 2485993
505 2485994
509 2485994
508 2486002
506 2486039
507 2486041
507 2486044
509 2486044
508 2486065
508 2486066
509 2486073
507 2486086
508 2486106
509 2486106
503 2486112
511 2486123
510 2486144
508 2486147
507 2486154
509 2486163
509 2486172
505 2486196
505 2486196
507 2486202
507 2486213
508 2486222
508 2486233
507 2486242
508 2486253
510 2486275
506 2486277
508 2486285
508 2486301
507 2486303
506 2486322
506 2486333
509 2486342
508 2486353
506 2486362
508 2486373
507 2486382
508 2486393
510 2486402
506 2486413
507 2486422
506 2486433
506 2486442
505 2486453
506 2486475
507 2486477
506 2486484
507 2486493
509 2486502
508 2486513
510 2486522
508 2486533
508 2486542
509 2486553
508 2486562
507 2486573
508 2486582
508 2486593
506 2486615
508 2486617
508 2486636
512 2486637
504 2486643
507 2486652
513 2486663
518 2486698
502 2486701
506 2486702
503 2486716
510 2486717
508 2486723
511 2486732
509 2486743
505 2486752
502 2486763
505 2486772
510 2486784
507 2486792
508 2486803
510 2486812
509 2486823
508 2486832
507 2486843
507 2486852
507 2486863
507 2486872
509 2486883
508 2486905
513 2486907
508 2486926
513 2486927
510 2486933
506 2486965
508 2486968
509 2486995
507 2486996
511 2486997
508 2487004
510 2487014
509 2487016
506 2487036
506 2487037
511 2487066
507 2487066
508 2487097
508 2487099
507 2487101
508 2487114
507 2487116
511 2487124
509 2487146
504 2487147
510 2487178
511 2487180
507 2487182
509 2487195
501 2487259
514 2487260
507 2487260
504 2487261
509 2487261
509 2487262
509 2487262
507 2487276
512 2487276
505 2487283
517 2487304
499 2487306
496 2487314
505 2487336
513 2487336
512 2487341
508 2487353
515 2487362
507 2487386
501 2487386
510 2487392
509 2487403
510 2487412
506 2487423
510 2487432
509 2487443
508 2487465
507 2487467
508 2487473
509 2487496
506 2487497
506 2487501
509 2487513
509 2487521
508 2487533
509 2487542
509 2487617
508 2487620
508 2487625
506 2487625
506 2487628
508 2487628
505 2487633
508 2487633
508 2487636
508 2487675
508 2487685
509 2487688
505 2487710
505 2487710
507 2487713
507 2487726
494 2487726
503 2487814
505 2487932
513 2487935
510 2487935
503 2487936
504 2488005
505 2488060
506 2488064
510 2488066
503 2488066
508 2488069
507 2488069
510 2488072
509 2488072
510 2488073
507 2488075
507 2488075
508 2488076
509 2488086
508 2488086
509 2488093
511 2488102
508 2488113
511 2488121
508 2488133
506 2488141
508 2488154
510 2488161
507 2488173
508 2488181
508 2488193
508 2488201
508 2488213
509 2488221
507 2488233
506 2488241
507 2488253
509 2488261
508 2488273
509 2488281
508 2488293
508 2488301
511 2488313
509 2488321
507 2488345
508 2488346
507 2488351
509 2488376
507 2488376
508 2488382
508 2488405
509 2488422
507 2488438
506 2488441
507 2488457
507 2488458
513 2488503
509 2488506
509 2488507
511 2488509
509 2488509
506 2488524
505 2488527
507 2488546
510 2488546
506 2488553
505 2488561
509 2488574
507 2488583
510 2488593
511 2488601
506 2488626
504 2488627
508 2488631
507 2488643
508 2488651
508 2488663
508 2488671
505 2488683
508 2488703
506 2488706
506 2488713
509 2488723
508 2488731
509 2488744
509 2488752
507 2488764
508 2488784
509 2488787
508 2488794
507 2488804
506 2488812
507 2488824
509 2488844
508 2488847
505 2488853
515 2488863
508 2488875
507 2488929
506 2488929
505 2488930
509 2488931
516 2488933
