47.54638671875 58.7158203125 -47.36328125 1153115
47.54638671875 58.7158203125 -47.36328125 1153115
47.54638671875 58.7158203125 -47.36328125 1153118
47.54638671875 58.7158203125 -47.36328125 1153120
47.54638671875 58.7158203125 -47.36328125 1153122
-19.1650390625 107.0556640625 26.123046875 1153260
-19.83642578125 114.68505859375 22.27783203125 1153262
-19.83642578125 114.68505859375 22.27783203125 1153263
-19.83642578125 114.68505859375 22.27783203125 1153264
-19.83642578125 114.68505859375 22.27783203125 1153366
-4.8828125 73.1201171875 22.5830078125 1153369
-4.8828125 73.1201171875 22.5830078125 1153371
-4.8828125 73.1201171875 22.5830078125 1153373
-4.8828125 73.1201171875 22.5830078125 1153470
0.18310546875 6.28662109375 0 1153472
0.18310546875 6.28662109375 0 1153474
0.18310546875 6.28662109375 0 1153476
2.13623046875 -8.23974609375 -10.31494140625 1153660
30.82275390625 50.10986328125 -7.38525390625 1153663
30.82275390625 50.10986328125 -7.38525390625 1153666
30.82275390625 50.10986328125 -7.38525390625 1153668
30.82275390625 50.10986328125 -7.38525390625 1153764
40.71044921875 98.32763671875 0.9765625 1153766
40.71044921875 98.32763671875 0.9765625 1153768
40.71044921875 98.32763671875 0.9765625 1153769
51.69677734375 127.50244140625 2.74658203125 1153960
44.0673828125 38.57421875 -11.23046875 1153962
44.0673828125 38.57421875 -11.23046875 1153964
44.0673828125 38.57421875 -11.23046875 1153966
44.0673828125 38.57421875 -11.23046875 1154065
34.3017578125 -1.220703125 -23.37646484375 1154067
34.3017578125 -1.220703125 -23.37646484375 1154068
34.3017578125 -1.220703125 -23.37646484375 1154070
38.818359375 -14.22119140625 -15.9912109375 1154265
21.78955078125 40.4052734375 -10.19287109375 1154267
21.78955078125 40.4052734375 -10.19287109375 1154269
21.78955078125 40.4052734375 -10.19287109375 1154271
26.9775390625 55.2978515625 0.30517578125 1154461
20.08056640625 110.53466796875 10.009765625 1154463
20.08056640625 110.53466796875 10.009765625 1154464
20.08056640625 110.53466796875 10.009765625 1154466
31.92138671875 150.146484375 -54.8095703125 1154658
4.2724609375 -16.29638671875 10.6201171875 1154659
4.2724609375 -16.29638671875 10.6201171875 1154661
4.2724609375 -16.29638671875 10.6201171875 1154662
1.28173828125 -8.36181640625 0.42724609375 1154760
1.28173828125 -8.36181640625 0.42724609375 1154763
1.28173828125 -8.36181640625 0.42724609375 1154764
1.28173828125 -8.36181640625 0.42724609375 1154858
15.869140625 -33.935546875 7.87353515625 1154959
4.45556640625 9.09423828125 5.2490234375 1154960
4.45556640625 9.09423828125 5.2490234375 1154961
4.45556640625 9.09423828125 5.2490234375 1154963
4.45556640625 9.09423828125 5.2490234375 1155060
5.18798828125 -34.97314453125 -17.08984375 1155062
5.18798828125 -34.97314453125 -17.08984375 1155063
5.18798828125 -34.97314453125 -17.08984375 1155065
5.18798828125 -34.97314453125 -17.08984375 1155162
2.197265625 36.31591796875 -20.44677734375 1155164
2.197265625 36.31591796875 -20.44677734375 1155166
2.197265625 36.31591796875 -20.44677734375 1155168
5.06591796875 -2.38037109375 -5.92041015625 1155392
-25.634765625 -3.72314453125 -18.310546875 1155400
-25.634765625 -3.72314453125 -18.310546875 1155402
-25.634765625 -3.72314453125 -18.310546875 1155407
2.5634765625 0.8544921875 -12.75634765625 1155558
-6.40869140625 59.26513671875 -32.958984375 1155559
-6.40869140625 59.26513671875 -32.958984375 1155561
-6.40869140625 59.26513671875 -32.958984375 1155562
-6.40869140625 59.26513671875 -32.958984375 1155691
2.38037109375 10.07080078125 11.23046875 1155693
2.38037109375 10.07080078125 11.23046875 1155694
2.38037109375 10.07080078125 11.23046875 1155696
-4.57763671875 20.1416015625 3.5400390625 1155859
-9.1552734375 57.55615234375 -22.0947265625 1155860
-9.1552734375 57.55615234375 -22.0947265625 1155862
-9.1552734375 57.55615234375 -22.0947265625 1155864
-6.34765625 76.66015625 -29.6630859375 1156059
-8.30078125 36.19384765625 -10.6201171875 1156061
-8.30078125 36.19384765625 -10.6201171875 1156063
-8.30078125 36.19384765625 -10.6201171875 1156064
-5.0048828125 88.37890625 -36.92626953125 1156267
-2.5634765625 104.248046875 -27.9541015625 1156268
-2.5634765625 104.248046875 -27.9541015625 1156283
-2.5634765625 104.248046875 -27.9541015625 1156285
-0.30517578125 58.41064453125 -19.95849609375 1156480
-0.79345703125 26.3671875 -10.25390625 1156482
-0.79345703125 26.3671875 -10.25390625 1156483
-0.79345703125 26.3671875 -10.25390625 1156485
-3.47900390625 -17.63916015625 9.1552734375 1156671
10.80322265625 -28.1982421875 8.1787109375 1156673
10.80322265625 -28.1982421875 8.1787109375 1156675
10.80322265625 -28.1982421875 8.1787109375 1156676
12.75634765625 -101.318359375 16.11328125 1156858
-5.67626953125 -9.46044921875 1.52587890625 1156861
-5.67626953125 -9.46044921875 1.52587890625 1156862
-5.67626953125 -9.46044921875 1.52587890625 1156863
-5.67626953125 -9.46044921875 1.52587890625 1156960
7.75146484375 -39.0625 6.40869140625 1156962
7.75146484375 -39.0625 6.40869140625 1156963
7.75146484375 -39.0625 6.40869140625 1156965
7.75146484375 -39.0625 6.40869140625 1157060
-17.578125 -13.24462890625 -20.3857421875 1157159
-17.578125 -13.24462890625 -20.3857421875 1157161
-17.578125 -13.24462890625 -20.3857421875 1157162
-17.578125 -13.24462890625 -20.3857421875 1157259
-34.912109375 -21.54541015625 -28.3203125 1157261
-34.912109375 -21.54541015625 -28.3203125 1157262
-34.912109375 -21.54541015625 -28.3203125 1157264
-34.912109375 -21.54541015625 -28.3203125 1157359
24.71923828125 -18.6767578125 -7.87353515625 1157361
24.71923828125 -18.6767578125 -7.87353515625 1157363
24.71923828125 -18.6767578125 -7.87353515625 1157365
24.71923828125 -18.6767578125 -7.87353515625 1157461
14.6484375 36.19384765625 17.08984375 1157463
14.6484375 36.19384765625 17.08984375 1157464
14.6484375 36.19384765625 17.08984375 1157466
3.41796875 49.49951171875 26.2451171875 1157664
-9.46044921875 -17.76123046875 13.97705078125 1157665
-9.46044921875 -17.76123046875 13.97705078125 1157667
-9.46044921875 -17.76123046875 13.97705078125 1157668
-9.46044921875 -4.33349609375 -3.0517578125 1157860
-3.0517578125 -2.197265625 -5.92041015625 1157862
-3.0517578125 -2.197265625 -5.92041015625 1157864
-3.0517578125 -2.197265625 -5.92041015625 1157865
-3.0517578125 -2.197265625 -5.92041015625 1157967
3.47900390625 -1.5869140625 0.9765625 1157970
3.47900390625 -1.5869140625 0.9765625 1157972
3.47900390625 -1.5869140625 0.9765625 1157973
8.72802734375 -1.89208984375 5.92041015625 1158160
2.5634765625 -0.54931640625 -1.03759765625 1158161
2.5634765625 -0.54931640625 -1.03759765625 1158163
2.5634765625 -0.54931640625 -1.03759765625 1158164
2.5634765625 -0.54931640625 -1.03759765625 1158263
-0.30517578125 -0.54931640625 0.1220703125 1158264
-0.30517578125 -0.54931640625 0.1220703125 1158266
-0.30517578125 -0.54931640625 0.1220703125 1158268
-2.25830078125 -0.732421875 4.2724609375 1158460
-10.68115234375 12.0849609375 2.685546875 1158462
-10.68115234375 12.0849609375 2.685546875 1158464
-10.68115234375 12.0849609375 2.685546875 1158465
-9.3994140625 13.0615234375 1.40380859375 1158580
-9.3994140625 13.0615234375 1.40380859375 1158581
-9.3994140625 13.0615234375 1.40380859375 1158583
-9.3994140625 13.0615234375 1.40380859375 1158662
-1.220703125 4.2724609375 -0.1220703125 1158764
-0.06103515625 1.03759765625 0.6103515625 1158766
-0.06103515625 1.03759765625 0.6103515625 1158768
-0.06103515625 1.03759765625 0.6103515625 1158771
-0.06103515625 1.03759765625 0.6103515625 1158864
-3.41796875 6.34765625 1.28173828125 1158866
-3.41796875 6.34765625 1.28173828125 1158868
-3.41796875 6.34765625 1.28173828125 1158965
-5.37109375 14.16015625 4.2724609375 1158966
-5.37109375 14.16015625 4.2724609375 1158968
-5.37109375 14.16015625 4.2724609375 1158969
-5.9814453125 15.869140625 0.79345703125 1159165
2.25830078125 -3.96728515625 2.62451171875 1159168
2.25830078125 -3.96728515625 2.62451171875 1159169
2.25830078125 -3.96728515625 2.62451171875 1159171
1.46484375 -7.50732421875 3.90625 1159360
-0.6103515625 0.244140625 0 1159361
-0.6103515625 0.244140625 0 1159382
-0.6103515625 0.244140625 0 1159384
-0.6103515625 0.244140625 0 1159642
-0.732421875 0.1220703125 0.30517578125 1159644
-0.732421875 0.1220703125 0.30517578125 1159646
-0.732421875 0.1220703125 0.30517578125 1159648
6.16455078125 -18.85986328125 -1.8310546875 1159763
0.9765625 -0.48828125 2.50244140625 1159765
0.9765625 -0.48828125 2.50244140625 1159766
0.9765625 -0.48828125 2.50244140625 1159768
0.9765625 -0.48828125 2.50244140625 1159879
1.953125 -0.67138671875 -0.1220703125 1159881
1.953125 -0.67138671875 -0.1220703125 1159882
1.953125 -0.67138671875 -0.1220703125 1159884
-1.40380859375 -0.30517578125 -6.53076171875 1160062
-9.27734375 8.97216796875 -5.7373046875 1160065
-9.27734375 8.97216796875 -5.7373046875 1160066
-9.27734375 8.97216796875 -5.7373046875 1160068
1.40380859375 0.3662109375 0.79345703125 1160262
0.1220703125 3.2958984375 -1.28173828125 1160264
0.1220703125 3.2958984375 -1.28173828125 1160265
0.1220703125 3.2958984375 -1.28173828125 1160267
-5.37109375 -5.18798828125 4.21142578125 1160460
-0.06103515625 0.6103515625 -0.42724609375 1160462
-0.06103515625 0.6103515625 -0.42724609375 1160464
-0.06103515625 0.6103515625 -0.42724609375 1160466
-0.06103515625 0.6103515625 -0.42724609375 1160574
-0.30517578125 0 -1.03759765625 1160576
-0.30517578125 0 -1.03759765625 1160578
-0.30517578125 0 -1.03759765625 1160579
0.06103515625 -25.634765625 -7.75146484375 1160764
-48.4619140625 28.86962890625 -12.0849609375 1160766
-48.4619140625 28.86962890625 -12.0849609375 1160767
-48.4619140625 28.86962890625 -12.0849609375 1160768
0.18310546875 -11.53564453125 3.23486328125 1160961
17.578125 -0.9765625 10.68115234375 1160962
17.578125 -0.9765625 10.68115234375 1160964
17.578125 -0.9765625 10.68115234375 1160966
17.578125 -0.9765625 10.68115234375 1161061
-10.6201171875 32.89794921875 0.91552734375 1161063
-10.6201171875 32.89794921875 0.91552734375 1161065
-10.6201171875 32.89794921875 0.91552734375 1161073
-10.6201171875 32.89794921875 0.91552734375 1161162
-17.27294921875 -23.4375 17.9443359375 1161262
-1.708984375 -12.26806640625 0.30517578125 1161264
-1.708984375 -12.26806640625 0.30517578125 1161266
-1.708984375 -12.26806640625 0.30517578125 1161267
-3.173828125 26.7333984375 33.0810546875 1161461
-11.962890625 10.7421875 43.76220703125 1161463
-11.962890625 10.7421875 43.76220703125 1161465
-11.962890625 10.7421875 43.76220703125 1161467
-11.962890625 10.7421875 43.76220703125 1161563
-1.0986328125 92.1630859375 76.59912109375 1161564
-1.0986328125 92.1630859375 76.59912109375 1161566
-7.4462890625 19.1650390625 53.7109375 1161662
-7.4462890625 19.1650390625 53.7109375 1161778
-31.55517578125 76.96533203125 48.27880859375 1161780
-31.55517578125 76.96533203125 48.27880859375 1161781
-31.55517578125 76.96533203125 48.27880859375 1161783
4.45556640625 42.1142578125 58.9599609375 1161962
9.3994140625 -0.732421875 50.9033203125 1161964
9.3994140625 -0.732421875 50.9033203125 1161965
9.3994140625 -0.732421875 50.9033203125 1161966
-33.447265625 -31.92138671875 15.5029296875 1162163
27.77099609375 0 42.41943359375 1162165
27.77099609375 0 42.41943359375 1162166
27.77099609375 0 42.41943359375 1162167
27.77099609375 0 42.41943359375 1162264
28.74755859375 5.4931640625 8.1787109375 1162266
28.74755859375 5.4931640625 8.1787109375 1162268
28.74755859375 5.4931640625 8.1787109375 1162270
53.8330078125 -11.41357421875 -39.4287109375 1162461
78.30810546875 -12.02392578125 -66.5283203125 1162463
78.30810546875 -12.02392578125 -66.5283203125 1162465
78.30810546875 -12.02392578125 -66.5283203125 1162467
78.30810546875 -12.02392578125 -66.5283203125 1162563
57.06787109375 -0.244140625 -51.8798828125 1162564
57.06787109375 -0.244140625 -51.8798828125 1162566
57.06787109375 -0.244140625 -51.8798828125 1162568
57.06787109375 -0.244140625 -51.8798828125 1162669
10.19287109375 -10.55908203125 39.97802734375 1162671
10.19287109375 -10.55908203125 39.97802734375 1162672
10.19287109375 -10.55908203125 39.97802734375 1162674
10.19287109375 -10.55908203125 39.97802734375 1162770
-98.5107421875 -41.56494140625 82.33642578125 1162772
-98.5107421875 -41.56494140625 82.33642578125 1162773
-98.5107421875 -41.56494140625 82.33642578125 1162774
-76.59912109375 -49.37744140625 55.0537109375 1162961
-82.82470703125 -42.54150390625 38.87939453125 1162962
-82.82470703125 -42.54150390625 38.87939453125 1162964
-82.82470703125 -42.54150390625 38.87939453125 1162966
-82.82470703125 -42.54150390625 38.87939453125 1163071
-98.7548828125 88.2568359375 -20.69091796875 1163073
-98.7548828125 88.2568359375 -20.69091796875 1163097
-98.7548828125 88.2568359375 -20.69091796875 1163098
-53.64990234375 -29.84619140625 -25.7568359375 1163261
-30.6396484375 -7.50732421875 -27.34375 1163262
-30.6396484375 -7.50732421875 -27.34375 1163264
-30.6396484375 -7.50732421875 -27.34375 1163266
-30.6396484375 -7.50732421875 -27.34375 1163363
-29.1748046875 116.0888671875 -64.453125 1163365
-29.1748046875 116.0888671875 -64.453125 1163366
-29.1748046875 116.0888671875 -64.453125 1163386
-39.6728515625 -4.150390625 -32.89794921875 1163562
-59.50927734375 -41.6259765625 -52.55126953125 1163564
-59.50927734375 -41.6259765625 -52.55126953125 1163566
-59.50927734375 -41.6259765625 -52.55126953125 1163568
-59.50927734375 -41.6259765625 -52.55126953125 1163663
-131.89697265625 -21.728515625 -157.470703125 1163665
-131.89697265625 -21.728515625 -157.470703125 1163666
-131.89697265625 -21.728515625 -157.470703125 1163687
-131.89697265625 -21.728515625 -157.470703125 1163765
-67.19970703125 -45.5322265625 -335.693359375 1163768
-67.19970703125 -45.5322265625 -335.693359375 1163770
17.76123046875 34.66796875 -272.5830078125 1163863
17.76123046875 34.66796875 -272.5830078125 1163963
-58.41064453125 56.5185546875 -39.4287109375 1163965
-58.41064453125 56.5185546875 -39.4287109375 1163967
-58.41064453125 56.5185546875 -39.4287109375 1163969
-58.41064453125 56.5185546875 -39.4287109375 1164063
-110.3515625 -8.056640625 10.6201171875 1164163
-110.3515625 -8.056640625 10.6201171875 1164164
-110.3515625 -8.056640625 10.6201171875 1164166
-110.3515625 -8.056640625 10.6201171875 1164266
-126.03759765625 -40.0390625 92.22412109375 1164267
-126.03759765625 -40.0390625 92.22412109375 1164269
-126.03759765625 -40.0390625 92.22412109375 1164270
-58.59375 -27.64892578125 99.54833984375 1164462
34.3017578125 -52.001953125 4.7607421875 1164463
34.3017578125 -52.001953125 4.7607421875 1164465
34.3017578125 -52.001953125 4.7607421875 1164466
34.3017578125 -52.001953125 4.7607421875 1164563
13.3056640625 -25.81787109375 20.263671875 1164565
13.3056640625 -25.81787109375 20.263671875 1164567
13.3056640625 -25.81787109375 20.263671875 1164571
13.3056640625 -25.81787109375 20.263671875 1164663
-39.0625 39.12353515625 59.814453125 1164665
-39.0625 39.12353515625 59.814453125 1164764
-66.40625 77.08740234375 86.5478515625 1164765
-66.40625 77.08740234375 86.5478515625 1164767
-66.40625 77.08740234375 86.5478515625 1164768
36.0107421875 27.52685546875 187.92724609375 1164980
184.26513671875 -86.7919921875 257.99560546875 1164982
184.26513671875 -86.7919921875 257.99560546875 1164984
184.26513671875 -86.7919921875 257.99560546875 1164985
23.92578125 -55.6640625 168.27392578125 1165178
-97.7783203125 -185.24169921875 47.8515625 1165181
-97.7783203125 -185.24169921875 47.8515625 1165183
-97.7783203125 -185.24169921875 47.8515625 1165184
-162.65869140625 -211.60888671875 -10.1318359375 1165365
-159.7900390625 -123.10791015625 -63.90380859375 1165367
-159.7900390625 -123.10791015625 -63.90380859375 1165369
-159.7900390625 -123.10791015625 -63.90380859375 1165371
-85.3271484375 9.6435546875 -184.2041015625 1165562
-94.1162109375 100.40283203125 -302.18505859375 1165564
-94.1162109375 100.40283203125 -302.18505859375 1165565
-94.1162109375 100.40283203125 -302.18505859375 1165569
-94.1162109375 100.40283203125 -302.18505859375 1165665
-112.1826171875 105.3466796875 -254.150390625 1165667
-112.1826171875 105.3466796875 -254.150390625 1165675
-112.1826171875 105.3466796875 -254.150390625 1165677
-98.44970703125 52.67333984375 28.13720703125 1165862
9.765625 33.63037109375 132.4462890625 1165864
9.765625 33.63037109375 132.4462890625 1165866
9.765625 33.63037109375 132.4462890625 1165868
45.22705078125 -11.3525390625 -19.10400390625 1165965
45.22705078125 -11.3525390625 -19.10400390625 1165967
45.22705078125 -11.3525390625 -19.10400390625 1165969
45.22705078125 -11.3525390625 -19.10400390625 1166073
100.52490234375 19.83642578125 -57.18994140625 1166075
100.52490234375 19.83642578125 -57.18994140625 1166076
100.52490234375 19.83642578125 -57.18994140625 1166077
145.8740234375 93.44482421875 11.77978515625 1166273
5.67626953125 57.80029296875 -49.072265625 1166275
5.67626953125 57.80029296875 -49.072265625 1166277
5.67626953125 57.80029296875 -49.072265625 1166280
-42.78564453125 22.216796875 22.39990234375 1166463
47.119140625 56.396484375 -26.67236328125 1166465
47.119140625 56.396484375 -26.67236328125 1166468
47.119140625 56.396484375 -26.67236328125 1166469
47.119140625 56.396484375 -26.67236328125 1166564
12.8173828125 67.626953125 -25.0244140625 1166566
12.8173828125 67.626953125 -25.0244140625 1166568
12.8173828125 67.626953125 -25.0244140625 1166666
-54.3212890625 42.3583984375 -38.51318359375 1166669
-54.3212890625 42.3583984375 -38.51318359375 1166671
-54.3212890625 42.3583984375 -38.51318359375 1166673
-54.3212890625 42.3583984375 -38.51318359375 1166767
1.46484375 2.74658203125 3.41796875 1166769
1.46484375 2.74658203125 3.41796875 1166771
1.46484375 2.74658203125 3.41796875 1166773
1.46484375 2.74658203125 3.41796875 1166868
-47.7294921875 17.578125 4.08935546875 1166870
-47.7294921875 17.578125 4.08935546875 1166971
-35.15625 13.5498046875 52.490234375 1166973
-35.15625 13.5498046875 52.490234375 1166974
-35.15625 13.5498046875 52.490234375 1166976
-27.03857421875 33.14208984375 43.76220703125 1167256
1.46484375 17.27294921875 28.3203125 1167258
1.46484375 17.27294921875 28.3203125 1167260
1.46484375 17.27294921875 28.3203125 1167262
-29.1748046875 25.45166015625 17.9443359375 1167373
-26.7333984375 -8.30078125 45.34912109375 1167375
-26.7333984375 -8.30078125 45.34912109375 1167377
-26.7333984375 -8.30078125 45.34912109375 1167378
-21.484375 -20.263671875 31.982421875 1167581
51.513671875 13.427734375 28.01513671875 1167583
51.513671875 13.427734375 28.01513671875 1167584
51.513671875 13.427734375 28.01513671875 1167586
21.42333984375 3.96728515625 37.109375 1167763
8.97216796875 10.7421875 11.1083984375 1167766
8.97216796875 10.7421875 11.1083984375 1167768
8.97216796875 10.7421875 11.1083984375 1167770
8.97216796875 10.7421875 11.1083984375 1167868
-46.875 21.6064453125 40.83251953125 1167870
-46.875 21.6064453125 40.83251953125 1167871
-46.875 21.6064453125 40.83251953125 1167873
-46.875 21.6064453125 40.83251953125 1167971
-43.51806640625 98.876953125 46.5087890625 1167973
-43.51806640625 98.876953125 46.5087890625 1167974
-43.51806640625 98.876953125 46.5087890625 1167975
-2.50244140625 44.7998046875 17.2119140625 1168181
2.38037109375 -4.39453125 6.40869140625 1168183
2.38037109375 -4.39453125 6.40869140625 1168185
2.38037109375 -4.39453125 6.40869140625 1168186
11.04736328125 -2.5634765625 15.07568359375 1168364
-1.77001953125 3.23486328125 -4.150390625 1168366
-1.77001953125 3.23486328125 -4.150390625 1168367
-1.77001953125 3.23486328125 -4.150390625 1168370
-1.77001953125 3.23486328125 -4.150390625 1168470
-4.69970703125 4.150390625 4.57763671875 1168472
-4.69970703125 4.150390625 4.57763671875 1168474
-4.69970703125 4.150390625 4.57763671875 1168475
-4.69970703125 4.150390625 4.57763671875 1168606
-0.54931640625 5.55419921875 -23.8037109375 1168608
-0.54931640625 5.55419921875 -23.8037109375 1168624
-0.54931640625 5.55419921875 -23.8037109375 1168626
-54.62646484375 53.40576171875 -57.55615234375 1168768
-28.50341796875 37.78076171875 -64.75830078125 1168770
-28.50341796875 37.78076171875 -64.75830078125 1168772
-28.50341796875 37.78076171875 -64.75830078125 1168774
-28.50341796875 37.78076171875 -64.75830078125 1168902
-25.5126953125 16.2353515625 1.15966796875 1168903
-25.5126953125 16.2353515625 1.15966796875 1168905
-25.5126953125 16.2353515625 1.15966796875 1168907
8.4228515625 147.216796875 54.0771484375 1169139
-17.578125 -33.14208984375 -21.30126953125 1169141
-17.578125 -33.14208984375 -21.30126953125 1169142
-17.578125 -33.14208984375 -21.30126953125 1169144
33.63037109375 -40.8935546875 3.23486328125 1169267
19.287109375 -9.82666015625 25.5126953125 1169270
19.287109375 -9.82666015625 25.5126953125 1169272
19.287109375 -9.82666015625 25.5126953125 1169273
23.62060546875 -20.69091796875 11.16943359375 1169474
-16.7236328125 15.2587890625 14.58740234375 1169487
-16.7236328125 15.2587890625 14.58740234375 1169489
-16.7236328125 15.2587890625 14.58740234375 1169491
11.41357421875 -14.22119140625 153.564453125 1169667
-12.51220703125 4.33349609375 -14.83154296875 1169670
-12.51220703125 4.33349609375 -14.83154296875 1169672
-12.51220703125 4.33349609375 -14.83154296875 1169674
18.6767578125 8.60595703125 -6.40869140625 1169868
0.244140625 20.3857421875 -53.77197265625 1169870
0.244140625 20.3857421875 -53.77197265625 1169872
0.244140625 20.3857421875 -53.77197265625 1169889
-48.03466796875 -3.41796875 -73.73046875 1170069
-33.26416015625 -12.5732421875 -50.84228515625 1170071
-33.26416015625 -12.5732421875 -50.84228515625 1170072
-33.26416015625 -12.5732421875 -50.84228515625 1170074
-27.52685546875 -9.58251953125 1.953125 1170293
-55.2978515625 6.89697265625 -57.861328125 1170295
-55.2978515625 6.89697265625 -57.861328125 1170297
-55.2978515625 6.89697265625 -57.861328125 1170299
21.484375 2.5634765625 9.21630859375 1170490
67.32177734375 -29.84619140625 36.1328125 1170492
67.32177734375 -29.84619140625 36.1328125 1170494
67.32177734375 -29.84619140625 36.1328125 1170495
34.36279296875 -22.5830078125 -1.5869140625 1170683
33.14208984375 -25.08544921875 12.26806640625 1170685
33.14208984375 -25.08544921875 12.26806640625 1170687
33.14208984375 -25.08544921875 12.26806640625 1170688
-29.052734375 11.3525390625 -19.287109375 1170866
11.77978515625 -3.72314453125 10.7421875 1170897
11.77978515625 -3.72314453125 10.7421875 1170899
11.77978515625 -3.72314453125 10.7421875 1170901
11.77978515625 -3.72314453125 10.7421875 1170968
14.7705078125 -4.2724609375 3.60107421875 1171069
14.7705078125 -4.2724609375 3.60107421875 1171071
14.7705078125 -4.2724609375 3.60107421875 1171072
14.7705078125 -4.2724609375 3.60107421875 1171169
8.72802734375 -3.35693359375 7.99560546875 1171171
8.72802734375 -3.35693359375 7.99560546875 1171172
8.72802734375 -3.35693359375 7.99560546875 1171174
-1.220703125 0.91552734375 -6.77490234375 1171386
10.55908203125 -8.9111328125 8.4228515625 1171388
10.55908203125 -8.9111328125 8.4228515625 1171390
10.55908203125 -8.9111328125 8.4228515625 1171392
-8.72802734375 7.080078125 -7.2021484375 1171590
8.30078125 -3.0517578125 4.57763671875 1171593
8.30078125 -3.0517578125 4.57763671875 1171617
8.30078125 -3.0517578125 4.57763671875 1171620
-1.28173828125 0.732421875 -0.06103515625 1171770
1.5869140625 -1.64794921875 -2.99072265625 1171773
1.5869140625 -1.64794921875 -2.99072265625 1171793
1.5869140625 -1.64794921875 -2.99072265625 1171796
1.5869140625 -1.64794921875 -2.99072265625 1171888
-2.74658203125 0.48828125 1.89208984375 1171889
1.52587890625 0.79345703125 1.220703125 1171967
1.52587890625 0.79345703125 1.220703125 1171970
1.52587890625 0.79345703125 1.220703125 1172068
8.23974609375 -3.35693359375 4.2724609375 1172070
8.23974609375 -3.35693359375 4.2724609375 1172072
8.23974609375 -3.35693359375 4.2724609375 1172073
8.23974609375 -3.35693359375 4.2724609375 1172185
-4.57763671875 5.4931640625 -4.638671875 1172187
-4.57763671875 5.4931640625 -4.638671875 1172189
-4.57763671875 5.4931640625 -4.638671875 1172191
2.0751953125 -2.99072265625 3.84521484375 1172368
-0.67138671875 1.46484375 -0.48828125 1172370
-0.67138671875 1.46484375 -0.48828125 1172372
-0.67138671875 1.46484375 -0.48828125 1172373
-0.67138671875 1.46484375 -0.48828125 1172477
3.84521484375 -1.8310546875 -1.40380859375 1172479
3.84521484375 -1.8310546875 -1.40380859375 1172481
3.84521484375 -1.8310546875 -1.40380859375 1172483
0.54931640625 1.3427734375 1.3427734375 1172712
2.0751953125 0 5.92041015625 1172714
2.0751953125 0 5.92041015625 1172716
2.0751953125 0 5.92041015625 1172718
2.3193359375 -2.197265625 0.244140625 1172872
-4.94384765625 3.0517578125 -0.54931640625 1172874
-4.94384765625 3.0517578125 -0.54931640625 1172876
-4.94384765625 3.0517578125 -0.54931640625 1172877
3.23486328125 -0.48828125 3.7841796875 1173072
3.90625 -1.953125 0.3662109375 1173074
3.90625 -1.953125 0.3662109375 1173076
3.90625 -1.953125 0.3662109375 1173078
-2.50244140625 1.708984375 -3.96728515625 1173271
1.52587890625 -1.89208984375 1.52587890625 1173273
1.52587890625 -1.89208984375 1.52587890625 1173275
1.52587890625 -1.89208984375 1.52587890625 1173295
2.50244140625 -1.220703125 -1.15966796875 1173472
-2.25830078125 1.8310546875 -3.96728515625 1173474
-2.25830078125 1.8310546875 -3.96728515625 1173498
-2.25830078125 1.8310546875 -3.96728515625 1173499
0.244140625 -2.50244140625 2.86865234375 1173682
-2.50244140625 1.220703125 -3.173828125 1173685
-2.50244140625 1.220703125 -3.173828125 1173687
-2.50244140625 1.220703125 -3.173828125 1173688
-0.6103515625 0.9765625 -1.15966796875 1173861
2.44140625 -2.5634765625 3.662109375 1173873
2.44140625 -2.5634765625 3.662109375 1173875
2.44140625 -2.5634765625 3.662109375 1173876
2.44140625 -2.5634765625 3.662109375 1173975
-5.31005859375 2.74658203125 -4.5166015625 1173977
-5.31005859375 2.74658203125 -4.5166015625 1173978
-5.31005859375 2.74658203125 -4.5166015625 1173980
2.13623046875 -0.42724609375 1.708984375 1174172
5.0048828125 -1.5869140625 3.60107421875 1174174
5.0048828125 -1.5869140625 3.60107421875 1174176
5.0048828125 -1.5869140625 3.60107421875 1174178
-3.41796875 2.50244140625 -4.638671875 1174371
-4.21142578125 0.18310546875 -0.244140625 1174373
-4.21142578125 0.18310546875 -0.244140625 1174375
-4.21142578125 0.18310546875 -0.244140625 1174376
-4.21142578125 0.18310546875 -0.244140625 1174474
-5.31005859375 -0.30517578125 -3.72314453125 1174475
-5.31005859375 -0.30517578125 -3.72314453125 1174477
-5.31005859375 -0.30517578125 -3.72314453125 1174479
-5.31005859375 -0.30517578125 -3.72314453125 1174589
5.0048828125 -1.953125 0.54931640625 1174591
5.0048828125 -1.953125 0.54931640625 1174592
5.0048828125 -1.953125 0.54931640625 1174593
5.0048828125 -1.953125 0.54931640625 1174711
16.17431640625 -12.0849609375 8.544921875 1174713
16.17431640625 -12.0849609375 8.544921875 1174714
16.17431640625 -12.0849609375 8.544921875 1174726
-2.44140625 2.685546875 -0.9765625 1174884
-10.07080078125 6.40869140625 -3.2958984375 1174886
-10.07080078125 6.40869140625 -3.2958984375 1174888
-10.07080078125 6.40869140625 -3.2958984375 1174889
21.17919921875 -11.53564453125 12.87841796875 1175084
-11.77978515625 7.9345703125 -7.01904296875 1175086
-11.77978515625 7.9345703125 -7.01904296875 1175088
-11.77978515625 7.9345703125 -7.01904296875 1175090
2.86865234375 -0.30517578125 1.28173828125 1175267
13.85498046875 -8.6669921875 5.67626953125 1175292
13.85498046875 -8.6669921875 5.67626953125 1175294
13.85498046875 -8.6669921875 5.67626953125 1175295
13.85498046875 -8.6669921875 5.67626953125 1175368
-12.20703125 10.009765625 -7.2021484375 1175471
12.939453125 -10.7421875 4.69970703125 1175473
12.939453125 -10.7421875 4.69970703125 1175474
12.939453125 -10.7421875 4.69970703125 1175476
-2.38037109375 3.2958984375 -3.11279296875 1175683
-18.5546875 12.8173828125 -6.77490234375 1175685
-18.5546875 12.8173828125 -6.77490234375 1175686
-18.5546875 12.8173828125 -6.77490234375 1175687
37.59765625 -23.8037109375 17.9443359375 1175870
-17.76123046875 10.7421875 -9.46044921875 1175873
-17.76123046875 10.7421875 -9.46044921875 1175874
-17.76123046875 10.7421875 -9.46044921875 1175876
34.11865234375 -23.25439453125 11.77978515625 1176068
18.85986328125 -4.33349609375 9.33837890625 1176070
18.85986328125 -4.33349609375 9.33837890625 1176072
18.85986328125 -4.33349609375 9.33837890625 1176074
18.85986328125 -4.33349609375 9.33837890625 1176194
-35.5224609375 25.69580078125 -8.7890625 1176201
-35.5224609375 25.69580078125 -8.7890625 1176203
-35.5224609375 25.69580078125 -8.7890625 1176205
44.73876953125 -25.08544921875 34.72900390625 1176359
-11.65771484375 9.033203125 -7.080078125 1176372
-11.65771484375 9.033203125 -7.080078125 1176374
-11.65771484375 9.033203125 -7.080078125 1176376
-11.65771484375 9.033203125 -7.080078125 1176485
-19.95849609375 15.31982421875 -6.103515625 1176487
-19.95849609375 15.31982421875 -6.103515625 1176488
-19.95849609375 15.31982421875 -6.103515625 1176489
25.7568359375 -15.2587890625 13.18359375 1176670
-23.3154296875 13.916015625 -12.20703125 1176672
-23.3154296875 13.916015625 -12.20703125 1176673
-23.3154296875 13.916015625 -12.20703125 1176674
-23.3154296875 13.916015625 -12.20703125 1176774
2.62451171875 -4.45556640625 1.03759765625 1176777
2.62451171875 -4.45556640625 1.03759765625 1176779
2.62451171875 -4.45556640625 1.03759765625 1176780
27.03857421875 -17.08984375 12.6953125 1176969
-44.43359375 28.3203125 -21.78955078125 1176970
-44.43359375 28.3203125 -21.78955078125 1176972
-44.43359375 28.3203125 -21.78955078125 1176974
16.9677734375 -11.5966796875 4.8828125 1177169
3.72314453125 -0.3662109375 -1.220703125 1177173
3.72314453125 -0.3662109375 -1.220703125 1177176
3.72314453125 -0.3662109375 -1.220703125 1177177
3.72314453125 -0.3662109375 -1.220703125 1177269
-31.06689453125 20.8740234375 -15.5029296875 1177375
22.39990234375 -13.36669921875 8.48388671875 1177377
22.39990234375 -13.36669921875 8.48388671875 1177393
22.39990234375 -13.36669921875 8.48388671875 1177395
10.009765625 -2.38037109375 1.03759765625 1177591
-19.287109375 10.25390625 -10.80322265625 1177593
-19.287109375 10.25390625 -10.80322265625 1177595
-19.287109375 10.25390625 -10.80322265625 1177596
21.17919921875 -11.962890625 7.080078125 1177784
-0.732421875 1.64794921875 -1.0986328125 1177786
-0.732421875 1.64794921875 -1.0986328125 1177787
-0.732421875 1.64794921875 -1.0986328125 1177789
-20.6298828125 14.58740234375 -9.21630859375 1177969
17.15087890625 -8.48388671875 5.43212890625 1177971
17.15087890625 -8.48388671875 5.43212890625 1177973
17.15087890625 -8.48388671875 5.43212890625 1177975
17.15087890625 -8.48388671875 5.43212890625 1178083
-12.63427734375 6.2255859375 -6.591796875 1178085
-12.63427734375 6.2255859375 -6.591796875 1178087
-12.63427734375 6.2255859375 -6.591796875 1178089
-10.19287109375 6.77490234375 -5.37109375 1178268
28.564453125 -22.64404296875 11.3525390625 1178270
28.564453125 -22.64404296875 11.3525390625 1178282
28.564453125 -22.64404296875 11.3525390625 1178284
28.564453125 -22.64404296875 11.3525390625 1178369
-14.16015625 4.57763671875 -7.62939453125 1178469
-0.79345703125 0 1.15966796875 1178470
-0.79345703125 0 1.15966796875 1178472
-0.79345703125 0 1.15966796875 1178473
-0.79345703125 0 1.15966796875 1178572
18.85986328125 -10.7421875 6.7138671875 1178592
18.85986328125 -10.7421875 6.7138671875 1178594
18.85986328125 -10.7421875 6.7138671875 1178595
-12.451171875 2.74658203125 -6.04248046875 1178779
-1.15966796875 2.685546875 0.244140625 1178780
-1.15966796875 2.685546875 0.244140625 1178806
-1.15966796875 2.685546875 0.244140625 1178808
13.97705078125 -1.77001953125 1.52587890625 1178970
-16.7236328125 7.38525390625 -8.72802734375 1178996
-16.7236328125 7.38525390625 -8.72802734375 1178999
-16.7236328125 7.38525390625 -8.72802734375 1179001
3.11279296875 -0.42724609375 2.5634765625 1179193
9.21630859375 -3.23486328125 2.44140625 1179194
9.21630859375 -3.23486328125 2.44140625 1179196
9.21630859375 -3.23486328125 2.44140625 1179198
-14.2822265625 6.591796875 -8.544921875 1179370
8.11767578125 -2.74658203125 4.150390625 1179372
8.11767578125 -2.74658203125 4.150390625 1179374
8.11767578125 -2.74658203125 4.150390625 1179377
8.11767578125 -2.74658203125 4.150390625 1179489
-19.04296875 5.31005859375 -6.103515625 1179491
-19.04296875 5.31005859375 -6.103515625 1179493
-19.04296875 5.31005859375 -6.103515625 1179494
-2.01416015625 2.25830078125 -2.86865234375 1179671
6.40869140625 -4.21142578125 6.7138671875 1179673
6.40869140625 -4.21142578125 6.7138671875 1179675
6.40869140625 -4.21142578125 6.7138671875 1179677
6.40869140625 -4.21142578125 6.7138671875 1179772
-7.62939453125 0.48828125 -3.7841796875 1179774
-7.62939453125 0.48828125 -3.7841796875 1179776
-7.62939453125 0.48828125 -3.7841796875 1179778
-7.62939453125 0.48828125 -3.7841796875 1179877
6.53076171875 0.244140625 0.42724609375 1179879
6.53076171875 0.244140625 0.42724609375 1179880
6.53076171875 0.244140625 0.42724609375 1179882
4.8828125 -2.01416015625 4.5166015625 1180071
-20.32470703125 11.41357421875 -5.126953125 1180073
-20.32470703125 11.41357421875 -5.126953125 1180075
-20.32470703125 11.41357421875 -5.126953125 1180077
15.07568359375 -1.3427734375 1.52587890625 1180272
-16.357421875 11.77978515625 -5.0048828125 1180274
-16.357421875 11.77978515625 -5.0048828125 1180276
-16.357421875 11.77978515625 -5.0048828125 1180278
-16.357421875 11.77978515625 -5.0048828125 1180378
8.30078125 -3.60107421875 2.8076171875 1180380
8.30078125 -3.60107421875 2.8076171875 1180382
8.30078125 -3.60107421875 2.8076171875 1180384
7.75146484375 -3.72314453125 1.52587890625 1180571
-22.8271484375 12.39013671875 -5.9814453125 1180574
-22.8271484375 12.39013671875 -5.9814453125 1180584
-22.8271484375 12.39013671875 -5.9814453125 1180587
4.7607421875 -2.62451171875 0.1220703125 1180771
3.173828125 -1.46484375 -1.5869140625 1180773
3.173828125 -1.46484375 -1.5869140625 1180774
3.173828125 -1.46484375 -1.5869140625 1180797
3.173828125 -1.46484375 -1.5869140625 1180871
-15.5029296875 7.2021484375 -5.18798828125 1180873
-15.5029296875 7.2021484375 -5.18798828125 1180875
-15.5029296875 7.2021484375 -5.18798828125 1180993
2.0751953125 -0.3662109375 0.06103515625 1180995
2.0751953125 -0.3662109375 0.06103515625 1180997
2.0751953125 -0.3662109375 0.06103515625 1180998
15.07568359375 -6.65283203125 4.82177734375 1181184
-9.1552734375 3.11279296875 -1.28173828125 1181187
-9.1552734375 3.11279296875 -1.28173828125 1181188
-9.1552734375 3.11279296875 -1.28173828125 1181190
0.79345703125 0 -2.5634765625 1181388
17.4560546875 -7.87353515625 5.92041015625 1181390
17.4560546875 -7.87353515625 5.92041015625 1181392
17.4560546875 -7.87353515625 5.92041015625 1181393
-15.93017578125 5.79833984375 -1.64794921875 1181571
2.5634765625 0.244140625 -0.06103515625 1181573
2.5634765625 0.244140625 -0.06103515625 1181574
2.5634765625 0.244140625 -0.06103515625 1181575
2.5634765625 0.244140625 -0.06103515625 1181672
9.033203125 -6.103515625 4.21142578125 1181674
9.033203125 -6.103515625 4.21142578125 1181676
9.033203125 -6.103515625 4.21142578125 1181678
9.033203125 -6.103515625 4.21142578125 1181777
-10.3759765625 1.220703125 1.3427734375 1181779
-10.3759765625 1.220703125 1.3427734375 1181781
-10.3759765625 1.220703125 1.3427734375 1181782
-10.3759765625 1.220703125 1.3427734375 1181899
7.6904296875 -0.79345703125 0.54931640625 1181901
7.6904296875 -0.79345703125 0.54931640625 1181902
7.6904296875 -0.79345703125 0.54931640625 1181903
-0.244140625 -1.46484375 0.1220703125 1182071
-16.7236328125 5.06591796875 -0.48828125 1182073
-16.7236328125 5.06591796875 -0.48828125 1182075
-16.7236328125 5.06591796875 -0.48828125 1182077
-16.7236328125 5.06591796875 -0.48828125 1182172
13.48876953125 -0.54931640625 1.8310546875 1182174
13.48876953125 -0.54931640625 1.8310546875 1182176
13.48876953125 -0.54931640625 1.8310546875 1182177
13.48876953125 -0.54931640625 1.8310546875 1182274
-3.11279296875 0.1220703125 -2.13623046875 1182276
-3.11279296875 0.1220703125 -2.13623046875 1182278
-3.11279296875 0.1220703125 -2.13623046875 1182280
-8.544921875 1.77001953125 1.28173828125 1182471
13.97705078125 -2.0751953125 2.197265625 1182473
13.97705078125 -2.0751953125 2.197265625 1182475
13.97705078125 -2.0751953125 2.197265625 1182477
13.97705078125 -2.0751953125 2.197265625 1182585
-5.0048828125 -2.74658203125 0.244140625 1182587
-5.0048828125 -2.74658203125 0.244140625 1182589
-5.0048828125 -2.74658203125 0.244140625 1182590
-10.6201171875 3.2958984375 0.9765625 1182776
13.73291015625 -1.0986328125 1.708984375 1182778
13.73291015625 -1.0986328125 1.708984375 1182780
13.73291015625 -1.0986328125 1.708984375 1182782
13.73291015625 -1.0986328125 1.708984375 1182877
-19.8974609375 5.4931640625 -7.87353515625 1182880
-19.8974609375 5.4931640625 -7.87353515625 1182882
-19.8974609375 5.4931640625 -7.87353515625 1182885
2.25830078125 0.732421875 1.64794921875 1183072
14.95361328125 -5.43212890625 3.662109375 1183075
14.95361328125 -5.43212890625 3.662109375 1183077
14.95361328125 -5.43212890625 3.662109375 1183079
14.95361328125 -5.43212890625 3.662109375 1183175
-13.48876953125 5.06591796875 -2.99072265625 1183177
-13.48876953125 5.06591796875 -2.99072265625 1183179
-13.48876953125 5.06591796875 -2.99072265625 1183181
6.28662109375 -0.67138671875 3.90625 1183378
1.5869140625 -1.28173828125 0.48828125 1183380
1.5869140625 -1.28173828125 0.48828125 1183383
1.5869140625 -1.28173828125 0.48828125 1183385
-16.17431640625 6.40869140625 -3.60107421875 1183572
13.85498046875 -2.62451171875 5.9814453125 1183574
13.85498046875 -2.62451171875 5.9814453125 1183576
13.85498046875 -2.62451171875 5.9814453125 1183601
13.85498046875 -2.62451171875 5.9814453125 1183672
-4.94384765625 3.0517578125 -4.5166015625 1184044
-12.939453125 1.708984375 -0.91552734375 1184046
-12.939453125 1.708984375 -0.91552734375 1184048
-12.939453125 1.708984375 -0.91552734375 1184049
-7.26318359375 0 1.708984375 1184199
18.98193359375 -3.2958984375 3.96728515625 1184201
18.98193359375 -3.2958984375 3.96728515625 1184203
18.98193359375 -3.2958984375 3.96728515625 1184204
-13.61083984375 1.89208984375 -8.23974609375 1184372
-0.48828125 0 2.38037109375 1184374
-0.48828125 0 2.38037109375 1184375
-0.48828125 0 2.38037109375 1184377
-0.48828125 0 2.38037109375 1184474
12.26806640625 -2.9296875 1.5869140625 1184476
12.26806640625 -2.9296875 1.5869140625 1184477
12.26806640625 -2.9296875 1.5869140625 1184503
12.26806640625 -2.9296875 1.5869140625 1184576
-14.6484375 2.38037109375 -6.8359375 1184578
-14.6484375 2.38037109375 -6.8359375 1184580
1.953125 0.30517578125 2.8076171875 1184673
1.953125 0.30517578125 2.8076171875 1184959
6.40869140625 -1.708984375 0.30517578125 1184960
6.40869140625 -1.708984375 0.30517578125 1184962
6.40869140625 -1.708984375 0.30517578125 1184964
6.4697265625 1.46484375 4.150390625 1185076
5.92041015625 -2.44140625 0 1185079
5.92041015625 -2.44140625 0 1185080
5.92041015625 -2.44140625 0 1185082
-5.06591796875 -0.3662109375 -1.64794921875 1185273
9.70458984375 0.67138671875 4.94384765625 1185275
9.70458984375 0.67138671875 4.94384765625 1185276
9.70458984375 0.67138671875 4.94384765625 1185298
9.70458984375 0.67138671875 4.94384765625 1185381
-2.9296875 -3.11279296875 -1.40380859375 1185386
-2.9296875 -3.11279296875 -1.40380859375 1185387
-2.9296875 -3.11279296875 -1.40380859375 1185489
-0.67138671875 -0.1220703125 -0.732421875 1185491
-0.67138671875 -0.1220703125 -0.732421875 1185493
-0.67138671875 -0.1220703125 -0.732421875 1185494
11.5966796875 -1.64794921875 6.40869140625 1185690
-9.3994140625 -4.21142578125 -2.01416015625 1185692
-9.3994140625 -4.21142578125 -2.01416015625 1185694
-9.3994140625 -4.21142578125 -2.01416015625 1185695
-0.1220703125 0.8544921875 0 1185876
6.89697265625 -0.30517578125 4.638671875 1185878
6.89697265625 -0.30517578125 4.638671875 1185880
6.89697265625 -0.30517578125 4.638671875 1185882
-10.1318359375 -3.5400390625 -1.64794921875 1186076
2.38037109375 1.64794921875 0.42724609375 1186078
2.38037109375 1.64794921875 0.42724609375 1186080
2.38037109375 1.64794921875 0.42724609375 1186082
6.103515625 -0.42724609375 4.39453125 1186273
-14.0380859375 0.79345703125 -6.04248046875 1186275
-14.0380859375 0.79345703125 -6.04248046875 1186277
-14.0380859375 0.79345703125 -6.04248046875 1186279
-14.0380859375 0.79345703125 -6.04248046875 1186375
3.84521484375 1.15966796875 1.953125 1186378
3.84521484375 1.15966796875 1.953125 1186380
3.84521484375 1.15966796875 1.953125 1186381
3.84521484375 1.15966796875 1.953125 1186476
7.62939453125 -1.0986328125 4.82177734375 1186586
-11.41357421875 -1.28173828125 -1.64794921875 1186588
-11.41357421875 -1.28173828125 -1.64794921875 1186590
-11.41357421875 -1.28173828125 -1.64794921875 1186591
7.9345703125 1.77001953125 1.15966796875 1186773
8.544921875 0.79345703125 2.9296875 1186785
8.544921875 0.79345703125 2.9296875 1186787
8.544921875 0.79345703125 2.9296875 1186790
8.544921875 0.79345703125 2.9296875 1186874
-20.08056640625 2.74658203125 -4.33349609375 1187003
6.53076171875 -0.42724609375 1.5869140625 1187005
6.53076171875 -0.42724609375 1.5869140625 1187007
6.53076171875 -0.42724609375 1.5869140625 1187008
9.521484375 0.79345703125 1.220703125 1187190
-9.3994140625 -1.28173828125 1.89208984375 1187192
-9.3994140625 -1.28173828125 1.89208984375 1187194
-9.3994140625 -1.28173828125 1.89208984375 1187195
-0.6103515625 1.40380859375 -0.732421875 1187388
13.61083984375 -0.18310546875 1.40380859375 1187390
13.61083984375 -0.18310546875 1.40380859375 1187392
13.61083984375 -0.18310546875 1.40380859375 1187394
-12.451171875 -5.0048828125 0.18310546875 1187575
0.48828125 -3.11279296875 1.77001953125 1187577
0.48828125 -3.11279296875 1.77001953125 1187579
0.48828125 -3.11279296875 1.77001953125 1187581
0.48828125 -3.11279296875 1.77001953125 1187675
11.962890625 1.5869140625 1.220703125 1187677
11.962890625 1.5869140625 1.220703125 1187679
11.962890625 1.5869140625 1.220703125 1187681
-7.568359375 -0.91552734375 -3.23486328125 1187874
0.79345703125 1.220703125 -0.91552734375 1187875
0.79345703125 1.220703125 -0.91552734375 1187877
0.79345703125 1.220703125 -0.91552734375 1187878
0.79345703125 1.220703125 -0.91552734375 1187975
10.25390625 2.01416015625 3.5400390625 1187976
10.25390625 2.01416015625 3.5400390625 1187978
10.25390625 2.01416015625 3.5400390625 1187980
10.25390625 2.01416015625 3.5400390625 1188075
-9.21630859375 -1.5869140625 -3.662109375 1188076
-9.21630859375 -1.5869140625 -3.662109375 1188078
1.64794921875 1.3427734375 -0.91552734375 1188174
1.64794921875 1.3427734375 -0.91552734375 1188274
2.3193359375 -0.8544921875 3.41796875 1188275
2.3193359375 -0.8544921875 3.41796875 1188277
2.3193359375 -0.8544921875 3.41796875 1188278
2.3193359375 -0.8544921875 3.41796875 1188406
-12.87841796875 -1.0986328125 -2.99072265625 1188408
-12.87841796875 -1.0986328125 -2.99072265625 1188410
-12.87841796875 -1.0986328125 -2.99072265625 1188412
7.26318359375 3.72314453125 0.244140625 1188576
-0.30517578125 -1.28173828125 3.0517578125 1188577
-0.30517578125 -1.28173828125 3.0517578125 1188579
-0.30517578125 -1.28173828125 3.0517578125 1188580
-0.30517578125 -1.28173828125 3.0517578125 1188691
-15.44189453125 0.6103515625 -4.2724609375 1188692
-15.44189453125 0.6103515625 -4.2724609375 1188694
-15.44189453125 0.6103515625 -4.2724609375 1188695
4.45556640625 2.44140625 0.79345703125 1188877
9.033203125 -1.15966796875 4.94384765625 1188921
9.033203125 -1.15966796875 4.94384765625 1188922
9.033203125 -1.15966796875 4.94384765625 1188924
9.033203125 -1.15966796875 4.94384765625 1188977
-12.5732421875 1.5869140625 -5.18798828125 1189078
0.42724609375 -0.1220703125 0.54931640625 1189080
0.42724609375 -0.1220703125 0.54931640625 1189082
0.42724609375 -0.1220703125 0.54931640625 1189084
0.42724609375 -0.1220703125 0.54931640625 1189188
4.82177734375 -0.48828125 2.44140625 1189190
4.82177734375 -0.48828125 2.44140625 1189192
4.82177734375 -0.48828125 2.44140625 1189194
4.82177734375 -0.48828125 2.44140625 1189294
-7.01904296875 3.7841796875 -4.638671875 1189296
-7.01904296875 3.7841796875 -4.638671875 1189299
-7.01904296875 3.7841796875 -4.638671875 1189301
-2.01416015625 1.708984375 0.48828125 1189476
-6.16455078125 4.0283203125 -0.18310546875 1189478
-6.16455078125 4.0283203125 -0.18310546875 1189480
-6.16455078125 4.0283203125 -0.18310546875 1189482
-6.16455078125 4.0283203125 -0.18310546875 1189576
-2.99072265625 2.38037109375 -3.173828125 1189578
-2.99072265625 2.38037109375 -3.173828125 1189580
-2.99072265625 2.38037109375 -3.173828125 1189582
-2.99072265625 2.38037109375 -3.173828125 1189676
4.33349609375 -4.33349609375 3.41796875 1189775
4.33349609375 -4.33349609375 3.41796875 1189777
4.33349609375 -4.33349609375 3.41796875 1189778
4.33349609375 -4.33349609375 3.41796875 1189876
4.21142578125 -3.662109375 1.0986328125 1189878
4.21142578125 -3.662109375 1.0986328125 1189880
4.21142578125 -3.662109375 1.0986328125 1189882
4.21142578125 -3.662109375 1.0986328125 1189978
1.220703125 -1.52587890625 2.44140625 1189980
1.220703125 -1.52587890625 2.44140625 1189982
1.220703125 -1.52587890625 2.44140625 1189984
-2.5634765625 -0.30517578125 2.62451171875 1190186
8.9111328125 0.3662109375 -0.6103515625 1190188
8.9111328125 0.3662109375 -0.6103515625 1190190
8.9111328125 0.3662109375 -0.6103515625 1190191
42.05322265625 -5.859375 10.43701171875 1190380
7.99560546875 -11.3525390625 9.58251953125 1190382
7.99560546875 -11.3525390625 9.58251953125 1190384
7.99560546875 -11.3525390625 9.58251953125 1190386
-27.7099609375 9.27734375 -9.27734375 1190592
13.0615234375 -2.50244140625 3.84521484375 1190594
13.0615234375 -2.50244140625 3.84521484375 1190596
13.0615234375 -2.50244140625 3.84521484375 1190598
-7.62939453125 -5.0048828125 -0.244140625 1190776
-8.48388671875 4.33349609375 -5.2490234375 1190778
-8.48388671875 4.33349609375 -5.2490234375 1190779
-8.48388671875 4.33349609375 -5.2490234375 1190781
-8.48388671875 4.33349609375 -5.2490234375 1190880
33.99658203125 -11.1083984375 7.14111328125 1190882
33.99658203125 -11.1083984375 7.14111328125 1190884
33.99658203125 -11.1083984375 7.14111328125 1190886
33.99658203125 -11.1083984375 7.14111328125 1190983
-29.296875 3.7841796875 -9.70458984375 1190985
-29.296875 3.7841796875 -9.70458984375 1190987
-29.296875 3.7841796875 -9.70458984375 1190989
-0.67138671875 2.50244140625 -3.5400390625 1191178
37.109375 -17.76123046875 7.01904296875 1191180
37.109375 -17.76123046875 7.01904296875 1191182
37.109375 -17.76123046875 7.01904296875 1191183
37.109375 -17.76123046875 7.01904296875 1191316
11.41357421875 -7.4462890625 -2.74658203125 1191318
11.41357421875 -7.4462890625 -2.74658203125 1191319
11.41357421875 -7.4462890625 -2.74658203125 1191321
-35.33935546875 14.404296875 -10.55908203125 1191578
-30.517578125 17.2119140625 -4.2724609375 1191580
-30.517578125 17.2119140625 -4.2724609375 1191582
-30.517578125 17.2119140625 -4.2724609375 1191583
4.33349609375 3.60107421875 4.39453125 1191795
-2.0751953125 -1.3427734375 12.6953125 1191798
-2.0751953125 -1.3427734375 12.6953125 1191800
-2.0751953125 -1.3427734375 12.6953125 1191809
-17.4560546875 -11.8408203125 29.78515625 1191978
-25.69580078125 -22.52197265625 54.74853515625 1191983
-25.69580078125 -22.52197265625 54.74853515625 1191985
-25.69580078125 -22.52197265625 54.74853515625 1191988
-9.33837890625 10.07080078125 91.97998046875 1192178
-26.4892578125 1.8310546875 78.43017578125 1192180
-26.4892578125 1.8310546875 78.43017578125 1192182
-26.4892578125 1.8310546875 78.43017578125 1192184
-16.845703125 22.15576171875 48.095703125 1192416
10.19287109375 9.09423828125 -10.31494140625 1192418
10.19287109375 9.09423828125 -10.31494140625 1192420
10.19287109375 9.09423828125 -10.31494140625 1192422
-9.46044921875 57.7392578125 -68.84765625 1192586
-5.67626953125 32.28759765625 -53.22265625 1192588
-5.67626953125 32.28759765625 -53.22265625 1192590
-5.67626953125 32.28759765625 -53.22265625 1192591
21.1181640625 35.64453125 39.85595703125 1192777
5.37109375 -11.41357421875 93.44482421875 1192778
5.37109375 -11.41357421875 93.44482421875 1192780
5.37109375 -11.41357421875 93.44482421875 1192782
5.37109375 -11.41357421875 93.44482421875 1192877
-43.5791015625 -41.748046875 80.078125 1192879
-43.5791015625 -41.748046875 80.078125 1192882
-43.5791015625 -41.748046875 80.078125 1192884
-43.5791015625 -41.748046875 80.078125 1192991
-97.22900390625 -63.3544921875 38.75732421875 1192993
-97.22900390625 -63.3544921875 38.75732421875 1192997
-97.22900390625 -63.3544921875 38.75732421875 1192999
-170.8984375 -85.5712890625 41.1376953125 1193208
40.0390625 73.42529296875 29.72412109375 1193210
40.0390625 73.42529296875 29.72412109375 1193212
40.0390625 73.42529296875 29.72412109375 1193214
-51.69677734375 -59.326171875 14.83154296875 1193378
35.5224609375 25.45166015625 -1.220703125 1193379
35.5224609375 25.45166015625 -1.220703125 1193380
35.5224609375 25.45166015625 -1.220703125 1193382
35.5224609375 25.45166015625 -1.220703125 1193489
-96.435546875 -40.0390625 11.1083984375 1193491
-96.435546875 -40.0390625 11.1083984375 1193493
-96.435546875 -40.0390625 11.1083984375 1193518
10.3759765625 -13.3056640625 3.5400390625 1193678
-19.04296875 7.75146484375 -23.98681640625 1193680
-19.04296875 7.75146484375 -23.98681640625 1193682
-19.04296875 7.75146484375 -23.98681640625 1193683
-19.04296875 7.75146484375 -23.98681640625 1193802
25.20751953125 29.541015625 -44.921875 1193804
25.20751953125 29.541015625 -44.921875 1193806
25.20751953125 29.541015625 -44.921875 1193808
26.55029296875 70.98388671875 -96.98486328125 1193978
108.0322265625 68.42041015625 32.71484375 1193980
108.0322265625 68.42041015625 32.71484375 1193982
108.0322265625 68.42041015625 32.71484375 1193984
108.0322265625 68.42041015625 32.71484375 1194078
-115.78369140625 -131.89697265625 100.15869140625 1194179
-65.91796875 -44.43359375 39.6728515625 1194181
-65.91796875 -44.43359375 39.6728515625 1194182
-65.91796875 -44.43359375 39.6728515625 1194184
-65.91796875 -44.43359375 39.6728515625 1194318
-71.47216796875 -36.92626953125 46.142578125 1194319
-71.47216796875 -36.92626953125 46.142578125 1194321
-71.47216796875 -36.92626953125 46.142578125 1194322
17.02880859375 18.61572265625 -11.29150390625 1194478
-52.06298828125 -22.39990234375 20.99609375 1194480
-52.06298828125 -22.39990234375 20.99609375 1194481
-52.06298828125 -22.39990234375 20.99609375 1194483
-52.06298828125 -22.39990234375 20.99609375 1194580
72.265625 29.72412109375 -10.986328125 1194582
72.265625 29.72412109375 -10.986328125 1194616
72.265625 29.72412109375 -10.986328125 1194620
72.265625 29.72412109375 -10.986328125 1194709
3.90625 17.02880859375 -9.09423828125 1194711
-31.79931640625 -11.8408203125 6.591796875 1194779
-31.79931640625 -11.8408203125 6.591796875 1194780
-31.79931640625 -11.8408203125 6.591796875 1194880
66.71142578125 70.86181640625 -71.533203125 1194882
66.71142578125 70.86181640625 -71.533203125 1194884
66.71142578125 70.86181640625 -71.533203125 1194886
66.71142578125 70.86181640625 -71.533203125 1195002
7.26318359375 -12.6953125 -70.61767578125 1195004
7.26318359375 -12.6953125 -70.61767578125 1195006
7.26318359375 -12.6953125 -70.61767578125 1195008
39.6728515625 26.85546875 -66.22314453125 1195180
41.3818359375 24.71923828125 -4.8828125 1195182
41.3818359375 24.71923828125 -4.8828125 1195184
41.3818359375 24.71923828125 -4.8828125 1195185
41.3818359375 24.71923828125 -4.8828125 1195299
6.4697265625 -9.3994140625 33.75244140625 1195301
6.4697265625 -9.3994140625 33.75244140625 1195303
6.4697265625 -9.3994140625 33.75244140625 1195304
-91.9189453125 -53.52783203125 -14.2822265625 1195479
-32.28759765625 -21.728515625 9.09423828125 1195482
-32.28759765625 -21.728515625 9.09423828125 1195484
-32.28759765625 -21.728515625 9.09423828125 1195486
-50.4150390625 -41.19873046875 65.36865234375 1195696
-22.705078125 -10.31494140625 67.19970703125 1195698
-22.705078125 -10.31494140625 67.19970703125 1195699
-22.705078125 -10.31494140625 67.19970703125 1195700
65.5517578125 33.14208984375 35.64453125 1195878
20.3857421875 21.8505859375 -3.41796875 1195880
20.3857421875 21.8505859375 -3.41796875 1195882
20.3857421875 21.8505859375 -3.41796875 1195884
33.38623046875 37.53662109375 -35.46142578125 1196096
93.8720703125 97.35107421875 -89.599609375 1196098
93.8720703125 97.35107421875 -89.599609375 1196100
93.8720703125 97.35107421875 -89.599609375 1196102
122.49755859375 141.54052734375 -25.32958984375 1196279
27.099609375 12.20703125 53.77197265625 1196281
27.099609375 12.20703125 53.77197265625 1196283
27.099609375 12.20703125 53.77197265625 1196285
27.099609375 12.20703125 53.77197265625 1196379
-109.68017578125 -98.2666015625 90.63720703125 1196381
-109.68017578125 -98.2666015625 90.63720703125 1196383
-109.68017578125 -98.2666015625 90.63720703125 1196385
-109.68017578125 -98.2666015625 90.63720703125 1196482
-127.50244140625 -73.54736328125 25.146484375 1196484
-127.50244140625 -73.54736328125 25.146484375 1196485
-127.50244140625 -73.54736328125 25.146484375 1196487
-77.2705078125 -31.8603515625 22.4609375 1196679
-67.7490234375 -29.60205078125 15.0146484375 1196681
-67.7490234375 -29.60205078125 15.0146484375 1196704
-67.7490234375 -29.60205078125 15.0146484375 1196705
-67.7490234375 -29.60205078125 15.0146484375 1196779
-33.0810546875 -8.056640625 27.03857421875 1196880
-1.708984375 -15.7470703125 2.01416015625 1196882
-1.708984375 -15.7470703125 2.01416015625 1196885
-1.708984375 -15.7470703125 2.01416015625 1196887
-1.708984375 -15.7470703125 2.01416015625 1196997
24.47509765625 14.892578125 -26.67236328125 1197000
24.47509765625 14.892578125 -26.67236328125 1197004
24.47509765625 14.892578125 -26.67236328125 1197005
85.0830078125 43.9453125 -66.650390625 1197196
55.60302734375 43.64013671875 -45.59326171875 1197198
55.60302734375 43.64013671875 -45.59326171875 1197200
55.60302734375 43.64013671875 -45.59326171875 1197202
102.23388671875 87.2802734375 -9.521484375 1197379
72.69287109375 47.18017578125 17.02880859375 1197381
72.69287109375 47.18017578125 17.02880859375 1197383
72.69287109375 47.18017578125 17.02880859375 1197385
28.4423828125 4.5166015625 41.259765625 1197580
-57.18994140625 -41.8701171875 44.61669921875 1197582
-57.18994140625 -41.8701171875 44.61669921875 1197584
-57.18994140625 -41.8701171875 44.61669921875 1197586
-57.18994140625 -41.8701171875 44.61669921875 1197705
-134.58251953125 -75.3173828125 38.57421875 1197707
-134.58251953125 -75.3173828125 38.57421875 1197709
-134.58251953125 -75.3173828125 38.57421875 1197710
-122.61962890625 -60.11962890625 35.09521484375 1197879
-92.71240234375 -38.02490234375 50.35400390625 1197880
-92.71240234375 -38.02490234375 50.35400390625 1197882
-92.71240234375 -38.02490234375 50.35400390625 1197884
-92.71240234375 -38.02490234375 50.35400390625 1197982
6.2255859375 4.39453125 4.39453125 1197984
6.2255859375 4.39453125 4.39453125 1197986
6.2255859375 4.39453125 4.39453125 1197988
-3.2958984375 -7.01904296875 4.0283203125 1198202
7.01904296875 -2.197265625 -4.45556640625 1198204
7.01904296875 -2.197265625 -4.45556640625 1198205
7.01904296875 -2.197265625 -4.45556640625 1198206
32.2265625 -2.99072265625 -36.865234375 1198380
107.2998046875 50.78125 -101.50146484375 1198382
107.2998046875 50.78125 -101.50146484375 1198384
107.2998046875 50.78125 -101.50146484375 1198386
107.2998046875 50.78125 -101.50146484375 1198482
83.55712890625 63.1103515625 -77.81982421875 1198484
83.55712890625 63.1103515625 -77.81982421875 1198485
83.55712890625 63.1103515625 -77.81982421875 1198487
83.55712890625 63.1103515625 -77.81982421875 1198584
31.43310546875 -20.32470703125 -42.17529296875 1198586
31.43310546875 -20.32470703125 -42.17529296875 1198588
31.43310546875 -20.32470703125 -42.17529296875 1198590
31.43310546875 -20.32470703125 -42.17529296875 1198688
12.3291015625 -31.31103515625 -11.16943359375 1198690
12.3291015625 -31.31103515625 -11.16943359375 1198691
12.3291015625 -31.31103515625 -11.16943359375 1198693
33.63037109375 -6.9580078125 16.17431640625 1198895
-11.8408203125 -3.60107421875 59.2041015625 1198897
-11.8408203125 -3.60107421875 59.2041015625 1198899
-11.8408203125 -3.60107421875 59.2041015625 1198901
-93.505859375 -24.169921875 88.2568359375 1199088
-24.0478515625 -1.40380859375 18.1884765625 1199089
-24.0478515625 -1.40380859375 18.1884765625 1199091
-24.0478515625 -1.40380859375 18.1884765625 1199092
-34.423828125 -19.71435546875 -0.9765625 1199296
-14.09912109375 -9.1552734375 -4.94384765625 1199299
-14.09912109375 -9.1552734375 -4.94384765625 1199301
-14.09912109375 -9.1552734375 -4.94384765625 1199302
-10.80322265625 -11.41357421875 7.568359375 1199481
-17.39501953125 -12.14599609375 23.86474609375 1199483
-17.39501953125 -12.14599609375 23.86474609375 1199485
-17.39501953125 -12.14599609375 23.86474609375 1199487
-17.39501953125 -12.14599609375 23.86474609375 1199612
-5.859375 -3.47900390625 34.66796875 1199614
-5.859375 -3.47900390625 34.66796875 1199616
-5.859375 -3.47900390625 34.66796875 1199618
-38.14697265625 -19.775390625 47.42431640625 1199783
-73.91357421875 -12.939453125 44.37255859375 1199785
-73.91357421875 -12.939453125 44.37255859375 1199787
-73.91357421875 -12.939453125 44.37255859375 1199788
-20.751953125 -3.5400390625 -5.9814453125 1199981
4.638671875 -2.74658203125 -18.5546875 1199983
4.638671875 -2.74658203125 -18.5546875 1199984
4.638671875 -2.74658203125 -18.5546875 1199986
4.638671875 -2.74658203125 -18.5546875 1200081
8.97216796875 -5.92041015625 -26.4892578125 1200084
8.97216796875 -5.92041015625 -26.4892578125 1200086
8.97216796875 -5.92041015625 -26.4892578125 1200088
8.97216796875 -5.92041015625 -26.4892578125 1200195
7.14111328125 3.11279296875 -77.392578125 1200197
7.14111328125 3.11279296875 -77.392578125 1200199
7.14111328125 3.11279296875 -77.392578125 1200201
88.56201171875 91.49169921875 -124.755859375 1200382
106.75048828125 107.421875 -36.07177734375 1200420
106.75048828125 107.421875 -36.07177734375 1200422
106.75048828125 107.421875 -36.07177734375 1200425
-67.626953125 -109.06982421875 142.2119140625 1200580
-121.58203125 -60.1806640625 51.94091796875 1200583
-121.58203125 -60.1806640625 51.94091796875 1200585
-121.58203125 -60.1806640625 51.94091796875 1200587
-121.58203125 -60.1806640625 51.94091796875 1200681
-67.19970703125 -28.62548828125 -22.705078125 1200781
31.3720703125 19.4091796875 -94.17724609375 1200783
31.3720703125 19.4091796875 -94.17724609375 1200785
31.3720703125 19.4091796875 -94.17724609375 1200787
31.3720703125 19.4091796875 -94.17724609375 1200881
27.587890625 -11.77978515625 -60.72998046875 1200883
27.587890625 -11.77978515625 -60.72998046875 1200885
27.587890625 -11.77978515625 -60.72998046875 1200887
38.4521484375 -6.591796875 -72.8759765625 1200983
38.4521484375 -6.591796875 -72.8759765625 1200986
38.4521484375 -6.591796875 -72.8759765625 1201000
38.4521484375 -6.591796875 -72.8759765625 1201082
56.2744140625 -14.16015625 -95.458984375 1201197
35.888671875 -51.7578125 -88.68408203125 1201199
35.888671875 -51.7578125 -88.68408203125 1201201
35.888671875 -51.7578125 -88.68408203125 1201203
14.58740234375 -50.35400390625 -58.9599609375 1201383
19.95849609375 -23.49853515625 -8.23974609375 1201386
19.95849609375 -23.49853515625 -8.23974609375 1201387
19.95849609375 -23.49853515625 -8.23974609375 1201389
19.95849609375 -23.49853515625 -8.23974609375 1201507
15.44189453125 3.84521484375 16.845703125 1201508
15.44189453125 3.84521484375 16.845703125 1201510
15.44189453125 3.84521484375 16.845703125 1201511
17.08984375 -3.47900390625 -44.189453125 1201686
-19.6533203125 -4.0283203125 24.35302734375 1201688
-19.6533203125 -4.0283203125 24.35302734375 1201690
-19.6533203125 -4.0283203125 24.35302734375 1201692
-19.6533203125 -4.0283203125 24.35302734375 1201786
-0.244140625 -17.63916015625 -24.7802734375 1201788
-0.244140625 -17.63916015625 -24.7802734375 1201790
-9.94873046875 -30.09033203125 2.5634765625 1201883
-9.94873046875 -30.09033203125 2.5634765625 1201996
-15.869140625 -4.33349609375 1.5869140625 1201998
-15.869140625 -4.33349609375 1.5869140625 1202000
-15.869140625 -4.33349609375 1.5869140625 1202002
-15.869140625 -4.33349609375 1.5869140625 1202100
-11.77978515625 -12.5732421875 10.3759765625 1202102
-11.77978515625 -12.5732421875 10.3759765625 1202104
-11.77978515625 -12.5732421875 10.3759765625 1202106
-2.8076171875 36.1328125 8.23974609375 1202285
7.62939453125 13.24462890625 -16.6015625 1202287
7.62939453125 13.24462890625 -16.6015625 1202288
7.62939453125 13.24462890625 -16.6015625 1202290
-8.4228515625 -20.56884765625 3.84521484375 1202482
-3.0517578125 -14.404296875 -12.26806640625 1202484
-3.0517578125 -14.404296875 -12.26806640625 1202485
-3.0517578125 -14.404296875 -12.26806640625 1202487
-3.0517578125 -14.404296875 -12.26806640625 1202590
-3.47900390625 31.1279296875 -16.05224609375 1202592
-3.47900390625 31.1279296875 -16.05224609375 1202609
-3.47900390625 31.1279296875 -16.05224609375 1202611
-2.99072265625 44.73876953125 -3.60107421875 1202784
-13.12255859375 59.6923828125 -12.8173828125 1202786
-13.12255859375 59.6923828125 -12.8173828125 1202787
-13.12255859375 59.6923828125 -12.8173828125 1202788
-1.28173828125 36.2548828125 -8.60595703125 1203019
7.4462890625 34.36279296875 -9.33837890625 1203020
7.4462890625 34.36279296875 -9.33837890625 1203022
7.4462890625 34.36279296875 -9.33837890625 1203024
20.99609375 7.87353515625 -2.685546875 1203519
-4.0283203125 5.55419921875 -0.06103515625 1203521
-4.0283203125 5.55419921875 -0.06103515625 1203523
-4.0283203125 5.55419921875 -0.06103515625 1203524
3.72314453125 68.115234375 23.4375 1203685
1.52587890625 66.10107421875 -1.8310546875 1203686
1.52587890625 66.10107421875 -1.8310546875 1203687
1.52587890625 66.10107421875 -1.8310546875 1203689
1.52587890625 66.10107421875 -1.8310546875 1203842
15.31982421875 -15.93017578125 19.04296875 1203844
15.31982421875 -15.93017578125 19.04296875 1203846
15.31982421875 -15.93017578125 19.04296875 1203848
-27.52685546875 -73.42529296875 39.36767578125 1203986
-40.83251953125 -102.4169921875 18.5546875 1203988
-40.83251953125 -102.4169921875 18.5546875 1203990
-40.83251953125 -102.4169921875 18.5546875 1203993
-24.5361328125 -77.0263671875 11.53564453125 1204188
-3.173828125 -43.5791015625 26.30615234375 1204189
-3.173828125 -43.5791015625 26.30615234375 1204191
-3.173828125 -43.5791015625 26.30615234375 1204193
-3.5400390625 -24.23095703125 13.916015625 1204383
-16.54052734375 -11.71875 18.4326171875 1204385
-16.54052734375 -11.71875 18.4326171875 1204387
-16.54052734375 -11.71875 18.4326171875 1204388
-16.54052734375 -11.71875 18.4326171875 1204486
-29.4189453125 -12.63427734375 23.74267578125 1204488
-29.4189453125 -12.63427734375 23.74267578125 1204490
-29.4189453125 -12.63427734375 23.74267578125 1204491
22.39990234375 30.82275390625 -17.333984375 1204691
-1.5869140625 4.2724609375 2.5634765625 1204693
-1.5869140625 4.2724609375 2.5634765625 1204708
-1.5869140625 4.2724609375 2.5634765625 1204710
0.42724609375 31.43310546875 -21.3623046875 1204888
1.5869140625 81.48193359375 -17.08984375 1204890
1.5869140625 81.48193359375 -17.08984375 1204891
1.5869140625 81.48193359375 -17.08984375 1204893
4.638671875 -17.333984375 -1.89208984375 1205087
-26.2451171875 -91.064453125 53.22265625 1205088
-26.2451171875 -91.064453125 53.22265625 1205090
-26.2451171875 -91.064453125 53.22265625 1205091
5.615234375 28.564453125 -24.4140625 1205299
20.1416015625 50.23193359375 -29.052734375 1205302
20.1416015625 50.23193359375 -29.052734375 1205306
20.1416015625 50.23193359375 -29.052734375 1205308
7.568359375 16.29638671875 -0.48828125 1205484
5.67626953125 3.84521484375 -13.18359375 1205486
5.67626953125 3.84521484375 -13.18359375 1205487
5.67626953125 3.84521484375 -13.18359375 1205489
5.67626953125 3.84521484375 -13.18359375 1205599
13.97705078125 8.11767578125 -13.00048828125 1205601
13.97705078125 8.11767578125 -13.00048828125 1205603
13.97705078125 8.11767578125 -13.00048828125 1205605
9.521484375 -2.8076171875 1.46484375 1205784
21.8505859375 0.9765625 -15.13671875 1205786
21.8505859375 0.9765625 -15.13671875 1205788
21.8505859375 0.9765625 -15.13671875 1205790
1.64794921875 7.8125 -4.94384765625 1206009
0 -0.06103515625 3.5400390625 1206011
0 -0.06103515625 3.5400390625 1206012
0 -0.06103515625 3.5400390625 1206014
0 -0.06103515625 3.5400390625 1206120
3.23486328125 3.0517578125 -5.37109375 1206122
3.23486328125 3.0517578125 -5.37109375 1206124
3.23486328125 3.0517578125 -5.37109375 1206125
1.5869140625 -1.3427734375 -1.77001953125 1206289
4.08935546875 2.0751953125 1.28173828125 1206291
4.08935546875 2.0751953125 1.28173828125 1206293
4.08935546875 2.0751953125 1.28173828125 1206295
4.39453125 5.43212890625 1.5869140625 1206512
6.591796875 6.4697265625 2.44140625 1206514
6.591796875 6.4697265625 2.44140625 1206516
6.591796875 6.4697265625 2.44140625 1206518
0.54931640625 1.46484375 -0.6103515625 1206685
1.0986328125 2.685546875 1.0986328125 1206687
1.0986328125 2.685546875 1.0986328125 1206688
1.0986328125 2.685546875 1.0986328125 1206690
1.0986328125 2.685546875 1.0986328125 1206786
3.60107421875 5.37109375 0.1220703125 1206788
3.60107421875 5.37109375 0.1220703125 1206790
3.60107421875 5.37109375 0.1220703125 1206791
3.60107421875 5.37109375 0.1220703125 1206899
6.9580078125 0.732421875 -4.21142578125 1206901
6.9580078125 0.732421875 -4.21142578125 1206903
6.9580078125 0.732421875 -4.21142578125 1206904
6.9580078125 0.732421875 -4.21142578125 1207004
6.16455078125 4.2724609375 -2.3193359375 1207006
6.16455078125 4.2724609375 -2.3193359375 1207009
6.16455078125 4.2724609375 -2.3193359375 1207010
1.89208984375 -5.0048828125 0.9765625 1207189
6.89697265625 -17.822265625 -2.74658203125 1207190
6.89697265625 -17.822265625 -2.74658203125 1207192
6.89697265625 -17.822265625 -2.74658203125 1207194
6.53076171875 -12.6953125 1.5869140625 1207386
-10.19287109375 -24.71923828125 -12.0849609375 1207399
-10.19287109375 -24.71923828125 -12.0849609375 1207401
-10.19287109375 -24.71923828125 -12.0849609375 1207403
0.54931640625 -3.2958984375 -11.1083984375 1207585
0.9765625 0.91552734375 -5.06591796875 1207586
0.9765625 0.91552734375 -5.06591796875 1207588
0.9765625 0.91552734375 -5.06591796875 1207589
0.9765625 0.91552734375 -5.06591796875 1207685
0.1220703125 1.40380859375 -3.96728515625 1207687
0.1220703125 1.40380859375 -3.96728515625 1207688
0.1220703125 1.40380859375 -3.96728515625 1207690
0.1220703125 1.40380859375 -3.96728515625 1207785
-2.8076171875 5.31005859375 0.67138671875 1207787
-2.8076171875 5.31005859375 0.67138671875 1207789
-2.8076171875 5.31005859375 0.67138671875 1207791
-2.8076171875 5.31005859375 0.67138671875 1207891
0.48828125 5.0048828125 3.84521484375 1207893
0.48828125 5.0048828125 3.84521484375 1207895
0.48828125 5.0048828125 3.84521484375 1207897
0.48828125 5.0048828125 3.84521484375 1208016
0.79345703125 4.08935546875 -0.1220703125 1208018
0.79345703125 4.08935546875 -0.1220703125 1208020
0.79345703125 4.08935546875 -0.1220703125 1208022
-0.3662109375 6.65283203125 -2.9296875 1208675
1.708984375 -26.91650390625 7.75146484375 1208677
1.708984375 -26.91650390625 7.75146484375 1208679
1.708984375 -26.91650390625 7.75146484375 1208681
-87.890625 99.609375 0.67138671875 1208799
-10.92529296875 -88.134765625 16.2353515625 1208802
-10.92529296875 -88.134765625 16.2353515625 1208804
-10.92529296875 -88.134765625 16.2353515625 1208806
-11.8408203125 15.44189453125 -1.953125 1208994
-0.1220703125 19.95849609375 -10.7421875 1208996
-0.1220703125 19.95849609375 -10.7421875 1208998
-0.1220703125 19.95849609375 -10.7421875 1209021
-0.1220703125 19.95849609375 -10.7421875 1209114
-16.66259765625 13.427734375 0.06103515625 1209115
-16.66259765625 13.427734375 0.06103515625 1209117
-16.66259765625 13.427734375 0.06103515625 1209224
-8.23974609375 -1.15966796875 3.5400390625 1209227
-8.23974609375 -1.15966796875 3.5400390625 1209229
-8.23974609375 -1.15966796875 3.5400390625 1209232
-8.23974609375 -1.15966796875 3.5400390625 1209336
1.3427734375 3.0517578125 -1.708984375 1209338
1.3427734375 3.0517578125 -1.708984375 1209339
1.3427734375 3.0517578125 -1.708984375 1209341
4.8828125 8.97216796875 -3.60107421875 1209489
16.11328125 8.60595703125 -9.82666015625 1209491
16.11328125 8.60595703125 -9.82666015625 1209515
16.11328125 8.60595703125 -9.82666015625 1209517
16.11328125 8.60595703125 -9.82666015625 1209589
-1.953125 12.02392578125 -1.953125 1209701
19.8974609375 12.51220703125 -10.31494140625 1209704
19.8974609375 12.51220703125 -10.31494140625 1209706
19.8974609375 12.51220703125 -10.31494140625 1209708
22.52197265625 5.55419921875 -10.6201171875 1209889
28.86962890625 -19.775390625 -4.2724609375 1209891
28.86962890625 -19.775390625 -4.2724609375 1209893
28.86962890625 -19.775390625 -4.2724609375 1209895
28.86962890625 -19.775390625 -4.2724609375 1210009
2.13623046875 7.32421875 -2.86865234375 1210011
2.13623046875 7.32421875 -2.86865234375 1210013
2.13623046875 7.32421875 -2.86865234375 1210015
2.13623046875 7.32421875 -2.86865234375 1210270
11.16943359375 5.4931640625 -2.3193359375 1210271
11.16943359375 5.4931640625 -2.3193359375 1210273
11.16943359375 5.4931640625 -2.3193359375 1210274
0.3662109375 -17.08984375 6.65283203125 1210398
15.0146484375 -0.42724609375 -3.35693359375 1210400
15.0146484375 -0.42724609375 -3.35693359375 1210402
15.0146484375 -0.42724609375 -3.35693359375 1210404
3.662109375 -14.7705078125 6.103515625 1210743
-0.3662109375 -8.36181640625 0.9765625 1210744
-0.3662109375 -8.36181640625 0.9765625 1210746
-0.3662109375 -8.36181640625 0.9765625 1210747
10.68115234375 14.892578125 -6.8359375 1210892
7.080078125 -73.73046875 5.2490234375 1210894
7.080078125 -73.73046875 5.2490234375 1210896
7.080078125 -73.73046875 5.2490234375 1210898
7.080078125 -73.73046875 5.2490234375 1211003
32.1044921875 -130.31005859375 6.2255859375 1211004
32.1044921875 -130.31005859375 6.2255859375 1211006
32.1044921875 -130.31005859375 6.2255859375 1211007
54.3212890625 -137.26806640625 -10.498046875 1211194
10.92529296875 -46.142578125 -5.7373046875 1211217
10.92529296875 -46.142578125 -5.7373046875 1211219
10.92529296875 -46.142578125 -5.7373046875 1211221
10.92529296875 -46.142578125 -5.7373046875 1211304
-37.78076171875 31.8603515625 7.8125 1211391
-37.78076171875 31.8603515625 7.8125 1211393
-37.78076171875 31.8603515625 7.8125 1211395
-37.78076171875 31.8603515625 7.8125 1211494
5.43212890625 -42.05322265625 -14.70947265625 1211496
5.43212890625 -42.05322265625 -14.70947265625 1211498
5.43212890625 -42.05322265625 -14.70947265625 1211499
5.43212890625 -42.05322265625 -14.70947265625 1211627
0.6103515625 -191.95556640625 -16.9677734375 1211629
0.6103515625 -191.95556640625 -16.9677734375 1211631
0.6103515625 -191.95556640625 -16.9677734375 1211633
12.3291015625 -240.66162109375 -33.8134765625 1211791
5.55419921875 -290.46630859375 -47.91259765625 1211793
5.55419921875 -290.46630859375 -47.91259765625 1211794
5.55419921875 -290.46630859375 -47.91259765625 1211796
21.728515625 -46.630859375 -0.79345703125 1211991
-1.89208984375 -4.82177734375 4.150390625 1211993
-1.89208984375 -4.82177734375 4.150390625 1211995
-1.89208984375 -4.82177734375 4.150390625 1211996
-1.89208984375 -4.82177734375 4.150390625 1212155
-13.0615234375 23.4375 7.9345703125 1212156
-13.0615234375 23.4375 7.9345703125 1212158
-13.0615234375 23.4375 7.9345703125 1212159
-27.4658203125 47.05810546875 6.65283203125 1212292
-10.80322265625 25.81787109375 0.91552734375 1212294
-10.80322265625 25.81787109375 0.91552734375 1212296
-10.80322265625 25.81787109375 0.91552734375 1212298
-10.80322265625 25.81787109375 0.91552734375 1212392
-12.51220703125 23.92578125 -4.69970703125 1212394
-12.51220703125 23.92578125 -4.69970703125 1212396
-12.51220703125 23.92578125 -4.69970703125 1212501
-15.5029296875 32.2265625 -8.544921875 1212503
-15.5029296875 32.2265625 -8.544921875 1212504
-15.5029296875 32.2265625 -8.544921875 1212506
-15.5029296875 32.2265625 -8.544921875 1212612
-31.79931640625 57.18994140625 -10.6201171875 1212615
-31.79931640625 57.18994140625 -10.6201171875 1212618
-31.79931640625 57.18994140625 -10.6201171875 1212620
-66.46728515625 200.25634765625 -15.44189453125 1212790
-3.96728515625 -6.89697265625 -0.30517578125 1212792
-3.96728515625 -6.89697265625 -0.30517578125 1212794
-3.96728515625 -6.89697265625 -0.30517578125 1212796
-9.46044921875 -3.7841796875 -5.126953125 1212996
-3.2958984375 -12.02392578125 -2.685546875 1212998
-3.2958984375 -12.02392578125 -2.685546875 1213000
-3.2958984375 -12.02392578125 -2.685546875 1213002
-4.2724609375 233.154296875 83.49609375 1213190
13.18359375 105.3466796875 72.8759765625 1213192
13.18359375 105.3466796875 72.8759765625 1213194
13.18359375 105.3466796875 72.8759765625 1213195
13.18359375 105.3466796875 72.8759765625 1213298
-20.751953125 52.55126953125 6.103515625 1213300
-20.751953125 52.55126953125 6.103515625 1213302
-20.751953125 52.55126953125 6.103515625 1213303
-20.751953125 52.55126953125 6.103515625 1213410
-2.197265625 14.892578125 -0.67138671875 1213412
-2.197265625 14.892578125 -0.67138671875 1213414
-2.197265625 14.892578125 -0.67138671875 1213416
-5.55419921875 13.97705078125 -27.77099609375 1213618
1.708984375 8.85009765625 5.55419921875 1213621
1.708984375 8.85009765625 5.55419921875 1213623
1.708984375 8.85009765625 5.55419921875 1213625
9.46044921875 21.66748046875 7.4462890625 1213793
-12.6953125 19.8974609375 4.150390625 1213795
-12.6953125 19.8974609375 4.150390625 1213797
-12.6953125 19.8974609375 4.150390625 1213798
-2.50244140625 0.244140625 6.28662109375 1213992
8.6669921875 -0.54931640625 -8.7890625 1213994
8.6669921875 -0.54931640625 -8.7890625 1213995
8.6669921875 -0.54931640625 -8.7890625 1213997
8.6669921875 -0.54931640625 -8.7890625 1214101
0.42724609375 1.28173828125 -0.67138671875 1214105
0.42724609375 1.28173828125 -0.67138671875 1214107
0.42724609375 1.28173828125 -0.67138671875 1214110
0.42724609375 1.28173828125 -0.67138671875 1214210
-0.67138671875 2.86865234375 -1.15966796875 1214212
-0.67138671875 2.86865234375 -1.15966796875 1214214
-0.67138671875 2.86865234375 -1.15966796875 1214215
-8.30078125 5.79833984375 9.521484375 1214392
-3.2958984375 2.3193359375 5.2490234375 1214394
-3.2958984375 2.3193359375 5.2490234375 1214395
-3.2958984375 2.3193359375 5.2490234375 1214397
-3.2958984375 2.3193359375 5.2490234375 1214567
3.11279296875 -1.40380859375 -3.47900390625 1214569
3.11279296875 -1.40380859375 -3.47900390625 1214570
3.11279296875 -1.40380859375 -3.47900390625 1214572
0.79345703125 -1.28173828125 0 1214776
0.3662109375 0.54931640625 -1.52587890625 1214778
0.3662109375 0.54931640625 -1.52587890625 1214780
0.3662109375 0.54931640625 -1.52587890625 1214782
-1.220703125 0.8544921875 0.244140625 1214912
0.1220703125 1.28173828125 -0.91552734375 1214914
0.1220703125 1.28173828125 -0.91552734375 1214916
0.1220703125 1.28173828125 -0.91552734375 1214917
-3.41796875 4.57763671875 1.3427734375 1215149
-5.126953125 2.3193359375 4.94384765625 1215150
-5.126953125 2.3193359375 4.94384765625 1215152
-5.126953125 2.3193359375 4.94384765625 1215153
1.0986328125 -0.30517578125 -0.732421875 1215291
1.5869140625 -0.244140625 1.03759765625 1215293
1.5869140625 -0.244140625 1.03759765625 1215294
1.5869140625 -0.244140625 1.03759765625 1215295
1.5869140625 -0.244140625 1.03759765625 1215396
1.0986328125 1.28173828125 3.72314453125 1215398
1.0986328125 1.28173828125 3.72314453125 1215399
1.0986328125 1.28173828125 3.72314453125 1215401
1.0986328125 1.28173828125 3.72314453125 1215505
-0.67138671875 -1.15966796875 -0.18310546875 1215507
-0.67138671875 -1.15966796875 -0.18310546875 1215508
-0.67138671875 -1.15966796875 -0.18310546875 1215510
-0.67138671875 -1.15966796875 -0.18310546875 1215650
4.2724609375 3.96728515625 0.67138671875 1215652
4.2724609375 3.96728515625 0.67138671875 1215653
4.2724609375 3.96728515625 0.67138671875 1215655
0.79345703125 -0.48828125 -0.8544921875 1215790
-2.99072265625 4.82177734375 9.21630859375 1215792
-2.99072265625 4.82177734375 9.21630859375 1215794
-2.99072265625 4.82177734375 9.21630859375 1215795
-2.99072265625 4.82177734375 9.21630859375 1215896
7.26318359375 0 3.41796875 1215898
7.26318359375 0 3.41796875 1215899
7.26318359375 0 3.41796875 1215901
2.99072265625 0.06103515625 -0.54931640625 1216090
-1.708984375 0.244140625 3.96728515625 1216092
-1.708984375 0.244140625 3.96728515625 1216093
-1.708984375 0.244140625 3.96728515625 1216095
-1.708984375 0.244140625 3.96728515625 1216201
0 4.8828125 2.197265625 1216203
0 4.8828125 2.197265625 1216204
0 4.8828125 2.197265625 1216229
3.23486328125 -3.0517578125 -0.91552734375 1216390
-5.2490234375 0.8544921875 2.3193359375 1216392
-5.2490234375 0.8544921875 2.3193359375 1216394
-5.2490234375 0.8544921875 2.3193359375 1216395
-5.2490234375 0.8544921875 2.3193359375 1216490
4.150390625 1.77001953125 -1.5869140625 1216492
4.150390625 1.77001953125 -1.5869140625 1216494
4.150390625 1.77001953125 -1.5869140625 1216496
4.150390625 1.77001953125 -1.5869140625 1216592
0.91552734375 0.48828125 0.91552734375 1216593
0.91552734375 0.48828125 0.91552734375 1216595
0.91552734375 0.48828125 0.91552734375 1216725
12.451171875 6.04248046875 9.70458984375 1216727
12.451171875 6.04248046875 9.70458984375 1216729
12.451171875 6.04248046875 9.70458984375 1216731
8.11767578125 -0.79345703125 -0.3662109375 1216893
9.46044921875 -2.62451171875 -5.43212890625 1216895
9.46044921875 -2.62451171875 -5.43212890625 1216897
9.46044921875 -2.62451171875 -5.43212890625 1216899
9.46044921875 -2.62451171875 -5.43212890625 1217006
-0.244140625 -1.0986328125 2.01416015625 1217008
-0.244140625 -1.0986328125 2.01416015625 1217010
-0.244140625 -1.0986328125 2.01416015625 1217012
1.220703125 -4.7607421875 1.15966796875 1217191
1.8310546875 -27.89306640625 28.80859375 1217231
1.8310546875 -27.89306640625 28.80859375 1217233
1.8310546875 -27.89306640625 28.80859375 1217234
1.64794921875 -25.93994140625 14.09912109375 1217391
4.2724609375 -16.29638671875 7.32421875 1217393
4.2724609375 -16.29638671875 7.32421875 1217394
4.2724609375 -16.29638671875 7.32421875 1217396
4.2724609375 -16.29638671875 7.32421875 1217497
2.5634765625 -11.04736328125 0.79345703125 1217498
2.5634765625 -11.04736328125 0.79345703125 1217500
2.5634765625 -11.04736328125 0.79345703125 1217502
22.39990234375 -115.966796875 24.59716796875 1217691
7.8125 -79.58984375 6.103515625 1217693
7.8125 -79.58984375 6.103515625 1217694
7.8125 -79.58984375 6.103515625 1217696
7.8125 -79.58984375 6.103515625 1217796
3.173828125 -27.099609375 12.6953125 1217798
3.173828125 -27.099609375 12.6953125 1217800
3.173828125 -27.099609375 12.6953125 1217802
16.2353515625 -101.50146484375 6.103515625 1217995
3.72314453125 -15.869140625 -0.42724609375 1217997
3.72314453125 -15.869140625 -0.42724609375 1217998
3.72314453125 -15.869140625 -0.42724609375 1218000
3.72314453125 -15.869140625 -0.42724609375 1218105
8.6669921875 -28.9306640625 -7.99560546875 1218107
8.6669921875 -28.9306640625 -7.99560546875 1218108
8.6669921875 -28.9306640625 -7.99560546875 1218110
-2.99072265625 -89.90478515625 -32.77587890625 1218290
-7.32421875 -28.86962890625 -1.0986328125 1218291
-7.32421875 -28.86962890625 -1.0986328125 1218293
-7.32421875 -28.86962890625 -1.0986328125 1218294
-7.32421875 -28.86962890625 -1.0986328125 1218390
-2.9296875 -15.56396484375 0.48828125 1218392
-2.9296875 -15.56396484375 0.48828125 1218393
-2.9296875 -15.56396484375 0.48828125 1218395
-2.9296875 -15.56396484375 0.48828125 1218491
-4.08935546875 -7.62939453125 1.40380859375 1218493
-4.08935546875 -7.62939453125 1.40380859375 1218495
-4.08935546875 -7.62939453125 1.40380859375 1218497
-4.08935546875 -7.62939453125 1.40380859375 1218592
-42.8466796875 -219.90966796875 -52.490234375 1218594
-42.8466796875 -219.90966796875 -52.490234375 1218596
-42.8466796875 -219.90966796875 -52.490234375 1218598
-5.859375 -22.15576171875 -5.859375 1218790
6.591796875 -34.5458984375 1.15966796875 1218792
6.591796875 -34.5458984375 1.15966796875 1218794
6.591796875 -34.5458984375 1.15966796875 1218795
-2.44140625 -38.75732421875 3.662109375 1218991
-2.0751953125 -71.1669921875 1.708984375 1218993
-2.0751953125 -71.1669921875 1.708984375 1218994
-2.0751953125 -71.1669921875 1.708984375 1218996
-13.18359375 -46.08154296875 1.708984375 1219212
4.2724609375 -26.0009765625 7.75146484375 1219215
4.2724609375 -26.0009765625 7.75146484375 1219217
4.2724609375 -26.0009765625 7.75146484375 1219230
-5.79833984375 -25.08544921875 -0.244140625 1219394
-15.2587890625 -37.17041015625 -1.15966796875 1219395
-15.2587890625 -37.17041015625 -1.15966796875 1219397
-15.2587890625 -37.17041015625 -1.15966796875 1219398
5.79833984375 -36.68212890625 2.8076171875 1219592
8.11767578125 -21.484375 0.06103515625 1219593
8.11767578125 -21.484375 0.06103515625 1219595
8.11767578125 -21.484375 0.06103515625 1219597
1.28173828125 -14.95361328125 1.03759765625 1219792
3.173828125 -9.8876953125 3.35693359375 1219794
3.173828125 -9.8876953125 3.35693359375 1219796
3.173828125 -9.8876953125 3.35693359375 1219798
-4.94384765625 4.39453125 -1.953125 1219992
-1.03759765625 -9.033203125 1.46484375 1219993
-1.03759765625 -9.033203125 1.46484375 1219996
-1.03759765625 -9.033203125 1.46484375 1219998
-4.5166015625 -4.638671875 0.9765625 1220191
-13.7939453125 21.240234375 -8.4228515625 1220193
-13.7939453125 21.240234375 -8.4228515625 1220195
-13.7939453125 21.240234375 -8.4228515625 1220196
-13.7939453125 21.240234375 -8.4228515625 1220300
-0.42724609375 -11.04736328125 26.611328125 1220314
-0.42724609375 -11.04736328125 26.611328125 1220316
-0.42724609375 -11.04736328125 26.611328125 1220317
4.94384765625 -27.03857421875 16.845703125 1220491
-3.41796875 -18.1884765625 4.8828125 1220493
-3.41796875 -18.1884765625 4.8828125 1220495
-3.41796875 -18.1884765625 4.8828125 1220497
-3.41796875 -18.1884765625 4.8828125 1220592
-0.244140625 -13.12255859375 -1.46484375 1220693
1.0986328125 -0.30517578125 -0.8544921875 1220695
1.0986328125 -0.30517578125 -0.8544921875 1220697
1.0986328125 -0.30517578125 -0.8544921875 1220698
1.0986328125 -0.30517578125 -0.8544921875 1220804
-2.197265625 15.44189453125 -18.9208984375 1220807
-2.197265625 15.44189453125 -18.9208984375 1220808
-2.197265625 15.44189453125 -18.9208984375 1220810
17.88330078125 -15.56396484375 -0.9765625 1220992
6.16455078125 0.9765625 -2.13623046875 1220993
6.16455078125 0.9765625 -2.13623046875 1220995
6.16455078125 0.9765625 -2.13623046875 1220997
6.16455078125 0.9765625 -2.13623046875 1221093
10.07080078125 -11.23046875 11.962890625 1221095
10.07080078125 -11.23046875 11.962890625 1221096
10.07080078125 -11.23046875 11.962890625 1221098
10.07080078125 -11.23046875 11.962890625 1221196
20.6298828125 -7.62939453125 -8.544921875 1221197
20.6298828125 -7.62939453125 -8.544921875 1221199
20.6298828125 -7.62939453125 -8.544921875 1221200
20.6298828125 -7.62939453125 -8.544921875 1221306
24.0478515625 13.916015625 17.63916015625 1221308
24.0478515625 13.916015625 17.63916015625 1221309
24.0478515625 13.916015625 17.63916015625 1221311
27.64892578125 -19.59228515625 -14.892578125 1221491
65.36865234375 -39.0625 -29.60205078125 1221493
65.36865234375 -39.0625 -29.60205078125 1221494
65.36865234375 -39.0625 -29.60205078125 1221496
