511 1231836
511 1231856
511 1231857
512 1231858
509 1231859
511 1231860
511 1231861
511 1231862
509 1231862
511 1231863
509 1231864
512 1231865
510 1231865
508 1231866
511 1231867
511 1231868
511 1231868
510 1231869
512 1231870
510 1231870
511 1231871
511 1231872
511 1231872
511 1231881
511 1231882
511 1231882
511 1231883
509 1231884
511 1231884
511 1231885
511 1231888
511 1231889
511 1231889
511 1231890
511 1231891
511 1231892
510 1231892
511 1231893
511 1231894
511 1231894
511 1231895
511 1231896
510 1231896
512 1231897
511 1231898
512 1231898
511 1231899
510 1231900
512 1231900
511 1231901
511 1231902
513 1231902
512 1231903
511 1231904
511 1231904
511 1231905
511 1231906
511 1231906
511 1231907
510 1231908
511 1231908
511 1231909
511 1231910
511 1231913
511 1231914
511 1231914
512 1231939
511 1231943
510 1231944
512 1231945
512 1231961
511 1231962
511 1231963
511 1231990
511 1232048
512 1232049
511 1232052
511 1232053
511 1232060
513 1232061
510 1232085
511 1232115
512 1232122
510 1232143
511 1232152
512 1232162
512 1232171
511 1232194
512 1232195
511 1232202
510 1232209
510 1232219
510 1232269
511 1232272
511 1232272
512 1232273
511 1232280
511 1232283
510 1232297
511 1232298
510 1232301
510 1232311
513 1232598
511 1232599
510 1232600
510 1232601
511 1232602
511 1232603
510 1232603
511 1232604
511 1232605
512 1232605
510 1232629
512 1232630
513 1232631
511 1232631
512 1232632
509 1232633
511 1232634
511 1232634
511 1232635
509 1232636
512 1232637
511 1232638
511 1232638
512 1232639
511 1232640
511 1232640
510 1232641
510 1232644
511 1232645
511 1232645
511 1232646
510 1232649
511 1232677
511 1232680
511 1232682
510 1232682
511 1232691
510 1232701
511 1232724
511 1232725
510 1232731
509 1232741
511 1232751
512 1232787
512 1232790
512 1232794
511 1232795
511 1232802
512 1232837
512 1232838
509 1232842
506 1232843
518 1232852
509 1232862
511 1232871
512 1232883
512 1232891
510 1232901
511 1232911
512 1232934
511 1232935
512 1232941
511 1232952
510 1232961
512 1232982
512 1232994
511 1232995
509 1233001
510 1233050
511 1233051
511 1233053
512 1233054
511 1233062
512 1233065
512 1233071
511 1233079
511 1233091
509 1233101
508 1233112
511 1233121
512 1233144
510 1233145
509 1233163
511 1233164
510 1233184
511 1233185
510 1233204
509 1233204
511 1233212
511 1233233
512 1233242
511 1233254
511 1233255
511 1233262
511 1233284
508 1233285
516 1233302
510 1233312
518 1233321
513 1233331
510 1233354
511 1233355
511 1233361
512 1233371
511 1233381
510 1233391
511 1233401
512 1233411
510 1233421
509 1233431
505 1233441
511 1233464
511 1233465
510 1233483
510 1233484
509 1233491
511 1233501
511 1233511
513 1233533
509 1233534
511 1233541
511 1233577
511 1233619
511 1233622
511 1233623
511 1233624
511 1233625
511 1233628
512 1233629
511 1233631
511 1233698
511 1233699
511 1233700
512 1233701
515 1233702
509 1233702
512 1233705
510 1233753
511 1233754
510 1233755
511 1233757
511 1233758
511 1233761
510 1233771
511 1233898
510 1233899
511 1233899
509 1233900
514 1233901
512 1233902
510 1233903
511 1233904
512 1233905
510 1233906
511 1233907
511 1233908
508 1233911
512 1233912
511 1233922
511 1234100
511 1234101
512 1234101
512 1234102
512 1234103
511 1234104
512 1234104
511 1234105
512 1234106
511 1234106
511 1234107
511 1234108
511 1234109
511 1234109
512 1234123
511 1234125
511 1234126
511 1234129
512 1234129
511 1234144
510 1234145
512 1234151
512 1234165
511 1234171
511 1234182
510 1234198
513 1234201
511 1234211
511 1234221
510 1234231
510 1234241
510 1234251
511 1234261
511 1234271
510 1234281
510 1234318
511 1234322
511 1234322
511 1234323
511 1234332
511 1234342
510 1234364
511 1234365
510 1234372
512 1234394
510 1234395
512 1234414
510 1234415
507 1234422
512 1234431
512 1234441
507 1234464
512 1234465
510 1234471
510 1234481
509 1234491
511 1234526
511 1234529
512 1234532
512 1234533
510 1234541
511 1234551
511 1234574
509 1234575
511 1234581
511 1234591
510 1234601
510 1234611
512 1234621
512 1234631
512 1234641
511 1234687
511 1234690
511 1234693
510 1234696
511 1234697
510 1234702
511 1234719
512 1234732
511 1234742
512 1234752
512 1234899
512 1234900
511 1234900
511 1234901
511 1234907
512 1234908
510 1234909
512 1234910
510 1234911
511 1234912
511 1234912
511 1234913
511 1234914
511 1234915
510 1234918
511 1234918
511 1234921
512 1234931
511 1234941
511 1234951
512 1234961
511 1234971
512 1234992
511 1235004
511 1235005
511 1235011
511 1235033
511 1235034
511 1235041
511 1235052
511 1235062
512 1235072
512 1235082
512 1235106
511 1235107
512 1235112
509 1235305
512 1235306
512 1235307
512 1235308
512 1235309
512 1235310
511 1235311
510 1235312
510 1235313
510 1235314
511 1235315
511 1235316
512 1235317
511 1235318
510 1235319
510 1235320
510 1235320
511 1235323
509 1235324
511 1235325
512 1235334
509 1235335
511 1235499
512 1235500
511 1235501
510 1235502
512 1235503
512 1235504
509 1235504
512 1235505
511 1235506
511 1235506
510 1235507
511 1235508
510 1235508
509 1235509
512 1235510
511 1235512
511 1235524
511 1235525
510 1235808
511 1235809
511 1235810
511 1235811
511 1235812
511 1235814
511 1235815
511 1235816
510 1235817
509 1235818
510 1235819
511 1235820
512 1235821
510 1235822
510 1235824
510 1235825
510 1235826
512 1235827
510 1235828
512 1235829
511 1235830
511 1235830
512 1235831
511 1235832
511 1235833
511 1235834
511 1235835
511 1235836
512 1235838
510 1235838
511 1235839
511 1235842
511 1235878
511 1235879
511 1235880
511 1235883
511 1235891
511 1235896
511 1235912
511 1235943
510 1235959
511 1235959
510 1235974
511 1235974
511 1235974
510 1236021
511 1236037
511 1236052
511 1236052
513 1236052
512 1236052
511 1236068
511 1236068
512 1236068
511 1236068
