0 0 0 3229255
0 0 0 3229255
-4.94384765625 -150.634765625 -2.99072265625 3229270
-4.94384765625 -150.634765625 -2.99072265625 3229276
-4.94384765625 -150.634765625 -2.99072265625 3229283
13.0615234375 -123.9013671875 0.30517578125 3229369
13.97705078125 -74.89013671875 5.43212890625 3229378
13.97705078125 -74.89013671875 5.43212890625 3229387
13.97705078125 -74.89013671875 5.43212890625 3229397
25.390625 -113.22021484375 57.12890625 3229517
3.84521484375 -81.11572265625 13.18359375 3229524
3.84521484375 -81.11572265625 13.18359375 3229536
3.84521484375 -81.11572265625 13.18359375 3229544
18.73779296875 -1.28173828125 27.40478515625 3229706
-17.39501953125 302.67333984375 -1.5869140625 3229713
-17.39501953125 302.67333984375 -1.5869140625 3229720
-17.39501953125 302.67333984375 -1.5869140625 3229731
-17.39501953125 302.67333984375 -1.5869140625 3229815
-0.3662109375 193.05419921875 -114.92919921875 3229822
-0.3662109375 193.05419921875 -114.92919921875 3229829
-0.3662109375 193.05419921875 -114.92919921875 3229836
-37.4755859375 107.84912109375 -88.2568359375 3229995
-8.36181640625 39.6728515625 22.94921875 3230004
-8.36181640625 39.6728515625 22.94921875 3230011
-8.36181640625 39.6728515625 22.94921875 3230019
-8.36181640625 39.6728515625 22.94921875 3230103
22.94921875 18.06640625 43.64013671875 3230110
22.94921875 18.06640625 43.64013671875 3230119
22.94921875 18.06640625 43.64013671875 3230126
22.94921875 18.06640625 43.64013671875 3230207
18.6767578125 1.52587890625 -8.97216796875 3230216
18.6767578125 1.52587890625 -8.97216796875 3230225
18.6767578125 1.52587890625 -8.97216796875 3230232
18.6767578125 1.52587890625 -8.97216796875 3230314
19.6533203125 -14.0380859375 -16.6015625 3230323
19.6533203125 -14.0380859375 -16.6015625 3230332
19.6533203125 -14.0380859375 -16.6015625 3230340
16.6015625 11.53564453125 -25.634765625 3230513
31.73828125 36.07177734375 -11.71875 3230522
31.73828125 36.07177734375 -11.71875 3230529
31.73828125 36.07177734375 -11.71875 3230538
10.986328125 3.7841796875 -1.89208984375 3230716
-1.3427734375 -3.72314453125 21.17919921875 3230725
-1.3427734375 -3.72314453125 21.17919921875 3230734
-1.3427734375 -3.72314453125 21.17919921875 3230744
-1.3427734375 -3.72314453125 21.17919921875 3230817
4.8828125 0.244140625 11.5966796875 3230830
4.8828125 0.244140625 11.5966796875 3230838
4.8828125 0.244140625 11.5966796875 3230846
-5.18798828125 -2.50244140625 18.61572265625 3231003
1.03759765625 22.0947265625 21.66748046875 3231013
1.03759765625 22.0947265625 21.66748046875 3231026
1.03759765625 22.0947265625 21.66748046875 3231036
1.03759765625 22.0947265625 21.66748046875 3231118
7.6904296875 127.25830078125 72.57080078125 3231129
7.6904296875 127.25830078125 72.57080078125 3231139
7.6904296875 127.25830078125 72.57080078125 3231149
81.97021484375 76.23291015625 92.34619140625 3231330
26.123046875 46.142578125 -48.27880859375 3231339
26.123046875 46.142578125 -48.27880859375 3231349
26.123046875 46.142578125 -48.27880859375 3231358
23.86474609375 130.06591796875 -2.3193359375 3231517
-26.7333984375 138.916015625 -14.404296875 3231527
-26.7333984375 138.916015625 -14.404296875 3231538
-26.7333984375 138.916015625 -14.404296875 3231548
5.615234375 76.5380859375 -24.169921875 3231700
38.75732421875 79.7119140625 -54.01611328125 3231710
38.75732421875 79.7119140625 -54.01611328125 3231720
38.75732421875 79.7119140625 -54.01611328125 3231729
38.75732421875 79.7119140625 -54.01611328125 3231844
-33.02001953125 108.2763671875 -69.82421875 3231855
-33.02001953125 108.2763671875 -69.82421875 3231865
-33.02001953125 108.2763671875 -69.82421875 3231873
2.197265625 3.662109375 -51.3916015625 3232013
35.5224609375 -28.50341796875 -38.9404296875 3232023
35.5224609375 -28.50341796875 -38.9404296875 3232034
35.5224609375 -28.50341796875 -38.9404296875 3232044
35.5224609375 -28.50341796875 -38.9404296875 3232118
57.67822265625 -53.64990234375 -28.80859375 3232131
57.67822265625 -53.64990234375 -28.80859375 3232144
57.67822265625 -53.64990234375 -28.80859375 3232154
8.30078125 -19.71435546875 -22.5830078125 3232318
16.6015625 -4.7607421875 -2.3193359375 3232332
16.6015625 -4.7607421875 -2.3193359375 3232342
16.6015625 -4.7607421875 -2.3193359375 3232353
16.6015625 -4.7607421875 -2.3193359375 3232437
-16.357421875 -9.033203125 2.197265625 3232449
-16.357421875 -9.033203125 2.197265625 3232462
-16.357421875 -9.033203125 2.197265625 3232475
-6.591796875 -12.6953125 -3.41796875 3232613
-2.3193359375 -2.9296875 6.34765625 3232623
-2.3193359375 -2.9296875 6.34765625 3232634
-2.3193359375 -2.9296875 6.34765625 3232645
1.3427734375 -2.197265625 8.4228515625 3232812
-1.77001953125 -5.67626953125 1.40380859375 3232823
-1.77001953125 -5.67626953125 1.40380859375 3232833
-1.77001953125 -5.67626953125 1.40380859375 3232845
