482 700623
494 700931
488 700978
510 700979
517 700980
519 700980
514 700981
527 700981
525 700982
477 700982
511 700983
540 700983
515 700984
547 700984
442 700985
445 700985
487 700986
526 700986
480 700987
560 700987
496 700988
446 700988
494 700989
514 700989
506 700990
504 700991
448 700991
428 700992
421 700992
402 700993
578 700993
559 700994
593 700994
445 700995
374 700995
611 700996
402 700996
473 700997
397 700997
534 700998
499 700998
535 700999
516 700999
502 701000
516 701000
523 701001
501 701001
536 701002
509 701002
521 701003
476 701003
507 701004
581 701004
482 701005
552 701005
495 701006
484 701007
502 701008
515 701008
451 701009
441 701009
514 701010
509 701011
507 701011
509 701011
508 701012
506 701012
509 701013
508 701013
508 701015
509 701016
509 701016
507 701017
511 701017
507 701018
507 701018
508 701019
509 701019
507 701020
-3 701020
511 702365
511 702387
504 702391
507 702395
508 702417
512 702421
508 702425
507 702435
506 702445
503 702455
510 702465
507 702488
509 702491
506 702495
510 702505
503 702515
506 702525
510 702535
504 702545
511 702555
509 702565
509 702575
506 702604
509 702605
507 702611
506 702615
510 702625
507 702635
510 702657
507 702660
505 702665
505 702674
510 702685
507 702694
505 702717
503 702720
507 702725
509 702736
509 702758
507 702761
509 702779
508 702782
506 702785
506 702806
509 702817
511 702821
507 702825
511 702835
506 702857
506 702860
510 702876
509 702887
510 702890
508 702895
507 702905
507 702927
509 702931
508 702935
509 702945
508 702966
508 702990
507 702994
507 702996
509 702999
508 703027
508 703030
508 703035
507 703045
508 703055
508 703065
507 703086
509 703098
507 703101
509 703105
506 703128
508 703131
509 703135
507 703145
508 703155
510 703175
511 703187
509 703190
506 703195
508 703205
510 703227
509 703231
507 703260
508 703262
508 703266
507 703305
506 703307
507 703307
510 703310
511 703329
508 703332
509 703336
509 703339
509 703358
505 703361
515 703365
512 703400
511 703404
508 703405
508 703430
506 703432
512 703435
505 703440
507 703445
505 703455
510 703465
508 703488
508 703491
509 703496
507 703505
511 703515
509 703538
507 703541
508 703545
510 703555
507 703577
507 703581
508 703585
509 703595
508 703617
509 703621
507 703626
507 703647
509 703651
505 703655
509 703665
509 703675
506 703685
508 703695
510 703727
508 703731
505 703756
507 703770
507 703774
509 703774
508 703800
508 703803
507 703806
508 703830
507 703833
506 703834
508 703846
505 703871
508 703874
507 703875
510 703915
510 703917
515 703918
509 703920
508 703928
520 703931
516 703936
512 703945
512 703967
505 703971
509 703975
515 703997
509 704001
504 704007
508 704015
507 704037
508 704041
509 704045
507 704068
509 704071
512 704097
507 704101
508 704105
509 704115
505 704137
506 704141
506 704145
506 704167
508 704168
513 704186
505 704187
507 704198
505 704201
502 704205
511 704215
510 704238
490 704242
513 704245
496 704268
503 704271
513 704275
510 704285
513 704295
512 704305
508 704340
500 704343
512 704345
515 704370
507 704372
506 704376
514 704379
487 704385
502 704395
488 704405
523 704415
543 704425
501 704435
521 704445
495 704468
502 704471
512 704485
509 704508
505 704511
509 704515
506 704538
509 704541
509 704545
508 704555
505 704565
505 704575
509 704585
511 704608
514 704611
515 704615
521 704638
514 704641
488 704671
502 704675
536 704678
511 704678
499 704711
508 704715
501 704718
509 704718
509 704738
504 704741
505 704745
505 704768
508 704771
507 704775
508 704785
509 704795
504 704805
510 704815
510 704825
505 704845
504 704857
508 704861
510 704865
508 704875
508 704885
506 704895
507 704905
510 704915
511 704925
508 704935
507 704945
508 704955
513 704965
507 704975
517 705010
508 705012
507 705015
507 705019
505 705038
508 705041
506 705045
505 705055
507 705065
511 705087
508 705091
513 705107
504 705110
508 705140
508 705144
513 705146
507 705146
508 705155
508 705165
505 705175
504 705185
509 705195
510 705205
504 705215
508 705225
509 705244
500 705267
502 705270
507 705274
511 705284
505 705307
510 705311
498 705315
504 705326
509 705335
495 705345
512 705355
509 705365
506 705375
507 705385
504 705395
509 705405
505 705415
510 705425
515 705435
505 705445
512 705455
512 705478
506 705481
507 705485
510 705495
513 705505
506 705515
508 705525
509 705535
509 705545
509 705555
513 705577
506 705581
507 705597
509 705600
508 705604
507 705615
509 705624
506 705634
512 705644
510 705654
508 705664
505 705687
510 705690
506 705694
510 705705
509 705715
507 705725
509 705735
511 705745
510 705755
504 705765
508 705775
510 705785
509 705795
508 705805
509 705815
507 705825
509 705835
509 705845
506 705855
506 705864
509 705874
509 705884
505 705895
508 705905
508 705914
509 705938
508 705940
506 705945
506 705955
508 705975
506 705985
509 705995
508 706005
509 706015
509 706025
508 706035
508 706045
507 706067
509 706070
507 706075
508 706085
509 706094
509 706105
509 706115
508 706125
507 706135
506 706144
507 706154
507 706164
508 706174
508 706185
508 706195
508 706205
510 706215
508 706225
507 706235
507 706245
508 706255
508 706265
508 706287
507 706290
509 706295
510 706305
507 706314
508 706337
507 706340
509 706344
509 706355
506 706364
492 706375
508 706385
507 706395
506 706418
510 706421
505 706425
509 706448
515 706451
508 706455
506 706490
503 706494
507 706496
514 706497
505 706505
515 706515
510 706525
508 706535
506 706557
507 706560
505 706565
503 706575
510 706584
504 706607
504 706610
507 706627
506 706630
512 706634
511 706658
507 706661
507 706665
505 706675
505 706695
512 706705
503 706715
508 706726
508 706735
512 706745
504 706755
509 706765
511 706788
507 706792
508 706795
513 706805
525 706815
486 706825
542 706835
535 706845
527 706855
495 706890
499 706893
495 706896
490 706899
497 706905
517 706915
513 706925
515 706935
509 706945
508 706955
508 706965
508 706975
506 706985
506 706995
509 707005
511 707015
509 707025
512 707035
511 707045
508 707055
513 707065
508 707075
507 707085
506 707095
515 707105
514 707115
506 707125
511 707135
511 707145
502 707155
506 707165
512 707175
507 707198
509 707201
509 707205
504 707215
510 707225
508 707248
505 707251
507 707255
507 707265
506 707275
511 707285
506 707295
506 707318
510 707321
506 707325
513 707335
519 707345
506 707355
513 707365
503 707375
508 707385
504 707395
506 707417
506 707421
508 707425
505 707447
506 707451
508 707455
507 707475
508 707485
505 707508
513 707511
505 707515
496 707525
508 707535
497 707545
503 707555
509 707565
498 707575
506 707585
505 707595
509 707605
510 707615
508 707625
508 707635
505 707645
505 707655
510 707665
506 707687
506 707691
508 707695
507 707705
506 707715
505 707725
506 707735
505 707745
507 707755
508 707765
505 707775
510 707798
495 707801
507 707818
509 707842
509 707843
508 707844
506 707846
504 707855
499 707865
518 707875
511 707885
502 707895
514 707905
509 707915
507 707925
506 707935
511 707945
508 707955
508 707965
507 707975
498 707985
509 707995
511 708005
509 708015
506 708025
509 708042
524 708045
490 708055
520 708065
517 708075
493 708085
509 708095
500 708104
505 708115
501 708125
505 708135
509 708157
510 708161
511 708165
508 708175
518 708185
492 708195
509 708215
508 708225
512 708235
497 708257
513 708261
508 708265
509 708275
504 708284
510 708294
507 708304
510 708314
506 708337
506 708340
512 708344
511 708355
509 708365
505 708375
502 708385
507 708395
506 708405
507 708415
507 708425
509 708435
508 708445
510 708455
506 708465
508 708475
506 708485
509 708495
510 708505
510 708515
509 708524
515 708535
509 708544
505 708554
505 708577
506 708580
511 708584
510 708594
508 708604
507 708628
510 708631
506 708635
507 708645
507 708655
506 708665
507 708675
509 708685
508 708707
508 708711
508 708716
508 708725
506 708735
506 708745
509 708755
506 708765
505 708774
511 708784
505 708794
507 708805
510 708825
508 708826
506 708834
509 708844
509 708854
507 708865
510 708875
509 708885
508 708895
508 708905
507 708915
507 708925
508 708935
507 708945
508 708964
508 708974
509 708985
506 708999
508 709004
508 709014
505 709024
507 709034
508 709044
508 709054
508 709065
509 709075
508 709085
507 709095
509 709105
506 709115
507 709125
508 709135
508 709145
508 709167
508 709170
511 709175
511 709197
507 709200
508 709205
509 709215
508 709225
507 709235
508 709245
508 709254
509 709265
509 709275
508 709297
506 709300
508 709304
509 709314
507 709325
506 709335
506 709345
506 709355
510 709365
504 709375
506 709384
506 709395
507 709404
505 709414
512 709438
508 709441
502 709445
511 709455
507 709465
503 709475
510 709485
511 709495
504 709506
509 709515
508 709525
506 709535
501 709545
506 709567
509 709570
507 709575
503 709585
501 709594
514 709604
503 709614
507 709624
510 709635
512 709644
510 709667
507 709670
510 709697
509 709700
505 709704
508 709714
509 709738
506 709741
511 709745
508 709755
508 709765
507 709775
509 709785
511 709795
510 709805
509 709815
506 709825
506 709835
507 709845
511 709858
512 709867
502 709875
511 709885
502 709907
507 709910
509 709915
508 709924
508 709935
507 709944
510 709954
513 709965
509 709975
508 709985
508 710008
509 710011
507 710015
509 710025
508 710036
507 710045
508 710055
507 710065
508 710075
509 710085
507 710095
507 710105
511 710115
506 710137
507 710141
509 710145
506 710155
508 710164
507 710175
508 710185
506 710194
509 710205
508 710215
506 710224
509 710234
508 710244
507 710254
509 710264
509 710274
507 710284
507 710295
509 710309
508 710315
507 710325
508 710335
509 710345
506 710355
509 710365
508 710375
511 710385
507 710395
505 710405
509 710415
508 710424
507 710445
507 710455
508 710465
509 710475
509 710485
509 710508
508 710511
508 710515
508 710525
506 710535
509 710545
508 710555
509 710565
509 710575
508 710599
510 710599
507 710605
508 710615
509 710625
508 710635
508 710644
508 710654
509 710665
511 710674
506 710685
504 710694
506 710705
508 710714
506 710725
508 710735
506 710744
507 710754
510 710764
509 710787
507 710790
508 710795
508 710805
507 710815
509 710825
507 710835
508 710845
509 710855
507 710865
507 710875
507 710885
507 710897
509 710905
509 710915
506 710925
508 710935
509 710945
510 710955
506 710965
508 710975
508 710985
508 710995
509 711004
506 711027
509 711030
510 711034
509 711044
509 711054
507 711064
507 711074
508 711097
507 711100
508 711104
507 711115
508 711125
510 711148
507 711151
507 711167
507 711171
506 711175
510 711195
508 711205
508 711215
508 711225
509 711235
507 711245
507 711255
507 711265
507 711287
508 711290
509 711295
510 711305
508 711314
509 711325
507 711335
507 711345
508 711355
508 711365
508 711375
508 711385
510 711395
508 711417
511 711421
508 711425
507 711435
506 711445
508 711455
509 711465
508 711487
508 711490
510 711495
511 711505
507 711514
506 711525
509 711534
509 711544
507 711568
507 711571
507 711587
510 711590
509 711595
506 711605
508 711615
507 711625
508 711635
508 711657
508 711660
508 711665
510 711675
509 711704
509 711705
506 711712
506 711714
509 711725
506 711735
509 711745
508 711755
507 711765
508 711787
509 711790
506 711794
507 711804
507 711814
507 711824
507 711834
507 711844
507 711855
508 711864
509 711875
507 711885
507 711895
507 711905
507 711915
509 711935
507 711947
509 711955
508 711965
510 711975
507 711985
508 711995
509 712005
509 712015
509 712025
508 712035
507 712045
509 712055
509 712064
507 712075
506 712085
507 712094
507 712105
509 712127
509 712130
508 712134
507 712144
508 712155
508 712165
506 712175
507 712201
508 712202
509 712205
507 712227
508 712231
508 712235
508 712245
510 712255
508 712265
506 712275
508 712285
507 712295
507 712305
507 712314
507 712325
509 712334
506 712344
508 712354
507 712365
508 712375
508 712398
507 712401
508 712405
508 712415
509 712425
510 712435
508 712445
507 712455
507 712465
507 712475
507 712485
505 712495
509 712505
511 712515
511 712525
508 712535
507 712545
508 712555
508 712564
510 712575
509 712598
509 712601
509 712605
511 712625
508 712635
508 712645
506 712655
510 712665
508 712675
508 712685
510 712695
509 712705
508 712727
508 712731
508 712735
508 712745
507 712755
507 712765
506 712775
509 712785
507 712795
507 712805
508 712815
508 712824
507 712834
506 712844
506 712854
508 712865
509 712875
509 712884
506 712894
508 712915
507 712916
508 712925
506 712935
504 712945
507 712955
508 712965
509 712975
512 712985
510 712995
505 713005
506 713015
507 713025
508 713035
508 713045
505 713067
505 713070
509 713075
512 713084
508 713094
508 713105
507 713115
506 713124
510 713134
507 713144
507 713181
506 713185
510 713188
507 713189
508 713195
507 713205
507 713215
508 713238
507 713241
508 713245
509 713255
509 713265
508 713275
507 713299
508 713300
507 713305
508 713315
508 713325
509 713335
508 713345
509 713367
509 713371
507 713374
507 713385
506 713395
509 713415
508 713425
507 713435
508 713444
508 713455
509 713465
506 713475
506 713485
508 713495
509 713505
507 713515
506 713550
507 713552
509 713555
508 713558
508 713564
507 713575
508 713585
507 713594
506 713605
510 713614
508 713625
509 713635
508 713644
506 713654
507 713665
507 713675
508 713685
509 713709
510 713710
507 713715
508 713725
511 713735
506 713745
507 713755
507 713777
507 713781
506 713785
508 713807
508 713811
510 713815
508 713825
505 713835
506 713845
510 713855
507 713866
505 713875
521 713885
511 713895
510 713905
511 713915
512 713925
506 713935
505 713945
511 713955
509 713977
508 713981
509 713984
507 714008
508 714011
506 714015
509 714025
511 714035
509 714045
506 714055
508 714065
510 714075
506 714085
506 714109
508 714110
507 714115
506 714125
505 714135
506 714155
513 714165
513 714187
501 714190
508 714195
510 714205
497 714215
510 714225
514 714234
507 714245
506 714255
509 714265
510 714275
508 714285
510 714295
508 714305
509 714327
507 714331
508 714335
508 714357
509 714361
508 714365
505 714375
506 714397
519 714401
515 714406
514 714415
489 714425
523 714435
507 714444
515 714454
484 714465
480 714475
530 714485
493 714509
518 714509
507 714515
506 714525
506 714535
506 714545
508 714555
509 714565
510 714575
509 714585
507 714595
507 714605
506 714628
510 714631
511 714647
508 714651
501 714655
513 714665
507 714675
506 714685
511 714695
508 714705
509 714715
509 714725
509 714735
508 714745
509 714755
507 714765
506 714775
507 714785
508 714795
508 714805
508 714815
507 714825
512 714835
510 714845
508 714855
504 714865
505 714875
510 714905
505 714917
507 714921
504 714925
524 714935
517 714945
514 714955
508 714965
505 714975
503 714998
509 715001
509 715017
516 715021
504 715025
505 715035
494 715045
512 715054
517 715065
503 715075
513 715110
492 715112
528 715114
501 715140
530 715143
513 715144
501 715171
518 715174
502 715174
502 715198
508 715201
509 715226
507 715244
505 715247
508 715247
510 715248
511 715299
505 715302
508 715370
506 715373
508 715373
508 715419
507 715422
507 715422
506 715425
506 715425
507 715428
507 715428
509 715429
509 715430
509 715435
509 715449
509 715451
505 715452
500 715455
506 715458
509 715458
507 715459
508 715465
506 715475
510 715495
509 715505
509 715515
508 715527
507 715535
510 715545
504 715554
509 715565
508 715574
509 715584
505 715595
511 715604
506 715614
506 715624
507 715634
508 715644
510 715654
509 715664
508 715674
508 715684
509 715694
507 715709
507 715714
504 715737
505 715740
507 715744
508 715754
508 715765
506 715775
507 715785
509 715795
507 715805
507 715815
507 715837
507 715841
507 715870
509 715872
508 715876
510 715879
507 715885
508 715894
507 715904
511 715915
506 715937
508 715941
508 715944
509 715967
509 715971
507 715974
505 715985
504 715994
510 716004
511 716014
507 716024
506 716035
507 716044
510 716054
508 716076
506 716080
507 716084
508 716104
509 716116
507 716121
509 716131
508 716135
508 716145
508 716155
507 716177
507 716181
509 716210
508 716211
506 716230
508 716232
507 716235
509 716239
508 716257
508 716260
507 716265
507 716275
507 716285
508 716307
508 716310
508 716314
508 716324
509 716334
508 716344
507 716354
508 716385
507 716396
507 716400
508 716404
508 716414
508 716424
509 716435
508 716445
506 716467
508 716471
508 716475
507 716497
507 716500
509 716505
509 716515
510 716525
507 716535
506 716545
509 716580
508 716583
508 716586
509 716597
508 716600
508 716604
512 716615
505 716625
508 716634
509 716644
508 716654
508 716677
510 716680
509 716684
508 716694
509 716704
509 716715
507 716725
507 716734
510 716745
508 716755
509 716777
508 716780
507 716797
507 716800
507 716805
507 716815
505 716825
509 716835
508 716845
507 716855
507 716877
508 716880
510 716884
509 716895
509 716905
506 716915
493 716925
518 716935
498 716945
513 716955
501 716977
516 716981
494 716985
497 717004
498 717005
513 717015
506 717024
506 717035
506 717045
507 717055
511 717065
511 717075
507 717085
506 717095
508 717105
508 717115
507 717135
507 717144
510 717155
508 717165
510 717175
509 717211
507 717215
508 717217
509 717217
507 717237
508 717241
513 717245
500 717255
508 717265
515 717275
491 717284
521 717295
486 717305
506 717314
508 717325
509 717335
507 717345
505 717355
511 717377
506 717381
509 717385
508 717395
515 717405
491 717415
518 717425
542 717435
463 717445
525 717455
522 717464
534 717475
500 717485
504 717495
519 717504
519 717515
511 717525
511 717535
506 717545
507 717555
508 717565
509 717587
508 717591
508 717595
508 717605
508 717615
505 717625
508 717635
504 717644
499 717655
497 717665
521 717687
527 717705
489 717706
478 717707
495 717715
507 717725
488 717745
508 717757
501 717760
513 717764
508 717775
508 717795
505 717805
508 717815
510 717825
509 717835
507 717844
513 717854
508 717865
507 717875
507 717885
511 717895
510 717905
505 717915
510 717925
506 717947
503 717951
509 717955
498 717977
503 717981
507 717985
508 717995
500 718004
511 718015
506 718024
513 718035
514 718045
505 718055
511 718077
511 718081
508 718084
510 718095
508 718104
509 718115
507 718137
507 718140
505 718145
508 718155
508 718165
508 718175
506 718185
509 718195
509 718205
508 718215
508 718224
507 718235
508 718244
506 718254
505 718264
509 718274
507 718284
507 718294
506 718304
507 718314
509 718324
506 718346
509 718350
508 718354
508 718364
509 718387
508 718390
508 718394
507 718415
509 718427
507 718430
509 718447
508 718450
509 718455
509 718465
509 718475
508 718485
507 718495
508 718505
508 718527
508 718531
508 718535
507 718545
508 718555
508 718565
509 718576
508 718595
508 718604
508 718627
507 718630
508 718634
508 718644
509 718667
510 718670
508 718674
507 718697
508 718710
509 718710
507 718714
508 718724
507 718734
509 718744
510 718754
507 718764
506 718787
507 718791
508 718795
510 718805
508 718815
508 718825
508 718835
510 718845
507 718855
506 718865
507 718875
508 718885
508 718912
509 718913
508 718917
509 718925
509 718935
509 718944
507 718967
508 718970
510 718974
508 718984
508 718994
507 719017
506 719020
508 719024
509 719034
508 719044
507 719054
506 719064
508 719088
508 719091
506 719095
507 719105
507 719115
509 719125
508 719135
506 719145
507 719155
508 719165
508 719174
510 719184
508 719205
508 719206
509 719215
508 719225
507 719235
508 719244
506 719287
508 719288
509 719288
507 719289
509 719294
512 719304
508 719314
506 719324
508 719334
509 719354
507 719364
508 719388
509 719391
510 719395
510 719405
508 719415
507 719425
507 719435
508 719457
508 719461
509 719465
509 719475
508 719485
509 719495
508 719505
507 719515
506 719525
509 719547
508 719550
506 719554
509 719564
508 719574
510 719584
506 719594
508 719604
506 719614
507 719625
507 719635
508 719645
508 719655
509 719665
508 719675
509 719685
507 719695
507 719705
507 719727
508 719731
508 719735
507 719745
508 719755
508 719765
508 719775
508 719785
506 719795
509 719805
507 719815
508 719825
512 719836
498 719845
537 719855
488 719865
527 719875
544 719897
514 719901
524 719905
494 719915
514 719925
504 719935
500 719945
516 719955
506 719965
502 719975
500 719985
512 719995
508 720005
508 720015
509 720025
511 720048
509 720051
508 720055
512 720065
499 720075
511 720095
520 720105
504 720115
512 720125
508 720134
510 720144
512 720167
514 720170
509 720175
513 720185
510 720195
511 720205
508 720215
505 720224
508 720235
509 720245
508 720255
507 720265
508 720275
502 720285
511 720295
504 720305
503 720315
508 720325
511 720335
510 720345
509 720355
509 720365
500 720375
512 720385
513 720395
510 720405
504 720414
513 720424
511 720435
505 720445
508 720467
507 720471
509 720475
506 720485
507 720510
508 720511
506 720515
506 720525
506 720535
507 720545
507 720555
508 720565
507 720575
507 720585
512 720595
510 720605
507 720615
508 720650
506 720654
508 720656
508 720657
509 720665
511 720675
509 720685
509 720715
509 720715
508 720716
508 720725
509 720735
507 720745
506 720767
507 720770
509 720775
510 720785
511 720795
509 720805
508 720815
508 720825
507 720845
509 720855
508 720865
507 720875
509 720903
509 720904
506 720906
507 720915
506 720925
507 720935
508 720945
508 720955
508 720965
508 720975
509 720997
506 721000
506 721005
507 721015
507 721025
508 721035
508 721045
508 721055
508 721065
509 721075
507 721085
506 721095
508 721105
508 721115
508 721124
507 721134
507 721145
508 721154
510 721164
507 721174
506 721184
507 721194
507 721212
510 721215
507 721224
507 721234
508 721244
507 721254
508 721264
506 721287
506 721290
507 721294
508 721304
507 721314
508 721325
508 721335
509 721357
509 721361
508 721366
506 721375
508 721385
509 721395
507 721405
507 721415
508 721425
508 721435
510 721445
508 721455
506 721464
508 721475
507 721484
509 721495
509 721504
509 721514
509 721524
510 721534
508 721544
507 721554
506 721574
507 721584
507 721594
509 721604
509 721614
508 721624
510 721634
507 721644
505 721654
506 721664
506 721674
507 721684
508 721694
508 721704
509 721715
510 721725
508 721735
508 721745
507 721755
508 721765
508 721775
508 721785
508 721795
508 721805
508 721815
508 721827
508 721835
507 721845
509 721855
507 721865
508 721875
507 721897
508 721900
509 721904
509 721914
507 721924
507 721934
508 721944
507 721954
508 721964
508 721974
509 721984
507 721995
509 722005
508 722015
507 722025
507 722047
507 722051
509 722055
508 722065
510 722074
508 722097
506 722100
507 722104
507 722115
508 722124
509 722135
507 722144
508 722154
507 722164
507 722174
508 722185
506 722195
506 722205
507 722215
508 722225
509 722235
507 722245
505 722255
508 722264
509 722274
508 722284
508 722294
509 722314
508 722324
509 722334
508 722345
508 722355
507 722365
509 722375
507 722385
507 722415
507 722417
507 722421
508 722425
508 722435
509 722445
507 722455
508 722464
508 722474
507 722484
507 722495
507 722517
508 722520
507 722524
508 722534
508 722544
509 722554
509 722565
507 722575
507 722597
508 722600
508 722605
507 722615
508 722624
506 722635
509 722644
510 722655
508 722665
507 722674
508 722685
507 722694
509 722704
508 722714
508 722724
508 722734
509 722744
507 722754
505 722764
508 722775
507 722785
508 722795
508 722805
508 722815
510 722825
511 722835
508 722857
507 722860
509 722864
509 722874
507 722884
509 722894
509 722912
507 722915
508 722924
509 722934
507 722944
507 722954
507 722964
508 722974
510 722984
510 722994
506 723004
507 723014
509 723024
506 723034
507 723045
509 723065
507 723075
506 723085
512 723095
509 723105
503 723115
508 723125
508 723147
505 723150
508 723154
508 723166
509 723174
508 723197
510 723200
510 723204
511 723214
507 723224
506 723234
507 723244
507 723254
509 723265
507 723275
507 723284
508 723294
511 723304
509 723314
507 723324
508 723334
506 723344
509 723354
506 723364
504 723374
510 723384
509 723394
508 723404
505 723414
508 723424
509 723434
506 723457
509 723461
508 723465
508 723475
509 723485
508 723495
506 723505
508 723514
509 723525
508 723535
509 723545
508 723554
508 723564
508 723574
508 723584
508 723594
507 723604
506 723614
507 723624
510 723634
509 723644
509 723654
508 723664
508 723674
508 723684
506 723709
506 723710
507 723714
508 723724
508 723734
507 723745
508 723755
508 723775
508 723797
506 723801
507 723805
508 723827
507 723830
507 723835
507 723845
506 723854
510 723865
505 723874
504 723884
508 723894
506 723905
510 723915
508 723925
510 723935
510 723944
512 723954
507 723964
508 723974
509 723984
509 723994
510 724004
509 724014
507 724024
509 724034
509 724044
509 724054
508 724064
508 724074
508 724096
506 724100
508 724104
508 724115
510 724125
509 724134
509 724144
508 724154
506 724164
508 724175
508 724185
508 724209
507 724210
508 724214
506 724224
509 724234
508 724244
506 724267
508 724270
507 724274
509 724284
508 724294
507 724311
508 724314
509 724324
509 724334
507 724344
506 724354
508 724364
509 724374
509 724384
508 724394
509 724404
512 724415
511 724425
508 724447
504 724451
506 724455
510 724465
511 724475
510 724497
508 724500
509 724504
507 724514
507 724524
508 724544
507 724565
509 724576
509 724580
507 724584
505 724594
510 724604
508 724614
507 724624
507 724634
508 724644
505 724654
508 724664
508 724674
509 724684
510 724695
506 724705
508 724715
508 724737
510 724740
506 724745
508 724754
510 724764
509 724774
508 724784
509 724794
509 724804
507 724814
507 724824
506 724834
510 724856
508 724860
508 724864
507 724874
509 724884
508 724907
507 724910
507 724915
509 724925
509 724935
508 724945
509 724954
507 724964
507 724974
508 724984
506 724994
507 725004
508 725014
508 725024
507 725034
507 725044
509 725054
510 725076
508 725080
506 725084
507 725094
508 725113
509 725115
509 725125
506 725135
508 725145
509 725155
509 725164
507 725175
506 725185
509 725195
509 725204
507 725214
509 725225
509 725235
510 725245
508 725254
507 725264
506 725274
508 725294
507 725305
508 725314
508 725337
508 725341
509 725345
508 725355
507 725378
507 725381
508 725385
508 725395
508 725404
507 725414
509 725425
509 725434
509 725444
508 725454
508 725465
508 725475
506 725485
508 725507
508 725532
508 725533
508 725534
510 725537
508 725544
507 725554
508 725565
507 725574
509 725585
508 725594
507 725604
509 725614
511 725624
508 725634
506 725644
507 725654
508 725664
508 725674
508 725684
507 725694
508 725704
509 725726
507 725729
507 725746
507 725750
509 725754
507 725765
508 725775
509 725785
508 725795
508 725804
509 725814
507 725824
507 725834
509 725845
508 725854
506 725864
507 725874
508 725885
506 725895
509 725905
507 725914
505 725924
509 725934
507 725944
508 725954
508 725964
506 725974
508 725984
508 725994
507 726016
506 726019
506 726034
507 726044
509 726054
507 726064
507 726074
508 726085
508 726095
507 726105
507 726115
507 726125
507 726134
508 726157
508 726161
507 726165
509 726174
509 726209
507 726212
506 726215
508 726239
509 726240
509 726240
509 726244
507 726254
509 726264
510 726274
508 726284
506 726294
509 726304
508 726314
509 726324
508 726334
510 726344
508 726354
510 726364
507 726374
506 726384
507 726394
506 726404
507 726414
509 726424
507 726434
508 726444
507 726454
507 726465
507 726487
509 726490
505 726495
510 726505
508 726514
509 726524
508 726535
509 726555
511 726567
507 726570
507 726574
508 726584
506 726594
508 726604
507 726614
509 726624
509 726634
509 726647
508 726654
507 726664
507 726674
507 726696
508 726700
509 726704
509 726714
509 726724
510 726734
508 726744
507 726755
507 726774
507 726784
507 726794
508 726804
508 726827
508 726830
511 726834
507 726844
506 726854
508 726864
509 726875
510 726884
508 726907
507 726910
509 726915
502 726924
504 726934
511 726944
503 726955
511 726965
509 726975
510 726985
508 727007
509 727010
510 727015
509 727024
508 727034
509 727044
508 727054
506 727064
507 727074
508 727084
504 727094
510 727104
512 727127
507 727131
507 727134
507 727144
506 727155
507 727164
508 727175
506 727197
509 727200
504 727204
507 727214
508 727224
515 727234
507 727244
505 727255
498 727264
498 727275
512 727284
511 727294
508 727305
505 727327
506 727330
508 727334
508 727344
508 727354
507 727364
508 727375
510 727385
508 727407
507 727410
508 727427
504 727430
500 727435
516 727444
496 727454
528 727464
485 727474
497 727484
512 727494
490 727504
505 727524
496 727535
518 727545
511 727555
508 727565
508 727574
510 727584
506 727595
505 727605
506 727615
511 727625
508 727635
511 727644
508 727655
510 727664
509 727674
507 727685
507 727694
515 727704
504 727715
504 727724
505 727735
503 727744
510 727767
508 727770
506 727774
507 727797
506 727801
509 727805
509 727814
508 727824
509 727834
509 727846
510 727867
509 727870
506 727874
509 727884
508 727894
505 727904
505 727914
511 727925
503 727947
512 727950
495 727955
487 727977
517 727980
504 727984
506 728020
505 728023
509 728023
512 728047
505 728051
504 728057
515 728060
503 728076
509 728087
514 728090
513 728106
488 728117
538 728120
495 728139
519 728140
494 728144
497 728154
515 728164
495 728187
532 728190
496 728220
508 728223
514 728224
513 728237
512 728241
507 728245
510 728265
507 728287
507 728290
510 728295
508 728317
509 728320
508 728324
508 728347
507 728350
508 728354
508 728364
509 728400
508 728403
507 728404
507 728415
506 728441
507 728444
508 728445
508 728457
511 728460
509 728464
507 728487
508 728490
509 728494
510 728516
507 728520
506 728524
508 728534
508 728544
507 728554
506 728591
506 728594
509 728597
508 728598
508 728617
508 728621
508 728624
509 728635
508 728644
508 728654
510 728664
507 728687
508 728690
507 728720
508 728724
507 728727
506 728728
507 728734
507 728757
507 728760
510 728777
514 728780
509 728784
510 728794
506 728804
507 728826
508 728830
509 728895
507 728936
508 728938
510 728939
508 728941
507 728941
506 728947
507 728950
507 728951
506 728953
510 728954
507 728980
509 728984
510 728986
507 728987
506 729005
505 729017
508 729020
507 729025
508 729034
512 729044
508 729054
511 729064
511 729074
507 729084
506 729107
509 729110
509 729114
512 729124
507 729147
509 729150
511 729154
507 729164
506 729174
505 729184
506 729194
508 729204
509 729214
513 729224
510 729234
505 729244
516 729254
505 729264
506 729274
513 729296
511 729301
504 729305
505 729315
506 729325
512 729335
510 729345
511 729355
506 729377
508 729380
506 729384
506 729394
506 729404
505 729414
506 729424
508 729434
509 729444
506 729454
507 729464
506 729474
508 729484
507 729494
508 729517
508 729520
509 729524
509 729534
503 729544
506 729554
508 729564
509 729574
508 729584
506 729616
506 729617
511 729618
509 729624
506 729647
508 729650
502 729655
510 729664
505 729674
509 729684
506 729694
505 729704
506 729715
512 729726
511 729745
509 729755
508 729765
508 729788
509 729791
508 729794
510 729804
513 729814
500 729824
509 729834
506 729844
509 729854
511 729865
522 729903
508 729933
507 729934
508 729934
509 729935
504 729936
507 729976
519 729978
505 729979
521 729980
506 729983
521 729996
510 729999
520 730004
513 730040
508 730044
506 730047
513 730048
507 730067
509 730071
508 730100
510 730104
505 730107
506 730108
508 730114
509 730137
510 730140
506 730144
507 730154
508 730165
508 730174
509 730185
507 730194
508 730204
511 730215
511 730224
507 730234
510 730244
498 730254
517 730277
519 730280
504 730284
520 730295
496 730305
503 730315
507 730325
511 730335
503 730345
514 730354
503 730364
509 730374
502 730384
511 730407
515 730410
505 730414
525 730424
497 730434
454 730457
524 730460
503 730464
518 730475
507 730494
498 730504
519 730514
495 730524
498 730535
511 730545
508 730555
508 730566
507 730575
504 730585
509 730595
506 730604
512 730614
506 730624
513 730634
516 730644
516 730654
509 730664
512 730674
518 730684
515 730694
491 730704
496 730714
537 730726
522 730734
507 730744
530 730755
507 730777
509 730780
510 730784
509 730794
515 730805
506 730815
507 730825
513 730834
506 730844
507 730854
509 730864
513 730874
503 730884
501 730894
502 730904
503 730914
506 730924
507 730934
506 730945
512 730955
507 730965
497 730975
501 730985
511 730994
506 731004
516 731027
508 731030
502 731034
499 731044
507 731054
514 731064
508 731074
510 731084
510 731107
508 731110
508 731114
504 731125
507 731134
511 731144
508 731154
507 731164
507 731174
510 731184
509 731194
509 731204
506 731224
505 731234
508 731244
506 731254
508 731264
505 731274
504 731284
507 731294
508 731304
507 731315
505 731324
506 731334
507 731344
510 731354
507 731364
508 731374
505 731396
505 731400
508 731404
507 731415
507 731424
508 731434
505 731444
508 731467
507 731470
513 731473
505 731484
503 731495
510 731505
510 731515
509 731525
510 731535
510 731545
509 731555
507 731564
509 731574
507 731584
507 731594
506 731606
508 731618
508 731624
509 731634
510 731644
509 731654
506 731664
508 731674
506 731684
512 731694
506 731704
506 731714
509 731736
512 731739
507 731744
513 731754
508 731764
508 731774
510 731784
508 731794
511 731804
504 731814
509 731824
509 731834
508 731844
508 731866
505 731869
507 731874
508 731884
506 731894
508 731904
509 731927
508 731934
511 731935
510 731944
509 731964
508 731974
506 731984
506 731994
510 732004
508 732014
505 732024
512 732034
508 732044
501 732054
508 732064
506 732074
507 732084
512 732094
508 732104
509 732113
508 732123
509 732134
511 732144
505 732154
508 732164
509 732174
509 732184
508 732193
509 732204
507 732214
510 732223
508 732233
507 732243
510 732255
507 732264
509 732274
506 732284
506 732294
508 732304
510 732314
506 732337
506 732340
508 732344
508 732354
508 732364
506 732374
507 732384
508 732394
510 732404
507 732414
507 732424
509 732434
509 732444
508 732454
508 732464
507 732474
509 732484
510 732494
508 732504
507 732514
509 732524
509 732535
508 732543
508 732554
507 732563
509 732573
509 732583
508 732593
507 732603
508 732613
507 732625
508 732634
508 732644
508 732654
508 732664
507 732674
508 732684
506 732694
507 732714
506 732724
508 732734
508 732744
509 732754
508 732764
508 732774
509 732784
507 732794
508 732818
507 732818
508 732824
507 732834
508 732844
507 732854
508 732864
514 732874
492 732884
500 732894
525 732904
470 732914
467 732924
500 732934
519 732944
490 732954
488 732964
500 732974
507 732984
510 732994
509 733005
509 733014
509 733024
508 733034
510 733044
510 733054
511 733064
503 733074
505 733084
516 733094
505 733117
511 733122
512 733126
503 733134
511 733144
506 733154
507 733164
507 733174
509 733184
512 733194
517 733204
513 733214
512 733224
509 733234
507 733244
505 733254
506 733264
509 733274
506 733284
509 733294
512 733304
508 733314
509 733324
511 733334
502 733344
509 733364
511 733365
507 733374
508 733384
508 733394
502 733404
504 733414
506 733424
509 733434
501 733444
504 733464
505 733474
512 733484
508 733494
507 733517
506 733520
509 733524
508 733534
507 733544
508 733554
508 733564
507 733574
508 733584
507 733594
509 733617
512 733620
509 733625
507 733634
507 733644
509 733654
507 733664
506 733674
507 733684
507 733715
509 733716
507 733716
507 733724
508 733734
511 733744
508 733754
508 733764
510 733774
508 733784
509 733794
509 733817
508 733818
508 733824
514 733834
508 733844
507 733854
518 733864
500 733874
504 733884
510 733894
508 733904
507 733914
506 733925
508 733934
512 733957
508 733960
511 733964
500 733974
511 733984
509 733994
515 734004
503 734014
512 734024
512 734034
507 734056
508 734059
505 734064
507 734073
506 734083
505 734093
503 734103
511 734114
507 734124
511 734134
506 734144
509 734154
509 734164
509 734174
508 734194
505 734204
507 734214
511 734224
509 734246
507 734250
507 734254
510 734264
507 734274
510 734284
506 734294
507 734304
510 734326
509 734330
508 734334
505 734344
509 734354
508 734364
508 734374
509 734384
505 734394
507 734404
516 734426
513 734429
513 734434
501 734443
504 734453
515 734463
508 734473
506 734484
505 734494
510 734504
511 734514
511 734524
504 734534
510 734557
508 734560
513 734564
510 734574
509 734584
505 734594
509 734604
506 734614
506 734624
512 734634
505 734644
508 734654
507 734664
507 734674
505 734684
508 734694
508 734704
500 734714
515 734724
500 734734
508 734744
511 734754
505 734763
504 734774
510 734784
511 734794
511 734803
511 734826
500 734829
498 734834
515 734843
501 734853
521 734865
517 734874
507 734884
511 734894
509 734904
510 734914
505 734924
520 734944
513 734954
502 734964
507 734974
508 735014
509 735015
506 735015
504 735016
500 735024
506 735034
510 735044
507 735054
511 735064
507 735074
506 735084
510 735094
508 735104
509 735114
503 735124
507 735134
507 735144
508 735154
510 735164
507 735186
510 735189
511 735194
506 735204
509 735214
511 735224
508 735234
508 735244
507 735254
508 735264
517 735274
502 735284
513 735294
506 735304
517 735314
499 735324
511 735334
510 735344
509 735366
506 735370
506 735374
516 735384
505 735394
511 735404
510 735414
509 735424
506 735434
506 735444
508 735454
509 735464
510 735474
508 735484
506 735494
505 735504
509 735514
509 735523
507 735534
509 735544
509 735553
510 735563
508 735573
506 735584
508 735594
507 735619
509 735619
508 735624
508 735634
511 735644
508 735654
505 735664
507 735674
508 735694
508 735704
506 735714
509 735724
507 735734
508 735744
509 735754
506 735764
507 735774
509 735784
508 735806
507 735810
508 735814
507 735824
508 735834
511 735844
507 735853
507 735864
508 735873
507 735884
507 735893
507 735904
510 735913
509 735937
508 735940
508 735944
504 735955
508 735964
508 735974
508 735997
506 736000
509 736004
506 736014
510 736024
508 736034
505 736044
507 736054
508 736064
507 736074
507 736084
509 736094
503 736104
508 736127
508 736130
508 736134
507 736144
508 736154
508 736164
509 736173
509 736184
507 736194
507 736204
509 736214
507 736223
507 736234
508 736244
508 736254
508 736264
508 736274
509 736283
508 736293
509 736304
507 736314
508 736324
508 736334
507 736344
509 736354
507 736364
507 736374
510 736384
510 736394
508 736404
508 736424
507 736434
508 736444
507 736454
508 736477
507 736481
508 736484
511 736506
508 736510
507 736514
509 736524
508 736534
508 736544
508 736554
507 736576
509 736579
509 736584
508 736594
507 736603
508 736614
507 736623
510 736646
508 736649
508 736653
507 736663
509 736673
508 736684
507 736694
507 736704
506 736722
507 736724
507 736734
508 736744
508 736754
508 736777
509 736780
508 736784
507 736794
507 736804
508 736814
506 736824
508 736834
506 736844
508 736854
510 736864
506 736874
507 736884
508 736894
509 736904
508 736914
508 736936
507 736939
509 736944
509 736954
507 736963
507 736974
507 736983
507 736993
507 737003
508 737013
508 737023
509 737034
510 737043
508 737053
506 737064
507 737074
508 737084
508 737094
508 737119
508 737119
508 737124
510 737134
508 737146
507 737164
507 737174
509 737184
509 737194
508 737204
508 737214
508 737224
509 737234
509 737244
508 737254
507 737264
508 737274
507 737284
509 737294
508 737304
508 737314
508 737324
508 737334
507 737344
507 737354
507 737364
507 737374
508 737383
506 737394
506 737403
508 737413
509 737423
507 737433
507 737445
508 737454
507 737464
508 737474
508 737484
508 737494
506 737504
509 737514
508 737524
507 737534
506 737544
507 737554
507 737564
508 737574
508 737584
507 737594
510 737604
507 737614
508 737624
508 737635
507 737644
508 737654
508 737664
508 737686
508 737690
509 737694
508 737704
507 737713
508 737724
508 737734
507 737744
507 737766
507 737769
509 737773
508 737783
508 737793
507 737803
506 737814
508 737837
509 737842
508 737844
510 737854
509 737864
508 737874
508 737884
506 737895
507 737914
508 737924
508 737934
507 737944
508 737954
509 737964
508 737974
509 737984
508 737994
506 738004
506 738026
509 738030
508 738034
508 738044
508 738054
507 738064
509 738074
508 738084
507 738094
506 738104
508 738114
507 738123
508 738134
508 738143
507 738153
509 738163
506 738173
507 738184
507 738194
507 738204
509 738214
508 738224
509 738234
508 738244
510 738254
507 738264
507 738274
508 738284
509 738294
507 738304
507 738314
509 738324
508 738334
508 738344
509 738354
507 738364
506 738374
508 738384
508 738394
508 738404
509 738414
509 738424
508 738434
507 738444
508 738454
507 738464
508 738473
507 738483
507 738493
509 738503
507 738513
508 738524
509 738533
507 738544
507 738554
508 738564
507 738574
508 738584
508 738594
507 738604
507 738627
510 738630
509 738634
507 738654
508 738664
507 738674
508 738684
508 738694
508 738704
509 738714
511 738724
508 738734
504 738744
507 738754
507 738764
508 738774
508 738784
507 738794
509 738804
510 738814
508 738824
507 738834
508 738843
508 738866
508 738869
508 738873
505 738883
508 738893
509 738903
510 738913
504 738923
509 738934
509 738944
507 738954
508 738964
507 738974
508 738997
509 739000
507 739004
506 739014
507 739024
507 739034
507 739044
507 739054
507 739064
506 739074
507 739084
507 739094
506 739104
506 739114
508 739124
506 739134
509 739144
510 739154
507 739164
509 739174
509 739184
506 739194
507 739203
506 739214
509 739228
508 739234
509 739244
507 739254
508 739264
510 739274
508 739284
507 739294
509 739304
508 739314
508 739334
508 739344
508 739354
508 739364
509 739374
507 739384
506 739394
507 739404
508 739414
509 739424
507 739434
509 739444
509 739454
510 739464
508 739474
507 739484
508 739494
508 739504
510 739513
507 739524
507 739546
509 739549
509 739554
508 739563
507 739573
507 739583
509 739593
507 739617
507 739617
509 739624
508 739634
509 739644
508 739654
507 739664
507 739674
508 739684
506 739694
509 739704
509 739714
507 739724
508 739734
508 739744
508 739754
506 739776
508 739780
507 739784
507 739794
507 739804
506 739814
507 739824
509 739834
507 739844
507 739854
507 739864
508 739874
509 739884
508 739907
508 739910
514 739914
507 739924
515 739934
502 739944
503 739967
505 739970
507 739974
508 739984
506 739994
509 740004
511 740014
505 740024
507 740034
508 740044
507 740054
507 740064
511 740074
510 740084
504 740094
508 740104
512 740114
508 740134
507 740144
508 740154
507 740164
509 740174
508 740184
510 740194
509 740214
511 740215
509 740224
500 740234
500 740244
505 740254
513 740264
509 740274
504 740284
508 740294
508 740304
510 740314
505 740324
507 740336
505 740344
509 740354
508 740364
508 740374
509 740384
509 740394
508 740404
507 740414
507 740424
512 740434
513 740444
503 740454
509 740464
490 740474
539 740484
516 740494
507 740504
519 740514
502 740524
521 740534
506 740544
511 740554
500 740564
512 740574
508 740584
503 740594
509 740604
510 740614
509 740624
507 740634
508 740644
511 740654
508 740664
513 740674
502 740684
505 740694
506 740717
512 740720
512 740724
509 740734
506 740744
508 740754
505 740764
512 740774
505 740784
507 740794
507 740804
506 740814
508 740824
508 740846
508 740849
508 740854
506 740864
511 740884
508 740907
507 740910
505 740914
508 740925
507 740934
507 740957
512 740960
502 740964
503 740984
515 740996
493 741000
514 741004
501 741040
512 741044
511 741046
512 741047
507 741066
509 741069
501 741074
508 741198
515 741198
503 741199
519 741200
487 741200
536 741201
520 741201
522 741202
500 741203
514 741203
517 741204
507 741205
515 741216
519 741220
501 741236
507 741240
508 741244
507 741254
507 741264
506 741274
505 741284
509 741294
508 741304
507 741314
508 741324
507 741334
506 741344
507 741354
507 741364
509 741374
509 741384
509 741394
506 741404
510 741414
508 741436
507 741439
507 741444
507 741466
508 741469
508 741473
508 741484
507 741506
510 741509
508 741513
507 741523
509 741533
507 741556
507 741559
508 741564
506 741574
507 741584
509 741604
507 741614
507 741624
509 741634
507 741656
507 741660
509 741664
507 741674
509 741684
509 741704
507 741724
506 741725
507 741726
507 741734
509 741744
509 741754
507 741764
509 741774
510 741784
509 741794
507 741804
509 741813
507 741823
508 741846
508 741849
510 741853
505 741876
509 741879
511 741883
506 741949
507 741953
506 741953
508 741956
510 741956
507 741957
508 741980
509 741983
509 741986
506 742009
508 742012
507 742013
507 742039
505 742043
509 742046
506 742046
510 742054
509 742075
508 742100
508 742103
506 742104
508 742129
508 742131
508 742134
506 742138
510 742144
511 742153
508 742164
507 742174
507 742209
508 742212
506 742213
508 742226
510 742229
509 742233
510 742244
509 742253
506 742263
507 742273
509 742283
508 742293
509 742303
508 742313
507 742323
510 742334
507 742346
508 742364
507 742374
508 742384
508 742394
508 742404
508 742414
508 742424
508 742434
509 742444
508 742466
507 742470
508 742474
507 742484
509 742494
508 742504
508 742514
508 742524
510 742534
507 742544
507 742554
509 742564
507 742573
508 742596
508 742599
508 742603
507 742613
510 742623
508 742633
507 742656
503 742660
505 742663
515 742673
511 742684
510 742694
509 742704
513 742714
507 742724
506 742734
508 742744
505 742754
502 742764
501 742774
514 742784
522 742793
487 742804
508 742814
513 742824
513 742834
516 742844
516 742854
518 742864
519 742874
519 742884
514 742894
512 742919
508 742920
507 742936
510 742940
511 742944
510 742954
502 742964
500 742974
512 742984
497 742994
507 743004
513 743014
507 743024
496 743034
509 743044
505 743054
511 743064
507 743074
504 743084
505 743094
503 743126
510 743130
507 743134
510 743144
504 743154
509 743164
508 743174
511 743184
503 743194
511 743204
510 743229
507 743230
506 743246
508 743250
508 743254
513 743290
489 743292
494 743295
502 743306
494 743310
509 743314
506 743324
499 743346
529 743350
501 743354
510 743377
507 743380
501 743384
513 743419
509 743422
508 743425
500 743428
507 743447
530 743450
488 743454
529 743464
496 743487
490 743490
479 743494
518 743515
517 743526
498 743530
500 743534
509 743556
508 743559
508 743564
505 743599
510 743604
514 743606
507 743606
505 743626
509 743630
510 743634
504 743644
511 743654
520 743664
506 743674
511 743684
497 743694
506 743704
520 743725
529 743726
504 743734
508 743744
536 743754
503 743764
499 743774
504 743784
502 743794
511 743804
509 743827
510 743830
508 743834
501 743854
509 743875
505 743884
513 743896
506 743900
509 743904
511 743914
512 743924
507 743934
507 743944
509 743954
512 743964
505 743974
516 743984
503 743994
527 744004
508 744014
506 744024
508 744034
500 744044
512 744066
518 744070
504 744074
502 744084
511 744094
508 744104
508 744114
508 744124
507 744134
512 744144
510 744154
510 744164
505 744174
509 744184
510 744194
509 744204
511 744222
507 744226
502 744233
507 744243
508 744253
506 744263
509 744273
506 744283
511 744293
507 744303
506 744313
507 744324
510 744347
509 744350
509 744354
506 744364
509 744374
510 744384
508 744394
507 744404
507 744414
508 744436
508 744439
508 744444
508 744454
508 744464
510 744474
507 744484
507 744494
506 744504
507 744514
508 744524
507 744534
508 744544
508 744554
510 744564
507 744574
509 744584
505 744593
506 744613
508 744623
508 744633
509 744644
506 744654
509 744664
511 744687
508 744690
506 744694
509 744704
509 744714
508 744724
509 744734
509 744744
509 744755
509 744764
509 744774
507 744784
509 744794
507 744804
508 744814
508 744825
508 744834
509 744844
511 744854
508 744864
508 744874
507 744883
507 744894
508 744904
508 744914
508 744923
508 744933
507 744943
506 744953
507 744963
506 744973
506 744983
507 744993
507 745003
506 745013
508 745024
511 745034
508 745044
507 745054
506 745064
507 745074
507 745084
506 745094
506 745104
508 745114
510 745124
506 745135
507 745144
507 745154
509 745164
509 745174
508 745184
508 745194
509 745204
508 745214
508 745224
506 745234
505 745244
508 745253
507 745264
509 745273
506 745283
508 745294
508 745304
508 745324
506 745333
504 745343
508 745353
508 745364
506 745374
508 745384
509 745394
508 745404
508 745414
509 745424
507 745434
505 745444
507 745454
507 745464
509 745474
507 745484
507 745494
509 745504
509 745514
508 745524
508 745534
507 745544
508 745554
508 745564
507 745574
508 745584
509 745593
508 745603
507 745631
508 745632
507 745634
509 745645
507 745653
508 745663
509 745673
510 745683
507 745693
507 745703
508 745713
507 745725
507 745734
508 745744
507 745754
508 745764
509 745774
508 745784
507 745794
507 745804
509 745814
507 745824
507 745834
509 745843
509 745854
525 745864
489 745874
494 745884
514 745894
475 745904
494 745929
529 745930
505 745934
513 745944
493 745954
500 745964
507 745974
512 745996
504 746000
509 746004
510 746014
506 746024
507 746034
505 746044
511 746054
511 746074
511 746084
510 746094
517 746118
510 746119
509 746124
507 746134
501 746144
504 746154
505 746164
507 746174
500 746197
501 746200
513 746222
504 746229
505 746231
510 746234
514 746244
508 746254
510 746264
507 746274
504 746284
505 746294
506 746304
503 746314
509 746324
513 746334
513 746344
508 746354
505 746364
508 746374
509 746384
507 746394
503 746404
510 746414
510 746436
506 746440
508 746444
510 746454
507 746464
503 746474
507 746484
509 746494
505 746504
508 746514
508 746524
508 746534
507 746544
508 746566
507 746570
508 746574
508 746584
508 746594
510 746604
509 746614
509 746624
508 746634
508 746644
506 746654
508 746664
508 746674
507 746684
509 746694
508 746704
506 746714
507 746724
506 746734
506 746744
510 746754
509 746764
508 746774
507 746784
510 746794
507 746823
506 746826
509 746834
508 746844
507 746854
507 746864
509 746874
508 746884
508 746906
509 746910
507 746914
506 746924
507 746934
509 746944
508 746954
509 746964
508 746973
508 746994
508 746994
505 747004
506 747014
507 747024
509 747034
507 747044
508 747054
507 747064
508 747074
509 747084
507 747094
506 747104
506 747114
508 747124
508 747134
508 747144
509 747154
509 747164
510 747174
507 747184
507 747194
508 747203
508 747214
507 747224
508 747233
506 747243
507 747253
509 747276
509 747279
506 747283
508 747304
507 747314
509 747326
509 747329
508 747333
507 747343
510 747354
508 747364
506 747374
507 747384
508 747394
508 747404
508 747414
508 747424
509 747434
509 747444
507 747454
507 747464
507 747474
509 747484
507 747493
508 747504
509 747514
508 747523
509 747534
508 747543
508 747553
507 747574
508 747583
508 747593
509 747603
508 747613
507 747623
507 747633
509 747643
509 747666
507 747669
508 747673
506 747683
509 747693
509 747703
509 747714
508 747724
509 747734
509 747744
507 747754
507 747764
505 747774
507 747784
508 747794
509 747804
510 747814
509 747823
506 747846
508 747850
509 747854
506 747876
507 747881
507 747884
508 747894
508 747903
510 747913
507 747924
507 747933
508 747944
507 747953
507 747963
508 747973
506 747996
509 747999
509 748003
508 748013
508 748028
508 748033
507 748043
507 748053
509 748063
505 748073
507 748083
506 748093
509 748104
508 748114
502 748124
514 748134
506 748144
507 748154
504 748164
507 748174
511 748184
513 748194
511 748204
508 748214
508 748224
508 748234
508 748244
507 748254
506 748264
507 748274
510 748284
511 748294
510 748321
510 748324
509 748334
509 748344
509 748353
507 748376
508 748379
509 748383
506 748393
506 748403
508 748413
508 748423
508 748433
508 748443
507 748453
507 748463
511 748474
508 748484
505 748506
507 748510
509 748514
508 748524
508 748534
509 748544
508 748554
509 748564
507 748574
506 748584
508 748594
507 748604
508 748614
508 748624
508 748634
508 748644
509 748653
509 748663
508 748674
507 748683
509 748693
506 748703
508 748713
505 748723
506 748733
508 748743
508 748753
507 748763
506 748785
508 748789
507 748793
509 748803
508 748813
508 748823
508 748834
508 748844
508 748854
508 748864
509 748874
507 748884
509 748894
509 748904
509 748914
508 748924
510 748934
508 748944
505 748954
508 748964
507 748974
507 748984
508 748994
508 749003
509 749013
511 749023
508 749044
507 749053
507 749063
508 749073
509 749083
507 749093
506 749103
509 749113
506 749123
507 749133
508 749156
508 749159
509 749163
508 749173
509 749183
509 749193
509 749203
510 749214
508 749224
508 749234
512 749257
509 749260
506 749264
510 749274
506 749284
508 749294
508 749304
508 749314
507 749324
506 749334
509 749344
506 749354
510 749364
508 749374
508 749396
508 749399
508 749403
509 749414
506 749424
508 749434
506 749443
509 749453
507 749463
508 749473
509 749496
509 749499
507 749503
509 749513
508 749523
507 749546
508 749549
507 749553
508 749563
508 749573
511 749584
507 749594
507 749604
508 749614
510 749624
508 749634
509 749644
510 749654
509 749664
510 749674
508 749684
508 749694
506 749704
511 749726
508 749730
509 749734
508 749756
510 749759
509 749763
509 749783
507 749793
506 749803
509 749813
507 749823
507 749833
508 749843
509 749853
508 749863
509 749873
506 749883
506 749893
507 749903
507 749913
509 749923
510 749933
507 749943
509 749953
508 749964
507 749974
507 749984
508 749994
509 750004
507 750014
507 750024
508 750034
506 750044
510 750054
508 750064
506 750074
507 750084
507 750094
507 750104
507 750113
509 750124
507 750134
510 750143
508 750154
506 750163
509 750174
506 750183
508 750193
507 750203
508 750213
507 750223
509 750233
507 750243
506 750253
508 750263
508 750273
508 750283
508 750293
508 750303
508 750313
509 750323
508 750334
507 750343
508 750354
510 750364
507 750374
509 750384
508 750394
509 750404
509 750414
509 750424
507 750434
506 750444
508 750454
508 750464
508 750474
507 750484
508 750494
509 750503
506 750513
507 750533
507 750543
509 750553
498 750563
512 750573
512 750583
496 750593
519 750603
508 750613
507 750630
508 750633
501 750643
502 750653
505 750663
507 750673
505 750683
500 750693
503 750703
507 750713
507 750724
505 750734
508 750744
508 750754
508 750764
512 750774
507 750784
512 750794
510 750804
509 750814
521 750824
502 750834
506 750844
510 750854
517 750876
506 750881
507 750884
505 750906
510 750909
508 750913
511 750923
511 750933
510 750943
506 750953
508 750976
511 750979
508 750997
510 750998
505 751003
508 751013
504 751023
508 751033
512 751043
507 751053
509 751063
508 751073
511 751083
507 751093
505 751104
509 751114
512 751124
506 751134
505 751144
508 751166
509 751170
508 751174
506 751184
507 751194
507 751204
506 751230
508 751231
508 751233
509 751244
509 751253
508 751274
506 751283
508 751293
508 751303
508 751313
508 751323
509 751346
508 751349
510 751353
508 751376
506 751379
507 751383
507 751393
508 751403
508 751413
509 751423
509 751433
509 751443
508 751453
507 751476
507 751480
509 751484
507 751494
508 751504
508 751514
509 751524
508 751534
507 751544
508 751554
506 751564
510 751574
506 751584
509 751594
508 751603
505 751613
508 751623
509 751634
508 751643
508 751653
508 751663
505 751673
508 751683
507 751693
507 751703
505 751713
510 751723
508 751733
507 751743
507 751753
506 751763
506 751773
508 751783
509 751793
508 751804
508 751842
507 751843
508 751844
509 751846
508 751858
510 751864
508 751874
506 751884
513 751894
507 751916
504 751920
504 751924
506 751934
508 751944
504 751954
506 751964
508 751974
510 751984
507 751994
509 752013
506 752023
507 752033
508 752043
508 752053
507 752063
507 752073
510 752083
507 752106
507 752109
506 752113
507 752123
506 752146
507 752149
509 752153
506 752163
507 752173
509 752184
509 752194
509 752204
509 752215
504 752224
510 752234
505 752244
510 752253
510 752263
507 752286
510 752289
508 752293
508 752303
508 752313
507 752323
508 752333
508 752343
507 752353
509 752363
510 752374
507 752384
506 752394
508 752404
506 752414
510 752424
508 752434
508 752444
508 752455
510 752476
508 752480
506 752484
508 752494
507 752504
509 752514
508 752524
509 752534
508 752544
510 752554
509 752563
507 752574
507 752585
509 752606
507 752610
507 752613
507 752623
508 752633
508 752643
509 752653
507 752663
508 752673
508 752683
507 752693
508 752703
506 752724
508 752724
510 752734
509 752754
508 752764
507 752774
508 752784
507 752794
508 752804
507 752814
509 752824
508 752834
509 752856
508 752859
507 752863
507 752874
507 752884
508 752894
508 752903
508 752914
506 752924
511 752934
499 752944
503 752954
501 752964
506 752974
506 752984
504 752994
510 753004
511 753014
504 753024
509 753034
509 753044
507 753054
508 753063
509 753073
508 753083
508 753093
512 753104
508 753126
508 753129
508 753134
510 753144
509 753155
503 753164
510 753174
507 753184
507 753194
510 753204
505 753226
506 753229
510 753233
504 753244
498 753253
500 753263
507 753273
518 753283
508 753293
511 753304
506 753325
509 753336
509 753340
506 753344
509 753354
509 753364
509 753374
508 753384
510 753394
506 753404
508 753414
506 753427
507 753434
510 753444
503 753454
501 753464
516 753473
490 753484
512 753494
509 753514
492 753524
531 753534
505 753544
517 753554
491 753564
514 753574
510 753583
509 753594
502 753604
507 753614
509 753623
508 753633
509 753644
510 753654
507 753664
509 753674
507 753684
507 753694
503 753704
501 753714
506 753724
502 753734
510 753744
504 753754
511 753764
508 753774
507 753796
504 753799
507 753803
510 753814
509 753824
506 753834
509 753844
508 753854
510 753864
509 753874
509 753884
507 753894
509 753904
507 753914
507 753924
509 753935
506 753944
510 753954
503 753964
513 753974
513 753984
508 753993
498 754004
511 754014
509 754023
508 754034
499 754044
507 754066
514 754070
504 754086
508 754090
496 754122
515 754125
506 754125
505 754146
460 754149
524 754174
518 754189
533 754193
508 754196
517 754197
532 754224
480 754225
518 754226
507 754246
506 754249
503 754254
500 754289
506 754291
507 754293
505 754305
506 754316
506 754320
511 754323
506 754359
509 754362
507 754362
505 754389
506 754391
507 754394
509 754420
508 754424
511 754426
506 754427
510 754433
510 754456
509 754459
503 754463
507 754485
507 754490
510 754519
511 754523
510 754525
507 754528
505 754559
506 754562
512 754565
506 754589
508 754593
508 754596
506 754597
510 754616
508 754620
504 754623
509 754659
506 754663
509 754666
507 754667
507 754686
508 754689
510 754718
507 754722
506 754725
512 754725
496 754744
508 754756
499 754759
510 754763
509 754803
508 754824
507 754827
507 754828
505 754828
510 754831
509 754834
508 754843
509 754853
509 754863
510 754884
508 754894
509 754929
506 754932
508 754933
509 754959
507 754962
508 754965
508 754966
509 754986
509 754989
508 754993
507 755004
507 755024
509 755036
507 755041
507 755056
508 755060
509 755063
508 755073
507 755083
508 755093
507 755103
506 755113
508 755134
510 755146
508 755149
508 755153
509 755176
510 755179
507 755183
508 755193
510 755203
510 755213
508 755223
504 755233
511 755256
508 755260
506 755264
507 755274
507 755284
508 755294
508 755326
507 755327
509 755328
508 755333
510 755343
505 755354
508 755364
514 755374
500 755383
503 755394
501 755404
502 755413
509 755432
510 755436
506 755443
507 755453
499 755463
508 755473
508 755483
504 755506
505 755509
510 755513
503 755523
509 755533
503 755543
504 755553
504 755563
507 755573
510 755583
509 755593
510 755604
511 755614
509 755624
508 755634
505 755644
508 755654
506 755664
507 755686
507 755689
508 755693
507 755704
507 755713
507 755733
507 755744
509 755754
506 755764
510 755774
507 755784
508 755794
509 755803
510 755813
509 755824
508 755834
507 755843
510 755866
509 755869
510 755874
508 755884
509 755893
512 755903
509 755913
507 755923
508 755934
508 755944
510 755954
515 755964
511 755974
497 755984
516 755994
504 756004
506 756014
506 756024
526 756046
514 756049
519 756053
504 756076
509 756079
510 756083
510 756093
509 756104
506 756126
506 756130
510 756134
505 756144
508 756154
505 756163
507 756173
510 756184
505 756193
506 756203
508 756213
507 756236
507 756237
508 756256
506 756260
510 756264
515 756274
504 756296
508 756299
529 756304
512 756326
513 756330
498 756334
540 756344
523 756366
497 756369
507 756374
506 756396
513 756400
508 756404
514 756414
509 756436
510 756439
500 756454
524 756464
496 756474
499 756484
567 756506
498 756509
474 756514
484 756536
518 756539
505 756544
507 756553
508 756576
502 756580
508 756584
510 756593
508 756603
508 756613
509 756624
507 756634
508 756644
508 756654
507 756664
509 756674
508 756684
504 756693
511 756704
507 756726
485 756729
509 756733
525 756743
510 756753
501 756764
512 756773
534 756783
510 756806
508 756810
507 756826
502 756830
511 756834
510 756843
505 756853
509 756863
502 756874
509 756883
501 756904
506 756916
509 756919
508 756923
507 756934
502 756943
507 756954
505 756989
511 756991
510 756994
507 756998
517 757003
508 757013
518 757024
507 757034
504 757044
505 757054
509 757064
517 757074
509 757084
512 757094
511 757104
510 757114
504 757129
508 757133
509 757145
507 757153
510 757163
508 757173
506 757193
509 757203
508 757213
507 757223
509 757245
506 757250
507 757254
508 757264
508 757273
508 757284
508 757294
509 757304
507 757313
506 757324
508 757334
509 757343
507 757353
508 757364
508 757374
509 757383
509 757393
507 757416
507 757419
507 757423
507 757433
507 757461
507 757461
508 757464
508 757473
510 757483
507 757493
507 757503
507 757513
509 757535
507 757539
507 757543
508 757553
510 757563
509 757574
508 757584
506 757594
507 757603
507 757614
509 757633
506 757634
507 757654
507 757654
510 757663
508 757673
506 757683
507 757693
508 757716
509 757719
509 757723
509 757733
509 757743
508 757766
508 757769
508 757773
507 757783
510 757793
507 757803
508 757837
508 757838
508 757838
508 757843
508 757853
508 757863
505 757873
509 757883
508 757893
508 757915
509 757918
507 757924
508 757933
509 757944
507 757963
508 757973
508 757984
507 757993
509 758003
508 758026
509 758029
507 758033
510 758043
508 758053
507 758063
507 758073
507 758096
508 758099
508 758103
507 758113
509 758136
511 758139
508 758144
507 758153
508 758163
507 758173
507 758183
508 758205
508 758209
508 758213
511 758223
507 758233
507 758243
507 758253
508 758263
508 758273
508 758283
508 758306
508 758310
510 758314
506 758324
507 758346
507 758349
508 758353
507 758363
507 758374
509 758384
507 758393
508 758403
509 758413
507 758423
507 758433
508 758456
508 758459
508 758475
507 758479
508 758483
508 758493
510 758503
508 758513
506 758523
507 758533
508 758543
508 758578
509 758582
508 758584
509 758587
509 758593
508 758604
507 758614
507 758624
508 758633
508 758656
507 758659
508 758663
509 758673
510 758683
507 758703
506 758713
508 758723
508 758733
509 758743
508 758766
507 758769
508 758773
510 758783
508 758793
506 758803
507 758814
508 758833
509 758836
508 758844
507 758853
508 758864
509 758873
506 758884
512 758893
498 758903
480 758913
534 758923
525 758934
546 758944
476 758954
537 758964
500 758974
522 758984
507 758993
502 759016
502 759019
509 759023
509 759033
508 759044
509 759054
509 759063
509 759073
506 759083
509 759093
503 759103
503 759113
498 759123
506 759133
506 759143
509 759153
517 759164
507 759173
506 759184
509 759194
505 759204
516 759214
510 759223
503 759233
513 759244
504 759254
503 759263
505 759273
506 759283
507 759293
511 759303
509 759313
500 759323
512 759333
510 759343
513 759353
504 759363
510 759373
509 759383
507 759393
509 759403
509 759413
506 759423
503 759433
510 759454
504 759463
507 759473
506 759483
510 759493
507 759504
506 759513
509 759536
510 759539
508 759543
506 759553
508 759563
507 759573
508 759596
508 759600
508 759604
509 759613
508 759624
506 759634
509 759644
507 759653
510 759664
508 759673
507 759683
510 759694
506 759704
507 759713
507 759724
506 759734
507 759756
507 759759
508 759763
506 759773
506 759783
508 759794
511 759804
508 759814
507 759824
506 759833
506 759856
507 759860
505 759864
508 759873
508 759883
510 759893
508 759903
507 759914
508 759924
509 759933
510 759944
508 759953
508 759964
509 759974
510 759984
509 759994
507 760003
508 760013
508 760024
510 760033
507 760044
508 760053
508 760063
510 760073
508 760083
506 760093
506 760103
509 760113
508 760123
507 760133
508 760143
507 760153
508 760163
510 760183
506 760194
506 760204
506 760226
508 760230
507 760234
506 760243
508 760253
506 760263
509 760273
507 760283
507 760294
509 760303
509 760314
507 760323
507 760333
509 760343
508 760353
509 760363
508 760373
507 760383
508 760393
505 760403
507 760413
507 760423
509 760433
508 760456
511 760459
508 760463
507 760473
508 760483
507 760493
507 760503
508 760513
509 760523
508 760533
509 760543
508 760553
507 760563
507 760573
509 760584
509 760593
507 760603
508 760613
508 760624
509 760634
508 760643
508 760653
509 760673
509 760674
507 760683
511 760693
509 760703
507 760713
507 760724
511 760734
507 760743
508 760753
510 760764
507 760775
508 760796
508 760799
509 760803
507 760813
507 760823
509 760833
506 760843
508 760853
507 760863
509 760873
507 760883
508 760893
508 760913
510 760923
508 760933
507 760943
508 760965
507 760969
508 760973
507 760983
507 760993
508 761004
509 761014
507 761024
506 761033
507 761043
507 761053
507 761063
507 761073
507 761083
508 761093
510 761103
508 761113
505 761123
508 761133
507 761143
507 761153
508 761163
508 761173
508 761183
509 761194
509 761203
508 761213
508 761223
507 761233
508 761243
508 761253
508 761263
508 761273
509 761283
509 761293
508 761303
507 761313
507 761323
509 761333
508 761343
508 761353
508 761363
509 761374
510 761383
510 761393
508 761403
507 761413
508 761423
507 761433
507 761443
507 761453
508 761463
510 761473
508 761483
506 761493
506 761503
507 761513
508 761523
508 761534
508 761544
509 761554
510 761564
507 761573
507 761584
508 761606
507 761609
509 761613
508 761623
509 761633
509 761643
511 761653
507 761673
507 761683
507 761693
508 761703
508 761713
508 761736
508 761740
508 761744
509 761754
508 761764
508 761774
507 761796
509 761799
507 761803
510 761813
509 761836
510 761839
507 761843
507 761853
506 761863
506 761873
507 761883
507 761893
508 761903
509 761913
508 761923
509 761933
507 761943
507 761954
507 761964
507 761974
507 761991
508 761994
508 762004
510 762013
507 762023
512 762033
509 762043
508 762053
507 762063
508 762073
507 762083
505 762106
508 762109
510 762113
510 762123
508 762133
507 762143
507 762153
507 762163
508 762173
507 762183
506 762193
510 762204
508 762226
506 762229
506 762234
507 762244
507 762254
507 762264
508 762273
509 762283
509 762305
507 762309
508 762313
507 762323
508 762333
509 762343
508 762353
509 762363
507 762374
509 762384
509 762393
510 762413
507 762423
507 762446
509 762449
507 762453
507 762463
507 762473
508 762483
508 762493
509 762503
508 762514
505 762524
507 762546
507 762549
508 762553
508 762564
508 762573
508 762583
509 762593
508 762603
507 762625
506 762629
507 762646
508 762649
508 762653
508 762675
508 762679
510 762683
509 762693
506 762703
507 762714
509 762736
509 762739
508 762743
508 762753
507 762763
510 762773
508 762783
506 762793
509 762803
508 762813
508 762823
505 762833
509 762846
508 762853
511 762863
507 762873
507 762883
507 762893
508 762903
506 762913
507 762923
509 762933
509 762943
511 762953
509 762963
508 762973
507 762983
507 762993
508 763003
509 763013
507 763035
508 763038
509 763043
508 763065
508 763066
507 763073
508 763084
506 763094
509 763104
509 763114
508 763123
509 763134
509 763143
506 763163
508 763173
507 763183
507 763193
509 763203
508 763213
508 763223
507 763233
509 763243
509 763253
507 763263
507 763273
508 763283
507 763293
508 763303
508 763313
508 763323
511 763345
508 763348
506 763353
507 763363
507 763385
507 763389
508 763393
508 763403
508 763413
506 763435
508 763439
507 763442
507 763453
510 763464
507 763486
508 763490
508 763506
508 763509
508 763514
507 763523
509 763534
507 763544
507 763553
507 763563
507 763573
508 763583
509 763593
509 763603
508 763613
507 763623
506 763633
507 763643
506 763653
508 763675
508 763679
508 763683
509 763693
508 763703
507 763713
507 763723
508 763732
508 763742
507 763753
509 763763
508 763773
508 763784
510 763794
508 763803
508 763826
509 763829
508 763833
507 763843
506 763853
507 763863
507 763873
512 763893
509 763903
507 763913
502 763923
507 763933
510 763943
510 763953
508 763963
507 763974
513 763984
510 763994
506 764003
507 764013
507 764023
509 764033
511 764043
509 764053
509 764063
509 764073
508 764083
508 764093
508 764103
509 764113
508 764132
508 764136
508 764142
508 764152
508 764163
509 764172
507 764182
506 764192
508 764202
506 764213
508 764223
508 764246
508 764249
507 764253
509 764264
507 764273
507 764296
507 764299
508 764303
506 764325
507 764329
507 764333
507 764343
510 764352
508 764362
507 764373
508 764383
507 764393
508 764403
508 764425
509 764428
507 764433
509 764443
506 764453
505 764462
510 764486
510 764489
509 764493
509 764503
509 764513
509 764523
508 764546
507 764549
507 764553
508 764563
509 764573
509 764583
508 764593
508 764603
508 764613
509 764633
510 764643
506 764653
507 764663
509 764673
506 764683
509 764692
508 764703
508 764716
506 764724
508 764746
508 764749
507 764766
509 764769
507 764773
508 764784
509 764793
509 764803
509 764826
507 764829
507 764833
506 764843
508 764853
506 764863
508 764873
508 764883
508 764893
507 764903
509 764913
508 764923
507 764958
507 764960
506 764963
509 764967
508 764972
508 764982
507 764992
509 765003
506 765013
505 765023
508 765033
509 765043
507 765053
508 765063
508 765073
508 765083
509 765093
509 765103
509 765113
505 765123
506 765133
513 765143
512 765153
508 765163
507 765173
511 765183
507 765193
502 765203
507 765213
509 765236
510 765239
506 765243
512 765265
509 765269
507 765273
505 765283
507 765293
509 765316
511 765319
509 765323
508 765333
509 765343
508 765353
507 765363
508 765373
509 765383
507 765403
508 765425
507 765428
509 765432
508 765446
507 765464
505 765473
508 765484
508 765484
507 765494
508 765504
506 765513
507 765523
508 765537
510 765543
508 765553
511 765563
506 765572
506 765583
509 765593
508 765603
508 765613
508 765623
509 765633
508 765643
510 765653
507 765663
508 765673
508 765683
508 765706
508 765709
507 765713
508 765723
508 765733
509 765743
507 765753
506 765763
507 765773
508 765784
508 765793
507 765803
508 765826
508 765829
507 765833
509 765844
508 765853
506 765863
508 765873
506 765883
507 765893
509 765903
509 765913
510 765923
509 765933
503 765943
507 765953
504 765963
506 765973
510 765983
511 765993
505 766003
510 766026
512 766029
506 766033
507 766043
511 766053
507 766076
508 766079
508 766093
508 766103
509 766113
508 766123
508 766133
511 766143
507 766153
507 766176
503 766179
508 766184
509 766193
509 766203
512 766213
506 766223
509 766233
512 766243
517 766253
507 766263
508 766273
507 766283
508 766293
509 766305
505 766313
511 766323
503 766333
507 766343
508 766353
506 766363
509 766373
507 766383
509 766393
508 766403
507 766413
507 766423
508 766433
507 766443
506 766453
503 766463
506 766473
507 766483
502 766493
486 766516
518 766519
510 766523
525 766533
494 766543
511 766553
514 766563
516 766573
505 766583
507 766593
508 766603
504 766613
508 766624
508 766645
507 766649
507 766653
510 766663
509 766673
509 766683
503 766706
507 766710
505 766726
515 766729
504 766733
509 766743
506 766753
513 766763
508 766773
507 766783
502 766793
511 766803
510 766813
509 766823
506 766836
509 766843
508 766853
509 766873
509 766883
507 766893
507 766903
508 766913
510 766923
509 766933
508 766943
508 766953
511 766963
500 766973
516 766983
519 766993
519 767016
506 767019
511 767036
505 767039
512 767043
507 767053
506 767063
509 767094
509 767108
507 767111
507 767114
504 767134
522 767137
523 767138
491 767156
541 767159
515 767163
520 767198
506 767203
526 767205
533 767205
494 767236
524 767239
521 767254
501 767268
509 767271
504 767273
509 767287
506 767290
504 767306
503 767309
508 767313
510 767336
507 767339
507 767355
507 767359
507 767363
508 767373
507 767413
508 767442
508 767443
510 767465
507 767467
507 767467
507 767470
508 767470
507 767473
508 767483
508 767506
509 767509
508 767539
509 767543
507 767546
507 767547
509 767566
507 767569
508 767573
508 767583
509 767605
508 767609
509 767613
507 767636
507 767639
507 767643
507 767653
508 767675
509 767679
508 767683
509 767705
509 767709
508 767713
508 767723
506 767733
508 767743
507 767753
508 767775
509 767778
509 767782
510 767805
508 767808
508 767812
509 767823
508 767833
507 767843
509 767853
508 767863
508 767873
509 767896
507 767899
505 767903
507 767913
507 767936
510 767939
508 767943
507 767965
508 767969
507 767973
508 767983
507 767993
505 768003
511 768013
508 768031
508 768035
508 768043
507 768065
509 768069
507 768098
507 768100
507 768104
508 768137
509 768140
509 768143
508 768147
508 768165
509 768168
509 768172
507 768182
507 768216
508 768220
507 768226
509 768229
506 768233
508 768243
508 768266
509 768270
507 768273
506 768283
507 768305
506 768309
509 768313
508 768323
508 768333
507 768343
509 768366
508 768369
507 768373
507 768395
507 768399
507 768403
508 768413
508 768423
507 768433
509 768443
508 768453
507 768462
508 768473
508 768483
508 768492
509 768503
506 768512
510 768522
509 768532
508 768542
508 768552
507 768562
509 768572
507 768583
508 768593
506 768603
508 768613
509 768623
509 768633
509 768643
506 768653
509 768673
507 768674
508 768683
508 768707
509 768708
