-0.07763671875 0.2587890625 0.9853515625 74614
-0.07763671875 0.2587890625 0.9853515625 74614
-0.07763671875 0.2587890625 0.9853515625 74616
-0.07763671875 0.2587890625 0.9853515625 74616
-0.07763671875 0.2587890625 0.9853515625 74617
-0.0791015625 0.25830078125 0.984375 74767
-0.0791015625 0.25830078125 0.984375 74769
-0.0791015625 0.25830078125 0.984375 74770
-0.0791015625 0.25830078125 0.984375 74770
-0.07763671875 0.25927734375 0.98291015625 74942
-0.07763671875 0.25927734375 0.98291015625 74943
-0.07763671875 0.25927734375 0.98291015625 74943
-0.07763671875 0.25927734375 0.98291015625 74944
-0.07666015625 0.259765625 0.98486328125 75131
-0.07666015625 0.259765625 0.98486328125 75131
-0.07666015625 0.259765625 0.98486328125 75132
-0.07666015625 0.259765625 0.98486328125 75132
-0.07763671875 0.259765625 0.98046875 75236
-0.07763671875 0.259765625 0.98046875 75237
-0.07763671875 0.259765625 0.98046875 75237
-0.07763671875 0.259765625 0.98046875 75238
-0.0771484375 0.2587890625 0.98193359375 75343
-0.0771484375 0.2587890625 0.98193359375 75343
-0.0771484375 0.2587890625 0.98193359375 75344
-0.0771484375 0.2587890625 0.98193359375 75344
-0.07763671875 0.26123046875 0.98291015625 75534
-0.07763671875 0.26123046875 0.98291015625 75534
-0.07763671875 0.26123046875 0.98291015625 75535
-0.07763671875 0.26123046875 0.98291015625 75535
-0.07666015625 0.2587890625 0.98388671875 75639
-0.07666015625 0.2587890625 0.98388671875 75640
-0.07666015625 0.2587890625 0.98388671875 75640
-0.07666015625 0.2587890625 0.98388671875 75641
-0.0771484375 0.25927734375 0.9833984375 75838
-0.0771484375 0.25927734375 0.9833984375 75839
-0.0771484375 0.25927734375 0.9833984375 75839
-0.0771484375 0.25927734375 0.9833984375 75840
-0.07763671875 0.2578125 0.98486328125 76034
-0.07763671875 0.2578125 0.98486328125 76035
-0.07763671875 0.2578125 0.98486328125 76035
-0.07763671875 0.2578125 0.98486328125 76035
-0.07666015625 0.259765625 0.98388671875 76137
-0.07666015625 0.259765625 0.98388671875 76137
-0.07666015625 0.259765625 0.98388671875 76138
-0.07666015625 0.259765625 0.98388671875 76138
-0.07568359375 0.259765625 0.98583984375 76331
-0.07568359375 0.259765625 0.98583984375 76332
-0.07568359375 0.259765625 0.98583984375 76332
-0.07568359375 0.259765625 0.98583984375 76333
-0.0771484375 0.26025390625 0.98388671875 76433
-0.0771484375 0.26025390625 0.98388671875 76433
-0.0771484375 0.26025390625 0.98388671875 76434
-0.0771484375 0.26025390625 0.98388671875 76434
-0.07666015625 0.26025390625 0.984375 76535
-0.07666015625 0.26025390625 0.984375 76536
-0.07666015625 0.26025390625 0.984375 76536
-0.07666015625 0.26025390625 0.984375 76536
-0.0771484375 0.25927734375 0.98388671875 76637
-0.0771484375 0.25927734375 0.98388671875 76637
-0.0771484375 0.25927734375 0.98388671875 76638
-0.0771484375 0.25927734375 0.98388671875 76641
-0.07763671875 0.25927734375 0.982421875 76827
-0.07763671875 0.25927734375 0.982421875 76828
-0.07763671875 0.25927734375 0.982421875 76829
-0.07763671875 0.25927734375 0.982421875 76830
-0.0771484375 0.25830078125 0.9853515625 76928
-0.0771484375 0.25830078125 0.9853515625 76929
-0.0771484375 0.25830078125 0.9853515625 76929
-0.0771484375 0.25830078125 0.9853515625 76930
-0.076171875 0.259765625 0.97998046875 77031
-0.076171875 0.259765625 0.97998046875 77031
-0.076171875 0.259765625 0.97998046875 77032
-0.0771484375 0.2578125 0.982421875 77135
-0.0771484375 0.2578125 0.982421875 77135
-0.0771484375 0.2578125 0.982421875 77135
-0.0771484375 0.2578125 0.982421875 77135
-0.07763671875 0.259765625 0.98681640625 77330
-0.07763671875 0.259765625 0.98681640625 77330
-0.07763671875 0.259765625 0.98681640625 77331
-0.07763671875 0.259765625 0.98681640625 77331
-0.078125 0.2587890625 0.982421875 77431
-0.078125 0.2587890625 0.982421875 77431
-0.078125 0.2587890625 0.982421875 77432
-0.078125 0.2587890625 0.982421875 77432
-0.07666015625 0.26025390625 0.986328125 77533
-0.07666015625 0.26025390625 0.986328125 77533
-0.07666015625 0.26025390625 0.986328125 77534
-0.07666015625 0.26025390625 0.986328125 77534
-0.0771484375 0.259765625 0.98486328125 77750
-0.0771484375 0.259765625 0.98486328125 77775
-0.0771484375 0.259765625 0.98486328125 77800
-0.0771484375 0.259765625 0.98486328125 77801
-0.07861328125 0.259765625 0.98388671875 77934
-0.07861328125 0.259765625 0.98388671875 77934
-0.07861328125 0.259765625 0.98388671875 77935
-0.07861328125 0.259765625 0.98388671875 77935
-0.076171875 0.25927734375 0.9833984375 78127
-0.076171875 0.25927734375 0.9833984375 78127
-0.076171875 0.25927734375 0.9833984375 78128
-0.076171875 0.25927734375 0.9833984375 78128
-0.076171875 0.2578125 0.98193359375 78228
-0.076171875 0.2578125 0.98193359375 78229
-0.076171875 0.2578125 0.98193359375 78230
-0.076171875 0.2578125 0.98193359375 78230
-0.0771484375 0.2607421875 0.9853515625 78330
-0.0771484375 0.2607421875 0.9853515625 78330
-0.0771484375 0.2607421875 0.9853515625 78331
-0.0771484375 0.2607421875 0.9853515625 78331
-0.07763671875 0.25927734375 0.98291015625 78535
-0.07763671875 0.25927734375 0.98291015625 78535
-0.07763671875 0.25927734375 0.98291015625 78536
-0.07763671875 0.25927734375 0.98291015625 78536
-0.0771484375 0.2587890625 0.98388671875 78722
-0.0771484375 0.2587890625 0.98388671875 78723
-0.0771484375 0.2587890625 0.98388671875 78723
-0.0771484375 0.2587890625 0.98388671875 78724
-0.07763671875 0.2587890625 0.984375 78825
-0.07763671875 0.2587890625 0.984375 78825
-0.07763671875 0.2587890625 0.984375 78826
-0.07763671875 0.2587890625 0.984375 78826
0.0986328125 0.25146484375 1.02197265625 78926
0.0986328125 0.25146484375 1.02197265625 78927
0.0986328125 0.25146484375 1.02197265625 78927
-0.0380859375 0.26806640625 1.025390625 79038
-0.0380859375 0.26806640625 1.025390625 79039
-0.0380859375 0.26806640625 1.025390625 79039
-0.0380859375 0.26806640625 1.025390625 79039
0.21826171875 0.2431640625 0.97802734375 79229
0.21826171875 0.2431640625 0.97802734375 79229
0.21826171875 0.2431640625 0.97802734375 79230
0.21826171875 0.2431640625 0.97802734375 79230
0.43017578125 0.29833984375 0.931640625 79421
0.43017578125 0.29833984375 0.931640625 79422
0.43017578125 0.29833984375 0.931640625 79422
0.43017578125 0.29833984375 0.931640625 79423
0.568359375 0.2998046875 0.818359375 79523
0.568359375 0.2998046875 0.818359375 79524
0.568359375 0.2998046875 0.818359375 79525
0.568359375 0.2998046875 0.818359375 79525
0.5458984375 0.3017578125 0.70166015625 79626
0.5458984375 0.3017578125 0.70166015625 79627
0.5458984375 0.3017578125 0.70166015625 79627
0.5458984375 0.3017578125 0.70166015625 79627
0.66845703125 0.412109375 0.69873046875 79730
0.66845703125 0.412109375 0.69873046875 79731
0.66845703125 0.412109375 0.69873046875 79731
0.66845703125 0.412109375 0.69873046875 79732
0.78369140625 0.353515625 0.5771484375 79921
0.78369140625 0.353515625 0.5771484375 79921
0.78369140625 0.353515625 0.5771484375 79921
0.78369140625 0.353515625 0.5771484375 79922
0.98193359375 0.24609375 0.4697265625 80023
0.98193359375 0.24609375 0.4697265625 80023
0.98193359375 0.24609375 0.4697265625 80023
0.98193359375 0.24609375 0.4697265625 80024
1.17822265625 -0.2421875 0.2705078125 80126
1.17822265625 -0.2421875 0.2705078125 80126
1.17822265625 -0.2421875 0.2705078125 80127
1.17822265625 -0.2421875 0.2705078125 80128
1.02783203125 -0.3623046875 0.33935546875 80252
1.02783203125 -0.3623046875 0.33935546875 80252
1.02783203125 -0.3623046875 0.33935546875 80253
1.02783203125 -0.3623046875 0.33935546875 80253
0.455078125 -0.5546875 0.34228515625 80405
0.455078125 -0.5546875 0.34228515625 80406
0.455078125 -0.5546875 0.34228515625 80406
0.455078125 -0.5546875 0.34228515625 80407
0.48583984375 -0.5869140625 0.5087890625 80518
0.48583984375 -0.5869140625 0.5087890625 80518
0.48583984375 -0.5869140625 0.5087890625 80519
0.48583984375 -0.5869140625 0.5087890625 80519
0.55322265625 -0.65283203125 0.4912109375 80622
0.55322265625 -0.65283203125 0.4912109375 80622
0.55322265625 -0.65283203125 0.4912109375 80623
0.55322265625 -0.65283203125 0.4912109375 80623
0.541015625 -0.78515625 0.3828125 80725
0.541015625 -0.78515625 0.3828125 80726
0.541015625 -0.78515625 0.3828125 80726
0.541015625 -0.78515625 0.3828125 80727
0.41796875 -0.630859375 0.4658203125 80829
0.41796875 -0.630859375 0.4658203125 80829
0.41796875 -0.630859375 0.4658203125 80829
0.41796875 -0.630859375 0.4658203125 80830
0.43994140625 -0.50146484375 0.61376953125 81018
0.43994140625 -0.50146484375 0.61376953125 81019
0.43994140625 -0.50146484375 0.61376953125 81019
0.43994140625 -0.50146484375 0.61376953125 81020
0.63427734375 -0.3662109375 0.58642578125 81121
0.63427734375 -0.3662109375 0.58642578125 81121
0.63427734375 -0.3662109375 0.58642578125 81122
0.63427734375 -0.3662109375 0.58642578125 81122
0.744140625 0.17041015625 0.79150390625 81316
0.744140625 0.17041015625 0.79150390625 81316
0.744140625 0.17041015625 0.79150390625 81317
0.744140625 0.17041015625 0.79150390625 81317
0.60791015625 0.50341796875 0.876953125 81419
0.60791015625 0.50341796875 0.876953125 81419
0.60791015625 0.50341796875 0.876953125 81420
0.60791015625 0.50341796875 0.876953125 81420
0.5126953125 0.51171875 0.90673828125 81522
0.5126953125 0.51171875 0.90673828125 81522
0.5126953125 0.51171875 0.90673828125 81523
0.5126953125 0.51171875 0.90673828125 81523
0.5224609375 0.44970703125 0.85498046875 81623
0.5224609375 0.44970703125 0.85498046875 81623
0.5224609375 0.44970703125 0.85498046875 81623
0.5224609375 0.44970703125 0.85498046875 81624
0.3623046875 0.39990234375 0.89404296875 81814
0.3623046875 0.39990234375 0.89404296875 81814
0.3623046875 0.39990234375 0.89404296875 81815
0.3623046875 0.39990234375 0.89404296875 81815
0.29541015625 0.2880859375 0.83251953125 81919
0.29541015625 0.2880859375 0.83251953125 81919
0.29541015625 0.2880859375 0.83251953125 81920
0.29541015625 0.2880859375 0.83251953125 81920
0.25244140625 0.275390625 0.95703125 82023
0.25244140625 0.275390625 0.95703125 82024
0.25244140625 0.275390625 0.95703125 82024
0.25244140625 0.275390625 0.95703125 82025
0.1318359375 0.3056640625 0.98681640625 82213
0.1318359375 0.3056640625 0.98681640625 82213
0.1318359375 0.3056640625 0.98681640625 82213
0.1318359375 0.3056640625 0.98681640625 82214
-0.19677734375 0.25390625 0.95849609375 82316
-0.19677734375 0.25390625 0.95849609375 82316
-0.19677734375 0.25390625 0.95849609375 82317
-0.19677734375 0.25390625 0.95849609375 82317
-0.30517578125 0.251953125 0.91552734375 82421
-0.30517578125 0.251953125 0.91552734375 82421
-0.30517578125 0.251953125 0.91552734375 82421
-0.30517578125 0.251953125 0.91552734375 82421
0.2109375 0.2568359375 0.9775390625 82613
0.2109375 0.2568359375 0.9775390625 82613
0.2109375 0.2568359375 0.9775390625 82613
0.2109375 0.2568359375 0.9775390625 82614
0.064453125 0.26171875 1.00390625 82714
0.064453125 0.26171875 1.00390625 82715
0.064453125 0.26171875 1.00390625 82715
0.064453125 0.26171875 1.00390625 82715
-0.27587890625 0.25244140625 0.92529296875 82818
-0.27587890625 0.25244140625 0.92529296875 82819
-0.27587890625 0.25244140625 0.92529296875 82819
-0.27587890625 0.25244140625 0.92529296875 82820
-0.2431640625 0.25341796875 0.9384765625 82920
-0.2431640625 0.25341796875 0.9384765625 82921
-0.2431640625 0.25341796875 0.9384765625 82921
-0.2431640625 0.25341796875 0.9384765625 82921
0.17529296875 0.25634765625 0.9833984375 83118
0.17529296875 0.25634765625 0.9833984375 83119
0.17529296875 0.25634765625 0.9833984375 83119
0.17529296875 0.25634765625 0.9833984375 83119
-0.29541015625 0.24853515625 0.9189453125 83311
-0.29541015625 0.24853515625 0.9189453125 83311
-0.29541015625 0.24853515625 0.9189453125 83312
-0.29541015625 0.24853515625 0.9189453125 83312
-0.09375 0.2568359375 0.99365234375 83424
-0.09375 0.2568359375 0.99365234375 83425
-0.09375 0.2568359375 0.99365234375 83425
-0.09375 0.2568359375 0.99365234375 83426
0.11767578125 0.2578125 0.98876953125 83606
0.11767578125 0.2578125 0.98876953125 83606
0.11767578125 0.2578125 0.98876953125 83607
0.11767578125 0.2578125 0.98876953125 83608
-0.158203125 0.25537109375 0.9716796875 83710
-0.158203125 0.25537109375 0.9716796875 83710
-0.158203125 0.25537109375 0.9716796875 83711
-0.158203125 0.25537109375 0.9716796875 83711
