65.36865234375 -39.0625 -29.60205078125 1231812
65.36865234375 -39.0625 -29.60205078125 1231812
0.18310546875 0.9765625 0 1231859
0.18310546875 0.9765625 0 1231860
0.18310546875 0.9765625 0 1231862
-0.1220703125 -0.9765625 0.244140625 1231996
0.1220703125 0.30517578125 0.732421875 1231998
0.1220703125 0.30517578125 0.732421875 1231999
0.1220703125 0.30517578125 0.732421875 1232001
0.1220703125 0.30517578125 0.732421875 1232097
0.18310546875 0.244140625 0.18310546875 1232202
0.18310546875 -0.48828125 0.244140625 1232204
0.18310546875 -0.48828125 0.244140625 1232205
0.18310546875 -0.48828125 0.244140625 1232206
-0.30517578125 -0.6103515625 -1.0986328125 1232397
0 -0.3662109375 -0.244140625 1232399
0 -0.3662109375 -0.244140625 1232400
0 -0.3662109375 -0.244140625 1232401
0 -0.3662109375 -0.244140625 1232498
0.30517578125 1.52587890625 0 1232500
0.30517578125 1.52587890625 0 1232502
0.30517578125 1.52587890625 0 1232503
0.30517578125 1.52587890625 0 1232602
-0.18310546875 -0.3662109375 0.1220703125 1232604
-0.18310546875 -0.3662109375 0.1220703125 1232605
-0.18310546875 -0.3662109375 0.1220703125 1232647
-0.244140625 0.48828125 -0.42724609375 1232882
-0.30517578125 -1.40380859375 0.244140625 1232884
-0.30517578125 -1.40380859375 0.244140625 1232885
-0.30517578125 -1.40380859375 0.244140625 1232887
-0.42724609375 -2.0751953125 0.48828125 1232998
0.06103515625 -0.06103515625 0.06103515625 1233000
0.06103515625 -0.06103515625 0.06103515625 1233002
0.06103515625 -0.06103515625 0.06103515625 1233003
-0.06103515625 0.42724609375 -0.18310546875 1233200
0.18310546875 0 0.1220703125 1233202
0.18310546875 0 0.1220703125 1233204
0.18310546875 0 0.1220703125 1233206
0.18310546875 0 0.1220703125 1233501
0 0.18310546875 0.06103515625 1233503
0 0.18310546875 0.06103515625 1233504
0 0.18310546875 0.06103515625 1233506
-0.06103515625 -1.46484375 -0.18310546875 1233700
-0.30517578125 -1.220703125 -0.6103515625 1233702
-0.30517578125 -1.220703125 -0.6103515625 1233703
-0.30517578125 -1.220703125 -0.6103515625 1233705
0 1.3427734375 -0.6103515625 1233898
0.30517578125 0.8544921875 0 1233899
0.30517578125 0.8544921875 0 1233901
0.30517578125 0.8544921875 0 1233903
0.18310546875 0.1220703125 0.30517578125 1234132
0.1220703125 0.48828125 -0.1220703125 1234133
0.1220703125 0.48828125 -0.1220703125 1234134
0.1220703125 0.48828125 -0.1220703125 1234136
0.42724609375 0.6103515625 0.06103515625 1234308
0.18310546875 -0.1220703125 0.06103515625 1234312
0.18310546875 -0.1220703125 0.06103515625 1234314
0.18310546875 -0.1220703125 0.06103515625 1234315
0 -0.3662109375 0.42724609375 1234498
-0.244140625 -1.03759765625 0.244140625 1234500
-0.244140625 -1.03759765625 0.244140625 1234502
-0.244140625 -1.03759765625 0.244140625 1234504
0 -0.18310546875 0.06103515625 1234699
0.1220703125 0 0 1234701
0.1220703125 0 0 1234703
0.1220703125 0 0 1234704
0.1220703125 -0.06103515625 0 1234899
-0.244140625 0.06103515625 -0.1220703125 1234901
-0.244140625 0.06103515625 -0.1220703125 1234910
-0.244140625 0.06103515625 -0.1220703125 1234912
-0.244140625 0.06103515625 -0.1220703125 1235002
-0.18310546875 -1.220703125 0.48828125 1235004
0 -0.8544921875 0.30517578125 1235099
0 -0.8544921875 0.30517578125 1235100
0 -0.8544921875 0.30517578125 1235199
0.244140625 0.54931640625 -0.06103515625 1235201
0.244140625 0.54931640625 -0.06103515625 1235203
0.244140625 0.54931640625 -0.06103515625 1235205
-0.1220703125 0.18310546875 -0.3662109375 1235305
-0.1220703125 0.18310546875 -0.3662109375 1235307
-0.1220703125 0.18310546875 -0.3662109375 1235309
-0.1220703125 0.18310546875 -0.3662109375 1235407
0 -0.1220703125 0 1235409
0 -0.1220703125 0 1235412
0 -0.1220703125 0 1235413
-0.18310546875 -0.48828125 0.1220703125 1235599
0 0.06103515625 -0.06103515625 1235600
0 0.06103515625 -0.06103515625 1235602
0 0.06103515625 -0.06103515625 1235604
0 0.06103515625 -0.06103515625 1235808
0.30517578125 1.03759765625 0.48828125 1235810
0.30517578125 1.03759765625 0.48828125 1235812
0.30517578125 1.03759765625 0.48828125 1235814
0.1220703125 1.40380859375 -0.54931640625 1235943
0 0.18310546875 0 1235943
0 0.18310546875 0 1235943
0 0.18310546875 0 1235943
-0.244140625 -0.732421875 0.30517578125 1236115
-0.244140625 -2.197265625 0.732421875 1236115
-0.244140625 -2.197265625 0.732421875 1236115
-0.244140625 -2.197265625 0.732421875 1236115
