508 3493300
507 3493304
507 3493307
507 3493309
507 3493312
509 3493315
509 3493318
510 3493321
508 3493345
507 3493352
508 3493378
508 3493381
509 3493384
509 3493387
509 3493390
509 3493394
510 3493402
508 3493405
507 3493408
508 3493411
509 3493417
509 3493419
508 3493422
509 3493426
509 3493429
509 3493432
509 3493435
508 3493438
508 3493441
510 3493445
508 3493447
508 3493451
509 3493453
509 3493456
508 3493459
509 3493462
508 3493465
509 3493467
510 3493471
509 3493473
508 3493476
508 3493479
509 3493482
509 3493484
510 3493487
508 3493490
508 3493493
509 3493495
508 3493498
509 3493501
509 3493504
508 3493506
508 3493509
508 3493511
509 3493514
509 3493517
509 3493520
509 3493523
508 3493526
508 3493529
508 3493533
509 3493536
508 3493539
507 3493542
508 3493545
508 3493551
509 3493554
510 3493557
510 3493560
508 3493563
507 3493566
510 3493569
508 3493571
509 3493574
509 3493577
508 3493580
508 3493583
510 3493585
509 3493588
508 3493590
509 3493593
507 3493596
508 3493599
509 3493602
509 3493604
509 3493607
510 3493611
508 3493618
507 3493620
508 3493623
507 3493628
509 3493634
508 3493636
509 3493639
509 3493643
510 3493647
508 3493650
506 3493654
509 3493657
508 3493660
509 3493666
508 3493670
509 3493695
509 3493698
511 3493703
508 3493711
507 3493720
509 3493730
509 3493740
508 3493750
508 3493760
509 3493770
509 3493780
510 3493790
509 3493800
508 3493820
507 3493830
509 3493840
510 3493850
508 3493860
509 3493870
509 3493880
509 3493890
509 3493900
508 3493910
508 3493920
509 3493930
508 3493940
509 3493950
509 3493960
509 3493970
509 3493980
511 3493990
508 3494000
508 3494010
509 3494020
509 3494030
509 3494040
509 3494050
509 3494072
509 3494079
510 3494089
507 3494093
507 3494099
509 3494109
509 3494119
509 3494129
509 3494139
509 3494149
510 3494159
511 3494169
508 3494179
506 3494189
506 3494199
507 3494209
507 3494229
510 3494234
508 3494240
509 3494249
511 3494260
509 3494269
507 3494280
508 3494290
508 3494300
509 3494310
509 3494320
509 3494330
509 3494340
511 3494350
509 3494360
508 3494370
508 3494380
509 3494390
508 3494400
508 3494410
508 3494420
509 3494430
508 3494440
509 3494449
508 3494459
508 3494469
509 3494479
509 3494499
508 3494509
509 3494519
509 3494529
510 3494539
510 3494549
508 3494559
508 3494569
509 3494579
508 3494589
509 3494606
509 3494616
508 3494622
510 3494630
509 3494639
508 3494650
506 3494660
509 3494670
508 3494680
509 3494690
509 3494699
509 3494710
509 3494756
510 3494760
507 3494765
507 3494770
508 3494776
508 3494780
509 3494787
508 3494794
509 3494801
510 3494809
510 3494819
508 3494830
507 3494839
508 3494850
508 3494859
508 3494869
508 3494892
509 3494899
508 3494907
511 3494916
509 3494922
507 3494930
507 3494940
509 3494950
506 3494960
508 3494970
508 3494980
509 3494990
510 3495000
510 3495010
508 3495020
508 3495029
508 3495040
508 3495050
509 3495060
509 3495070
509 3495080
509 3495090
509 3495100
507 3495110
508 3495120
509 3495130
509 3495140
509 3495150
509 3495160
509 3495170
509 3495180
509 3495190
509 3495200
507 3495209
509 3495219
508 3495229
509 3495239
509 3495249
509 3495269
508 3495279
511 3495289
509 3495299
507 3495309
508 3495319
509 3495329
509 3495339
509 3495349
509 3495359
510 3495370
511 3495380
509 3495390
507 3495400
507 3495410
508 3495420
510 3495430
509 3495440
508 3495450
510 3495460
510 3495470
509 3495480
507 3495490
508 3495500
509 3495510
509 3495520
509 3495543
509 3495550
509 3495554
511 3495560
509 3495570
507 3495579
508 3495589
510 3495599
508 3495609
508 3495619
509 3495629
508 3495639
509 3495649
509 3495659
509 3495669
507 3495679
510 3495689
509 3495712
508 3495719
508 3495724
509 3495730
509 3495739
510 3495750
507 3495759
508 3495770
509 3495779
507 3495790
509 3495800
509 3495810
509 3495820
510 3495830
507 3495840
508 3495850
507 3495860
508 3495870
507 3495880
509 3495890
509 3495910
508 3495915
510 3495921
510 3495930
508 3495940
508 3495950
508 3495959
507 3495969
509 3495979
509 3495989
509 3495999
510 3496009
511 3496019
509 3496029
508 3496049
508 3496059
508 3496070
508 3496080
508 3496090
508 3496099
509 3496110
511 3496120
509 3496130
509 3496139
509 3496150
508 3496160
510 3496170
508 3496180
508 3496190
509 3496200
510 3496222
509 3496231
508 3496237
506 3496243
510 3496250
508 3496260
509 3496270
508 3496280
509 3496290
510 3496300
509 3496309
509 3496319
508 3496329
509 3496346
508 3496358
509 3496367
509 3496376
510 3496386
509 3496396
510 3496406
509 3496416
507 3496427
509 3496436
509 3496447
507 3496462
509 3496469
509 3496475
510 3496482
509 3496490
508 3496499
508 3496510
508 3496520
509 3496530
509 3496540
509 3496550
508 3496560
508 3496570
512 3496580
510 3496590
507 3496600
509 3496610
508 3496620
509 3496630
509 3496640
507 3496650
508 3496660
512 3496670
508 3496679
508 3496689
507 3496699
509 3496709
508 3496719
509 3496729
510 3496739
509 3496749
509 3496769
509 3496779
507 3496789
507 3496799
508 3496809
508 3496820
508 3496830
509 3496840
506 3496850
511 3496860
509 3496870
507 3496880
507 3496890
509 3496900
507 3496910
509 3496920
509 3496930
509 3496940
509 3496950
509 3496960
508 3496970
507 3496988
508 3496997
509 3497007
509 3497017
509 3497027
510 3497042
508 3497050
510 3497054
508 3497061
507 3497069
509 3497079
508 3497089
509 3497099
509 3497109
508 3497119
509 3497129
510 3497139
508 3497149
506 3497159
507 3497169
507 3497179
507 3497190
510 3497199
508 3497210
509 3497220
509 3497229
507 3497239
508 3497249
508 3497259
508 3497269
508 3497279
509 3497289
508 3497299
509 3497309
509 3497319
509 3497329
508 3497339
508 3497349
509 3497359
508 3497369
510 3497379
509 3497402
509 3497409
509 3497414
509 3497420
507 3497430
507 3497439
508 3497450
510 3497460
507 3497470
508 3497480
509 3497490
508 3497510
509 3497519
508 3497529
508 3497539
509 3497549
508 3497559
509 3497569
509 3497580
509 3497589
509 3497599
509 3497610
508 3497619
508 3497630
508 3497639
509 3497650
508 3497659
509 3497670
508 3497680
510 3497690
511 3497700
509 3497710
507 3497720
509 3497730
507 3497740
508 3497750
508 3497760
509 3497770
509 3497780
511 3497790
508 3497800
507 3497810
508 3497820
509 3497830
509 3497840
508 3497850
509 3497859
509 3497869
511 3497879
508 3497889
508 3497899
507 3497909
509 3497919
506 3497929
508 3497939
509 3497949
508 3497959
510 3497969
510 3497979
508 3497989
508 3498000
510 3498010
508 3498020
509 3498030
509 3498040
510 3498050
509 3498060
510 3498070
508 3498080
509 3498090
509 3498100
508 3498110
509 3498120
510 3498130
509 3498140
509 3498150
509 3498160
508 3498170
507 3498180
508 3498190
509 3498200
508 3498210
510 3498220
510 3498229
508 3498249
511 3498259
509 3498269
508 3498279
508 3498289
507 3498299
509 3498309
508 3498320
510 3498329
509 3498339
511 3498349
509 3498359
507 3498370
509 3498379
507 3498390
508 3498399
509 3498410
508 3498420
510 3498430
511 3498440
509 3498450
507 3498460
507 3498470
509 3498480
508 3498490
509 3498500
509 3498510
509 3498520
510 3498530
510 3498540
508 3498550
508 3498560
510 3498570
508 3498580
508 3498590
508 3498600
509 3498609
509 3498619
509 3498629
507 3498639
507 3498649
509 3498659
505 3498669
509 3498679
509 3498689
509 3498699
510 3498709
509 3498720
508 3498729
506 3498739
509 3498750
508 3498760
508 3498769
509 3498780
508 3498790
509 3498799
509 3498809
508 3498819
507 3498829
507 3498839
507 3498849
509 3498859
509 3498869
509 3498879
509 3498889
511 3498900
508 3498910
507 3498920
508 3498930
510 3498940
509 3498950
509 3498960
508 3498980
508 3498989
512 3498999
508 3499009
507 3499019
508 3499029
509 3499039
510 3499049
508 3499059
509 3499069
509 3499079
512 3499089
509 3499099
508 3499110
508 3499120
509 3499129
509 3499140
508 3499149
508 3499160
509 3499170
510 3499180
508 3499190
508 3499200
508 3499210
510 3499220
507 3499230
509 3499240
510 3499250
509 3499260
509 3499270
510 3499280
508 3499290
507 3499300
509 3499310
508 3499320
509 3499330
509 3499340
508 3499350
510 3499359
510 3499369
508 3499379
507 3499389
510 3499399
507 3499409
508 3499419
508 3499429
520 3499439
509 3499449
512 3499459
508 3499469
508 3499479
508 3499490
508 3499500
509 3499510
508 3499520
509 3499530
506 3499540
511 3499550
509 3499560
508 3499570
509 3499580
509 3499590
509 3499600
510 3499610
508 3499620
509 3499630
509 3499640
509 3499650
507 3499660
508 3499670
509 3499680
509 3499690
509 3499700
508 3499710
509 3499729
510 3499739
507 3499749
508 3499759
508 3499769
510 3499779
508 3499789
509 3499799
509 3499809
508 3499820
508 3499836
510 3499847
508 3499856
506 3499866
510 3499872
508 3499879
507 3499890
508 3499900
508 3499910
510 3499920
510 3499930
508 3499940
508 3499950
508 3499960
507 3499970
508 3499980
509 3499990
509 3500000
510 3500010
509 3500020
509 3500043
508 3500051
509 3500057
508 3500066
509 3500075
508 3500082
509 3500089
510 3500099
511 3500109
509 3500119
506 3500129
507 3500139
508 3500149
507 3500159
509 3500169
509 3500180
510 3500189
511 3500199
509 3500210
507 3500219
508 3500229
509 3500240
509 3500250
509 3500260
509 3500270
508 3500280
509 3500290
509 3500300
507 3500310
507 3500320
508 3500330
509 3500340
509 3500350
509 3500360
509 3500370
509 3500380
509 3500390
508 3500413
508 3500420
509 3500424
507 3500430
509 3500439
509 3500479
509 3500484
509 3500489
509 3500495
508 3500502
508 3500509
510 3500519
508 3500529
508 3500540
509 3500549
509 3500560
510 3500569
510 3500579
508 3500590
506 3500600
508 3500609
507 3500620
508 3500629
509 3500640
509 3500650
510 3500659
511 3500670
508 3500680
507 3500690
508 3500700
508 3500710
510 3500720
508 3500730
509 3500740
510 3500750
511 3500760
509 3500782
508 3500790
508 3500794
509 3500800
508 3500810
509 3500819
507 3500829
510 3500839
511 3500849
510 3500859
508 3500869
507 3500879
509 3500889
507 3500899
508 3500909
508 3500919
509 3500929
510 3500939
508 3500949
507 3500960
507 3500969
510 3500980
508 3500989
509 3501000
508 3501010
509 3501020
508 3501029
510 3501040
508 3501050
508 3501060
510 3501070
509 3501080
510 3501100
509 3501110
509 3501116
509 3501121
509 3501130
508 3501140
509 3501150
508 3501160
507 3501170
509 3501180
509 3501189
513 3501200
510 3501223
510 3501230
507 3501239
508 3501249
507 3501272
507 3501279
508 3501283
508 3501290
508 3501299
509 3501309
511 3501320
508 3501329
507 3501340
509 3501350
508 3501360
509 3501370
509 3501380
509 3501390
509 3501400
511 3501409
509 3501419
508 3501429
509 3501439
510 3501449
508 3501460
508 3501469
509 3501479
508 3501490
509 3501499
509 3501522
507 3501529
508 3501537
511 3501546
508 3501552
509 3501560
509 3501570
508 3501592
509 3501600
509 3501604
507 3501610
507 3501620
510 3501630
505 3501640
508 3501650
510 3501660
509 3501670
510 3501680
509 3501690
508 3501699
508 3501709
510 3501719
509 3501729
509 3501739
509 3501749
510 3501759
510 3501769
510 3501779
508 3501789
508 3501799
508 3501810
507 3501820
508 3501829
509 3501840
509 3501849
509 3501859
510 3501870
508 3501880
507 3501890
508 3501900
508 3501910
508 3501920
509 3501942
508 3501950
509 3501960
511 3501970
508 3501980
507 3501990
507 3502000
509 3502010
508 3502020
509 3502030
509 3502040
509 3502050
509 3502060
510 3502070
509 3502079
508 3502089
510 3502099
508 3502109
508 3502119
509 3502129
508 3502139
510 3502149
509 3502166
507 3502177
507 3502186
509 3502196
509 3502212
509 3502219
509 3502232
509 3502240
508 3502248
508 3502255
508 3502262
508 3502270
509 3502280
507 3502290
509 3502300
509 3502310
508 3502332
510 3502340
509 3502344
508 3502352
506 3502360
509 3502370
506 3502380
508 3502390
509 3502400
509 3502410
510 3502419
511 3502429
508 3502439
507 3502449
508 3502459
508 3502469
509 3502480
509 3502489
508 3502512
509 3502520
510 3502525
508 3502532
507 3502540
508 3502550
508 3502560
509 3502570
509 3502580
509 3502602
509 3502610
510 3502616
509 3502633
508 3502640
508 3502646
510 3502654
509 3502662
509 3502680
509 3502690
509 3502700
510 3502710
510 3502720
508 3502730
507 3502740
510 3502750
509 3502760
509 3502769
509 3502780
508 3502790
509 3502800
509 3502810
508 3502820
508 3502830
510 3502840
508 3502850
509 3502860
509 3502882
509 3502890
510 3502896
509 3502904
507 3502912
508 3502920
508 3502930
508 3502939
509 3502950
508 3502959
510 3502969
510 3502979
511 3503002
509 3503009
507 3503015
508 3503023
508 3503032
509 3503042
510 3503050
509 3503059
510 3503069
511 3503079
508 3503089
505 3503099
508 3503109
508 3503120
508 3503130
509 3503140
508 3503150
510 3503160
511 3503170
509 3503180
507 3503190
508 3503200
509 3503210
509 3503220
510 3503230
509 3503240
508 3503250
510 3503260
509 3503270
508 3503280
508 3503290
508 3503300
509 3503310
509 3503319
508 3503329
510 3503339
510 3503349
509 3503359
508 3503369
508 3503391
509 3503406
508 3503413
509 3503422
509 3503427
510 3503439
511 3503450
509 3503459
509 3503469
508 3503480
508 3503490
510 3503499
509 3503510
509 3503520
509 3503530
508 3503540
511 3503550
508 3503560
507 3503570
508 3503580
507 3503590
509 3503600
509 3503623
508 3503630
509 3503635
509 3503640
509 3503650
507 3503660
508 3503670
508 3503692
508 3503699
508 3503704
508 3503713
510 3503720
520 3503729
509 3503740
507 3503750
507 3503760
508 3503770
509 3503780
509 3503790
508 3503812
509 3503820
510 3503824
509 3503835
507 3503844
507 3503850
509 3503860
507 3503870
509 3503880
508 3503890
509 3503900
510 3503910
509 3503920
508 3503930
507 3503940
510 3503949
508 3503959
509 3503969
510 3503979
508 3503989
510 3503999
510 3504009
508 3504019
508 3504029
509 3504039
507 3504062
509 3504069
509 3504072
507 3504079
509 3504090
509 3504099
508 3504109
507 3504120
509 3504129
507 3504150
509 3504162
508 3504170
509 3504173
509 3504190
511 3504200
508 3504210
506 3504220
508 3504230
508 3504240
508 3504250
509 3504260
510 3504270
509 3504280
511 3504290
508 3504300
506 3504310
508 3504320
508 3504330
509 3504339
509 3504349
508 3504359
508 3504369
510 3504379
509 3504389
508 3504399
508 3504409
510 3504432
509 3504439
508 3504444
507 3504449
510 3504460
510 3504470
510 3504480
508 3504490
508 3504500
508 3504510
508 3504520
508 3504530
509 3504540
508 3504549
509 3504559
510 3504569
508 3504579
506 3504589
509 3504599
506 3504609
508 3504619
509 3504629
509 3504639
510 3504649
510 3504659
509 3504669
508 3504680
508 3504690
508 3504700
508 3504722
509 3504729
510 3504733
510 3504752
509 3504759
508 3504763
508 3504770
508 3504780
508 3504802
509 3504810
509 3504813
509 3504820
508 3504830
512 3504840
509 3504850
506 3504860
508 3504870
508 3504880
508 3504890
509 3504900
507 3504920
509 3504929
511 3504939
510 3504949
507 3504959
508 3504969
508 3504979
510 3504989
509 3504999
509 3505009
509 3505019
510 3505029
509 3505039
509 3505049
508 3505059
508 3505069
508 3505080
509 3505090
509 3505099
509 3505110
510 3505120
510 3505130
508 3505140
507 3505150
509 3505160
507 3505170
508 3505180
509 3505190
508 3505200
508 3505210
509 3505220
507 3505230
508 3505240
507 3505250
508 3505260
508 3505270
509 3505280
509 3505290
509 3505299
510 3505309
508 3505319
507 3505329
508 3505339
508 3505349
508 3505359
508 3505369
509 3505379
509 3505389
512 3505399
509 3505409
508 3505419
508 3505429
509 3505439
510 3505459
508 3505470
509 3505479
508 3505490
511 3505495
509 3505502
508 3505510
508 3505520
509 3505542
508 3505549
508 3505553
508 3505560
509 3505570
510 3505580
509 3505590
508 3505600
507 3505610
510 3505620
508 3505630
509 3505640
509 3505650
509 3505660
509 3505669
509 3505679
508 3505699
508 3505709
509 3505719
508 3505729
509 3505739
508 3505749
509 3505759
510 3505769
509 3505779
508 3505789
507 3505799
509 3505810
508 3505820
509 3505830
509 3505840
508 3505850
510 3505860
510 3505870
508 3505880
508 3505890
507 3505900
507 3505909
509 3505919
509 3505929
509 3505939
511 3505950
511 3505959
508 3505969
507 3505980
507 3505990
507 3506000
508 3506009
508 3506019
510 3506029
509 3506039
507 3506049
508 3506059
506 3506069
508 3506079
507 3506089
508 3506099
508 3506109
508 3506119
509 3506129
510 3506139
509 3506150
508 3506160
508 3506170
509 3506180
509 3506190
509 3506200
509 3506210
508 3506220
511 3506230
510 3506240
509 3506250
508 3506260
510 3506270
508 3506280
508 3506290
510 3506300
509 3506310
509 3506320
510 3506330
508 3506340
507 3506361
509 3506370
508 3506373
507 3506389
510 3506399
509 3506409
510 3506419
510 3506429
508 3506439
508 3506449
509 3506459
508 3506469
508 3506479
509 3506489
508 3506499
509 3506509
510 3506519
507 3506529
505 3506540
508 3506550
508 3506559
508 3506570
509 3506580
509 3506590
509 3506600
512 3506610
509 3506620
508 3506630
508 3506640
509 3506650
509 3506660
507 3506670
508 3506680
509 3506690
511 3506700
508 3506710
507 3506720
508 3506730
509 3506739
509 3506749
509 3506759
509 3506769
508 3506779
510 3506789
509 3506799
506 3506809
508 3506819
508 3506829
507 3506839
509 3506849
509 3506872
509 3506882
509 3506887
509 3506896
508 3506906
508 3506916
509 3506923
508 3506930
508 3506940
509 3506950
508 3506960
510 3506970
510 3506980
508 3506990
508 3507000
508 3507010
508 3507020
512 3507030
509 3507040
509 3507050
510 3507060
510 3507070
509 3507080
508 3507090
509 3507100
508 3507110
509 3507120
510 3507129
510 3507139
510 3507159
511 3507169
509 3507179
507 3507189
508 3507199
507 3507209
509 3507219
509 3507229
508 3507239
510 3507249
510 3507260
508 3507269
507 3507279
509 3507290
509 3507300
508 3507310
509 3507320
509 3507330
509 3507340
508 3507350
510 3507359
507 3507369
508 3507392
509 3507400
508 3507412
509 3507420
509 3507426
509 3507433
508 3507442
510 3507450
508 3507460
507 3507470
509 3507480
509 3507490
508 3507500
509 3507510
509 3507520
509 3507530
509 3507540
507 3507550
507 3507560
509 3507569
506 3507579
509 3507589
509 3507599
509 3507609
509 3507619
509 3507629
509 3507639
509 3507649
508 3507659
507 3507669
509 3507692
509 3507700
508 3507706
510 3507713
511 3507720
503 3507729
508 3507740
509 3507781
508 3507789
508 3507796
509 3507803
509 3507812
509 3507820
511 3507831
509 3507846
507 3507858
508 3507866
509 3507902
509 3507910
509 3507916
508 3507923
509 3507935
510 3507943
509 3507950
507 3507957
509 3507971
509 3507979
510 3507986
509 3507994
508 3508000
508 3508007
509 3508053
509 3508060
508 3508067
507 3508073
510 3508082
508 3508088
508 3508147
509 3508154
508 3508210
509 3508218
510 3508225
508 3508233
509 3508278
509 3508288
508 3508295
509 3508312
510 3508320
508 3508324
510 3508333
510 3508353
509 3508360
508 3508367
508 3508373
507 3508392
