508 74677
513 74678
507 74679
506 74679
512 74679
512 74680
513 74680
509 74680
513 74680
506 74681
509 74681
511 74681
508 74681
510 74682
508 74682
507 74682
508 74682
507 74682
508 74683
510 74683
510 74683
509 74683
506 74683
510 74684
510 74684
511 74684
511 74684
511 74684
513 74684
507 74685
509 74685
509 74685
510 74685
505 74685
507 74686
512 74686
513 74686
508 74686
511 74686
508 74687
510 74687
507 74687
512 74687
512 74687
508 74687
506 74688
512 74688
508 74688
507 74688
509 74688
512 74688
508 74689
508 74689
503 74689
512 74689
509 74689
510 74690
508 74690
504 74690
510 74690
506 74690
512 74690
513 74691
506 74691
511 74691
510 74691
510 74691
510 74691
510 74692
511 74728
509 74728
507 74728
508 74729
508 74729
508 74770
507 74771
511 76368
508 76378
500 76388
501 76398
510 76407
514 76418
507 76440
508 76442
512 76448
511 76458
509 76468
505 76477
515 76488
510 76498
506 76507
509 76518
508 76527
507 76538
510 76547
508 76557
508 76567
510 76578
507 76588
505 76598
505 76607
511 76618
510 76628
506 76638
508 76648
508 76657
506 76669
513 76677
508 76688
513 76698
510 76707
512 76731
509 76734
507 76738
506 76770
509 76774
508 76778
508 76788
507 76798
505 76808
510 76817
513 76828
511 76838
507 76848
509 76857
508 76867
507 76878
509 76888
507 76898
509 76907
512 76917
514 76927
511 76938
509 76948
508 76958
505 76967
510 76977
508 76988
511 76998
511 77008
509 77017
511 77027
508 77038
512 77048
511 77058
510 77068
512 77078
510 77088
511 77097
506 77107
508 77118
506 77128
511 77138
511 77160
507 77164
510 77168
512 77178
509 77188
514 77198
508 77220
507 77223
510 77227
508 77238
509 77247
508 77258
505 77267
505 77277
484 77287
510 77298
505 77308
502 77318
517 77328
499 77338
511 77347
515 77357
508 77367
510 77377
508 77387
508 77397
505 77407
515 77417
508 77427
506 77437
513 77448
511 77458
513 77468
512 77478
509 77488
509 77508
509 77518
512 77527
510 77538
511 77548
508 77558
508 77567
512 77577
506 77587
510 77598
511 77607
514 77618
507 77627
513 77637
510 77648
506 77658
510 77668
511 77678
508 77688
510 77710
511 77713
510 77717
507 77800
512 77800
509 77800
516 77801
511 77801
504 77803
515 77803
506 77803
508 77807
511 77818
503 77828
509 77838
511 77848
509 77857
507 77868
503 77878
504 77888
509 77897
511 77908
510 77918
505 77927
509 77937
511 77947
512 77958
503 77967
510 77978
509 77987
504 77998
511 78008
510 78017
507 78027
508 78037
506 78047
507 78058
509 78067
510 78077
509 78088
512 78098
510 78108
507 78118
507 78140
506 78143
509 78148
510 78158
509 78168
507 78178
510 78187
511 78210
508 78212
505 78218
509 78227
511 78237
510 78248
514 78258
507 78278
510 78288
509 78298
503 78308
512 78318
509 78328
509 78337
512 78347
510 78357
508 78367
508 78377
513 78388
509 78398
510 78407
510 78418
508 78427
506 78450
511 78452
509 78457
513 78467
508 78477
508 78488
511 78497
510 78507
507 78518
514 78528
507 78538
507 78547
508 78570
509 78573
506 78578
510 78588
511 78598
501 78608
507 78618
512 78628
513 78637
507 78648
507 78658
502 78667
511 78677
509 78687
511 78697
508 78708
508 78718
506 78727
505 78737
509 78747
515 78757
509 78767
511 78777
509 78787
512 78798
511 78819
508 78823
509 78827
507 78837
516 78848
515 78858
524 78867
499 78889
512 78900
506 78904
509 78920
525 78922
497 78927
514 78937
508 78948
512 78957
507 78967
511 78978
510 78987
511 79008
522 79017
507 79027
505 79038
507 79050
507 79068
508 79077
509 79088
510 79097
500 79098
514 79107
516 79117
514 79127
483 79138
440 79148
516 79157
497 79168
525 79177
521 79187
496 79197
501 79207
508 79230
509 79233
510 79237
508 79248
509 79258
511 79268
509 79278
508 79288
509 79298
507 79307
513 79317
503 79327
513 79337
511 79347
509 79358
517 79368
505 79378
505 79388
510 79398
502 79407
496 79418
505 79428
506 79450
508 79454
497 79458
508 79467
510 79477
513 79487
509 79497
501 79507
509 79517
511 79527
511 79538
512 79548
504 79558
510 79567
513 79577
509 79587
511 79598
509 79607
510 79618
508 79640
510 79642
508 79647
523 79657
513 79667
514 79678
502 79687
526 79698
514 79707
506 79717
509 79737
507 79748
505 79757
508 79767
511 79778
507 79800
506 79803
509 79807
511 79818
510 79828
509 79838
509 79848
510 79858
513 79868
507 79878
509 79888
510 79898
508 79908
507 79918
509 79928
510 79937
508 79948
509 79958
508 79968
509 79990
508 79992
506 79998
516 80007
506 80017
519 80027
506 80050
511 80053
509 80057
509 80067
506 80077
511 80087
509 80110
507 80114
512 80117
505 80127
507 80138
512 80147
508 80158
508 80179
529 80183
461 80187
513 80197
500 80207
500 80229
524 80233
508 80238
505 80247
498 80257
506 80267
510 80277
508 80287
509 80298
507 80308
509 80318
508 80327
514 80338
507 80348
508 80357
508 80368
508 80378
510 80388
500 80398
507 80407
509 80417
511 80427
511 80437
513 80448
509 80457
507 80467
510 80477
508 80498
507 80508
511 80517
508 80527
512 80537
508 80547
506 80558
509 80568
506 80578
511 80588
516 80610
515 80612
524 80617
511 80627
616 80637
433 80648
904 80657
315 80668
688 80678
717 80688
854 80698
96 80707
581 80730
449 80731
686 80738
482 80748
1023 80758
0 80768
1023 80778
515 80788
0 80798
325 80808
501 80818
674 80827
1000 80837
266 80847
372 80857
590 80868
452 80878
249 80888
511 80898
557 80907
526 80917
528 80927
534 80937
511 80960
507 80962
510 80967
510 80978
510 80987
510 80997
512 81007
509 81017
508 81027
510 81037
511 81048
509 81057
510 81079
508 81084
512 81087
512 81098
511 81108
510 81118
512 81128
507 81138
509 81148
510 81157
509 81167
509 81177
513 81187
511 81198
507 81218
508 81228
505 81238
505 81248
508 81257
506 81267
512 81277
511 81287
507 81298
509 81308
509 81318
506 81328
510 81338
510 81348
508 81357
510 81368
512 81377
510 81388
508 81397
510 81407
510 81417
508 81427
504 81450
506 81453
509 81457
512 81479
506 81482
508 81488
508 81498
510 81508
505 81518
509 81528
508 81537
507 81548
508 81558
520 81568
511 81577
500 81600
510 81604
508 81607
504 81617
509 81627
506 81638
506 81648
510 81658
508 81668
509 81678
508 81688
509 81697
512 81720
335 81722
524 81727
505 81738
516 81748
514 81758
505 81767
517 81778
508 81788
510 81797
512 81807
509 81818
504 81828
516 81837
502 81848
511 81857
499 81867
492 81890
498 81892
509 81897
784 81907
528 81917
512 81927
512 81938
508 81957
513 81967
510 81977
516 81987
505 81998
514 82007
510 82017
510 82027
508 82038
508 82048
510 82057
503 82068
516 82078
507 82088
511 82098
506 82108
507 82118
510 82127
507 82137
513 82147
511 82157
508 82168
512 82177
523 82187
514 82197
512 82207
510 82218
506 82227
507 82238
505 82248
514 82257
513 82268
506 82278
507 82288
510 82297
514 82308
507 82318
515 82328
510 82338
509 82348
512 82357
506 82368
504 82388
510 82400
508 82407
513 82417
505 82418
507 82427
511 82447
509 82447
508 82457
508 82467
506 82478
503 82488
512 82497
505 82507
509 82517
493 82528
502 82538
507 82548
510 82558
515 82568
512 82577
508 82587
509 82598
511 82608
513 82618
509 82628
510 82650
509 82652
507 82658
513 82668
510 82678
509 82688
510 82698
506 82707
508 82727
511 82738
509 82748
505 82770
512 82775
512 82778
508 82788
511 82798
509 82808
508 82818
506 82828
511 82838
509 82847
506 82858
510 82867
507 82877
509 82887
510 82898
508 82907
508 82917
515 82927
509 82938
511 82948
509 82957
512 82967
507 82978
508 82988
511 82997
511 83007
512 83017
511 83027
512 83037
510 83048
509 83057
505 83080
508 83084
508 83087
506 83097
509 83120
510 83122
508 83127
512 83138
511 83147
509 83157
509 83167
511 83177
511 83188
509 83197
505 83207
510 83218
507 83227
507 83238
509 83248
507 83257
510 83267
507 83278
508 83288
513 83297
513 83307
509 83317
510 83328
508 83338
510 83348
508 83357
509 83368
507 83377
512 83388
510 83398
512 83408
510 83417
511 83427
508 83447
503 83458
510 83468
509 83477
506 83487
511 83498
510 83508
510 83518
511 83528
506 83538
507 83548
510 83557
511 83567
509 83577
512 83588
510 83597
511 83607
508 83630
512 83632
505 83637
508 83647
508 83657
509 83667
549 83677
507 83687
505 83697
508 83706
508 83718
509 83728
506 83738
507 83748
512 83758
470 83769
