-0.2587890625 -0.0517578125 0.9814453125 3234908
-0.2587890625 -0.0517578125 0.9814453125 3234908
-0.2587890625 -0.0517578125 0.9814453125 3234932
-0.2587890625 -0.0517578125 0.9814453125 3234942
-0.2587890625 -0.0517578125 0.9814453125 3234952
-0.2431640625 -0.044921875 0.9736328125 3235119
-0.2431640625 -0.044921875 0.9736328125 3235125
-0.2431640625 -0.044921875 0.9736328125 3235131
-0.2431640625 -0.044921875 0.9736328125 3235139
-0.25341796875 -0.0400390625 0.97412109375 3235308
-0.25341796875 -0.0400390625 0.97412109375 3235315
-0.25341796875 -0.0400390625 0.97412109375 3235321
-0.25341796875 -0.0400390625 0.97412109375 3235328
-0.24609375 -0.048828125 0.98974609375 3235412
-0.24609375 -0.048828125 0.98974609375 3235418
-0.24609375 -0.048828125 0.98974609375 3235426
-0.24609375 -0.048828125 0.98974609375 3235440
-0.25 -0.03955078125 0.97802734375 3235513
-0.25 -0.03955078125 0.97802734375 3235521
-0.25 -0.03955078125 0.97802734375 3235530
-0.25 -0.04296875 0.984375 3235602
-0.2490234375 -0.044921875 0.9794921875 3235713
-0.2490234375 -0.044921875 0.9794921875 3235721
-0.2490234375 -0.044921875 0.9794921875 3235727
-0.2490234375 -0.044921875 0.9794921875 3235736
-0.24560546875 -0.04248046875 0.982421875 3235815
-0.24560546875 -0.04248046875 0.982421875 3235823
-0.24560546875 -0.04248046875 0.982421875 3235830
-0.24560546875 -0.04248046875 0.982421875 3235838
-0.24755859375 -0.0439453125 0.99072265625 3235916
-0.24755859375 -0.0439453125 0.99072265625 3235924
-0.24755859375 -0.0439453125 0.99072265625 3235932
-0.24755859375 -0.0439453125 0.99072265625 3235944
-0.248046875 -0.04150390625 0.982421875 3236018
-0.248046875 -0.04150390625 0.982421875 3236025
-0.2548828125 -0.0458984375 0.98193359375 3236117
-0.2548828125 -0.0458984375 0.98193359375 3236125
-0.2451171875 -0.0712890625 0.98583984375 3236232
-0.2451171875 -0.0712890625 0.98583984375 3236241
-0.2451171875 -0.0712890625 0.98583984375 3236248
-0.2451171875 -0.0712890625 0.98583984375 3236256
-0.11474609375 -0.05322265625 1.0087890625 3236418
-0.11474609375 -0.05322265625 1.0087890625 3236426
-0.11474609375 -0.05322265625 1.0087890625 3236433
-0.11474609375 -0.05322265625 1.0087890625 3236443
-0.09716796875 -0.05517578125 1.0107421875 3236521
-0.09716796875 -0.05517578125 1.0107421875 3236529
-0.09716796875 -0.05517578125 1.0107421875 3236537
-0.09716796875 -0.05517578125 1.0107421875 3236545
-0.044921875 -0.07080078125 1.01123046875 3236715
-0.044921875 -0.07080078125 1.01123046875 3236724
-0.044921875 -0.07080078125 1.01123046875 3236734
-0.044921875 -0.07080078125 1.01123046875 3236744
0.04638671875 -0.1015625 1.01513671875 3236917
0.04638671875 -0.1015625 1.01513671875 3236925
0.04638671875 -0.1015625 1.01513671875 3236935
0.04638671875 -0.1015625 1.01513671875 3236953
0.13818359375 -0.18115234375 0.9873046875 3237018
0.13818359375 -0.18115234375 0.9873046875 3237027
0.2236328125 -0.138671875 0.9697265625 3237125
0.2236328125 -0.138671875 0.9697265625 3237137
0.2236328125 -0.138671875 0.9697265625 3237147
0.2236328125 -0.138671875 0.9697265625 3237157
0.306640625 -0.1376953125 0.9560546875 3237226
0.4208984375 -0.14599609375 1.349609375 3237331
0.4208984375 -0.14599609375 1.349609375 3237342
0.4208984375 -0.14599609375 1.349609375 3237356
0.4208984375 -0.14599609375 1.349609375 3237365
0.23291015625 -0.32958984375 0.5849609375 3237519
0.23291015625 -0.32958984375 0.5849609375 3237527
0.23291015625 -0.32958984375 0.5849609375 3237541
0.23291015625 -0.32958984375 0.5849609375 3237552
0.4267578125 -0.5947265625 0.7802734375 3237653
0.4267578125 -0.5947265625 0.7802734375 3237662
0.4267578125 -0.5947265625 0.7802734375 3237671
0.4267578125 -0.5947265625 0.7802734375 3237680
-0.142578125 0.35205078125 0.94189453125 3237817
-0.142578125 0.35205078125 0.94189453125 3237827
-0.142578125 0.35205078125 0.94189453125 3237836
-0.142578125 0.35205078125 0.94189453125 3237845
-0.1484375 0.41748046875 0.95458984375 3237946
-0.1484375 0.41748046875 0.95458984375 3237958
-0.1484375 0.41748046875 0.95458984375 3237973
-0.1484375 0.41748046875 0.95458984375 3237981
0.46533203125 -0.02490234375 1.166015625 3238114
0.46533203125 -0.02490234375 1.166015625 3238123
0.46533203125 -0.02490234375 1.166015625 3238132
0.46533203125 -0.02490234375 1.166015625 3238141
0.08203125 0.34130859375 0.94580078125 3238220
0.08203125 0.34130859375 0.94580078125 3238229
0.08203125 0.34130859375 0.94580078125 3238237
0.08203125 0.34130859375 0.94580078125 3238248
-0.08544921875 0.3076171875 0.81982421875 3238323
-0.08544921875 0.3076171875 0.81982421875 3238333
-0.08544921875 0.3076171875 0.81982421875 3238342
-0.08544921875 0.3076171875 0.81982421875 3238352
0.0615234375 0.25244140625 1.0400390625 3238427
0.0615234375 0.25244140625 1.0400390625 3238435
0.0615234375 0.25244140625 1.0400390625 3238444
0.10107421875 0.1962890625 1.0224609375 3238528
0.10107421875 0.1962890625 1.0224609375 3238538
0.10107421875 0.1962890625 1.0224609375 3238546
0.10107421875 0.1962890625 1.0224609375 3238555
0.03857421875 0.1875 0.96484375 3238715
0.03857421875 0.1875 0.96484375 3238725
0.03857421875 0.1875 0.96484375 3238734
0.03857421875 0.1875 0.96484375 3238745
0.05126953125 0.20166015625 1.00048828125 3238819
0.05126953125 0.20166015625 1.00048828125 3238830
0.05126953125 0.20166015625 1.00048828125 3238839
0.05126953125 0.20166015625 1.00048828125 3238849
0.05517578125 0.18408203125 0.99365234375 3239023
0.05517578125 0.18408203125 0.99365234375 3239035
0.05517578125 0.18408203125 0.99365234375 3239046
0.05517578125 0.18408203125 0.99365234375 3239056
0.00048828125 0.16650390625 1.00634765625 3239129
0.00048828125 0.16650390625 1.00634765625 3239139
0.00048828125 0.16650390625 1.00634765625 3239150
0.00048828125 0.16650390625 1.00634765625 3239161
0.03955078125 0.19580078125 1.091796875 3239235
0.03955078125 0.19580078125 1.091796875 3239247
0.03955078125 0.19580078125 1.091796875 3239257
0.03955078125 0.19580078125 1.091796875 3239267
0.07568359375 -0.11279296875 1.06494140625 3239414
0.07568359375 -0.11279296875 1.06494140625 3239424
0.07568359375 -0.11279296875 1.06494140625 3239434
0.07568359375 -0.11279296875 1.06494140625 3239445
-0.05029296875 -0.40869140625 1.03369140625 3239519
-0.05029296875 -0.40869140625 1.03369140625 3239528
-0.05029296875 -0.40869140625 1.03369140625 3239537
-0.1123046875 -0.1826171875 0.82958984375 3239624
-0.1123046875 -0.1826171875 0.82958984375 3239634
-0.1123046875 -0.1826171875 0.82958984375 3239644
-0.1123046875 -0.1826171875 0.82958984375 3239655
-0.23486328125 -0.515625 1.060546875 3239731
-0.23486328125 -0.515625 1.060546875 3239742
-0.23486328125 -0.515625 1.060546875 3239751
-0.23486328125 -0.515625 1.060546875 3239760
-0.57080078125 -0.34521484375 0.86669921875 3239928
-0.57080078125 -0.34521484375 0.86669921875 3239941
-0.57080078125 -0.34521484375 0.86669921875 3239949
-0.57080078125 -0.34521484375 0.86669921875 3239960
-0.49560546875 -0.02392578125 0.8837890625 3240030
-0.392578125 -0.15673828125 0.81982421875 3240129
-0.392578125 -0.15673828125 0.81982421875 3240139
-0.392578125 -0.15673828125 0.81982421875 3240149
-0.150390625 -0.0888671875 0.99560546875 3240233
-0.150390625 -0.0888671875 0.99560546875 3240243
-0.150390625 -0.0888671875 0.99560546875 3240253
-0.150390625 -0.0888671875 0.99560546875 3240264
-0.6123046875 0.41796875 0.859375 3240431
-0.6123046875 0.41796875 0.859375 3240441
-0.6123046875 0.41796875 0.859375 3240450
-0.6123046875 0.41796875 0.859375 3240460
-0.3095703125 0.29931640625 0.9716796875 3240533
-0.3095703125 0.29931640625 0.9716796875 3240546
-0.3095703125 0.29931640625 0.9716796875 3240557
-0.3095703125 0.29931640625 0.9716796875 3240567
-0.236328125 0.05615234375 0.951171875 3240715
-0.236328125 0.05615234375 0.951171875 3240726
-0.236328125 0.05615234375 0.951171875 3240737
-0.236328125 0.05615234375 0.951171875 3240746
-0.2314453125 0.03173828125 0.95556640625 3240921
-0.2314453125 0.03173828125 0.95556640625 3240931
-0.2314453125 0.03173828125 0.95556640625 3240942
-0.2314453125 0.03173828125 0.95556640625 3240951
-0.2646484375 0.08154296875 0.931640625 3241124
-0.2646484375 0.08154296875 0.931640625 3241135
-0.2646484375 0.08154296875 0.931640625 3241147
-0.2646484375 0.08154296875 0.931640625 3241159
-0.2294921875 0.14013671875 0.94189453125 3241231
-0.2294921875 0.14013671875 0.94189453125 3241243
-0.2294921875 0.14013671875 0.94189453125 3241254
-0.2294921875 0.14013671875 0.94189453125 3241265
-0.083984375 0.15966796875 1.068359375 3241427
-0.083984375 0.15966796875 1.068359375 3241439
-0.083984375 0.15966796875 1.068359375 3241448
-0.083984375 0.15966796875 1.068359375 3241459
-0.1279296875 0.1591796875 0.98486328125 3241527
-0.1279296875 0.1591796875 0.98486328125 3241540
-0.1279296875 0.1591796875 0.98486328125 3241552
-0.1279296875 0.1591796875 0.98486328125 3241564
-0.11083984375 0.16015625 0.9873046875 3241629
-0.11083984375 0.16015625 0.9873046875 3241641
-0.11083984375 0.16015625 0.9873046875 3241654
-0.11083984375 0.16015625 0.9873046875 3241667
-0.09814453125 0.15966796875 1.0078125 3241730
-0.09814453125 0.15966796875 1.0078125 3241742
-0.09814453125 0.15966796875 1.0078125 3241755
-0.09814453125 0.15966796875 1.0078125 3241768
-0.11328125 0.17333984375 0.99365234375 3241921
-0.11328125 0.17333984375 0.99365234375 3241931
-0.11328125 0.17333984375 0.99365234375 3241943
-0.11328125 0.17333984375 0.99365234375 3241954
-0.107421875 0.16650390625 1.00146484375 3242025
-0.107421875 0.16650390625 1.00146484375 3242035
-0.107421875 0.16650390625 1.00146484375 3242048
-0.107421875 0.16650390625 1.00146484375 3242059
-0.0966796875 0.15771484375 0.9921875 3242218
-0.0966796875 0.15771484375 0.9921875 3242228
-0.0966796875 0.15771484375 0.9921875 3242238
-0.0966796875 0.15771484375 0.9921875 3242247
-0.103515625 0.17041015625 1.00244140625 3242322
-0.103515625 0.17041015625 1.00244140625 3242332
-0.103515625 0.17041015625 1.00244140625 3242343
-0.103515625 0.17041015625 1.00244140625 3242355
-0.1025390625 0.16455078125 1.00341796875 3242428
-0.1025390625 0.16455078125 1.00341796875 3242440
-0.1025390625 0.16455078125 1.00341796875 3242450
-0.1025390625 0.16455078125 1.00341796875 3242461
-0.09765625 0.1669921875 0.998046875 3242618
-0.09765625 0.1669921875 0.998046875 3242628
-0.09765625 0.1669921875 0.998046875 3242638
-0.09765625 0.1669921875 0.998046875 3242649
-0.09765625 0.16064453125 1.00048828125 3242727
-0.09765625 0.16064453125 1.00048828125 3242738
-0.09765625 0.16064453125 1.00048828125 3242749
-0.09765625 0.16064453125 1.00048828125 3242759
-0.09619140625 0.1630859375 0.99609375 3242918
-0.09619140625 0.1630859375 0.99609375 3242929
-0.09619140625 0.1630859375 0.99609375 3242940
-0.09619140625 0.1630859375 0.99609375 3242950
-0.09912109375 0.16357421875 0.99951171875 3243022
-0.09912109375 0.16357421875 0.99951171875 3243035
-0.09912109375 0.16357421875 0.99951171875 3243045
-0.09912109375 0.16357421875 0.99951171875 3243056
-0.08544921875 0.1416015625 0.9990234375 3243219
-0.08544921875 0.1416015625 0.9990234375 3243230
-0.08544921875 0.1416015625 0.9990234375 3243242
-0.08544921875 0.1416015625 0.9990234375 3243252
-0.0673828125 0.1064453125 1.01611328125 3243321
-0.0673828125 0.1064453125 1.01611328125 3243332
-0.0673828125 0.1064453125 1.01611328125 3243343
-0.0673828125 0.1064453125 1.01611328125 3243354
-0.1162109375 0.1416015625 1.00634765625 3243423
-0.1162109375 0.1416015625 1.00634765625 3243437
-0.1162109375 0.1416015625 1.00634765625 3243449
-0.1162109375 0.1416015625 1.00634765625 3243461
-0.12255859375 0.1240234375 1.0048828125 3243524
-0.08154296875 0.0634765625 1.0126953125 3243626
-0.08154296875 0.0634765625 1.0126953125 3243638
-0.08154296875 0.0634765625 1.0126953125 3243653
-0.08154296875 0.0634765625 1.0126953125 3243664
-0.205078125 0.12744140625 0.9794921875 3243818
-0.205078125 0.12744140625 0.9794921875 3243831
-0.205078125 0.12744140625 0.9794921875 3243843
-0.205078125 0.12744140625 0.9794921875 3243855
-0.30126953125 0.0517578125 0.90625 3243923
-0.30126953125 0.0517578125 0.90625 3243934
-0.30126953125 0.0517578125 0.90625 3243944
-0.30126953125 0.0517578125 0.90625 3243958
-0.2646484375 0.07861328125 1.001953125 3244120
-0.2646484375 0.07861328125 1.001953125 3244130
-0.2646484375 0.07861328125 1.001953125 3244142
-0.2646484375 0.07861328125 1.001953125 3244154
-0.38623046875 0.00146484375 1.01806640625 3244221
-0.38623046875 0.00146484375 1.01806640625 3244230
-0.38623046875 0.00146484375 1.01806640625 3244243
-0.38623046875 0.00146484375 1.01806640625 3244255
-0.30224609375 -0.1015625 0.841796875 3244325
-0.30224609375 -0.1015625 0.841796875 3244337
-0.30224609375 -0.1015625 0.841796875 3244348
-0.30224609375 -0.1015625 0.841796875 3244365
-0.3701171875 -0.05810546875 0.892578125 3244516
-0.3701171875 -0.05810546875 0.892578125 3244529
-0.3701171875 -0.05810546875 0.892578125 3244540
-0.3701171875 -0.05810546875 0.892578125 3244551
-0.232421875 0.18603515625 0.89111328125 3244716
-0.232421875 0.18603515625 0.89111328125 3244727
-0.232421875 0.18603515625 0.89111328125 3244737
-0.232421875 0.18603515625 0.89111328125 3244748
-0.2275390625 0.17724609375 1.0556640625 3244823
-0.2275390625 0.17724609375 1.0556640625 3244834
-0.2275390625 0.17724609375 1.0556640625 3244844
-0.2275390625 0.17724609375 1.0556640625 3244855
-0.1103515625 0.22265625 0.95556640625 3245023
-0.1103515625 0.22265625 0.95556640625 3245035
-0.1103515625 0.22265625 0.95556640625 3245047
-0.1103515625 0.22265625 0.95556640625 3245060
-0.0849609375 0.15478515625 1.025390625 3245222
-0.0849609375 0.15478515625 1.025390625 3245233
-0.0849609375 0.15478515625 1.025390625 3245247
-0.0849609375 0.15478515625 1.025390625 3245260
-0.05810546875 0.1669921875 1.03125 3245325
-0.05810546875 0.1669921875 1.03125 3245338
-0.05810546875 0.1669921875 1.03125 3245351
-0.05810546875 0.1669921875 1.03125 3245363
-0.06640625 0.16748046875 1.005859375 3245521
-0.06640625 0.16748046875 1.005859375 3245535
-0.06640625 0.16748046875 1.005859375 3245546
-0.06640625 0.16748046875 1.005859375 3245560
