-0.33740234375 0.07080078125 0.96044921875 1231812
-0.33740234375 0.07080078125 0.96044921875 1231812
-0.33740234375 0.07080078125 0.96044921875 1231859
-0.33740234375 0.07080078125 0.96044921875 1231860
-0.33740234375 0.07080078125 0.96044921875 1231862
-0.341796875 0.06787109375 0.95751953125 1231996
-0.341796875 0.06787109375 0.95751953125 1231998
-0.341796875 0.06787109375 0.95751953125 1231999
-0.341796875 0.06787109375 0.95751953125 1232001
-0.33837890625 0.07177734375 0.95849609375 1232097
-0.33740234375 0.06787109375 0.955078125 1232202
-0.33740234375 0.06787109375 0.955078125 1232204
-0.33740234375 0.06787109375 0.955078125 1232205
-0.33740234375 0.06787109375 0.955078125 1232206
-0.33203125 0.072265625 0.9599609375 1232397
-0.33203125 0.072265625 0.9599609375 1232399
-0.33203125 0.072265625 0.9599609375 1232400
-0.33203125 0.072265625 0.9599609375 1232401
-0.33447265625 0.0703125 0.95849609375 1232498
-0.33447265625 0.0703125 0.95849609375 1232500
-0.33447265625 0.0703125 0.95849609375 1232502
-0.33447265625 0.0703125 0.95849609375 1232503
-0.33447265625 0.0703125 0.96240234375 1232602
-0.33447265625 0.0703125 0.96240234375 1232604
-0.33447265625 0.0703125 0.96240234375 1232605
-0.33447265625 0.0703125 0.96240234375 1232647
-0.32373046875 0.06982421875 0.9638671875 1232882
-0.32373046875 0.06982421875 0.9638671875 1232884
-0.32373046875 0.06982421875 0.9638671875 1232885
-0.32373046875 0.06982421875 0.9638671875 1232887
-0.3359375 0.068359375 0.96142578125 1232998
-0.3359375 0.068359375 0.96142578125 1233000
-0.3359375 0.068359375 0.96142578125 1233002
-0.3359375 0.068359375 0.96142578125 1233003
-0.33056640625 0.06982421875 0.96142578125 1233200
-0.33056640625 0.06982421875 0.96142578125 1233202
-0.33056640625 0.06982421875 0.96142578125 1233204
-0.33056640625 0.06982421875 0.96142578125 1233206
-0.33154296875 0.06982421875 0.9638671875 1233501
-0.33154296875 0.06982421875 0.9638671875 1233503
-0.33154296875 0.06982421875 0.9638671875 1233504
-0.33154296875 0.06982421875 0.9638671875 1233506
-0.3251953125 0.06103515625 0.96728515625 1233700
-0.3251953125 0.06103515625 0.96728515625 1233702
-0.3251953125 0.06103515625 0.96728515625 1233703
-0.3251953125 0.06103515625 0.96728515625 1233705
-0.3330078125 0.0693359375 0.96240234375 1233898
-0.3330078125 0.0693359375 0.96240234375 1233899
-0.3330078125 0.0693359375 0.96240234375 1233901
-0.3330078125 0.0693359375 0.96240234375 1233903
-0.3330078125 0.06982421875 0.96337890625 1234132
-0.3330078125 0.06982421875 0.96337890625 1234133
-0.3330078125 0.06982421875 0.96337890625 1234134
-0.3330078125 0.06982421875 0.96337890625 1234136
-0.328125 0.06884765625 0.962890625 1234308
-0.328125 0.06884765625 0.962890625 1234312
-0.328125 0.06884765625 0.962890625 1234314
-0.328125 0.06884765625 0.962890625 1234315
-0.337890625 0.068359375 0.9638671875 1234498
-0.337890625 0.068359375 0.9638671875 1234500
-0.337890625 0.068359375 0.9638671875 1234502
-0.337890625 0.068359375 0.9638671875 1234504
-0.3330078125 0.06982421875 0.96337890625 1234699
-0.3330078125 0.06982421875 0.96337890625 1234701
-0.3330078125 0.06982421875 0.96337890625 1234703
-0.3330078125 0.06982421875 0.96337890625 1234704
-0.3271484375 0.072265625 0.966796875 1234899
-0.3271484375 0.072265625 0.966796875 1234901
-0.3271484375 0.072265625 0.966796875 1234910
-0.3271484375 0.072265625 0.966796875 1234912
-0.33056640625 0.0712890625 0.96044921875 1235002
-0.33056640625 0.0712890625 0.96044921875 1235004
-0.33349609375 0.072265625 0.962890625 1235099
-0.33349609375 0.072265625 0.962890625 1235100
-0.3330078125 0.06787109375 0.9609375 1235199
-0.3330078125 0.06787109375 0.9609375 1235201
-0.3330078125 0.06787109375 0.9609375 1235203
-0.3330078125 0.06787109375 0.9609375 1235205
-0.33203125 0.0703125 0.9619140625 1235305
-0.33203125 0.0703125 0.9619140625 1235307
-0.33203125 0.0703125 0.9619140625 1235309
-0.330078125 0.06982421875 0.96435546875 1235407
-0.330078125 0.06982421875 0.96435546875 1235409
-0.330078125 0.06982421875 0.96435546875 1235412
-0.330078125 0.06982421875 0.96435546875 1235413
-0.33642578125 0.0703125 0.96240234375 1235599
-0.33642578125 0.0703125 0.96240234375 1235600
-0.33642578125 0.0703125 0.96240234375 1235602
-0.33642578125 0.0703125 0.96240234375 1235604
-0.337890625 0.0673828125 0.95947265625 1235808
-0.337890625 0.0673828125 0.95947265625 1235810
-0.337890625 0.0673828125 0.95947265625 1235812
-0.337890625 0.0673828125 0.95947265625 1235814
-0.328125 0.068359375 0.96435546875 1235943
-0.328125 0.068359375 0.96435546875 1235943
-0.328125 0.068359375 0.96435546875 1235943
-0.328125 0.068359375 0.96435546875 1235943
-0.3359375 0.0732421875 0.96728515625 1236115
-0.3359375 0.0732421875 0.96728515625 1236115
-0.3359375 0.0732421875 0.96728515625 1236115
-0.3359375 0.0732421875 0.96728515625 1236115
