509 850090
506 850095
509 850095
509 850096
508 850096
507 850097
507 850097
507 850098
507 850098
509 850099
508 850099
511 850100
508 850100
508 850101
506 850101
508 850102
507 850102
508 850102
507 850103
509 850103
508 850104
510 850134
508 850135
507 850135
507 850136
509 850136
509 850138
509 850138
508 850139
509 850139
510 850140
509 850140
507 850141
508 850141
510 850141
508 850142
508 850143
508 850143
510 850144
508 850145
510 850145
506 850146
507 850146
507 850147
508 850148
506 850148
507 850149
506 850150
508 850150
509 850151
507 850151
506 850152
507 850152
507 850153
507 850154
508 850154
508 850155
508 850155
508 850156
507 850157
508 850157
506 850158
507 850158
509 850159
508 850159
507 850160
507 850160
509 850161
507 850161
509 850181
507 850225
508 850225
507 850241
505 850241
509 850272
509 850272
506 850281
507 850292
508 850301
508 850312
509 850321
505 850332
508 850341
510 850365
508 850366
506 850383
506 850385
507 850405
508 850406
507 850412
505 850433
508 850435
505 850443
508 850453
506 850461
506 850472
509 850481
509 850492
507 850513
510 850515
506 850534
509 850544
510 850545
506 850551
505 850562
508 850571
508 850582
508 850591
508 850602
506 850611
508 850622
510 850655
509 850658
507 850663
507 850663
507 850684
510 850685
509 850690
504 850702
509 850710
506 850721
507 850730
496 850742
488 850761
498 850785
523 850785
495 850803
513 850805
524 850813
509 850822
515 850831
502 850842
507 850851
510 850862
504 850883
506 850885
506 850892
508 850902
506 850910
509 850922
507 850930
507 850942
509 850951
508 850962
509 850971
510 850982
506 850990
506 851002
509 851011
508 851022
503 851043
507 851045
507 851053
507 851062
505 851070
508 851082
507 851090
509 851102
508 851110
508 851122
507 851143
507 851145
509 851154
507 851162
509 851171
508 851182
507 851191
507 851202
508 851211
511 851223
527 851231
500 851242
516 851263
510 851266
511 851273
506 851282
506 851291
509 851302
513 851323
513 851325
509 851332
504 851367
506 851369
509 851372
508 851372
507 851382
505 851392
506 851401
506 851425
509 851425
508 851453
508 851455
507 851462
508 851472
509 851481
507 851492
507 851501
508 851524
508 851525
510 851530
506 851542
507 851550
508 851562
508 851570
507 851593
508 851600
506 851627
509 851630
509 851632
508 851633
509 851655
509 851656
509 851662
508 851671
508 851682
507 851691
507 851702
507 851723
508 851725
507 851732
510 851741
510 851750
508 851762
508 851791
507 851792
509 851805
508 851805
508 851811
508 851823
507 851831
511 851855
508 851855
506 851861
508 851885
507 851885
509 851890
506 851902
508 851911
507 851922
509 851930
509 851942
508 851950
507 851962
509 851970
507 851982
508 851990
509 852002
508 852010
509 852022
509 852030
508 852042
507 852050
509 852062
508 852082
508 852085
507 852092
512 852102
508 852110
508 852122
507 852130
507 852141
507 852160
507 852175
509 852176
509 852180
509 852192
507 852201
510 852213
507 852221
508 852242
506 852263
507 852266
506 852273
507 852295
508 852296
507 852321
509 852325
508 852325
507 852339
507 852342
507 852352
508 852362
508 852370
508 852382
509 852390
510 852402
508 852410
506 852422
508 852430
508 852442
507 852450
508 852462
508 852470
508 852482
508 852491
509 852501
507 852512
506 852534
509 852534
507 852541
508 852553
509 852561
509 852573
510 852584
508 852593
507 852601
507 852612
508 852633
508 852636
507 852671
507 852672
507 852672
509 852684
510 852684
509 852703
506 852705
506 852712
506 852722
508 852742
508 852745
508 852753
508 852763
509 852783
508 852785
507 852810
507 852810
506 852837
506 852837
508 852840
508 852847
508 852851
508 852874
507 852874
505 852880
508 852892
507 852903
507 852913
508 852921
506 852932
508 852940
510 852952
508 852961
506 852972
507 852990
508 853002
508 853023
509 853025
507 853033
508 853042
509 853050
508 853062
506 853070
507 853092
508 853103
510 853105
508 853112
508 853122
508 853130
508 853142
509 853150
508 853162
509 853170
511 853194
507 853194
507 853200
506 853219
506 853222
508 853232
507 853240
505 853252
505 853273
509 853275
509 853283
510 853292
509 853301
509 853312
511 853321
510 853332
507 853341
505 853372
506 853403
507 853405
507 853405
510 853407
508 853410
507 853412
510 853423
507 853432
505 853441
507 853465
507 853465
505 853470
510 853494
499 853495
508 853501
508 853512
504 853520
495 853532
517 853540
507 853593
513 853594
503 853596
510 853597
511 853599
512 853601
507 853610
507 853622
506 853631
509 853642
506 853651
508 853662
508 853698
509 853699
508 853699
509 853701
509 853713
505 853732
510 853740
507 853762
508 853773
508 853775
508 853793
510 853804
507 853805
512 853811
498 853834
498 853835
522 853841
496 853864
521 853865
521 853870
507 853882
514 853890
508 853902
510 853910
505 853934
512 853935
507 853940
506 853952
503 853960
518 853972
499 853981
519 853992
539 854000
515 854012
503 854020
482 854044
516 854045
515 854051
510 854062
508 854070
503 854093
509 854103
509 854105
508 854113
508 854132
508 854155
507 854161
506 854162
509 854164
506 854172
509 854193
512 854196
500 854202
506 854224
512 854225
493 854230
495 854242
534 854250
516 854274
499 854274
511 854280
515 854291
502 854300
518 854311
504 854320
507 854332
509 854340
509 854352
507 854360
506 854372
505 854381
509 854392
508 854401
510 854412
506 854421
510 854444
509 854444
509 854460
510 854472
509 854480
507 854516
512 854517
509 854517
508 854520
517 854531
517 854541
506 854552
505 854560
512 854572
510 854580
496 854591
504 854600
515 854612
509 854620
506 854632
508 854640
506 854652
507 854660
506 854672
506 854681
509 854692
507 854701
508 854713
511 854721
507 854732
508 854740
509 854752
509 854772
509 854775
509 854782
509 854792
509 854800
509 854812
509 854820
506 854842
506 854853
508 854856
508 854864
506 854872
506 854892
507 854893
509 854902
507 854910
507 854922
507 854941
509 854955
508 854955
509 854960
508 854972
508 854980
509 854992
507 855000
507 855012
508 855020
508 855032
507 855040
507 855052
508 855060
507 855072
508 855080
509 855104
508 855104
506 855110
507 855122
508 855130
508 855142
511 855150
506 855161
509 855170
509 855182
507 855191
508 855213
508 855221
508 855233
508 855241
508 855252
507 855260
506 855297
508 855299
508 855300
508 855315
509 855315
507 855320
510 855332
508 855340
509 855352
509 855360
509 855384
507 855384
508 855415
508 855418
508 855422
510 855423
509 855432
509 855453
508 855455
509 855462
508 855484
508 855485
506 855490
507 855501
508 855522
508 855525
507 855532
509 855554
508 855554
509 855560
507 855585
508 855585
507 855590
508 855602
506 855623
509 855625
508 855633
506 855655
509 855655
507 855660
507 855672
507 855693
507 855695
508 855714
508 855738
507 855740
508 855742
510 855742
508 855764
506 855764
507 855772
507 855792
507 855795
509 855802
508 855834
508 855834
510 855840
507 855864
507 855864
508 855870
509 855881
507 855890
507 855901
509 855910
508 855934
510 855934
509 855953
507 855956
507 855963
509 855985
510 855986
508 855990
508 856002
508 856010
509 856034
509 856034
507 856040
507 856052
509 856060
508 856072
509 856080
509 856104
508 856104
508 856110
508 856122
507 856130
507 856142
507 856150
507 856162
507 856170
509 856182
508 856204
508 856214
509 856214
507 856232
507 856235
508 856242
507 856252
507 856260
508 856271
507 856280
506 856292
509 856300
507 856311
508 856320
508 856332
507 856340
508 856352
507 856360
508 856372
507 856380
508 856392
500 856400
542 856412
525 856420
526 856432
499 856453
480 856465
494 856465
512 856472
539 856481
511 856505
505 856506
511 856524
504 856525
503 856531
506 856542
512 856564
508 856566
507 856572
510 856585
508 856603
507 856605
503 856613
504 856622
511 856630
504 856654
508 856655
505 856660
511 856681
504 856690
508 856714
512 856715
510 856720
512 856732
506 856740
513 856752
508 856760
506 856772
508 856780
510 856792
506 856807
505 856811
507 856820
512 856844
505 856844
508 856850
505 856861
511 856870
508 856882
502 856891
505 856902
509 856910
509 856922
500 856943
500 856948
520 856953
511 856974
510 856975
500 856993
512 856995
507 857003
508 857011
509 857020
508 857044
509 857045
508 857050
507 857061
509 857070
509 857081
507 857090
507 857104
508 857110
507 857122
511 857130
507 857142
506 857150
506 857174
508 857175
509 857181
507 857192
509 857213
511 857215
507 857223
506 857232
509 857240
506 857251
507 857260
505 857298
509 857300
507 857300
506 857314
505 857315
506 857320
507 857332
505 857341
509 857352
506 857386
507 857392
507 857393
508 857393
507 857413
508 857415
508 857423
508 857442
508 857463
508 857465
508 857473
505 857482
507 857490
508 857514
507 857515
507 857520
507 857544
508 857544
508 857550
507 857562
507 857582
509 857585
508 857592
508 857614
509 857614
507 857619
506 857657
509 857660
507 857663
512 857663
507 857685
505 857685
507 857692
508 857714
509 857715
509 857735
510 857735
508 857740
508 857765
507 857765
508 857783
510 857785
508 857818
510 857821
507 857823
506 857823
512 857830
506 857842
507 857850
508 857862
508 857883
510 857885
508 857893
506 857914
504 857914
507 857920
508 857932
508 857952
508 857955
507 857963
511 857984
508 857984
507 858013
507 858014
508 858014
508 858022
509 858030
506 858055
509 858055
510 858060
509 858072
502 858080
507 858092
510 858101
503 858112
507 858120
507 858132
506 858153
508 858155
508 858163
505 858182
506 858190
509 858202
509 858210
506 858222
508 858230
507 858242
509 858250
511 858262
508 858282
507 858285
509 858293
509 858302
507 858322
508 858325
510 858332
508 858342
508 858350
506 858362
506 858370
508 858382
507 858402
507 858405
507 858425
508 858425
508 858432
510 858453
510 858456
509 858463
508 858504
505 858504
509 858505
507 858506
507 858510
509 858522
508 858530
504 858555
510 858555
507 858560
509 858572
506 858580
509 858592
508 858600
509 858624
506 858624
510 858642
506 858645
510 858652
511 858662
510 858670
511 858694
507 858694
507 858700
508 858724
505 858724
507 858730
509 858742
508 858750
505 858762
506 858770
509 858781
507 858790
511 858802
511 858823
510 858826
508 858833
508 858842
507 858873
508 858876
507 858886
505 858887
508 858902
509 858911
506 858922
507 858930
506 858942
508 858950
508 858962
510 858970
508 858982
504 859000
510 859001
506 859012
506 859020
508 859032
508 859040
507 859052
507 859060
510 859072
509 859080
509 859092
508 859100
507 859112
507 859120
506 859132
508 859140
508 859151
508 859160
508 859171
508 859181
507 859192
507 859201
508 859213
509 859237
508 859238
508 859242
509 859250
509 859262
508 859270
505 859282
506 859290
507 859302
508 859310
506 859322
507 859330
507 859342
508 859350
510 859362
510 859370
507 859394
507 859395
506 859400
509 859424
509 859424
508 859430
508 859442
509 859450
508 859462
507 859470
507 859499
508 859500
507 859502
507 859512
508 859520
508 859531
509 859540
509 859552
508 859561
508 859583
508 859616
509 859622
506 859623
507 859625
509 859632
508 859640
509 859652
508 859660
506 859685
507 859685
507 859690
509 859702
509 859710
506 859722
505 859730
511 859742
516 859763
508 859765
504 859789
504 859790
513 859804
513 859804
513 859810
508 859823
509 859830
507 859841
508 859850
513 859875
502 859875
506 859879
507 859904
512 859904
506 859909
506 859921
513 859931
510 859942
508 859950
507 859962
505 859970
511 859982
506 859990
503 860002
509 860010
511 860022
506 860030
507 860042
509 860050
508 860062
508 860070
508 860082
504 860103
508 860105
508 860124
508 860125
505 860132
508 860140
507 860152
509 860160
508 860172
509 860179
509 860209
510 860212
507 860216
507 860222
506 860230
504 860242
508 860250
508 860262
508 860270
507 860281
511 860290
509 860327
507 860330
506 860332
507 860334
508 860353
508 860355
509 860363
504 860372
508 860406
506 860409
507 860411
509 860421
509 860432
509 860440
507 860452
507 860473
509 860475
511 860498
509 860498
508 860501
508 860512
509 860520
508 860532
508 860540
508 860554
509 860562
507 860572
509 860580
506 860604
508 860605
508 860609
508 860622
507 860642
509 860645
508 860652
508 860661
508 860683
508 860685
507 860704
506 860705
509 860712
507 860720
509 860745
507 860745
508 860750
508 860775
508 860775
506 860781
506 860792
507 860800
506 860812
509 860820
506 860832
510 860840
510 860852
507 860860
506 860882
506 860891
507 860917
508 860917
508 860920
507 860923
509 860932
509 860941
507 860949
507 860961
509 860982
508 860985
506 860992
508 861026
507 861028
510 861029
509 861044
508 861044
507 861063
506 861066
509 861073
508 861082
509 861090
508 861115
508 861115
509 861120
508 861132
506 861140
506 861162
509 861170
507 861182
509 861190
508 861227
508 861227
506 861230
509 861233
507 861254
505 861255
508 861262
507 861282
507 861285
509 861292
506 861314
508 861315
508 861320
508 861331
508 861340
508 861351
508 861359
507 861384
509 861384
505 861390
508 861401
510 861409
507 861435
506 861435
506 861458
507 861458
507 861461
508 861482
508 861496
505 861497
510 861500
507 861521
506 861522
508 861530
507 861542
507 861550
508 861562
508 861570
507 861582
510 861590
508 861602
509 861622
507 861625
510 861632
509 861654
509 861655
507 861660
511 861684
508 861684
510 861689
508 861726
507 861728
507 861732
507 861732
508 861752
507 861755
508 861762
506 861784
510 861784
506 861802
507 861805
506 861813
507 861822
508 861830
507 861855
509 861856
508 861874
509 861877
505 861887
506 861902
508 861910
506 861922
507 861930
507 861983
508 861983
509 862003
509 862004
508 862004
506 862005
507 862007
507 862028
508 862029
508 862032
507 862042
508 862052
509 862060
507 862106
508 862106
508 862107
508 862107
509 862111
508 862121
507 862129
509 862141
509 862149
506 862161
508 862170
508 862182
508 862190
509 862202
507 862210
511 862222
508 862230
508 862242
509 862250
508 862262
506 862270
510 862282
506 862290
507 862302
508 862323
509 862325
508 862344
509 862345
508 862352
506 862372
510 862375
508 862395
510 862396
508 862402
510 862422
507 862447
510 862448
508 862448
507 862451
507 862460
508 862472
507 862492
507 862495
508 862527
508 862530
510 862530
509 862544
508 862545
507 862551
508 862560
508 862572
508 862593
508 862595
510 862620
510 862623
508 862625
506 862640
507 862652
507 862660
508 862672
507 862692
507 862695
507 862702
509 862724
508 862724
508 862730
507 862742
508 862762
507 862765
507 862773
507 862794
508 862794
509 862800
507 862826
507 862826
507 862844
509 862845
508 862864
509 862864
508 862870
507 862894
509 862894
508 862900
508 862911
507 862919
510 862931
508 862940
508 862965
510 862966
509 862970
509 862993
508 863002
507 863005
505 863030
508 863030
507 863033
508 863042
508 863064
508 863064
507 863073
509 863094
507 863094
506 863100
508 863112
509 863130
507 863141
510 863162
509 863165
508 863172
509 863194
509 863195
506 863216
508 863217
508 863234
507 863234
508 863240
507 863264
509 863264
510 863270
508 863281
505 863290
508 863314
507 863315
510 863333
509 863335
507 863343
508 863364
510 863364
509 863370
507 863381
508 863390
508 863401
510 863410
508 863434
508 863435
508 863440
509 863464
507 863465
511 863470
512 863481
506 863503
509 863505
508 863512
511 863534
508 863534
513 863552
508 863555
508 863562
507 863571
508 863580
507 863604
508 863628
508 863674
507 863675
509 863676
509 863677
510 863677
508 863678
505 863679
513 863681
511 863704
502 863705
508 863711
512 863732
511 863735
506 863752
506 863761
510 863770
513 863781
521 863803
510 863805
515 863813
514 863833
524 863835
505 863840
503 863860
510 863873
506 863875
507 863881
510 863904
507 863904
510 863910
512 863921
508 863930
508 863941
508 863950
511 863974
507 863974
508 863980
503 864004
506 864005
518 864010
492 864034
515 864035
491 864040
487 864051
501 864077
491 864078
508 864094
493 864094
515 864100
503 864111
506 864120
506 864137
507 864140
508 864151
511 864180
507 864181
511 864182
511 864191
510 864200
506 864211
506 864220
509 864232
511 864240
509 864251
510 864260
510 864282
504 864293
509 864295
507 864302
508 864311
508 864320
504 864331
504 864340
508 864351
506 864360
511 864372
511 864380
512 864404
523 864404
506 864410
509 864422
507 864443
508 864445
510 864452
507 864461
504 864470
509 864481
513 864490
511 864501
499 864510
498 864521
506 864530
518 864541
518 864550
515 864562
511 864570
507 864594
506 864595
506 864611
506 864624
514 864642
507 864644
510 864654
516 864654
541 864689
498 864690
482 864696
525 864697
482 864719
544 864720
536 864722
521 864731
502 864742
512 864750
492 864762
517 864770
507 864794
509 864794
508 864801
512 864811
508 864820
507 864831
511 864840
508 864861
506 864870
507 864882
508 864890
508 864901
509 864910
508 864922
508 864930
510 864942
508 864950
506 864961
508 864970
509 864982
508 864990
507 865002
508 865010
509 865059
509 865060
509 865072
507 865107
507 865114
509 865115
509 865116
508 865116
506 865117
508 865124
509 865124
507 865154
507 865157
507 865163
509 865163
507 865171
509 865179
510 865222
507 865241
508 865244
508 865244
507 865245
506 865248
508 865250
509 865261
508 865286
509 865287
508 865305
507 865305
510 865310
507 865322
507 865330
508 865342
507 865350
507 865388
508 865388
508 865391
510 865404
510 865404
508 865410
506 865422
507 865503
507 865504
507 865505
508 865506
508 865506
508 865507
510 865507
508 865510
507 865510
508 865534
507 865534
508 865541
508 865556
507 865561
507 865569
509 865616
508 865618
507 865621
508 865621
508 865632
509 865641
508 865649
508 865662
509 865683
508 865686
511 865692
516 865728
507 865731
508 865732
507 865757
509 865759
508 865760
507 865782
509 865795
509 865798
508 865802
507 865802
507 865824
507 865824
509 865855
509 865857
508 865859
509 865884
508 865887
508 865892
508 865892
507 865902
507 865922
507 865925
509 865932
507 865954
508 865954
510 866001
508 866003
506 866003
507 866030
508 866031
508 866036
508 866040
507 866040
508 866052
511 866055
506 866063
505 866073
507 866106
509 866112
509 866113
507 866117
507 866122
508 866130
510 866172
509 866172
506 866175
507 866175
508 866182
508 866213
508 866214
509 866215
508 866221
509 866230
508 866242
507 866249
507 866262
509 866270
508 866281
508 866289
508 866301
509 866323
510 866325
509 866343
506 866352
506 866360
509 866371
507 866395
509 866396
507 866401
509 866414
507 866422
508 866430
507 866441
508 866450
508 866461
508 866470
508 866481
509 866490
508 866511
507 866518
512 866520
508 866530
516 866554
500 866554
511 866560
504 866571
527 866580
509 866591
505 866600
517 866611
505 866621
510 866631
508 866643
510 866652
507 866661
511 866690
509 866690
509 866696
509 866701
509 866711
507 866721
507 866730
508 866741
508 866750
509 866761
508 866783
509 866785
505 866791
511 866802
513 866810
512 866822
507 866830
518 866842
499 866850
495 866861
494 866870
511 866881
527 866890
502 866914
521 866915
508 866920
512 866931
510 866940
508 866951
506 866960
503 866972
514 866993
511 866995
500 867003
524 867018
529 867020
543 867031
539 867040
504 867051
499 867060
518 867071
514 867080
499 867101
505 867110
501 867121
513 867142
514 867145
505 867152
533 867161
512 867170
506 867181
504 867190
506 867201
508 867210
509 867221
506 867230
504 867241
506 867250
501 867261
513 867270
524 867281
503 867290
489 867301
522 867322
530 867325
523 867332
508 867341
503 867350
506 867369
505 867371
505 867380
508 867392
506 867400
508 867411
507 867420
509 867431
505 867440
513 867451
510 867460
505 867471
506 867480
509 867512
507 867512
507 867540
507 867541
509 867541
506 867542
500 867564
501 867565
515 867571
510 867582
503 867606
503 867607
510 867612
508 867633
501 867635
508 867641
508 867651
507 867662
505 867671
507 867680
504 867746
507 867746
508 867749
510 867750
508 867752
508 867752
507 867763
507 867774
507 867774
507 867780
507 867801
507 867809
507 867834
510 867835
507 867839
508 867874
507 867875
509 867875
508 867879
508 867903
509 867903
509 867909
506 867932
508 867941
507 867954
508 867954
508 867972
507 867975
510 867982
508 868007
506 868008
509 868013
506 868022
508 868042
509 868045
506 868052
509 868074
506 868074
508 868080
510 868092
509 868100
507 868111
507 868123
507 868144
507 868145
508 868150
508 868161
508 868169
508 868213
509 868214
508 868214
507 868215
507 868220
506 868231
509 868241
508 868251
508 868272
509 868275
509 868282
507 868291
505 868312
507 868315
509 868323
508 868332
507 868340
505 868352
508 868360
509 868372
509 868380
507 868392
509 868400
507 868412
509 868420
509 868444
506 868445
509 868450
509 868461
510 868470
508 868481
507 868490
507 868514
509 868514
508 868520
509 868531
509 868540
508 868551
512 868559
506 868571
506 868589
510 868601
509 868609
510 868621
510 868642
511 868645
513 868652
506 868661
510 868683
509 868685
507 868716
509 868716
507 868717
509 868722
511 868731
511 868754
510 868754
509 868760
507 868784
509 868784
509 868790
508 868814
506 868815
506 868821
508 868832
511 868840
506 868851
508 868860
509 868884
508 868884
507 868914
506 868915
508 868916
509 868921
510 868930
509 868941
507 868957
508 868960
507 868984
507 868985
506 869017
507 869017
507 869021
508 869022
509 869031
505 869054
508 869055
509 869062
510 869071
506 869082
507 869091
511 869114
509 869114
505 869121
507 869132
507 869140
509 869152
506 869161
508 869197
507 869197
508 869198
510 869214
509 869215
508 869221
508 869230
508 869254
507 869254
508 869260
508 869284
508 869284
506 869290
510 869304
508 869320
507 869331
507 869340
508 869351
508 869360
507 869371
508 869380
509 869404
509 869405
507 869423
507 869425
497 869432
520 869454
494 869455
522 869460
529 869471
495 869480
523 869506
482 869528
549 869530
515 869531
528 869532
511 869554
501 869555
504 869560
518 869571
505 869580
503 869591
517 869600
512 869624
505 869625
507 869630
508 869644
511 869650
505 869661
505 869688
513 869689
504 869691
497 869715
509 869722
504 869724
507 869732
509 869754
506 869754
502 869760
508 869772
505 869792
505 869795
504 869802
509 869812
509 869820
508 869831
507 869840
510 869851
511 869860
510 869871
503 869892
513 869895
516 869920
504 869922
512 869924
517 869944
509 869945
506 869951
507 869960
516 869972
507 869992
506 869995
511 870002
509 870012
510 870033
507 870035
507 870041
505 870061
508 870070
509 870091
508 870103
506 870104
510 870137
507 870139
507 870142
510 870143
506 870175
506 870176
508 870196
508 870199
507 870199
507 870226
509 870228
508 870232
507 870232
507 870240
508 870264
504 870264
507 870291
510 870293
509 870294
510 870337
510 870338
510 870338
509 870339
509 870341
505 870364
509 870364
506 870371
506 870395
510 870413
508 870415
508 870415
506 870422
507 870431
508 870440
506 870464
505 870465
509 870470
507 870495
508 870495
506 870500
508 870511
508 870529
505 870541
507 870562
508 870564
509 870572
507 870581
508 870589
509 870607
509 870609
511 870634
504 870634
508 870678
508 870681
509 870681
510 870684
515 870691
513 870705
517 870706
513 870710
508 870734
505 870735
506 870766
508 870769
512 870769
509 870784
510 870785
506 870792
504 870804
508 870812
507 870832
508 870835
508 870841
508 870866
509 870916
506 870919
506 870919
506 870920
509 870921
507 870921
507 870934
512 870934
513 870940
509 870964
510 870964
508 870970
506 870981
509 871007
508 871007
507 871010
507 871033
509 871034
507 871041
508 871062
506 871064
509 871072
508 871082
506 871103
508 871105
505 871112
507 871134
515 871134
505 871140
505 871152
513 871160
497 871171
501 871180
509 871203
517 871213
503 871215
504 871235
505 871236
508 871242
508 871250
505 871274
506 871274
508 871280
508 871304
510 871304
508 871310
508 871334
510 871334
511 871339
510 871351
507 871372
508 871374
509 871382
508 871404
507 871404
508 871409
506 871434
510 871434
508 871440
508 871459
506 871472
507 871482
506 871508
509 871509
509 871511
508 871530
509 871530
509 871542
507 871550
507 871574
507 871574
507 871580
509 871604
508 871604
508 871610
508 871621
508 871642
507 871645
507 871652
508 871674
506 871674
507 871704
509 871707
508 871733
507 871734
509 871734
508 871744
506 871744
507 871749
507 871817
508 871818
506 871818
508 871819
509 871819
508 871828
507 871828
507 871844
508 871844
507 871850
507 871872
508 871883
508 871884
508 871892
510 871900
509 871911
507 871942
508 871945
508 871975
508 871976
507 871976
508 871984
508 871984
508 871989
508 872017
508 872017
507 872026
509 872044
508 872044
508 872050
509 872074
506 872074
507 872092
509 872094
508 872114
506 872115
507 872121
506 872141
508 872144
507 872153
508 872171
508 872193
509 872196
508 872214
508 872215
507 872222
508 872242
508 872245
507 872253
508 872262
509 872270
509 872281
508 872289
507 872316
506 872316
509 872319
508 872344
509 872344
508 872349
507 872386
509 872389
507 872391
506 872393
508 872412
508 872415
510 872422
508 872443
508 872444
508 872449
511 872461
509 872481
506 872484
507 872491
509 872514
509 872515
508 872520
508 872543
509 872553
509 872555
509 872562
506 872582
507 872590
509 872614
507 872615
507 872646
508 872647
508 872651
508 872651
509 872654
507 872662
507 872682
508 872685
507 872697
508 872714
508 872714
506 872720
509 872740
509 872752
508 872754
507 872761
509 872783
508 872783
508 872789
506 872801
508 872822
508 872824
509 872832
508 872853
505 872854
507 872859
507 872885
508 872885
508 872890
505 872902
508 872922
510 872925
508 872932
507 872954
505 872954
507 872972
508 872975
510 872982
507 872991
507 873000
509 873012
508 873029
507 873054
507 873054
508 873059
506 873116
509 873117
510 873117
509 873118
509 873126
508 873126
507 873131
507 873152
509 873154
508 873161
507 873171
509 873179
507 873191
508 873202
507 873224
506 873224
508 873229
510 873255
510 873255
511 873260
511 873272
511 873280
511 873292
509 873300
509 873324
508 873324
507 873355
507 873357
508 873390
509 873391
509 873393
509 873394
516 873404
507 873404
510 873422
506 873425
507 873432
512 873454
505 873454
506 873459
511 873471
507 873492
509 873495
505 873502
510 873524
508 873524
511 873529
508 873553
508 873553
509 873602
510 873604
510 873604
507 873607
505 873607
507 873635
512 873637
506 873639
512 873652
508 873655
511 873662
509 873672
512 873690
512 873702
504 873722
510 873725
508 873732
510 873742
507 873750
504 873762
506 873770
508 873794
504 873794
505 873825
502 873831
506 873831
503 873834
508 873841
497 873874
505 873877
497 873879
510 873892
507 873894
512 873913
507 873924
514 873924
506 873929
509 873964
508 873964
507 873972
506 873974
509 873994
503 873994
510 874002
509 874010
506 874022
507 874030
508 874042
508 874062
504 874065
509 874097
507 874100
503 874102
514 874102
508 874110
509 874121
512 874130
507 874141
509 874162
503 874165
509 874185
507 874191
509 874201
506 874249
503 874251
509 874251
509 874254
508 874262
506 874264
509 874264
508 874272
510 874293
507 874302
509 874305
508 874312
508 874334
507 874334
508 874339
506 874364
508 874364
509 874370
508 874394
508 874395
507 874422
511 874425
508 874434
506 874434
508 874440
508 874468
508 874469
508 874471
507 874480
509 874492
509 874502
507 874510
505 874534
508 874534
504 874575
507 874581
508 874581
506 874590
509 874612
511 874613
510 874614
506 874632
507 874635
508 874642
508 874664
507 874664
508 874669
510 874681
510 874701
507 874704
507 874712
508 874734
509 874734
507 874740
508 874764
507 874764
508 874770
509 874782
507 874804
508 874806
508 874812
508 874832
510 874835
508 874867
508 874868
509 874872
511 874872
507 874880
508 874904
508 874904
507 874919
508 874934
505 874934
507 874940
509 874951
509 874972
509 874975
506 874982
505 875004
507 875005
508 875035
507 875041
508 875041
507 875047
509 875050
508 875079
507 875080
507 875080
507 875102
508 875106
507 875112
508 875122
507 875130
507 875142
510 875150
507 875174
507 875175
507 875180
507 875204
509 875204
508 875222
508 875225
507 875244
509 875245
508 875251
507 875270
506 875307
509 875311
507 875312
508 875313
508 875321
507 875342
511 875345
507 875351
506 875374
508 875374
508 875379
507 875416
509 875418
507 875421
508 875421
508 875443
508 875443
507 875460
506 875473
509 875474
508 875482
507 875516
508 875522
507 875546
507 875546
508 875550
507 875551
507 875551
509 875574
506 875574
508 875580
506 875604
509 875604
507 875610
509 875622
507 875642
506 875645
507 875686
506 875687
508 875690
508 875719
509 875720
507 875729
511 875730
507 875743
505 875743
508 875753
507 875772
508 875775
509 875823
506 875824
509 875824
506 875827
506 875827
507 875828
507 875843
508 875843
508 875851
508 875872
507 875875
509 875882
509 875892
509 875912
507 875915
508 875948
509 875951
507 875951
509 875954
508 875972
508 875975
510 875997
507 876014
507 876014
506 876020
506 876044
507 876044
509 876049
508 876126
508 876126
508 876127
509 876127
506 876128
505 876128
509 876145
506 876151
508 876151
506 876156
508 876187
506 876195
509 876215
508 876216
506 876295
507 876296
508 876308
508 876397
508 876398
507 876399
508 876685
511 876685
507 876686
506 876937
508 876938
508 876939
508 876939
508 876940
509 876940
509 876941
510 876941
505 876942
504 876942
506 876943
508 876943
510 876944
506 876944
507 876945
508 876945
510 876945
505 876946
506 876946
506 876947
509 876947
507 876948
507 876948
509 876949
507 876949
509 876950
510 876950
508 876951
508 876952
508 876953
507 876953
508 876954
509 876954
509 876955
509 876955
509 876956
506 876956
507 876956
508 877204
507 877404
507 877404
508 877405
507 877405
509 877406
510 877406
507 877406
507 877407
508 877407
507 877408
508 877408
508 877409
508 877409
508 877410
509 877410
508 877410
506 877411
507 877411
507 877412
507 877413
508 877413
507 877414
508 877430
509 877431
508 877432
505 877433
507 877433
509 877434
507 877434
505 877435
508 877435
509 877436
511 877436
508 877437
507 877437
508 877438
509 877438
507 877439
507 877440
509 877440
509 877441
509 877442
509 877442
506 877443
508 877444
509 877444
508 877445
508 877446
508 877446
508 877447
508 877448
510 877449
507 877450
507 877450
510 877451
508 877451
504 877452
508 877452
507 877453
498 877453
505 877453
503 877454
503 877454
506 877455
509 877455
506 877456
506 877456
510 877457
509 877457
507 877458
508 877536
506 877537
505 877537
508 877538
511 877538
504 877539
507 877539
505 877625
510 877626
509 877626
504 877627
509 877628
508 877628
509 877630
504 877631
514 877631
510 877632
500 877633
512 877633
507 877634
496 877634
506 877636
508 877637
510 877672
509 877672
506 877673
510 877675
510 877676
507 877693
507 877694
507 877701
508 877720
507 877733
509 877733
507 877743
508 877764
509 877764
509 877781
506 877791
495 877807
523 877807
490 877811
515 877826
517 877831
506 877841
520 877863
507 877864
521 877897
503 877901
517 877901
510 877903
507 877911
506 878006
507 878007
510 878008
509 878008
508 878009
506 878009
507 878010
509 878014
509 878014
507 878034
502 878035
505 878041
505 878079
509 878079
512 878080
508 878082
507 878104
505 878105
509 878111
506 878133
509 878134
509 878153
507 878154
506 878172
509 878174
507 878181
508 878190
508 878201
507 878210
509 878233
510 878234
508 878239
508 878251
512 878260
507 878271
505 878280
516 878304
509 878304
508 878310
517 878321
493 878330
504 878354
498 878354
507 878360
507 878371
508 878379
512 878403
512 878404
503 878409
507 878421
505 878429
493 878441
512 878450
511 878461
538 878482
504 878484
537 878515
504 878516
511 878516
511 878521
499 878543
512 878545
523 878552
504 878562
502 878570
505 878581
508 878590
504 878601
507 878610
507 878621
506 878630
508 878641
506 878650
507 878661
507 878669
508 878682
506 878689
506 878701
508 878736
508 878737
509 878737
508 878754
507 878754
509 878760
510 878784
509 878784
507 878790
508 878826
506 878829
509 878832
508 878832
509 878841
507 878851
508 878860
508 878871
510 878892
507 878895
508 878919
504 878922
509 878925
509 878932
504 878941
508 878949
508 878971
510 878990
508 879001
508 879041
507 879044
508 879044
508 879045
509 879048
508 879050
508 879061
504 879069
505 879081
507 879089
509 879102
507 879110
509 879134
505 879134
506 879140
511 879152
508 879172
508 879175
509 879182
507 879191
506 879212
512 879215
509 879222
505 879244
516 879245
509 879303
508 879305
509 879307
505 879310
507 879312
506 879313
510 879343
507 879344
512 879344
507 879346
509 879351
506 879374
507 879374
510 879380
504 879391
504 879410
511 879424
508 879425
507 879473
506 879475
506 879482
509 879497
507 879500
507 879502
508 879503
509 879554
507 879555
510 879555
512 879556
509 879577
498 879579
508 879579
505 879594
514 879594
505 879612
508 879614
510 879621
509 879631
505 879641
507 879663
506 879664
506 879670
509 879681
509 879689
509 879701
511 879710
508 879721
506 879742
507 879745
508 879752
508 879761
509 879770
507 879781
509 879790
508 879801
508 879809
512 879821
511 879842
505 879844
521 879852
506 879861
496 879869
498 879881
513 879890
530 879901
508 879910
505 879921
513 879930
516 879941
512 879950
508 879961
507 879970
502 879981
512 879989
510 880001
499 880009
525 880021
492 880030
469 880041
541 880050
488 880061
511 880070
537 880081
518 880090
521 880101
501 880110
504 880133
506 880134
507 880140
506 880151
510 880160
509 880171
509 880192
507 880194
508 880201
507 880211
506 880232
508 880235
511 880241
506 880252
504 880260
486 880271
516 880280
523 880291
494 880300
482 880311
484 880320
475 880331
549 880340
499 880351
503 880359
511 880371
502 880379
508 880391
507 880400
506 880411
510 880420
511 880431
519 880440
507 880461
510 880470
519 880481
505 880490
513 880501
506 880513
507 880521
509 880530
506 880541
509 880549
506 880573
510 880574
504 880580
511 880591
499 880600
496 880611
507 880620
491 880631
504 880640
510 880651
508 880660
515 880671
504 880679
522 880742
509 880743
499 880743
510 880744
513 880744
513 880745
509 880749
510 880761
508 880770
507 880782
508 880790
509 880801
507 880822
511 880825
506 880831
507 880854
507 880854
508 880860
507 880872
506 880897
509 880898
509 880900
511 880912
507 880921
506 880930
507 880941
510 880950
508 880961
508 880969
508 880992
509 881699
508 881700
510 881701
508 881701
507 881702
509 881702
508 881702
508 881703
509 881703
508 881704
508 881704
508 881705
507 881705
507 881706
508 881706
508 881706
503 881707
503 881707
504 881708
515 881708
507 881709
509 881709
505 881710
513 881710
506 881711
510 881711
510 881712
508 881712
507 881713
503 881713
505 881714
511 881714
502 881714
506 881715
509 881715
509 881716
506 881716
507 881717
508 881717
506 881718
508 881718
508 881719
510 881719
506 881719
510 881720
512 881720
506 881721
511 881721
507 881722
510 881724
508 881724
506 881725
510 881725
509 881726
508 881726
508 881727
510 881727
507 881727
505 881728
506 881728
507 881729
509 881730
507 881730
506 881731
508 881731
509 881732
506 881733
507 881733
508 881734
509 881734
508 881735
506 881735
509 882004
508 882005
507 882028
511 882029
505 882029
508 882030
508 882030
504 882031
511 882031
507 882032
506 882032
507 882033
508 882033
505 882034
505 882034
507 882035
507 882035
509 882036
507 882036
508 882037
511 882037
508 882038
507 882038
509 882039
506 882039
508 882040
504 882040
510 882041
508 882041
507 882042
509 882403
508 882433
509 882434
506 882435
505 882435
507 882436
509 882436
509 882437
509 882437
510 882438
508 882439
506 882439
507 882440
508 882440
508 882441
509 882441
507 882442
508 882442
509 882443
508 882443
507 882444
509 882444
508 882445
511 882445
509 882445
501 882446
504 882446
510 882447
508 882447
508 882448
507 882448
507 882449
507 882449
507 882450
506 882450
505 882450
511 882451
508 882451
506 882454
505 882454
507 882455
505 882455
510 882456
509 882461
508 882480
506 882481
509 882491
508 882513
508 882514
508 882521
509 882530
507 882873
507 882874
508 882875
505 882875
511 882876
508 882876
507 882877
510 882877
510 882877
509 882878
509 882878
508 882879
510 882879
511 882879
509 882880
507 882880
507 882881
508 882881
508 882882
509 882882
507 882882
508 882883
508 882883
508 882884
506 882884
506 882884
507 882885
510 882885
509 882886
507 882886
507 882887
508 882887
506 882887
509 882894
505 882894
509 882914
508 882914
504 882919
509 883369
510 883369
510 883370
508 883370
507 883371
507 883372
511 883372
506 883373
507 883373
509 883373
507 883374
509 883374
508 883375
507 883375
506 883376
507 883376
507 883376
508 883377
507 883377
506 883378
507 883378
510 883379
507 883379
507 883379
507 883380
507 883380
507 883381
508 883381
508 883381
508 883382
511 883382
508 883383
506 883383
507 883383
509 883384
508 883384
509 883385
508 883385
506 883386
509 883386
508 883386
507 883387
508 883387
507 883388
508 883394
509 883394
509 883395
508 883401
508 883939
509 883939
507 884094
508 884095
508 884095
508 884096
507 884096
509 884097
508 884098
508 884098
508 884099
507 884100
508 884100
507 884101
508 884101
507 884102
508 884102
508 884103
508 884104
510 884104
508 884105
507 884105
509 884106
507 884106
508 884107
508 884107
509 884108
508 884108
508 884109
505 884110
507 884110
506 884111
505 884111
509 884112
507 884112
508 884113
509 884113
508 884114
510 884114
509 884115
508 884115
507 884115
507 884116
507 884116
507 884117
511 884117
511 884118
506 884118
506 884119
510 884120
508 884120
510 884121
506 884123
507 884123
509 884124
509 884125
508 884125
508 884126
507 884127
508 884127
510 884128
509 884129
509 884130
509 884130
508 884131
509 884132
508 884133
506 884133
508 884134
508 884135
507 884135
509 884166
507 884166
509 884177
509 884180
508 884180
507 884204
506 884204
506 884246
509 884246
508 884247
508 884247
507 884259
511 884262
511 884288
508 884289
509 884292
509 884301
508 884324
506 884324
510 884331
512 884341
510 884467
507 884468
507 884468
505 884469
504 884470
514 884470
504 884471
511 884472
506 884472
510 884473
509 884474
505 884475
504 884477
511 884481
507 884491
510 884505
513 884510
507 884519
501 884531
513 884543
511 884551
508 884590
508 884591
509 884592
506 884593
508 884601
507 884611
508 884622
507 884667
510 884668
508 884669
505 884669
508 884672
505 884681
510 884713
508 884713
503 884714
527 884726
503 884731
509 884778
536 884778
519 884779
504 884780
510 884782
514 884791
509 884801
506 884834
505 884835
510 884835
510 884853
508 884854
510 884859
507 884871
501 884881
504 884891
515 884942
520 884943
512 884943
510 884945
516 884951
515 884961
524 884976
509 884993
526 884994
511 885002
491 885011
506 885024
531 885031
494 885064
517 885065
468 885065
496 885071
505 885093
501 885094
500 885158
525 885158
509 885159
510 885160
505 885160
506 885161
509 885163
502 885179
509 885193
507 885194
504 885201
502 885211
501 885220
509 885231
510 885248
507 885250
502 885261
520 885270
511 885280
508 885291
504 885312
507 885314
513 885348
506 885349
503 885366
508 885368
506 885370
506 885383
511 885384
500 885391
510 885412
506 885414
504 885421
504 885431
504 885439
517 885451
507 885459
525 885483
509 885507
513 885529
503 885529
507 885530
497 885546
519 885548
512 885550
506 885561
516 885571
507 885580
502 885591
511 885600
511 885615
514 885622
498 885631
524 885639
512 885663
506 885664
502 885682
509 885684
508 885692
509 885701
507 885710
509 885734
510 885734
505 885752
510 885754
506 885762
507 885771
507 885796
497 885797
506 885799
513 885812
517 885821
503 885829
503 885841
505 885849
505 885861
508 885882
503 885884
503 885892
509 885901
507 885935
512 885941
521 885942
512 885944
504 885951
502 885959
512 885971
503 885979
515 886003
514 886004
511 886010
507 886021
506 886048
494 886048
507 886051
505 886061
505 886071
505 886079
514 886091
507 886099
502 886123
508 886123
500 886129
493 886141
503 886225
502 886225
497 886226
511 886226
507 886227
505 886227
504 886228
516 886228
505 886243
508 886243
506 886254
511 886274
507 886274
505 886292
507 886295
507 886301
510 886324
505 886324
506 886330
505 886341
507 886350
507 886373
516 886373
506 886381
507 886401
508 886409
505 886421
508 886442
507 886445
509 886451
511 886461
509 886472
509 886493
507 886493
510 886500
506 886511
509 886519
509 886531
504 886540
509 886551
513 886560
506 886571
508 886581
508 886603
508 886604
508 886626
507 886626
508 886630
505 886641
510 886651
506 886659
512 886671
507 886679
506 886691
509 886702
508 886724
509 886724
507 886731
507 886741
509 886749
510 886761
509 886771
507 886781
505 886790
509 886801
509 886810
507 886828
507 886830
505 886841
507 886863
508 886864
502 886871
505 886880
508 886891
506 886914
511 886915
508 886921
509 886930
508 886941
509 886949
509 886960
506 886973
512 886980
504 886989
510 887000
512 887022
498 887022
505 887031
508 887053
511 887054
520 887061
504 887069
507 887081
509 887089
508 887101
510 887109
506 887124
513 887129
507 887151
511 887159
510 887171
505 887179
506 887191
510 887199
509 887211
506 887231
510 887234
506 887241
507 887251
506 887259
509 887271
508 887279
508 887291
511 887299
509 887310
511 887319
509 887330
507 887339
508 887363
510 887363
507 887369
508 887381
502 887390
508 887417
515 887422
507 887424
509 887432
510 887441
509 887449
506 887461
507 887469
509 887481
511 887502
506 887504
510 887512
507 887521
507 887543
508 887553
507 887553
508 887559
506 887589
507 887589
507 887593
506 887601
505 887609
511 887621
508 887629
511 887653
507 887653
510 887659
508 887671
507 887679
507 887703
509 887703
505 887725
506 887726
505 887729
507 887741
508 887750
508 887759
507 887771
512 887779
508 887791
508 887812
508 887815
508 887822
509 887831
506 887839
510 887851
508 887859
508 887881
506 887889
507 887901
507 887922
509 887925
508 887931
506 887941
509 887949
508 887961
508 887994
511 888001
507 888002
506 888002
509 888021
505 888024
507 888031
507 888041
509 888049
506 888073
509 888073
506 888079
507 888090
506 888099
507 888118
508 888120
508 888130
509 888140
504 888151
514 888172
512 888175
511 888181
508 888191
505 888212
506 888214
502 888222
506 888236
515 888253
509 888254
511 888261
504 888269
500 888293
508 888293
506 888299
508 888311
508 888319
512 888331
514 888339
504 888363
508 888363
509 888369
507 888381
512 888389
506 888401
508 888409
510 888421
509 888429
508 888441
508 888449
507 888461
508 888470
506 888480
508 888489
508 888514
508 888515
508 888519
509 888531
508 888542
507 888551
509 888559
507 888571
508 888579
508 888591
508 888609
509 888621
509 888629
508 888641
507 888649
509 888661
508 888669
508 888681
508 888689
508 888701
508 888723
510 888724
508 888743
506 888743
509 888761
506 888764
507 888771
509 888781
507 888789
511 888801
508 888826
508 888827
508 888829
508 888841
508 888851
508 888858
508 888870
508 888879
510 888891
506 888900
509 888911
507 888919
509 888931
508 888955
507 888956
509 888961
508 888969
510 888981
510 888989
509 889001
508 889009
508 889021
507 889029
509 889041
509 889049
508 889061
508 889086
508 889086
508 889091
505 889111
508 889114
508 889121
507 889131
509 889139
508 889151
509 889159
509 889195
510 889198
508 889200
508 889202
506 889209
508 889222
507 889231
509 889241
508 889249
506 889262
508 889269
508 889281
508 889289
508 889301
507 889309
507 889321
507 889329
508 889354
508 889354
509 889369
508 889381
507 889389
506 889401
507 889409
509 889421
509 889430
509 889441
509 889449
510 889461
506 889469
506 889481
509 889489
507 889501
506 889521
509 889524
509 889542
509 889553
509 889553
507 889559
507 889612
508 889613
509 889614
508 889614
509 889615
509 889631
510 889634
507 889641
509 889651
506 889659
507 889671
508 889680
507 889691
509 889700
508 889741
508 889742
508 889746
506 889746
508 889751
505 889772
506 889774
510 889781
507 889802
505 889825
508 889831
506 889831
510 889836
509 889854
507 889855
508 889873
508 889874
508 889882
507 889889
509 889901
507 889911
509 889921
507 889931
507 889940
506 889949
508 889984
508 889988
512 889991
513 890001
514 890004
511 890024
522 890024
503 890031
506 890039
509 890051
506 890059
506 890071
512 890079
509 890091
509 890114
507 890121
506 890129
509 890141
509 890149
508 890161
509 890169
508 890181
505 890189
509 890201
509 890209
507 890221
510 890229
511 890241
504 890249
509 890261
504 890269
509 890293
507 890293
508 890299
506 890311
507 890319
506 890343
507 890343
508 890349
508 890361
507 890368
509 890380
508 890389
508 890401
509 890410
508 890424
506 890440
508 890454
507 890454
505 890459
515 890471
509 890479
503 890491
508 890512
508 890514
508 890522
502 890531
504 890539
510 890551
508 890560
509 890571
508 890579
506 890591
508 890599
507 890623
509 890624
508 890629
508 890641
509 890649
513 890673
506 890674
508 890679
501 890691
510 890716
502 890716
500 890747
506 890749
504 890751
505 890752
508 890762
509 890771
505 890779
510 890791
509 890809
506 890833
510 890834
508 890839
511 890851
508 890859
508 890870
509 890879
510 890891
506 890912
510 890914
509 890922
511 890931
506 890939
507 890951
510 890959
507 890984
508 890984
510 890989
502 891001
504 891022
509 891023
507 891031
508 891039
506 891051
508 891059
508 891070
512 891080
508 891091
509 891100
507 891126
508 891127
509 891129
508 891141
506 891149
508 891161
507 891169
507 891180
508 891189
508 891200
510 891209
509 891220
503 891237
518 891241
507 891251
526 891261
495 891282
500 891284
517 891292
504 891301
512 891310
512 891333
502 891334
501 891340
502 891351
506 891359
509 891371
507 891379
506 891407
508 891408
506 891411
506 891421
504 891429
514 891440
495 891450
509 891461
503 891470
498 891481
508 891489
507 891513
507 891514
514 891519
502 891531
528 891539
516 891551
509 891559
506 891593
507 891594
510 891599
507 891636
512 891639
509 891643
506 891644
509 891651
498 891661
509 891669
508 891681
510 891689
510 891701
509 891709
503 891733
496 891734
520 891739
514 891752
524 891772
498 891774
520 891781
513 891791
506 891799
510 891810
513 891820
509 891831
512 891840
502 891851
523 891860
501 891871
503 891879
538 891891
492 891916
497 891916
510 891921
534 891929
489 891941
490 891950
503 891961
495 891971
520 891980
509 891991
525 891999
513 892011
509 892027
514 892031
514 892039
508 892051
501 892059
501 892071
507 892079
514 892091
510 892099
512 892123
512 892123
511 892142
508 892144
510 892152
511 892161
506 892169
509 892181
505 892189
509 892213
510 892214
506 892219
508 892231
511 892239
509 892251
507 892259
506 892271
507 892293
508 892294
509 892313
509 892322
508 892324
512 892341
508 892351
507 892359
507 892383
508 892384
508 892389
507 892401
507 892427
508 892428
510 892431
510 892453
507 892454
508 892461
506 892479
510 892493
506 892493
506 892498
507 892524
505 892524
510 892529
506 892552
507 892570
508 892603
507 892604
507 892604
507 892648
508 892649
509 892650
507 892650
509 892651
507 892652
508 892661
508 892672
509 892675
508 892693
507 892693
507 892719
508 892720
508 892732
505 892734
507 892741
506 892786
509 892786
507 892794
509 892798
508 892799
508 892813
507 892813
507 892820
507 892829
505 892841
508 892849
507 892861
509 892881
507 892884
509 892890
508 892901
507 892911
508 892921
509 892942
506 892945
507 892952
504 892961
509 892982
511 892984
509 892991
506 893001
508 893023
507 893024
510 893031
508 893051
508 893054
509 893061
509 893093
508 893094
508 893100
508 893111
508 893131
509 893134
505 893153
509 893154
511 893178
510 893179
507 893181
508 893190
507 893222
506 893224
509 893260
507 893260
505 893261
509 893264
505 893273
508 893273
506 893293
506 893293
510 893303
506 893311
508 893335
508 893344
507 893344
507 893351
509 893387
508 893392
507 893394
508 893483
508 893556
507 893556
509 893557
508 893557
510 893558
510 893558
508 893559
506 893559
507 893560
508 893560
506 893561
507 893561
508 893562
507 893562
511 893563
508 893565
507 893565
510 893569
507 893605
503 893608
513 893610
501 893849
511 893850
505 893851
509 893851
508 893852
506 893853
508 893853
511 893854
507 893855
506 893855
506 893856
509 893857
511 893857
511 893858
507 893858
504 893859
506 893860
502 893860
508 893861
503 893862
505 893862
509 893863
507 893864
505 893864
506 894610
506 894612
510 894612
506 894613
509 894614
509 894614
511 894615
509 894616
508 894616
509 894617
507 894617
508 894618
511 894618
507 894895
511 894895
508 894896
505 894897
502 894897
508 894898
507 894898
507 894899
508 894899
506 894900
507 894900
513 894901
509 894902
506 894902
510 894903
504 894904
509 894904
507 894905
506 894905
508 894906
506 894906
512 894906
505 894907
503 894907
505 894908
508 894908
498 894909
505 894909
503 894910
510 894910
507 894911
507 894911
508 894912
508 894912
510 894913
507 894913
510 894914
507 894914
505 894915
508 894915
507 894916
507 894916
506 894917
508 894917
507 894917
509 894918
506 894918
513 894919
510 894919
506 894920
505 894920
503 894921
509 894921
507 894922
508 894922
505 894923
508 894923
510 894924
507 894924
507 894925
508 894925
509 894926
509 894928
508 894928
509 894929
509 894945
511 894946
509 894946
507 894947
508 894948
506 894948
507 894948
507 894949
508 894949
507 894950
510 894950
508 894951
508 894951
506 894952
509 894952
507 894953
509 894953
505 894953
508 894954
509 894954
508 894955
507 894955
507 894956
508 894956
508 894957
508 894957
508 894958
507 894958
508 894960
511 894960
507 894961
505 894961
510 894970
500 894999
502 895000
498 895000
503 895010
501 895039
496 895040
505 895041
504 895050
515 895074
500 895075
506 895080
510 895102
505 895201
508 895202
510 895203
507 895204
506 895204
505 895205
508 895205
509 895206
508 895206
509 895207
507 895207
511 895209
509 895220
506 895247
507 895292
508 895294
509 895295
513 895296
510 895296
522 895300
511 895328
504 895328
504 895330
498 895340
521 895349
524 895360
500 895385
497 895386
500 895403
506 895403
516 895410
510 895421
509 895430
503 895440
504 895450
507 895460
497 895469
528 895480
575 895528
526 895529
489 895530
483 895530
491 895532
517 895540
503 895550
519 895561
505 895570
505 895579
508 895591
506 895599
512 895623
510 895624
508 895629
506 895642
504 895649
506 895660
515 895669
517 895681
508 895689
506 895700
504 895709
507 895720
479 895742
521 895744
541 895751
494 895760
478 895769
490 895780
504 895789
505 895800
506 895816
508 895819
504 895831
506 895840
512 895849
511 895860
509 895869
503 895880
509 895889
509 895900
504 895934
511 895936
507 895941
507 895941
505 895950
510 895959
506 895970
505 895979
508 895991
509 895999
514 896010
508 896020
505 896033
516 896039
511 896061
491 896069
515 896080
512 896089
508 896113
506 896113
507 896119
508 896143
508 896144
507 896161
506 896163
507 896172
507 896193
507 896193
508 896224
507 896227
507 896231
507 896231
510 896241
507 896249
507 896261
506 896269
507 896293
508 896293
508 896298
508 896310
508 896318
508 896331
508 896338
506 896350
505 896358
508 896381
508 896403
507 896407
508 896407
508 896450
506 896451
509 896451
507 896452
507 896460
509 896502
507 896502
507 896505
507 896506
509 896507
510 896511
507 896521
507 896532
507 896547
508 896551
506 896559
507 896583
508 896584
508 896589
508 896601
508 896641
507 896642
505 896643
507 896643
507 896651
508 896659
509 896683
508 896684
508 896689
508 896710
508 896731
508 896734
498 896742
471 896763
525 896764
469 896769
471 896780
496 896789
495 896800
502 896809
489 896821
509 896829
513 896840
509 896861
503 896863
508 896871
506 896880
509 896892
506 896900
506 896909
510 896933
510 896933
509 896952
512 896954
506 896961
511 896970
506 896979
506 896990
497 896999
508 897029
509 897033
511 897086
509 897089
515 897089
497 897090
508 897090
514 897091
506 897091
509 897100
510 897110
508 897119
506 897131
512 897140
505 897150
503 897160
511 897170
499 897179
508 897190
512 897201
504 897210
500 897227
514 897236
504 897241
504 897250
504 897267
511 897269
509 897280
496 897301
511 897312
509 897314
503 897321
507 897331
507 897340
509 897351
509 897359
507 897370
507 897392
506 897394
506 897400
507 897410
505 897420
506 897430
511 897439
511 897450
504 897459
509 897470
506 897492
507 897494
507 897502
505 897510
507 897520
510 897541
510 897549
504 897573
508 897573
506 897579
508 897626
508 897627
509 897635
507 897640
507 897641
508 897643
509 897650
507 897684
509 897686
508 897691
507 897692
509 897701
508 897709
508 897720
509 897735
507 897740
507 897750
510 897773
507 897773
509 897779
509 897809
509 897810
507 897813
508 897847
507 897851
507 897852
508 897852
507 897896
509 897897
510 897899
508 897899
507 897900
509 897914
507 897920
506 897941
510 897943
507 897950
506 897973
508 897973
507 897979
509 897990
510 897999
508 898025
507 898025
507 898042
507 898042
509 898051
509 898061
508 898071
512 898079
509 898091
507 898099
504 898111
506 898119
506 898143
509 898143
507 898149
509 898171
507 898181
513 898184
509 898217
507 898219
508 898221
509 898221
508 898240
507 898250
507 898259
509 898271
506 898279
508 898290
507 898311
506 898314
504 898362
508 898363
505 898365
508 898365
508 898366
508 898381
509 898393
508 898393
506 898415
508 898415
507 898446
507 898446
509 898450
509 898452
509 898461
509 898484
508 898484
507 898492
505 898513
508 898513
507 898520
507 898550
508 898550
509 898551
509 898560
507 898583
506 898583
507 898589
508 898626
509 898633
507 898633
509 898634
507 898640
510 898649
508 898661
505 898681
508 898684
507 898690
507 898711
507 898722
507 898723
508 898730
509 898759
507 898785
508 898788
505 898791
508 898791
509 898816
508 898816
509 898821
507 898833
507 898853
509 898853
507 898859
505 898883
509 898883
507 898889
507 898913
508 898913
510 898963
509 898963
507 898964
507 898965
506 898965
511 898983
507 898983
507 898989
507 899026
508 899033
511 899034
508 899034
508 899065
507 899067
506 899069
506 899083
508 899083
509 899103
507 899103
510 899109
507 899120
507 899130
507 899152
507 899152
508 899159
507 899183
510 899192
508 899196
508 899201
511 899211
508 899261
506 899263
510 899263
508 899266
506 899266
508 899282
505 899283
510 899291
508 899299
511 899311
505 899322
506 899331
505 899350
511 899386
508 899387
508 899389
508 899389
508 899403
510 899426
507 899447
506 899448
508 899449
507 899452
509 899454
509 899459
508 899470
509 899479
508 899490
507 899500
507 899523
508 899523
508 899555
507 899561
510 899561
506 899566
506 899571
508 899579
509 899591
505 899599
508 899631
513 899631
506 899632
510 899659
513 899687
508 899691
510 899694
509 899694
502 899697
507 899699
508 899723
509 899723
510 899756
508 899756
506 899759
510 899770
507 899793
507 899793
507 899799
507 899823
508 899823
509 899829
508 899853
508 899853
510 899858
508 899896
506 899898
509 899909
507 899910
508 899944
508 899945
508 899945
509 899946
507 899962
508 899964
507 899971
506 899992
508 900002
508 900004
508 900012
508 900059
508 900060
509 900060
507 900063
509 900063
506 900070
509 900079
507 900090
508 900099
508 900111
508 900131
507 900134
508 900141
508 900150
505 900159
505 900183
504 900183
510 900188
509 900200
508 900223
509 900224
508 900243
509 900243
507 900248
506 900260
507 900268
507 900280
507 900288
507 900314
507 900314
509 900319
509 900331
508 900339
507 900351
507 900372
508 900374
506 900381
506 900391
509 900399
512 900411
509 900432
507 900433
509 900441
507 900462
507 900464
508 900471
507 900481
507 900499
511 900510
507 900519
507 900531
504 900539
507 900550
505 900559
507 900570
509 900578
509 900590
509 900598
509 900610
506 900651
507 900651
507 900652
509 900654
509 900660
507 900670
506 900678
507 900691
508 900701
507 900711
505 900725
507 900731
507 900745
506 900751
508 900759
508 900771
507 900779
508 900791
508 900811
505 900816
507 900833
507 900833
508 900841
509 900849
508 900860
506 900869
511 900880
509 900905
503 900906
509 900910
507 900923
505 900930
507 900940
507 900950
509 900959
509 900970
506 900981
507 901003
507 901004
509 901009
511 901020
512 901035
509 901063
508 901064
511 901073
508 901074
510 901081
509 901093
510 901101
505 901131
509 901132
508 901143
507 901143
507 901150
508 901173
507 901173
506 901181
508 901203
507 901203
507 901210
507 901220
508 901240
509 901250
510 901271
508 901274
506 901281
505 901316
507 901319
509 901331
508 901332
508 901365
510 901366
510 901367
506 901373
507 901373
507 901378
506 901403
507 901403
509 901409
507 901420
509 901441
511 901444
510 901476
506 901477
507 901483
508 901484
508 901489
507 901501
510 901509
507 901526
509 901543
508 901543
506 901550
507 901571
508 901574
508 901581
508 901590
509 901611
508 901614
508 901620
507 901647
508 901647
506 901674
508 901680
508 901680
507 901684
508 901690
509 901751
508 901753
510 901753
507 901768
505 901768
507 901771
507 901773
509 901780
509 901780
508 901790
508 901853
510 901856
506 901858
508 901860
505 901861
508 901863
508 901874
505 901874
508 901881
509 901889
507 901910
505 901919
505 901943
509 901943
508 901949
510 901969
508 901981
510 901984
508 901991
510 902013
509 902013
507 902028
507 902055
508 902056
507 902063
512 902063
507 902082
509 902082
509 902113
508 902116
507 902121
509 902121
508 902142
508 902142
509 902148
507 902160
509 902178
508 902193
507 902193
507 902226
507 902226
505 902227
508 902243
508 902243
510 902249
508 902300
509 902300
505 902303
510 902304
507 902323
508 902323
508 902342
508 902344
509 902351
507 902374
508 902374
509 902379
509 902380
509 902424
508 902424
505 902425
507 902425
510 902428
507 902440
508 902450
509 902460
507 902472
508 902480
508 902488
509 902513
508 902513
508 902561
509 902563
509 902586
509 902589
508 902589
507 902590
507 902591
506 902593
509 902601
510 902611
509 902621
508 902637
509 902653
509 902653
507 902659
507 902670
510 902681
507 902690
508 902726
507 902727
509 902730
510 902740
508 902750
509 902760
509 902770
508 902778
505 902803
510 902803
510 902808
503 902820
504 902830
504 902840
506 902861
509 902864
509 902871
506 902952
508 902952
507 902953
509 903040
499 903041
510 903041
516 903042
519 903043
509 903043
511 903044
509 903044
511 903045
515 903047
507 903047
506 903048
507 903048
506 903049
506 903092
513 903093
510 903095
509 903095
508 903098
507 903100
511 903136
507 903136
506 903154
507 903156
508 903161
507 903161
509 903206
507 903206
507 903207
508 903208
508 903210
505 903220
505 903271
509 903272
510 903273
507 903273
508 903293
507 903293
511 903298
507 903359
510 903360
507 903372
509 903372
509 903375
509 903375
508 903376
510 903380
511 903391
507 903402
507 903423
506 903423
510 903429
508 903456
506 903457
513 903459
507 903471
506 903479
509 903503
502 903503
509 903534
510 903536
511 903543
507 903545
503 903550
505 903558
508 903570
506 903591
512 903593
508 903601
507 903623
509 903624
506 903648
508 903649
508 903651
508 903662
508 903695
507 903697
506 903701
507 903701
511 903709
510 903720
502 903729
511 903740
511 903761
507 903764
495 903795
509 903796
507 903800
504 903802
515 903809
506 903844
507 903845
512 903845
509 903862
506 903864
506 903871
512 903893
502 903893
513 903899
507 903935
507 903938
510 903940
509 903942
509 903975
506 903977
503 903979
509 903991
510 903994
504 904001
511 904010
510 904031
508 904033
505 904042
508 904063
518 904063
511 904069
500 904090
510 904099
517 904110
509 904131
507 904133
513 904171
507 904180
500 904182
506 904183
507 904183
508 904203
509 904203
510 904252
519 904253
516 904253
503 904254
508 904262
502 904265
512 904310
505 904310
503 904312
507 904313
525 904352
500 904353
528 904353
493 904354
510 904354
512 904360
508 904370
497 904380
527 904402
501 904404
517 904411
511 904433
501 904434
506 904439
504 904450
517 904459
506 904470
501 904479
508 904502
507 904503
507 904544
508 904544
508 904545
507 904546
508 904550
510 904571
510 904573
508 904581
512 904608
504 904609
506 904634
509 904640
506 904641
508 904671
508 904675
509 904678
509 904680
505 904682
510 904701
507 904704
507 904732
506 904733
508 904819
503 904843
518 904875
506 904876
512 904877
512 904877
505 904878
507 904878
507 904878
501 904879
522 904879
506 904880
497 904928
513 904929
502 904932
511 904932
501 904933
503 904933
508 904935
511 904942
503 904988
506 904991
498 904991
488 904992
553 904993
496 904993
510 905000
501 905010
492 905019
522 905030
507 905039
516 905050
511 905059
506 905070
502 905104
509 905108
508 905108
506 905133
506 905145
508 905145
513 905146
504 905150
511 905173
509 905190
509 905193
509 905193
505 905200
510 905210
506 905220
510 905228
508 905240
508 905248
504 905261
505 905282
508 905284
504 905291
503 905301
506 905309
508 905333
508 905333
510 905339
507 905351
503 905360
506 905370
506 905379
509 905391
509 905399
508 905410
507 905431
512 905433
509 905441
506 905463
510 905463
508 905468
508 905493
506 905493
504 905499
507 905510
509 905542
509 905542
507 905542
510 905550
505 905558
511 905570
508 905578
508 905590
509 905598
505 905610
509 905618
508 905631
507 905639
508 905663
506 905663
508 905669
508 905681
507 905710
508 905723
511 905724
507 905741
507 905744
509 905751
509 905760
508 905781
513 905784
507 905791
508 905825
508 905828
509 905828
507 905843
506 905843
506 905848
506 905860
508 905881
509 905884
508 905891
509 905900
508 905922
509 905947
507 905947
509 905953
507 905954
508 905960
507 905968
509 905980
510 905988
507 906000
507 906009
507 906035
508 906035
507 906040
508 906071
508 906079
508 906112
512 906112
508 906154
507 906155
506 906156
506 906167
508 906168
508 906169
509 906169
508 906170
510 906178
505 906181
507 906199
507 906211
508 906214
508 906220
508 906256
510 906258
509 906259
508 906272
509 906272
506 906278
507 906290
508 906298
509 906338
509 906338
507 906351
508 906353
507 906371
509 906410
508 906473
507 906478
508 906479
507 906480
508 906480
509 906481
508 906483
509 906485
509 906502
508 906509
507 906581
507 906582
508 906583
508 906585
509 906585
509 906588
507 906588
510 906771
506 906796
505 906797
508 906798
507 906798
508 906799
507 906802
507 906802
507 906804
508 906804
509 906805
506 906806
507 906807
508 906807
507 906808
508 906809
507 906809
510 906810
509 906810
507 906811
508 906812
507 906812
509 906813
508 906813
508 906814
509 906815
509 906823
508 906823
509 906831
506 906841
508 906851
506 906873
508 906874
508 906880
509 906893
507 906913
508 906913
508 906919
507 906946
507 906946
509 906949
507 906960
508 906986
507 906986
508 906990
509 907019
508 907020
507 907021
506 907043
506 907043
507 907049
507 907060
508 907069
508 907080
509 907089
509 907100
507 907109
504 907148
509 907148
504 907149
509 907151
493 907160
510 907169
495 907190
507 907199
519 907210
508 907219
498 907230
502 907238
506 907250
510 907259
510 907270
506 907279
508 907290
508 907299
507 907310
507 907340
507 907341
509 907349
509 907351
507 907361
508 907370
510 907380
508 907390
505 907403
509 907422
504 907423
508 907429
506 907440
517 907513
490 907514
502 907515
506 907515
506 907516
493 907516
502 907517
487 907520
520 907532
493 907540
501 907550
506 907560
513 907571
508 907580
505 907589
507 907600
501 907609
502 907620
526 907647
507 907648
560 907650
476 907660
502 907670
477 907679
534 907690
514 907699
492 907710
499 907719
509 907730
503 907752
514 907754
509 907760
509 907770
508 907781
507 907790
508 907823
509 907823
511 907824
508 907830
510 907852
508 907853
518 907860
518 907882
491 907885
498 907900
518 907913
534 907913
512 907929
502 907953
531 907953
500 907978
511 907978
508 907980
509 907991
509 908000
505 908009
510 908020
512 908029
508 908040
508 908049
503 908060
507 908069
511 908080
511 908089
528 908101
509 908136
509 908136
508 908141
513 908141
507 908150
502 908160
517 908168
499 908180
520 908189
509 908200
505 908209
519 908233
500 908233
512 908251
505 908253
506 908261
513 908270
508 908279
511 908290
508 908299
508 908320
508 908331
506 908334
506 908341
508 908350
507 908371
507 908374
507 908381
508 908403
509 908403
506 908408
507 908433
508 908433
509 908438
507 908450
506 908458
505 908470
509 908478
512 908513
508 908513
504 908521
505 908524
506 908530
508 908540
509 908548
509 908573
508 908574
509 908579
510 908603
507 908603
506 908609
508 908636
508 908642
506 908650
507 908671
508 908674
510 908707
508 908710
507 908710
507 908713
508 908718
506 908743
506 908743
509 908748
509 908773
509 908773
510 908778
508 908805
508 908806
508 908809
507 908845
508 908847
507 908851
508 908851
507 908900
509 908902
508 908902
504 908905
508 908905
507 908908
507 908920
507 908942
510 908944
509 908951
510 908961
508 908969
507 908981
509 908989
508 909020
506 909076
508 909076
509 909079
508 909079
510 909080
509 909080
509 909081
505 909081
510 909090
509 909115
507 909115
506 909120
509 909140
508 909152
509 909163
506 909163
508 909168
509 909180
507 909188
506 909221
506 909229
508 909245
509 909245
509 909248
507 909260
507 909268
508 909280
507 909288
508 909313
506 909313
508 909338
509 909343
511 909343
508 909349
507 909360
508 909381
507 909384
508 909391
508 909413
508 909413
508 909419
509 909431
508 909451
507 909454
506 909460
508 909483
507 909483
508 909488
507 909500
508 909511
510 909520
507 909538
507 909539
507 909550
509 909600
510 909603
508 909603
508 909604
509 909620
508 909621
509 909631
508 909634
507 909640
510 909650
509 909658
508 909683
509 909684
508 909715
509 909716
509 909798
507 909799
507 909799
505 909800
512 909800
509 909801
507 909802
505 909802
508 909803
504 909805
524 909835
489 909837
496 909839
476 909896
503 909897
484 909897
496 909898
511 909898
514 909899
509 909901
503 909910
501 909920
504 909932
508 910151
505 910152
510 910152
513 910153
506 910153
509 910154
504 910154
503 910155
501 910156
507 910157
499 910157
504 910158
519 910159
507 910159
503 910160
504 910160
504 910161
514 910161
516 910162
506 910163
501 910163
517 910165
516 910169
507 910192
506 910193
510 910199
505 910222
508 910223
510 910229
510 910262
510 910263
510 910272
508 910273
503 910280
505 910290
505 910300
508 910320
507 910332
506 910333
504 910351
525 910353
519 910360
504 910370
510 910379
511 910402
508 910403
507 910421
514 910423
509 910456
507 910460
509 910460
508 910462
508 910470
510 910492
507 910494
507 910500
508 910522
506 910523
508 910557
510 910558
507 910559
509 910572
507 910573
506 910592
508 910593
510 910600
504 910664
513 910668
509 910669
510 910671
505 910671
509 910672
510 910695
506 910698
506 910700
507 910702
509 910723
508 910723
505 910730
508 910751
506 910753
509 910760
509 910780
507 910792
508 910794
507 910800
507 910810
511 910821
508 910830
505 910839
509 910862
509 910863
508 910869
509 910890
510 910899
507 910935
510 910935
509 910942
510 910951
506 910962
509 910962
508 910970
507 910992
507 910993
505 911000
507 911011
508 911020
508 911028
509 911040
508 911073
509 911076
508 911081
509 911082
510 911090
510 911111
508 911112
506 911120
507 911130
508 911140
507 911162
507 911165
507 911235
507 911235
510 911236
509 911236
505 911237
506 911237
507 911238
507 911264
507 911266
508 911269
509 911272
510 911280
508 911290
508 911305
506 911310
507 911337
509 911338
508 911340
507 911350
509 911386
509 911387
509 911387
507 911390
507 911400
509 911408
506 911432
508 911432
508 911439
507 911462
509 911462
507 911469
507 911492
508 911492
509 911498
507 911510
509 911532
508 911535
509 911541
510 911550
509 911575
508 911576
505 911606
508 911608
506 911608
508 911637
507 911637
508 911638
509 911649
509 911660
507 911669
507 911680
507 911701
507 911708
508 911711
508 911744
505 911750
509 911750
510 911755
508 911760
507 911768
509 911780
508 911801
508 911804
507 911810
508 911820
509 911829
510 911840
508 911848
508 911872
508 911872
509 911878
509 911890
511 911934
509 911935
509 911946
508 911949
508 911952
508 911952
508 911973
507 911974
509 911980
508 911989
509 912000
507 912021
508 912024
509 912030
506 912040
508 912066
506 912105
507 912106
507 912107
509 912109
509 912110
509 912110
510 912132
508 912132
506 912151
506 912154
507 912172
508 912182
509 912182
508 912188
509 912200
511 912208
507 912232
506 912232
508 912248
509 912272
504 912272
505 912278
509 912291
511 912299
511 912311
509 912331
508 912343
508 912343
509 912349
506 912373
508 912373
508 912378
509 912403
510 912403
508 912408
506 912420
507 912458
508 912459
511 912460
508 912460
508 912470
508 912481
509 912490
508 912499
507 912510
507 912518
509 912542
509 912542
507 912548
509 912560
509 912568
509 912580
509 912588
507 912600
506 912608
508 912620
508 912630
507 912640
509 912661
509 912664
508 912671
509 912680
509 912689
507 912700
509 912727
508 912728
505 912730
508 912741
507 912776
510 912778
509 912781
507 912781
506 912793
506 912813
507 912813
506 912855
508 912858
506 912861
508 912861
509 912862
508 912870
507 912880
508 912889
507 912913
507 912913
508 912943
509 913029
508 913032
510 913034
508 913034
507 913035
507 913036
509 913036
507 913052
508 913053
509 913055
508 913055
510 913056
509 913059
507 913083
506 913084
508 913090
507 913111
509 913114
508 913162
509 913163
508 913163
509 913166
508 913168
507 913193
508 913196
508 913198
508 913223
509 913226
508 913229
507 913232
509 913240
508 913248
508 913260
507 913280
507 913283
508 913291
509 913312
508 913312
508 913344
508 913351
507 913352
507 913352
507 913358
508 913382
507 913382
509 913388
507 913413
508 913413
509 913419
508 913431
507 913451
507 913454
508 913461
507 913483
507 913483
508 913488
510 913513
509 913514
508 913521
507 913530
508 913551
507 913554
508 913561
507 913570
507 913578
509 913603
510 913603
508 913608
508 913620
509 913644
509 913653
508 913654
508 913658
508 913682
509 913682
508 913688
509 913700
509 913708
508 913720
507 913764
509 913767
509 913767
508 913797
508 913800
508 913800
510 913803
505 913838
507 913839
506 913839
507 913853
506 913854
507 913859
507 913883
507 913883
510 913889
507 913900
504 913922
510 913925
510 913930
511 913953
507 913953
510 913972
508 913974
511 913981
508 914004
506 914004
508 914023
507 914023
508 914030
510 914041
510 914050
507 914059
511 914070
507 914085
507 914090
506 914098
507 914110
506 914119
508 914130
506 914184
508 914185
509 914185
510 914186
506 914193
505 914193
510 914199
507 914211
507 914229
507 914230
507 914256
510 914259
510 914262
505 914270
507 914291
507 914294
506 914300
508 914310
506 914322
509 914330
507 914339
509 914350
507 914374
509 914375
509 914392
506 914393
508 914408
508 914432
511 914432
509 914438
512 914450
508 914458
509 914470
507 914490
509 914493
510 914500
508 914522
508 914522
507 914541
510 914544
508 914563
508 914563
508 914570
507 914579
508 914591
508 914624
507 914630
508 914630
512 914633
506 914667
506 914667
508 914668
508 914671
509 914680
506 914688
510 914700
510 914721
514 914723
508 914731
507 914740
510 914761
510 914763
506 914771
508 914780
507 914788
507 914834
509 914834
508 914844
506 914850
505 914850
508 914851
504 914858
508 914870
508 914878
507 914890
510 914911
508 914914
507 914933
506 914934
508 914940
506 914955
508 914961
508 914969
509 914993
508 914993
508 914998
507 915010
506 915045
505 915048
508 915049
506 915063
508 915087
506 915090
507 915090
509 915091
507 915100
506 915110
507 915131
506 915134
507 915141
509 915150
506 915158
509 915170
511 915178
508 915190
508 915214
505 915214
511 915261
509 915262
508 915262
508 915263
510 915263
511 915280
508 915283
505 915303
508 915304
507 915310
508 915329
509 915353
508 915353
507 915359
510 915383
509 915383
505 915401
511 915404
508 915411
511 915433
506 915433
509 915438
510 915450
507 915458
511 915470
509 915478
509 915503
509 915526
509 915541
510 915542
508 915542
508 915545
507 915550
511 915572
508 915572
506 915579
508 915602
503 915603
510 915608
507 915632
508 915632
506 915639
508 915665
508 915671
508 915674
508 915681
508 915691
508 915699
506 915711
509 915731
507 915734
507 915776
506 915777
507 915777
505 915778
507 915793
509 915793
507 915798
506 915823
507 915823
508 915839
507 915853
508 915853
507 915870
509 915873
509 915881
511 915902
508 915902
507 915908
509 915935
510 915936
507 915939
507 915949
513 915972
507 915972
511 915978
506 916002
507 916002
507 916008
514 916030
505 916054
508 916056
509 916061
509 916062
507 916083
506 916090
507 916100
510 916109
509 916120
504 916142
509 916145
506 916151
508 916160
507 916169
507 916193
507 916193
510 916198
510 916219
508 916219
507 916240
507 916253
508 916253
508 916258
507 916270
507 916290
507 916293
511 916300
508 916310
507 916318
507 916330
508 916348
511 916349
508 916372
508 916373
508 916378
511 916390
508 916410
507 916413
506 916420
508 916430
509 916438
509 916450
507 916485
509 916488
508 916490
506 916492
508 916500
502 916509
507 916520
510 916534
507 916540
506 916548
507 916560
509 916581
506 916583
506 916591
506 916612
508 916613
507 916643
507 916644
511 916645
509 916650
508 916659
509 916670
508 916679
507 916690
509 916711
508 916713
507 916721
511 916730
509 916738
510 916750
512 916758
507 916770
503 916778
498 916790
507 916798
507 916832
500 916833
506 916851
509 916854
510 916861
507 916870
507 916878
508 916890
509 916898
507 916910
509 916918
505 916930
509 916939
509 916950
509 916958
510 916970
511 916978
507 917002
507 917003
507 917008
512 917020
505 917029
508 917054
507 917054
508 917059
511 917070
511 917079
499 917090
501 917099
507 917110
505 917131
508 917133
516 917141
511 917150
506 917173
508 917174
508 917180
510 917188
508 917200
509 917209
508 917232
508 917233
507 917251
506 917253
506 917261
508 917270
508 917291
510 917293
505 917313
499 917313
513 917320
500 917328
505 917352
491 917353
489 917358
502 917370
500 917378
511 917390
492 917399
517 917410
506 917419
503 917492
511 917499
506 917511
512 917512
510 917512
505 917513
510 917520
514 917528
509 917529
506 917530
508 917530
505 917540
511 917551
506 917569
510 917579
507 917590
507 917599
507 917643
505 917644
506 917645
512 917645
508 917650
505 917660
510 917668
509 917680
510 917701
508 917703
507 917723
507 917723
510 917730
506 917738
510 917750
510 917771
507 917774
502 917781
509 917790
505 917798
506 917810
506 917819
503 917830
502 917839
505 917850
519 917859
518 917870
516 917878
505 917890
507 917898
510 917909
501 917918
505 917937
516 917939
502 917950
513 918018
512 918019
532 918020
511 918020
485 918021
506 918022
476 918024
542 918042
520 918043
520 918050
500 918061
508 918070
495 918080
513 918089
511 918099
506 918122
509 918123
512 918129
509 918152
509 918153
511 918160
505 918169
509 918179
505 918190
510 918199
506 918211
509 918234
511 918235
511 918240
507 918248
508 918260
504 918268
507 918280
508 918288
506 918299
508 918308
509 918342
506 918342
510 918349
507 918361
507 918381
508 918384
506 918391
508 918413
508 918413
509 918418
510 918430
511 918451
506 918454
504 918461
507 918470
506 918478
508 918490
511 918523
505 918526
509 918531
509 918532
504 918594
509 918594
509 918595
506 918595
508 918596
508 918596
507 918599
508 918608
510 918619
505 918628
508 918654
465 918654
509 918659
507 918670
507 918678
508 918689
508 918707
509 918710
508 918733
508 918733
506 918758
507 918759
508 918777
509 918778
507 918780
509 918790
509 918800
509 918811
507 918832
507 918832
507 918838
509 918850
508 918884
508 918887
508 918889
511 918901
509 918904
507 918911
508 918920
506 918944
507 918961
507 918964
508 918964
507 918970
508 918992
509 918992
509 918998
507 919009
508 919021
507 919030
507 919038
507 919060
508 919094
509 919100
508 919100
508 919105
507 919110
508 919120
507 919143
508 919144
508 919173
507 919176
508 919181
510 919182
509 919190
507 919211
507 919214
507 919220
506 919230
506 919238
509 919250
507 919258
510 919270
507 919278
507 919290
508 919298
507 919322
508 919323
507 919328
508 919346
507 919351
510 919358
509 919370
505 919378
508 919390
507 919398
507 919410
509 919417
508 919429
507 919438
508 919463
507 919463
506 919481
508 919484
