0.8857421875 -0.24169921875 0.0693359375 3229255
0.8857421875 -0.24169921875 0.0693359375 3229255
0.8857421875 -0.24169921875 0.0693359375 3229270
0.8857421875 -0.24169921875 0.0693359375 3229276
0.8857421875 -0.24169921875 0.0693359375 3229283
0.92822265625 -0.14501953125 -0.25439453125 3229369
0.92822265625 -0.14501953125 -0.25439453125 3229378
0.92822265625 -0.14501953125 -0.25439453125 3229387
0.92822265625 -0.14501953125 -0.25439453125 3229397
0.82568359375 -0.30908203125 -0.44873046875 3229517
0.82568359375 -0.30908203125 -0.44873046875 3229524
0.82568359375 -0.30908203125 -0.44873046875 3229536
0.82568359375 -0.30908203125 -0.44873046875 3229544
1.05859375 -0.435546875 -0.43994140625 3229706
1.05859375 -0.435546875 -0.43994140625 3229713
1.05859375 -0.435546875 -0.43994140625 3229720
1.05859375 -0.435546875 -0.43994140625 3229731
0.9814453125 -0.3681640625 0.10595703125 3229815
0.9814453125 -0.3681640625 0.10595703125 3229822
0.9814453125 -0.3681640625 0.10595703125 3229829
0.9814453125 -0.3681640625 0.10595703125 3229836
0.8955078125 -0.0908203125 0.42724609375 3229995
0.8955078125 -0.0908203125 0.42724609375 3230004
0.8955078125 -0.0908203125 0.42724609375 3230011
0.8955078125 -0.0908203125 0.42724609375 3230019
0.87451171875 -0.15283203125 0.45166015625 3230103
0.87451171875 -0.15283203125 0.45166015625 3230110
0.87451171875 -0.15283203125 0.45166015625 3230119
0.87451171875 -0.15283203125 0.45166015625 3230126
0.86279296875 -0.080078125 0.52294921875 3230207
0.86279296875 -0.080078125 0.52294921875 3230216
0.86279296875 -0.080078125 0.52294921875 3230225
0.86279296875 -0.080078125 0.52294921875 3230232
0.89111328125 -0.10107421875 0.4921875 3230314
0.89111328125 -0.10107421875 0.4921875 3230323
0.89111328125 -0.10107421875 0.4921875 3230332
0.89111328125 -0.10107421875 0.4921875 3230340
0.86572265625 0.0625 0.5830078125 3230513
0.86572265625 0.0625 0.5830078125 3230522
0.86572265625 0.0625 0.5830078125 3230529
0.86572265625 0.0625 0.5830078125 3230538
0.84619140625 0.0087890625 0.57666015625 3230716
0.84619140625 0.0087890625 0.57666015625 3230725
0.84619140625 0.0087890625 0.57666015625 3230734
0.84619140625 0.0087890625 0.57666015625 3230744
0.8447265625 0.00927734375 0.57763671875 3230817
0.8447265625 0.00927734375 0.57763671875 3230830
0.8447265625 0.00927734375 0.57763671875 3230838
0.8447265625 0.00927734375 0.57763671875 3230846
0.8173828125 -0.03125 0.56787109375 3231003
0.8173828125 -0.03125 0.56787109375 3231013
0.8173828125 -0.03125 0.56787109375 3231026
0.8173828125 -0.03125 0.56787109375 3231036
0.689453125 -0.08154296875 0.587890625 3231118
0.689453125 -0.08154296875 0.587890625 3231129
0.689453125 -0.08154296875 0.587890625 3231139
0.689453125 -0.08154296875 0.587890625 3231149
0.47412109375 -0.107421875 0.90185546875 3231330
0.47412109375 -0.107421875 0.90185546875 3231339
0.47412109375 -0.107421875 0.90185546875 3231349
0.47412109375 -0.107421875 0.90185546875 3231358
0.0029296875 0.025390625 1.0458984375 3231517
0.0029296875 0.025390625 1.0458984375 3231527
0.0029296875 0.025390625 1.0458984375 3231538
0.0029296875 0.025390625 1.0458984375 3231548
-0.2734375 0.0283203125 0.94580078125 3231700
-0.2734375 0.0283203125 0.94580078125 3231710
-0.2734375 0.0283203125 0.94580078125 3231720
-0.2734375 0.0283203125 0.94580078125 3231729
-0.49951171875 0.0390625 0.89794921875 3231844
-0.49951171875 0.0390625 0.89794921875 3231855
-0.49951171875 0.0390625 0.89794921875 3231865
-0.49951171875 0.0390625 0.89794921875 3231873
-0.43017578125 -0.162109375 0.95556640625 3232013
-0.43017578125 -0.162109375 0.95556640625 3232023
-0.43017578125 -0.162109375 0.95556640625 3232034
-0.43017578125 -0.162109375 0.95556640625 3232044
-0.36328125 -0.10400390625 0.94140625 3232118
-0.36328125 -0.10400390625 0.94140625 3232131
-0.36328125 -0.10400390625 0.94140625 3232144
-0.36328125 -0.10400390625 0.94140625 3232154
-0.28076171875 -0.013671875 0.95849609375 3232318
-0.28076171875 -0.013671875 0.95849609375 3232332
-0.28076171875 -0.013671875 0.95849609375 3232342
-0.28076171875 -0.013671875 0.95849609375 3232353
-0.27978515625 0.044921875 0.9912109375 3232437
-0.27978515625 0.044921875 0.9912109375 3232449
-0.27978515625 0.044921875 0.9912109375 3232462
-0.27978515625 0.044921875 0.9912109375 3232475
-0.25048828125 -0.0439453125 0.990234375 3232613
-0.25048828125 -0.0439453125 0.990234375 3232623
-0.25048828125 -0.0439453125 0.990234375 3232634
-0.25048828125 -0.0439453125 0.990234375 3232645
-0.255859375 -0.0302734375 0.98046875 3232812
-0.255859375 -0.0302734375 0.98046875 3232823
-0.255859375 -0.0302734375 0.98046875 3232833
-0.255859375 -0.0302734375 0.98046875 3232845
