506 2240118
508 2240119
510 2240120
510 2240120
511 2240120
505 2240121
514 2240125
501 2240126
501 2240126
516 2240127
-1451 2241791
510 2241800
510 2241810
513 2241820
512 2241830
511 2241839
509 2241850
505 2241860
520 2241870
512 2241880
508 2241890
503 2241900
507 2241910
508 2241931
509 2241940
506 2241953
508 2241957
509 2241970
514 2241980
509 2241990
508 2242000
506 2242010
511 2242020
507 2242030
511 2242041
514 2242050
508 2242073
517 2242077
510 2242080
509 2242090
504 2242100
505 2242110
511 2242120
505 2242130
512 2242140
511 2242150
506 2242160
510 2242170
511 2242180
512 2242190
512 2242200
501 2242223
511 2242226
507 2242230
513 2242240
515 2242250
507 2242260
504 2242270
513 2242280
513 2242290
508 2242300
509 2242322
503 2242326
513 2242330
511 2242340
507 2242360
508 2242372
515 2242375
508 2242380
505 2242390
511 2242400
504 2242410
512 2242420
512 2242443
510 2242446
508 2242462
508 2242467
512 2242470
507 2242486
508 2242490
514 2242500
509 2242510
514 2242520
514 2242530
508 2242540
506 2242550
511 2242560
508 2242570
506 2242592
512 2242594
506 2242600
516 2242610
508 2242633
507 2242637
503 2242640
509 2242650
507 2242660
510 2242670
511 2242680
512 2242700
512 2242722
506 2242726
508 2242730
509 2242740
510 2242750
504 2242760
508 2242783
509 2242786
508 2242790
503 2242800
513 2242810
505 2242832
508 2242834
510 2242840
511 2242850
513 2242860
509 2242870
506 2242880
509 2242890
513 2242913
509 2242916
507 2242920
511 2242931
510 2242940
508 2242950
511 2242960
511 2242970
510 2242980
501 2242990
508 2243000
507 2243010
504 2243020
511 2243030
504 2243040
505 2243050
515 2243060
506 2243070
503 2243080
507 2243090
506 2243101
507 2243110
512 2243120
509 2243129
512 2243140
509 2243150
508 2243160
513 2243170
509 2243180
508 2243190
507 2243213
510 2243217
509 2243220
510 2243230
508 2243240
