-0.56298828125 0.20556640625 0.8115234375 1153115
-0.56298828125 0.20556640625 0.8115234375 1153115
-0.56298828125 0.20556640625 0.8115234375 1153118
-0.56298828125 0.20556640625 0.8115234375 1153120
0.6279296875 0.0029296875 -0.88232421875 1153122
0.9794921875 0.02392578125 -0.3984375 1153260
0.9794921875 0.02392578125 -0.3984375 1153262
0.9794921875 0.02392578125 -0.3984375 1153263
0.9794921875 0.02392578125 -0.3984375 1153264
1.005859375 0.00732421875 -0.30615234375 1153366
1.005859375 0.00732421875 -0.30615234375 1153369
1.005859375 0.00732421875 -0.30615234375 1153371
1.005859375 0.00732421875 -0.30615234375 1153373
1.00048828125 -0.03564453125 -0.19580078125 1153470
1.00048828125 -0.03564453125 -0.19580078125 1153472
1.00048828125 -0.03564453125 -0.19580078125 1153474
1.00048828125 -0.03564453125 -0.19580078125 1153476
0.9833984375 -0.0595703125 -0.1630859375 1153660
0.9833984375 -0.0595703125 -0.1630859375 1153663
0.9833984375 -0.0595703125 -0.1630859375 1153666
0.9833984375 -0.0595703125 -0.1630859375 1153668
0.99951171875 -0.02587890625 -0.03662109375 1153764
0.99951171875 -0.02587890625 -0.03662109375 1153766
0.99951171875 -0.02587890625 -0.03662109375 1153768
0.99951171875 -0.02587890625 -0.03662109375 1153769
1.00830078125 0.01806640625 0.29736328125 1153960
1.00830078125 0.01806640625 0.29736328125 1153962
1.00830078125 0.01806640625 0.29736328125 1153964
1.00830078125 0.01806640625 0.29736328125 1153966
0.908203125 0.091796875 0.32373046875 1154065
0.908203125 0.091796875 0.32373046875 1154067
0.908203125 0.091796875 0.32373046875 1154068
0.908203125 0.091796875 0.32373046875 1154070
0.884765625 0.13671875 0.380859375 1154265
0.884765625 0.13671875 0.380859375 1154267
0.884765625 0.13671875 0.380859375 1154269
0.884765625 0.13671875 0.380859375 1154271
0.7744140625 0.15869140625 0.56689453125 1154461
0.7744140625 0.15869140625 0.56689453125 1154463
0.7744140625 0.15869140625 0.56689453125 1154464
0.7744140625 0.15869140625 0.56689453125 1154466
0.5966796875 0.322265625 0.8583984375 1154658
0.5966796875 0.322265625 0.8583984375 1154659
0.5966796875 0.322265625 0.8583984375 1154661
0.5966796875 0.322265625 0.8583984375 1154662
0.5830078125 0.28759765625 0.76806640625 1154760
0.5830078125 0.28759765625 0.76806640625 1154763
0.5830078125 0.28759765625 0.76806640625 1154764
0.58349609375 0.27099609375 0.80419921875 1154858
0.64990234375 0.23291015625 0.75244140625 1154959
0.64990234375 0.23291015625 0.75244140625 1154960
0.64990234375 0.23291015625 0.75244140625 1154961
0.64990234375 0.23291015625 0.75244140625 1154963
0.5869140625 0.31591796875 0.783203125 1155060
0.5869140625 0.31591796875 0.783203125 1155062
0.5869140625 0.31591796875 0.783203125 1155063
0.5869140625 0.31591796875 0.783203125 1155065
0.5966796875 0.2861328125 0.78173828125 1155162
0.5966796875 0.2861328125 0.78173828125 1155164
0.5966796875 0.2861328125 0.78173828125 1155166
0.5966796875 0.2861328125 0.78173828125 1155168
0.52685546875 0.302734375 0.794921875 1155392
0.52685546875 0.302734375 0.794921875 1155400
0.52685546875 0.302734375 0.794921875 1155402
0.52685546875 0.302734375 0.794921875 1155407
0.5400390625 0.35546875 0.8447265625 1155558
0.5400390625 0.35546875 0.8447265625 1155559
0.5400390625 0.35546875 0.8447265625 1155561
0.5400390625 0.35546875 0.8447265625 1155562
0.50439453125 0.3583984375 0.88720703125 1155691
0.50439453125 0.3583984375 0.88720703125 1155693
0.50439453125 0.3583984375 0.88720703125 1155694
0.50439453125 0.3583984375 0.88720703125 1155696
0.3486328125 0.2939453125 0.8916015625 1155859
0.3486328125 0.2939453125 0.8916015625 1155860
0.3486328125 0.2939453125 0.8916015625 1155862
0.3486328125 0.2939453125 0.8916015625 1155864
0.15234375 0.3427734375 0.99560546875 1156059
0.15234375 0.3427734375 0.99560546875 1156061
0.15234375 0.3427734375 0.99560546875 1156063
0.15234375 0.3427734375 0.99560546875 1156064
-0.1962890625 0.31103515625 0.9560546875 1156267
-0.1962890625 0.31103515625 0.9560546875 1156268
-0.1962890625 0.31103515625 0.9560546875 1156283
-0.1962890625 0.31103515625 0.9560546875 1156285
-0.3515625 0.283203125 0.89697265625 1156480
-0.3515625 0.283203125 0.89697265625 1156482
-0.3515625 0.283203125 0.89697265625 1156483
-0.3515625 0.283203125 0.89697265625 1156485
-0.337890625 0.34423828125 0.97607421875 1156671
-0.337890625 0.34423828125 0.97607421875 1156673
-0.337890625 0.34423828125 0.97607421875 1156675
-0.337890625 0.34423828125 0.97607421875 1156676
-0.05908203125 0.33251953125 0.95263671875 1156858
-0.05908203125 0.33251953125 0.95263671875 1156861
-0.05908203125 0.33251953125 0.95263671875 1156862
-0.05908203125 0.33251953125 0.95263671875 1156863
-0.05517578125 0.3623046875 0.9755859375 1156960
-0.05517578125 0.3623046875 0.9755859375 1156962
-0.05517578125 0.3623046875 0.9755859375 1156963
-0.05517578125 0.3623046875 0.9755859375 1156965
0.0380859375 0.37158203125 0.98779296875 1157060
0.08056640625 0.38525390625 0.9736328125 1157159
0.08056640625 0.38525390625 0.9736328125 1157161
0.08056640625 0.38525390625 0.9736328125 1157162
0.140625 0.2626953125 0.892578125 1157259
0.140625 0.2626953125 0.892578125 1157261
0.140625 0.2626953125 0.892578125 1157262
0.140625 0.2626953125 0.892578125 1157264
0.3408203125 0.29052734375 0.9248046875 1157359
0.3408203125 0.29052734375 0.9248046875 1157361
0.3408203125 0.29052734375 0.9248046875 1157363
0.3408203125 0.29052734375 0.9248046875 1157365
0.23681640625 0.3525390625 0.94580078125 1157461
0.23681640625 0.3525390625 0.94580078125 1157463
0.23681640625 0.3525390625 0.94580078125 1157464
0.23681640625 0.3525390625 0.94580078125 1157466
0.00390625 0.3994140625 1.01025390625 1157664
0.00390625 0.3994140625 1.01025390625 1157665
0.00390625 0.3994140625 1.01025390625 1157667
0.00390625 0.3994140625 1.01025390625 1157668
0.103515625 0.3330078125 0.9775390625 1157860
0.103515625 0.3330078125 0.9775390625 1157862
0.103515625 0.3330078125 0.9775390625 1157864
0.103515625 0.3330078125 0.9775390625 1157865
0.09765625 0.3251953125 0.95849609375 1157967
0.09765625 0.3251953125 0.95849609375 1157970
0.09765625 0.3251953125 0.95849609375 1157972
0.09765625 0.3251953125 0.95849609375 1157973
0.08544921875 0.36083984375 0.9736328125 1158160
0.08544921875 0.36083984375 0.9736328125 1158161
0.08544921875 0.36083984375 0.9736328125 1158163
0.08544921875 0.36083984375 0.9736328125 1158164
0.11474609375 0.359375 0.96044921875 1158263
0.11474609375 0.359375 0.96044921875 1158264
0.11474609375 0.359375 0.96044921875 1158266
0.11474609375 0.359375 0.96044921875 1158268
0.11376953125 0.35400390625 0.97216796875 1158460
0.11376953125 0.35400390625 0.97216796875 1158462
0.11376953125 0.35400390625 0.97216796875 1158464
0.11376953125 0.35400390625 0.97216796875 1158465
0.0986328125 0.35888671875 0.98876953125 1158580
0.0986328125 0.35888671875 0.98876953125 1158581
0.0986328125 0.35888671875 0.98876953125 1158583
0.08056640625 0.3212890625 0.9697265625 1158662
0.06298828125 0.32861328125 0.97802734375 1158764
0.06298828125 0.32861328125 0.97802734375 1158766
0.06298828125 0.32861328125 0.97802734375 1158768
0.06298828125 0.32861328125 0.97802734375 1158771
0.0634765625 0.322265625 0.98291015625 1158864
0.0634765625 0.322265625 0.98291015625 1158866
0.0634765625 0.322265625 0.98291015625 1158868
0.05322265625 0.31689453125 0.98291015625 1158965
0.05322265625 0.31689453125 0.98291015625 1158966
0.05322265625 0.31689453125 0.98291015625 1158968
0.05322265625 0.31689453125 0.98291015625 1158969
0.01220703125 0.30712890625 0.98828125 1159165
0.01220703125 0.30712890625 0.98828125 1159168
0.01220703125 0.30712890625 0.98828125 1159169
0.01220703125 0.30712890625 0.98828125 1159171
0.037109375 0.30419921875 0.98681640625 1159360
0.037109375 0.30419921875 0.98681640625 1159361
0.037109375 0.30419921875 0.98681640625 1159382
0.037109375 0.30419921875 0.98681640625 1159384
0.0380859375 0.30322265625 0.98095703125 1159642
0.0380859375 0.30322265625 0.98095703125 1159644
0.0380859375 0.30322265625 0.98095703125 1159646
0.0380859375 0.30322265625 0.98095703125 1159648
0.0458984375 0.31494140625 0.98583984375 1159763
0.0458984375 0.31494140625 0.98583984375 1159765
0.0458984375 0.31494140625 0.98583984375 1159766
0.0458984375 0.31494140625 0.98583984375 1159768
0.05859375 0.31494140625 0.98681640625 1159879
0.05859375 0.31494140625 0.98681640625 1159881
0.05859375 0.31494140625 0.98681640625 1159882
0.05859375 0.31494140625 0.98681640625 1159884
0.0634765625 0.3212890625 0.98779296875 1160062
0.0634765625 0.3212890625 0.98779296875 1160065
0.0634765625 0.3212890625 0.98779296875 1160066
0.0634765625 0.3212890625 0.98779296875 1160068
0.0458984375 0.3095703125 0.99365234375 1160262
0.0458984375 0.3095703125 0.99365234375 1160264
0.0458984375 0.3095703125 0.99365234375 1160265
0.0458984375 0.3095703125 0.99365234375 1160267
0.048828125 0.30419921875 0.99267578125 1160460
0.048828125 0.30419921875 0.99267578125 1160462
0.048828125 0.30419921875 0.99267578125 1160464
0.048828125 0.30419921875 0.99267578125 1160466
0.0439453125 0.3125 0.9921875 1160574
0.0439453125 0.3125 0.9921875 1160576
0.0439453125 0.3125 0.9921875 1160578
0.0439453125 0.3125 0.9921875 1160579
0.08544921875 0.26904296875 0.96240234375 1160764
0.08544921875 0.26904296875 0.96240234375 1160766
0.08544921875 0.26904296875 0.96240234375 1160767
0.08544921875 0.26904296875 0.96240234375 1160768
0.08935546875 0.2109375 0.97607421875 1160961
0.08935546875 0.2109375 0.97607421875 1160962
0.08935546875 0.2109375 0.97607421875 1160964
0.08935546875 0.2109375 0.97607421875 1160966
0.00830078125 0.33935546875 1.0595703125 1161061
0.00830078125 0.33935546875 1.0595703125 1161063
0.00830078125 0.33935546875 1.0595703125 1161065
0.00830078125 0.33935546875 1.0595703125 1161073
0.1064453125 0.21337890625 1.00048828125 1161162
0.17529296875 0.2978515625 0.9951171875 1161262
0.17529296875 0.2978515625 0.9951171875 1161264
0.17529296875 0.2978515625 0.9951171875 1161266
0.17529296875 0.2978515625 0.9951171875 1161267
0.1904296875 0.19189453125 1.03125 1161461
0.1904296875 0.19189453125 1.03125 1161463
0.1904296875 0.19189453125 1.03125 1161465
0.1904296875 0.19189453125 1.03125 1161467
0.14404296875 0.2978515625 1.1591796875 1161563
0.14404296875 0.2978515625 1.1591796875 1161564
0.14404296875 0.2978515625 1.1591796875 1161566
-0.11865234375 0.21337890625 1.09619140625 1161662
-0.0390625 0.19287109375 1.02880859375 1161778
-0.0390625 0.19287109375 1.02880859375 1161780
-0.0390625 0.19287109375 1.02880859375 1161781
-0.0390625 0.19287109375 1.02880859375 1161783
-0.14892578125 0.2421875 0.79833984375 1161962
-0.14892578125 0.2421875 0.79833984375 1161964
-0.14892578125 0.2421875 0.79833984375 1161965
-0.14892578125 0.2421875 0.79833984375 1161966
-0.29150390625 0.1787109375 0.98486328125 1162163
-0.29150390625 0.1787109375 0.98486328125 1162165
-0.29150390625 0.1787109375 0.98486328125 1162166
-0.29150390625 0.1787109375 0.98486328125 1162167
-0.22607421875 0.23046875 0.890625 1162264
-0.22607421875 0.23046875 0.890625 1162266
-0.22607421875 0.23046875 0.890625 1162268
-0.22607421875 0.23046875 0.890625 1162270
-0.244140625 0.42578125 0.86328125 1162461
-0.244140625 0.42578125 0.86328125 1162463
-0.244140625 0.42578125 0.86328125 1162465
-0.244140625 0.42578125 0.86328125 1162467
-0.2783203125 0.49267578125 0.84375 1162563
-0.2783203125 0.49267578125 0.84375 1162564
-0.2783203125 0.49267578125 0.84375 1162566
-0.2783203125 0.49267578125 0.84375 1162568
-0.220703125 0.576171875 0.89697265625 1162669
-0.220703125 0.576171875 0.89697265625 1162671
-0.220703125 0.576171875 0.89697265625 1162672
-0.220703125 0.576171875 0.89697265625 1162674
-0.244140625 0.5380859375 0.86181640625 1162770
-0.244140625 0.5380859375 0.86181640625 1162772
-0.244140625 0.5380859375 0.86181640625 1162773
-0.244140625 0.5380859375 0.86181640625 1162774
0.06640625 0.24853515625 1.01806640625 1162961
0.06640625 0.24853515625 1.01806640625 1162962
0.06640625 0.24853515625 1.01806640625 1162964
0.06640625 0.24853515625 1.01806640625 1162966
0.05859375 0.1083984375 1.0029296875 1163071
0.05859375 0.1083984375 1.0029296875 1163073
0.05859375 0.1083984375 1.0029296875 1163097
0.05859375 0.1083984375 1.0029296875 1163098
0.04833984375 -0.11474609375 1.06494140625 1163261
0.04833984375 -0.11474609375 1.06494140625 1163262
0.04833984375 -0.11474609375 1.06494140625 1163264
0.04833984375 -0.11474609375 1.06494140625 1163266
-0.01953125 -0.14306640625 1.052734375 1163363
-0.01953125 -0.14306640625 1.052734375 1163365
-0.01953125 -0.14306640625 1.052734375 1163366
-0.01953125 -0.14306640625 1.052734375 1163386
-0.0986328125 -0.30517578125 0.916015625 1163562
-0.0986328125 -0.30517578125 0.916015625 1163564
-0.0986328125 -0.30517578125 0.916015625 1163566
-0.0986328125 -0.30517578125 0.916015625 1163568
0.02099609375 -0.4423828125 0.91015625 1163663
0.02099609375 -0.4423828125 0.91015625 1163665
0.02099609375 -0.4423828125 0.91015625 1163666
0.02099609375 -0.4423828125 0.91015625 1163687
0.31396484375 -0.533203125 0.8212890625 1163765
0.31396484375 -0.533203125 0.8212890625 1163768
0.31396484375 -0.533203125 0.8212890625 1163770
0.62060546875 -0.330078125 0.8544921875 1163863
0.61083984375 -0.1767578125 0.9794921875 1163963
0.61083984375 -0.1767578125 0.9794921875 1163965
0.61083984375 -0.1767578125 0.9794921875 1163967
0.61083984375 -0.1767578125 0.9794921875 1163969
0.55859375 -0.18994140625 0.8857421875 1164063
0.60498046875 -0.3916015625 0.806640625 1164163
0.60498046875 -0.3916015625 0.806640625 1164164
0.60498046875 -0.3916015625 0.806640625 1164166
0.49755859375 -0.5224609375 0.6875 1164266
0.49755859375 -0.5224609375 0.6875 1164267
0.49755859375 -0.5224609375 0.6875 1164269
0.49755859375 -0.5224609375 0.6875 1164270
0.3564453125 -0.7373046875 0.4228515625 1164462
0.3564453125 -0.7373046875 0.4228515625 1164463
0.3564453125 -0.7373046875 0.4228515625 1164465
0.3564453125 -0.7373046875 0.4228515625 1164466
0.3857421875 -0.81201171875 0.478515625 1164563
0.3857421875 -0.81201171875 0.478515625 1164565
0.3857421875 -0.81201171875 0.478515625 1164567
0.3857421875 -0.81201171875 0.478515625 1164571
0.4296875 -0.8349609375 0.49755859375 1164663
0.4296875 -0.8349609375 0.49755859375 1164665
0.28125 -0.85791015625 0.42724609375 1164764
0.28125 -0.85791015625 0.42724609375 1164765
0.28125 -0.85791015625 0.42724609375 1164767
0.28125 -0.85791015625 0.42724609375 1164768
-0.33154296875 -0.47802734375 0.6923828125 1164980
-0.33154296875 -0.47802734375 0.6923828125 1164982
-0.33154296875 -0.47802734375 0.6923828125 1164984
-0.33154296875 -0.47802734375 0.6923828125 1164985
-0.49560546875 -0.42333984375 1.02197265625 1165178
-0.49560546875 -0.42333984375 1.02197265625 1165181
-0.49560546875 -0.42333984375 1.02197265625 1165183
-0.49560546875 -0.42333984375 1.02197265625 1165184
-0.0283203125 -0.79931640625 0.39453125 1165365
-0.0283203125 -0.79931640625 0.39453125 1165367
-0.0283203125 -0.79931640625 0.39453125 1165369
-0.0283203125 -0.79931640625 0.39453125 1165371
0.6044921875 -0.46044921875 0.34912109375 1165562
0.6044921875 -0.46044921875 0.34912109375 1165564
0.6044921875 -0.46044921875 0.34912109375 1165565
0.6044921875 -0.46044921875 0.34912109375 1165569
1.208984375 -0.080078125 0.5263671875 1165665
1.208984375 -0.080078125 0.5263671875 1165667
1.208984375 -0.080078125 0.5263671875 1165675
1.208984375 -0.080078125 0.5263671875 1165677
0.73876953125 -0.1728515625 0.36669921875 1165862
0.73876953125 -0.1728515625 0.36669921875 1165864
0.73876953125 -0.1728515625 0.36669921875 1165866
0.73876953125 -0.1728515625 0.36669921875 1165868
0.6552734375 -0.26611328125 0.36181640625 1165965
0.6552734375 -0.26611328125 0.36181640625 1165967
0.6552734375 -0.26611328125 0.36181640625 1165969
0.76318359375 0.02197265625 0.29931640625 1166073
0.76318359375 0.02197265625 0.29931640625 1166075
0.76318359375 0.02197265625 0.29931640625 1166076
0.76318359375 0.02197265625 0.29931640625 1166077
0.79443359375 0.00244140625 1.36328125 1166273
0.79443359375 0.00244140625 1.36328125 1166275
0.79443359375 0.00244140625 1.36328125 1166277
0.79443359375 0.00244140625 1.36328125 1166280
0.5810546875 0.1044921875 0.70654296875 1166463
0.5810546875 0.1044921875 0.70654296875 1166465
0.5810546875 0.1044921875 0.70654296875 1166468
0.5810546875 0.1044921875 0.70654296875 1166469
0.31298828125 0.17578125 1.248046875 1166564
0.31298828125 0.17578125 1.248046875 1166566
0.31298828125 0.17578125 1.248046875 1166568
0.34228515625 0.11376953125 0.9443359375 1166666
0.34228515625 0.11376953125 0.9443359375 1166669
0.34228515625 0.11376953125 0.9443359375 1166671
0.34228515625 0.11376953125 0.9443359375 1166673
0.208984375 0.08544921875 1.0302734375 1166767
0.208984375 0.08544921875 1.0302734375 1166769
0.208984375 0.08544921875 1.0302734375 1166771
0.208984375 0.08544921875 1.0302734375 1166773
0.18798828125 0.10400390625 1.00244140625 1166868
0.18798828125 0.10400390625 1.00244140625 1166870
0.20751953125 -0.11181640625 1.02294921875 1166971
0.20751953125 -0.11181640625 1.02294921875 1166973
0.20751953125 -0.11181640625 1.02294921875 1166974
0.20751953125 -0.11181640625 1.02294921875 1166976
0.0927734375 -0.13037109375 1.02197265625 1167256
0.0927734375 -0.13037109375 1.02197265625 1167258
0.0927734375 -0.13037109375 1.02197265625 1167260
0.0927734375 -0.13037109375 1.02197265625 1167262
-0.03955078125 -0.2333984375 1.00146484375 1167373
-0.03955078125 -0.2333984375 1.00146484375 1167375
-0.03955078125 -0.2333984375 1.00146484375 1167377
-0.03955078125 -0.2333984375 1.00146484375 1167378
-0.05859375 -0.2236328125 1.00341796875 1167581
-0.05859375 -0.2236328125 1.00341796875 1167583
-0.05859375 -0.2236328125 1.00341796875 1167584
-0.05859375 -0.2236328125 1.00341796875 1167586
-0.126953125 -0.2021484375 1.0478515625 1167763
-0.126953125 -0.2021484375 1.0478515625 1167766
-0.126953125 -0.2021484375 1.0478515625 1167768
-0.126953125 -0.2021484375 1.0478515625 1167770
-0.1708984375 -0.20751953125 0.9814453125 1167868
-0.1708984375 -0.20751953125 0.9814453125 1167870
-0.1708984375 -0.20751953125 0.9814453125 1167871
-0.1708984375 -0.20751953125 0.9814453125 1167873
-0.19775390625 -0.1728515625 1.041015625 1167971
-0.19775390625 -0.1728515625 1.041015625 1167973
-0.19775390625 -0.1728515625 1.041015625 1167974
-0.19775390625 -0.1728515625 1.041015625 1167975
-0.5244140625 -0.228515625 0.8134765625 1168181
-0.5244140625 -0.228515625 0.8134765625 1168183
-0.5244140625 -0.228515625 0.8134765625 1168185
-0.5244140625 -0.228515625 0.8134765625 1168186
-0.54833984375 -0.189453125 0.8359375 1168364
-0.54833984375 -0.189453125 0.8359375 1168366
-0.54833984375 -0.189453125 0.8359375 1168367
-0.54833984375 -0.189453125 0.8359375 1168370
-0.439453125 -0.181640625 0.8544921875 1168470
-0.439453125 -0.181640625 0.8544921875 1168472
-0.439453125 -0.181640625 0.8544921875 1168474
-0.439453125 -0.181640625 0.8544921875 1168475
-0.5751953125 -0.20458984375 0.8330078125 1168606
-0.5751953125 -0.20458984375 0.8330078125 1168608
-0.5751953125 -0.20458984375 0.8330078125 1168624
-0.5751953125 -0.20458984375 0.8330078125 1168626
-0.62353515625 -0.484375 0.85009765625 1168768
-0.62353515625 -0.484375 0.85009765625 1168770
-0.62353515625 -0.484375 0.85009765625 1168772
-0.62353515625 -0.484375 0.85009765625 1168774
-0.5341796875 -0.52783203125 0.62939453125 1168902
-0.5341796875 -0.52783203125 0.62939453125 1168903
-0.5341796875 -0.52783203125 0.62939453125 1168905
-0.5341796875 -0.52783203125 0.62939453125 1168907
-0.75341796875 -0.30419921875 0.5263671875 1169139
-0.75341796875 -0.30419921875 0.5263671875 1169141
-0.75341796875 -0.30419921875 0.5263671875 1169142
-0.75341796875 -0.30419921875 0.5263671875 1169144
-0.73486328125 -0.43798828125 0.65283203125 1169267
-0.73486328125 -0.43798828125 0.65283203125 1169270
-0.73486328125 -0.43798828125 0.65283203125 1169272
-0.73486328125 -0.43798828125 0.65283203125 1169273
-0.53369140625 -0.37939453125 0.69873046875 1169474
-0.53369140625 -0.37939453125 0.69873046875 1169487
-0.53369140625 -0.37939453125 0.69873046875 1169489
-0.53369140625 -0.37939453125 0.69873046875 1169491
-0.697265625 -0.18798828125 0.73974609375 1169667
-0.697265625 -0.18798828125 0.73974609375 1169670
-0.697265625 -0.18798828125 0.73974609375 1169672
-0.697265625 -0.18798828125 0.73974609375 1169674
-0.6875 -0.1455078125 0.701171875 1169868
-0.6875 -0.1455078125 0.701171875 1169870
-0.6875 -0.1455078125 0.701171875 1169872
-0.6875 -0.1455078125 0.701171875 1169889
-0.609375 -0.4765625 0.6640625 1170069
-0.609375 -0.4765625 0.6640625 1170071
-0.609375 -0.4765625 0.6640625 1170072
-0.609375 -0.4765625 0.6640625 1170074
-0.64404296875 -0.4619140625 0.64111328125 1170293
-0.64404296875 -0.4619140625 0.64111328125 1170295
-0.64404296875 -0.4619140625 0.64111328125 1170297
-0.64404296875 -0.4619140625 0.64111328125 1170299
-0.595703125 -0.41357421875 0.67578125 1170490
-0.595703125 -0.41357421875 0.67578125 1170492
-0.595703125 -0.41357421875 0.67578125 1170494
-0.595703125 -0.41357421875 0.67578125 1170495
-0.5859375 -0.365234375 0.82666015625 1170683
-0.5859375 -0.365234375 0.82666015625 1170685
-0.5859375 -0.365234375 0.82666015625 1170687
-0.5859375 -0.365234375 0.82666015625 1170688
-0.48583984375 -0.376953125 0.81298828125 1170866
-0.48583984375 -0.376953125 0.81298828125 1170897
-0.48583984375 -0.376953125 0.81298828125 1170899
-0.48583984375 -0.376953125 0.81298828125 1170901
-0.5595703125 -0.30712890625 0.755859375 1170968
-0.4892578125 -0.4033203125 0.79296875 1171069
-0.4892578125 -0.4033203125 0.79296875 1171071
-0.4892578125 -0.4033203125 0.79296875 1171072
-0.55859375 -0.2587890625 0.7958984375 1171169
-0.55859375 -0.2587890625 0.7958984375 1171171
-0.55859375 -0.2587890625 0.7958984375 1171172
-0.55859375 -0.2587890625 0.7958984375 1171174
-0.5078125 -0.2978515625 0.833984375 1171386
-0.5078125 -0.2978515625 0.833984375 1171388
-0.5078125 -0.2978515625 0.833984375 1171390
-0.5078125 -0.2978515625 0.833984375 1171392
-0.4931640625 -0.35546875 0.81640625 1171590
-0.4931640625 -0.35546875 0.81640625 1171593
-0.4931640625 -0.35546875 0.81640625 1171617
-0.4931640625 -0.35546875 0.81640625 1171620
-0.49462890625 -0.33056640625 0.8134765625 1171770
-0.49462890625 -0.33056640625 0.8134765625 1171773
-0.49462890625 -0.33056640625 0.8134765625 1171793
-0.49462890625 -0.33056640625 0.8134765625 1171796
-0.5439453125 -0.29150390625 0.79736328125 1171888
-0.5439453125 -0.29150390625 0.79736328125 1171889
-0.49755859375 -0.3369140625 0.80419921875 1171967
-0.49755859375 -0.3369140625 0.80419921875 1171970
-0.52685546875 -0.26416015625 0.83349609375 1172068
-0.52685546875 -0.26416015625 0.83349609375 1172070
-0.52685546875 -0.26416015625 0.83349609375 1172072
-0.52685546875 -0.26416015625 0.83349609375 1172073
-0.509765625 -0.30810546875 0.7919921875 1172185
-0.509765625 -0.30810546875 0.7919921875 1172187
-0.509765625 -0.30810546875 0.7919921875 1172189
-0.509765625 -0.30810546875 0.7919921875 1172191
-0.52880859375 -0.25634765625 0.81591796875 1172368
-0.52880859375 -0.25634765625 0.81591796875 1172370
-0.52880859375 -0.25634765625 0.81591796875 1172372
-0.52880859375 -0.25634765625 0.81591796875 1172373
-0.52001953125 -0.30029296875 0.818359375 1172477
-0.52001953125 -0.30029296875 0.818359375 1172479
-0.52001953125 -0.30029296875 0.818359375 1172481
-0.52001953125 -0.30029296875 0.818359375 1172483
-0.517578125 -0.287109375 0.82568359375 1172712
-0.517578125 -0.287109375 0.82568359375 1172714
-0.517578125 -0.287109375 0.82568359375 1172716
-0.517578125 -0.287109375 0.82568359375 1172718
-0.5185546875 -0.294921875 0.802734375 1172872
-0.5185546875 -0.294921875 0.802734375 1172874
-0.5185546875 -0.294921875 0.802734375 1172876
-0.5185546875 -0.294921875 0.802734375 1172877
-0.5244140625 -0.232421875 0.8330078125 1173072
-0.5244140625 -0.232421875 0.8330078125 1173074
-0.5244140625 -0.232421875 0.8330078125 1173076
-0.5244140625 -0.232421875 0.8330078125 1173078
-0.50390625 -0.3017578125 0.81005859375 1173271
-0.50390625 -0.3017578125 0.81005859375 1173273
-0.50390625 -0.3017578125 0.81005859375 1173275
-0.50390625 -0.3017578125 0.81005859375 1173295
-0.52001953125 -0.29931640625 0.802734375 1173472
-0.52001953125 -0.29931640625 0.802734375 1173474
-0.52001953125 -0.29931640625 0.802734375 1173498
-0.52001953125 -0.29931640625 0.802734375 1173499
-0.53125 -0.22509765625 0.8115234375 1173682
-0.53125 -0.22509765625 0.8115234375 1173685
-0.53125 -0.22509765625 0.8115234375 1173687
-0.53125 -0.22509765625 0.8115234375 1173688
-0.505859375 -0.27001953125 0.833984375 1173861
-0.505859375 -0.27001953125 0.833984375 1173873
-0.505859375 -0.27001953125 0.833984375 1173875
-0.505859375 -0.27001953125 0.833984375 1173876
-0.53662109375 -0.248046875 0.81103515625 1173975
-0.53662109375 -0.248046875 0.81103515625 1173977
-0.53662109375 -0.248046875 0.81103515625 1173978
-0.53662109375 -0.248046875 0.81103515625 1173980
-0.5185546875 -0.2470703125 0.83984375 1174172
-0.5185546875 -0.2470703125 0.83984375 1174174
-0.5185546875 -0.2470703125 0.83984375 1174176
-0.5185546875 -0.2470703125 0.83984375 1174178
-0.51416015625 -0.32666015625 0.810546875 1174371
-0.51416015625 -0.32666015625 0.810546875 1174373
-0.51416015625 -0.32666015625 0.810546875 1174375
-0.51416015625 -0.32666015625 0.810546875 1174376
-0.53564453125 -0.24560546875 0.8212890625 1174474
-0.53564453125 -0.24560546875 0.8212890625 1174475
-0.53564453125 -0.24560546875 0.8212890625 1174477
-0.53564453125 -0.24560546875 0.8212890625 1174479
-0.509765625 -0.326171875 0.80859375 1174589
-0.509765625 -0.326171875 0.80859375 1174591
-0.509765625 -0.326171875 0.80859375 1174592
-0.509765625 -0.326171875 0.80859375 1174593
-0.49853515625 -0.28759765625 0.8349609375 1174711
-0.49853515625 -0.28759765625 0.8349609375 1174713
-0.49853515625 -0.28759765625 0.8349609375 1174714
-0.49853515625 -0.28759765625 0.8349609375 1174726
-0.50537109375 -0.310546875 0.82763671875 1174884
-0.50537109375 -0.310546875 0.82763671875 1174886
-0.50537109375 -0.310546875 0.82763671875 1174888
-0.50537109375 -0.310546875 0.82763671875 1174889
-0.5146484375 -0.24169921875 0.8115234375 1175084
-0.5146484375 -0.24169921875 0.8115234375 1175086
-0.5146484375 -0.24169921875 0.8115234375 1175088
-0.5146484375 -0.24169921875 0.8115234375 1175090
-0.5087890625 -0.21435546875 0.8359375 1175267
-0.5087890625 -0.21435546875 0.8359375 1175292
-0.5087890625 -0.21435546875 0.8359375 1175294
-0.5087890625 -0.21435546875 0.8359375 1175295
-0.50830078125 -0.2685546875 0.8173828125 1175368
-0.5087890625 -0.27734375 0.8623046875 1175471
-0.5087890625 -0.27734375 0.8623046875 1175473
-0.5087890625 -0.27734375 0.8623046875 1175474
-0.5087890625 -0.27734375 0.8623046875 1175476
-0.5126953125 -0.29345703125 0.841796875 1175683
-0.5126953125 -0.29345703125 0.841796875 1175685
-0.5126953125 -0.29345703125 0.841796875 1175686
-0.5126953125 -0.29345703125 0.841796875 1175687
-0.50732421875 -0.20751953125 0.83056640625 1175870
-0.50732421875 -0.20751953125 0.83056640625 1175873
-0.50732421875 -0.20751953125 0.83056640625 1175874
-0.50732421875 -0.20751953125 0.83056640625 1175876
-0.4794921875 -0.14404296875 0.81005859375 1176068
-0.4794921875 -0.14404296875 0.81005859375 1176070
-0.4794921875 -0.14404296875 0.81005859375 1176072
-0.4794921875 -0.14404296875 0.81005859375 1176074
-0.50146484375 -0.23388671875 0.87451171875 1176194
-0.50146484375 -0.23388671875 0.87451171875 1176201
-0.50146484375 -0.23388671875 0.87451171875 1176203
-0.50146484375 -0.23388671875 0.87451171875 1176205
-0.49267578125 -0.11572265625 0.83056640625 1176359
-0.49267578125 -0.11572265625 0.83056640625 1176372
-0.49267578125 -0.11572265625 0.83056640625 1176374
-0.49267578125 -0.11572265625 0.83056640625 1176376
-0.5361328125 -0.2265625 0.9697265625 1176485
-0.5361328125 -0.2265625 0.9697265625 1176487
-0.5361328125 -0.2265625 0.9697265625 1176488
-0.5361328125 -0.2265625 0.9697265625 1176489
-0.48974609375 -0.1220703125 0.84326171875 1176670
-0.48974609375 -0.1220703125 0.84326171875 1176672
-0.48974609375 -0.1220703125 0.84326171875 1176673
-0.48974609375 -0.1220703125 0.84326171875 1176674
-0.5400390625 -0.216796875 0.93212890625 1176774
-0.5400390625 -0.216796875 0.93212890625 1176777
-0.5400390625 -0.216796875 0.93212890625 1176779
-0.5400390625 -0.216796875 0.93212890625 1176780
-0.49658203125 -0.15771484375 0.84375 1176969
-0.49658203125 -0.15771484375 0.84375 1176970
-0.49658203125 -0.15771484375 0.84375 1176972
-0.49658203125 -0.15771484375 0.84375 1176974
-0.48095703125 -0.11865234375 0.85595703125 1177169
-0.48095703125 -0.11865234375 0.85595703125 1177173
-0.48095703125 -0.11865234375 0.85595703125 1177176
-0.48095703125 -0.11865234375 0.85595703125 1177177
-0.5029296875 -0.18212890625 0.85400390625 1177269
-0.51318359375 -0.19775390625 0.91796875 1177375
-0.51318359375 -0.19775390625 0.91796875 1177377
-0.51318359375 -0.19775390625 0.91796875 1177393
-0.51318359375 -0.19775390625 0.91796875 1177395
-0.49365234375 -0.15966796875 0.85888671875 1177591
-0.49365234375 -0.15966796875 0.85888671875 1177593
-0.49365234375 -0.15966796875 0.85888671875 1177595
-0.49365234375 -0.15966796875 0.85888671875 1177596
-0.45849609375 -0.12109375 0.8388671875 1177784
-0.45849609375 -0.12109375 0.8388671875 1177786
-0.45849609375 -0.12109375 0.8388671875 1177787
-0.45849609375 -0.12109375 0.8388671875 1177789
-0.47119140625 -0.11669921875 0.89306640625 1177969
-0.47119140625 -0.11669921875 0.89306640625 1177971
-0.47119140625 -0.11669921875 0.89306640625 1177973
-0.47119140625 -0.11669921875 0.89306640625 1177975
-0.466796875 -0.1259765625 0.84521484375 1178083
-0.466796875 -0.1259765625 0.84521484375 1178085
-0.466796875 -0.1259765625 0.84521484375 1178087
-0.466796875 -0.1259765625 0.84521484375 1178089
-0.4765625 -0.10791015625 0.89990234375 1178268
-0.4765625 -0.10791015625 0.89990234375 1178270
-0.4765625 -0.10791015625 0.89990234375 1178282
-0.4765625 -0.10791015625 0.89990234375 1178284
-0.4609375 -0.111328125 0.8310546875 1178369
-0.46923828125 -0.169921875 0.88232421875 1178469
-0.46923828125 -0.169921875 0.88232421875 1178470
-0.46923828125 -0.169921875 0.88232421875 1178472
-0.46923828125 -0.169921875 0.88232421875 1178473
-0.4638671875 -0.103515625 0.89697265625 1178572
-0.4638671875 -0.103515625 0.89697265625 1178592
-0.4638671875 -0.103515625 0.89697265625 1178594
-0.4638671875 -0.103515625 0.89697265625 1178595
-0.4658203125 -0.16650390625 0.900390625 1178779
-0.4658203125 -0.16650390625 0.900390625 1178780
-0.4658203125 -0.16650390625 0.900390625 1178806
-0.4658203125 -0.16650390625 0.900390625 1178808
-0.4833984375 -0.1337890625 0.8916015625 1178970
-0.4833984375 -0.1337890625 0.8916015625 1178996
-0.4833984375 -0.1337890625 0.8916015625 1178999
-0.4833984375 -0.1337890625 0.8916015625 1179001
-0.45361328125 -0.1142578125 0.86083984375 1179193
-0.45361328125 -0.1142578125 0.86083984375 1179194
-0.45361328125 -0.1142578125 0.86083984375 1179196
-0.45361328125 -0.1142578125 0.86083984375 1179198
-0.486328125 -0.18310546875 0.8798828125 1179370
-0.486328125 -0.18310546875 0.8798828125 1179372
-0.486328125 -0.18310546875 0.8798828125 1179374
-0.486328125 -0.18310546875 0.8798828125 1179377
-0.458984375 -0.1357421875 0.84326171875 1179489
-0.458984375 -0.1357421875 0.84326171875 1179491
-0.458984375 -0.1357421875 0.84326171875 1179493
-0.458984375 -0.1357421875 0.84326171875 1179494
-0.48583984375 -0.1923828125 0.830078125 1179671
-0.48583984375 -0.1923828125 0.830078125 1179673
-0.48583984375 -0.1923828125 0.830078125 1179675
-0.48583984375 -0.1923828125 0.830078125 1179677
-0.4794921875 -0.1513671875 0.89453125 1179772
-0.4794921875 -0.1513671875 0.89453125 1179774
-0.4794921875 -0.1513671875 0.89453125 1179776
-0.4794921875 -0.1513671875 0.89453125 1179778
-0.501953125 -0.1767578125 0.8671875 1179877
-0.501953125 -0.1767578125 0.8671875 1179879
-0.501953125 -0.1767578125 0.8671875 1179880
-0.501953125 -0.1767578125 0.8671875 1179882
-0.5029296875 -0.15478515625 0.8876953125 1180071
-0.5029296875 -0.15478515625 0.8876953125 1180073
-0.5029296875 -0.15478515625 0.8876953125 1180075
-0.5029296875 -0.15478515625 0.8876953125 1180077
-0.48291015625 -0.1845703125 0.83154296875 1180272
-0.48291015625 -0.1845703125 0.83154296875 1180274
-0.48291015625 -0.1845703125 0.83154296875 1180276
-0.48291015625 -0.1845703125 0.83154296875 1180278
-0.50732421875 -0.1484375 0.86865234375 1180378
-0.50732421875 -0.1484375 0.86865234375 1180380
-0.50732421875 -0.1484375 0.86865234375 1180382
-0.50732421875 -0.1484375 0.86865234375 1180384
-0.517578125 -0.1865234375 0.86328125 1180571
-0.517578125 -0.1865234375 0.86328125 1180574
-0.517578125 -0.1865234375 0.86328125 1180584
-0.517578125 -0.1865234375 0.86328125 1180587
-0.50927734375 -0.19189453125 0.8388671875 1180771
-0.50927734375 -0.19189453125 0.8388671875 1180773
-0.50927734375 -0.19189453125 0.8388671875 1180774
-0.50927734375 -0.19189453125 0.8388671875 1180797
-0.51904296875 -0.2109375 0.8369140625 1180871
-0.51904296875 -0.2109375 0.8369140625 1180873
-0.51904296875 -0.2109375 0.8369140625 1180875
-0.52880859375 -0.19384765625 0.83984375 1180993
-0.52880859375 -0.19384765625 0.83984375 1180995
-0.52880859375 -0.19384765625 0.83984375 1180997
-0.52880859375 -0.19384765625 0.83984375 1180998
-0.517578125 -0.1923828125 0.8408203125 1181184
-0.517578125 -0.1923828125 0.8408203125 1181187
-0.517578125 -0.1923828125 0.8408203125 1181188
-0.517578125 -0.1923828125 0.8408203125 1181190
-0.513671875 -0.22998046875 0.818359375 1181388
-0.513671875 -0.22998046875 0.818359375 1181390
-0.513671875 -0.22998046875 0.818359375 1181392
-0.513671875 -0.22998046875 0.818359375 1181393
-0.525390625 -0.1845703125 0.85400390625 1181571
-0.525390625 -0.1845703125 0.85400390625 1181573
-0.525390625 -0.1845703125 0.85400390625 1181574
-0.525390625 -0.1845703125 0.85400390625 1181575
-0.49755859375 -0.2373046875 0.80224609375 1181672
-0.49755859375 -0.2373046875 0.80224609375 1181674
-0.49755859375 -0.2373046875 0.80224609375 1181676
-0.49755859375 -0.2373046875 0.80224609375 1181678
-0.5146484375 -0.18994140625 0.86376953125 1181777
-0.5146484375 -0.18994140625 0.86376953125 1181779
-0.5146484375 -0.18994140625 0.86376953125 1181781
-0.5146484375 -0.18994140625 0.86376953125 1181782
-0.52001953125 -0.1787109375 0.857421875 1181899
-0.52001953125 -0.1787109375 0.857421875 1181901
-0.52001953125 -0.1787109375 0.857421875 1181902
-0.52001953125 -0.1787109375 0.857421875 1181903
-0.51171875 -0.19384765625 0.87353515625 1182071
-0.51171875 -0.19384765625 0.87353515625 1182073
-0.51171875 -0.19384765625 0.87353515625 1182075
-0.51171875 -0.19384765625 0.87353515625 1182077
-0.52490234375 -0.16796875 0.8671875 1182172
-0.52490234375 -0.16796875 0.8671875 1182174
-0.52490234375 -0.16796875 0.8671875 1182176
-0.52490234375 -0.16796875 0.8671875 1182177
-0.50048828125 -0.22509765625 0.82568359375 1182274
-0.50048828125 -0.22509765625 0.82568359375 1182276
-0.50048828125 -0.22509765625 0.82568359375 1182278
-0.50048828125 -0.22509765625 0.82568359375 1182280
-0.51806640625 -0.16259765625 0.84814453125 1182471
-0.51806640625 -0.16259765625 0.84814453125 1182473
-0.51806640625 -0.16259765625 0.84814453125 1182475
-0.51806640625 -0.16259765625 0.84814453125 1182477
-0.49609375 -0.2255859375 0.83740234375 1182585
-0.49609375 -0.2255859375 0.83740234375 1182587
-0.49609375 -0.2255859375 0.83740234375 1182589
-0.49609375 -0.2255859375 0.83740234375 1182590
-0.51171875 -0.17333984375 0.8408203125 1182776
-0.51171875 -0.17333984375 0.8408203125 1182778
-0.51171875 -0.17333984375 0.8408203125 1182780
-0.51171875 -0.17333984375 0.8408203125 1182782
-0.51171875 -0.22802734375 0.833984375 1182877
-0.51171875 -0.22802734375 0.833984375 1182880
-0.51171875 -0.22802734375 0.833984375 1182882
-0.51171875 -0.22802734375 0.833984375 1182885
-0.52978515625 -0.17919921875 0.81494140625 1183072
-0.52978515625 -0.17919921875 0.81494140625 1183075
-0.52978515625 -0.17919921875 0.81494140625 1183077
-0.52978515625 -0.17919921875 0.81494140625 1183079
-0.50830078125 -0.244140625 0.84619140625 1183175
-0.50830078125 -0.244140625 0.84619140625 1183177
-0.50830078125 -0.244140625 0.84619140625 1183179
-0.50830078125 -0.244140625 0.84619140625 1183181
-0.52001953125 -0.16943359375 0.810546875 1183378
-0.52001953125 -0.16943359375 0.810546875 1183380
-0.52001953125 -0.16943359375 0.810546875 1183383
-0.52001953125 -0.16943359375 0.810546875 1183385
-0.52099609375 -0.18212890625 0.8818359375 1183572
-0.52099609375 -0.18212890625 0.8818359375 1183574
-0.52099609375 -0.18212890625 0.8818359375 1183576
-0.52099609375 -0.18212890625 0.8818359375 1183601
-0.51708984375 -0.18798828125 0.82080078125 1183672
-0.51220703125 -0.224609375 0.84716796875 1184044
-0.51220703125 -0.224609375 0.84716796875 1184046
-0.51220703125 -0.224609375 0.84716796875 1184048
-0.51220703125 -0.224609375 0.84716796875 1184049
-0.51416015625 -0.1689453125 0.86572265625 1184199
-0.51416015625 -0.1689453125 0.86572265625 1184201
-0.51416015625 -0.1689453125 0.86572265625 1184203
-0.51416015625 -0.1689453125 0.86572265625 1184204
-0.517578125 -0.19921875 0.85693359375 1184372
-0.517578125 -0.19921875 0.85693359375 1184374
-0.517578125 -0.19921875 0.85693359375 1184375
-0.517578125 -0.19921875 0.85693359375 1184377
-0.50244140625 -0.1669921875 0.84130859375 1184474
-0.50244140625 -0.1669921875 0.84130859375 1184476
-0.50244140625 -0.1669921875 0.84130859375 1184477
-0.50244140625 -0.1669921875 0.84130859375 1184503
-0.513671875 -0.21142578125 0.83984375 1184576
-0.513671875 -0.21142578125 0.83984375 1184578
-0.513671875 -0.21142578125 0.83984375 1184580
-0.51171875 -0.2080078125 0.8544921875 1184673
-0.509765625 -0.16455078125 0.841796875 1184959
-0.509765625 -0.16455078125 0.841796875 1184960
-0.509765625 -0.16455078125 0.841796875 1184962
-0.509765625 -0.16455078125 0.841796875 1184964
-0.51025390625 -0.16943359375 0.8515625 1185076
-0.51025390625 -0.16943359375 0.8515625 1185079
-0.51025390625 -0.16943359375 0.8515625 1185080
-0.51025390625 -0.16943359375 0.8515625 1185082
-0.5068359375 -0.19287109375 0.84765625 1185273
-0.5068359375 -0.19287109375 0.84765625 1185275
-0.5068359375 -0.19287109375 0.84765625 1185276
-0.5068359375 -0.19287109375 0.84765625 1185298
-0.509765625 -0.1650390625 0.83349609375 1185381
-0.509765625 -0.1650390625 0.83349609375 1185386
-0.509765625 -0.1650390625 0.83349609375 1185387
-0.5068359375 -0.22314453125 0.85498046875 1185489
-0.5068359375 -0.22314453125 0.85498046875 1185491
-0.5068359375 -0.22314453125 0.85498046875 1185493
-0.5068359375 -0.22314453125 0.85498046875 1185494
-0.49951171875 -0.15673828125 0.82958984375 1185690
-0.49951171875 -0.15673828125 0.82958984375 1185692
-0.49951171875 -0.15673828125 0.82958984375 1185694
-0.49951171875 -0.15673828125 0.82958984375 1185695
-0.5087890625 -0.162109375 0.86767578125 1185876
-0.5087890625 -0.162109375 0.86767578125 1185878
-0.5087890625 -0.162109375 0.86767578125 1185880
-0.5087890625 -0.162109375 0.86767578125 1185882
-0.494140625 -0.21142578125 0.861328125 1186076
-0.494140625 -0.21142578125 0.861328125 1186078
-0.494140625 -0.21142578125 0.861328125 1186080
-0.494140625 -0.21142578125 0.861328125 1186082
-0.50537109375 -0.16064453125 0.8681640625 1186273
-0.50537109375 -0.16064453125 0.8681640625 1186275
-0.50537109375 -0.16064453125 0.8681640625 1186277
-0.50537109375 -0.16064453125 0.8681640625 1186279
-0.498046875 -0.21826171875 0.86376953125 1186375
-0.498046875 -0.21826171875 0.86376953125 1186378
-0.498046875 -0.21826171875 0.86376953125 1186380
-0.498046875 -0.21826171875 0.86376953125 1186381
-0.50048828125 -0.17138671875 0.83984375 1186476
-0.5048828125 -0.17138671875 0.8671875 1186586
-0.5048828125 -0.17138671875 0.8671875 1186588
-0.5048828125 -0.17138671875 0.8671875 1186590
-0.5048828125 -0.17138671875 0.8671875 1186591
-0.498046875 -0.1845703125 0.85107421875 1186773
-0.498046875 -0.1845703125 0.85107421875 1186785
-0.498046875 -0.1845703125 0.85107421875 1186787
-0.498046875 -0.1845703125 0.85107421875 1186790
-0.5078125 -0.17236328125 0.86376953125 1186874
-0.4970703125 -0.1767578125 0.87353515625 1187003
-0.4970703125 -0.1767578125 0.87353515625 1187005
-0.4970703125 -0.1767578125 0.87353515625 1187007
-0.4970703125 -0.1767578125 0.87353515625 1187008
-0.50048828125 -0.17626953125 0.84521484375 1187190
-0.50048828125 -0.17626953125 0.84521484375 1187192
-0.50048828125 -0.17626953125 0.84521484375 1187194
-0.50048828125 -0.17626953125 0.84521484375 1187195
-0.505859375 -0.18212890625 0.8427734375 1187388
-0.505859375 -0.18212890625 0.8427734375 1187390
-0.505859375 -0.18212890625 0.8427734375 1187392
-0.505859375 -0.18212890625 0.8427734375 1187394
-0.48681640625 -0.19091796875 0.8798828125 1187575
-0.48681640625 -0.19091796875 0.8798828125 1187577
-0.48681640625 -0.19091796875 0.8798828125 1187579
-0.48681640625 -0.19091796875 0.8798828125 1187581
-0.4873046875 -0.1767578125 0.83544921875 1187675
-0.4873046875 -0.1767578125 0.83544921875 1187677
-0.4873046875 -0.1767578125 0.83544921875 1187679
-0.4873046875 -0.1767578125 0.83544921875 1187681
-0.48876953125 -0.21142578125 0.86572265625 1187874
-0.48876953125 -0.21142578125 0.86572265625 1187875
-0.48876953125 -0.21142578125 0.86572265625 1187877
-0.48876953125 -0.21142578125 0.86572265625 1187878
-0.50048828125 -0.17431640625 0.8544921875 1187975
-0.50048828125 -0.17431640625 0.8544921875 1187976
-0.50048828125 -0.17431640625 0.8544921875 1187978
-0.50048828125 -0.17431640625 0.8544921875 1187980
-0.5048828125 -0.15966796875 0.853515625 1188075
-0.5048828125 -0.15966796875 0.853515625 1188076
-0.5048828125 -0.15966796875 0.853515625 1188078
-0.48828125 -0.2109375 0.8583984375 1188174
-0.49560546875 -0.171875 0.85986328125 1188274
-0.49560546875 -0.171875 0.85986328125 1188275
-0.49560546875 -0.171875 0.85986328125 1188277
-0.49560546875 -0.171875 0.85986328125 1188278
-0.50244140625 -0.15478515625 0.8720703125 1188406
-0.50244140625 -0.15478515625 0.8720703125 1188408
-0.50244140625 -0.15478515625 0.8720703125 1188410
-0.50244140625 -0.15478515625 0.8720703125 1188412
-0.4921875 -0.1748046875 0.83935546875 1188576
-0.4921875 -0.1748046875 0.83935546875 1188577
-0.4921875 -0.1748046875 0.83935546875 1188579
-0.4921875 -0.1748046875 0.83935546875 1188580
-0.5107421875 -0.17041015625 0.8515625 1188691
-0.5107421875 -0.17041015625 0.8515625 1188692
-0.5107421875 -0.17041015625 0.8515625 1188694
-0.5107421875 -0.17041015625 0.8515625 1188695
-0.49609375 -0.17578125 0.87109375 1188877
-0.49609375 -0.17578125 0.87109375 1188921
-0.49609375 -0.17578125 0.87109375 1188922
-0.49609375 -0.17578125 0.87109375 1188924
-0.50830078125 -0.1689453125 0.849609375 1188977
-0.49560546875 -0.25048828125 0.84765625 1189078
-0.49560546875 -0.25048828125 0.84765625 1189080
-0.49560546875 -0.25048828125 0.84765625 1189082
-0.49560546875 -0.25048828125 0.84765625 1189084
-0.494140625 -0.18701171875 0.87939453125 1189188
-0.494140625 -0.18701171875 0.87939453125 1189190
-0.494140625 -0.18701171875 0.87939453125 1189192
-0.494140625 -0.18701171875 0.87939453125 1189194
-0.509765625 -0.18017578125 0.830078125 1189294
-0.509765625 -0.18017578125 0.830078125 1189296
-0.509765625 -0.18017578125 0.830078125 1189299
-0.509765625 -0.18017578125 0.830078125 1189301
-0.50537109375 -0.2021484375 0.8671875 1189476
-0.50537109375 -0.2021484375 0.8671875 1189478
-0.50537109375 -0.2021484375 0.8671875 1189480
-0.50537109375 -0.2021484375 0.8671875 1189482
-0.52978515625 -0.21142578125 0.83740234375 1189576
-0.52978515625 -0.21142578125 0.83740234375 1189578
-0.52978515625 -0.21142578125 0.83740234375 1189580
-0.52978515625 -0.21142578125 0.83740234375 1189582
-0.50634765625 -0.27001953125 0.830078125 1189676
-0.50048828125 -0.19873046875 0.86474609375 1189775
-0.50048828125 -0.19873046875 0.86474609375 1189777
-0.50048828125 -0.19873046875 0.86474609375 1189778
-0.51171875 -0.1982421875 0.84375 1189876
-0.51171875 -0.1982421875 0.84375 1189878
-0.51171875 -0.1982421875 0.84375 1189880
-0.51171875 -0.1982421875 0.84375 1189882
-0.49267578125 -0.2490234375 0.8408203125 1189978
-0.49267578125 -0.2490234375 0.8408203125 1189980
-0.49267578125 -0.2490234375 0.8408203125 1189982
-0.49267578125 -0.2490234375 0.8408203125 1189984
-0.51611328125 -0.185546875 0.8671875 1190186
-0.51611328125 -0.185546875 0.8671875 1190188
-0.51611328125 -0.185546875 0.8671875 1190190
-0.51611328125 -0.185546875 0.8671875 1190191
-0.4541015625 -0.09326171875 0.85009765625 1190380
-0.4541015625 -0.09326171875 0.85009765625 1190382
-0.4541015625 -0.09326171875 0.85009765625 1190384
-0.4541015625 -0.09326171875 0.85009765625 1190386
-0.49658203125 -0.17041015625 0.9033203125 1190592
-0.49658203125 -0.17041015625 0.9033203125 1190594
-0.49658203125 -0.17041015625 0.9033203125 1190596
-0.49658203125 -0.17041015625 0.9033203125 1190598
-0.49560546875 -0.162109375 0.876953125 1190776
-0.49560546875 -0.162109375 0.876953125 1190778
-0.49560546875 -0.162109375 0.876953125 1190779
-0.49560546875 -0.162109375 0.876953125 1190781
-0.5029296875 -0.14697265625 0.85595703125 1190880
-0.5029296875 -0.14697265625 0.85595703125 1190882
-0.5029296875 -0.14697265625 0.85595703125 1190884
-0.5029296875 -0.14697265625 0.85595703125 1190886
-0.47119140625 -0.13037109375 0.837890625 1190983
-0.47119140625 -0.13037109375 0.837890625 1190985
-0.47119140625 -0.13037109375 0.837890625 1190987
-0.47119140625 -0.13037109375 0.837890625 1190989
-0.49609375 -0.1396484375 0.90478515625 1191178
-0.49609375 -0.1396484375 0.90478515625 1191180
-0.49609375 -0.1396484375 0.90478515625 1191182
-0.49609375 -0.1396484375 0.90478515625 1191183
-0.49755859375 -0.1259765625 0.8681640625 1191316
-0.49755859375 -0.1259765625 0.8681640625 1191318
-0.49755859375 -0.1259765625 0.8681640625 1191319
-0.49755859375 -0.1259765625 0.8681640625 1191321
-0.501953125 -0.18408203125 0.89306640625 1191578
-0.501953125 -0.18408203125 0.89306640625 1191580
-0.501953125 -0.18408203125 0.89306640625 1191582
-0.501953125 -0.18408203125 0.89306640625 1191583
-0.537109375 -0.17822265625 0.86962890625 1191795
-0.537109375 -0.17822265625 0.86962890625 1191798
-0.537109375 -0.17822265625 0.86962890625 1191800
-0.537109375 -0.17822265625 0.86962890625 1191809
-0.57470703125 -0.26513671875 0.890625 1191978
-0.57470703125 -0.26513671875 0.890625 1191983
-0.57470703125 -0.26513671875 0.890625 1191985
-0.57470703125 -0.26513671875 0.890625 1191988
-0.54296875 -0.08447265625 0.86328125 1192178
-0.54296875 -0.08447265625 0.86328125 1192180
-0.54296875 -0.08447265625 0.86328125 1192182
-0.54296875 -0.08447265625 0.86328125 1192184
-0.6689453125 0.0478515625 0.8486328125 1192416
-0.6689453125 0.0478515625 0.8486328125 1192418
-0.6689453125 0.0478515625 0.8486328125 1192420
-0.6689453125 0.0478515625 0.8486328125 1192422
-0.5498046875 -0.10888671875 0.77099609375 1192586
-0.5498046875 -0.10888671875 0.77099609375 1192588
-0.5498046875 -0.10888671875 0.77099609375 1192590
-0.5498046875 -0.10888671875 0.77099609375 1192591
-0.744140625 0.11669921875 0.80322265625 1192777
-0.744140625 0.11669921875 0.80322265625 1192778
-0.744140625 0.11669921875 0.80322265625 1192780
-0.744140625 0.11669921875 0.80322265625 1192782
-0.66796875 0.18505859375 0.8955078125 1192877
-0.66796875 0.18505859375 0.8955078125 1192879
-0.66796875 0.18505859375 0.8955078125 1192882
-0.66796875 0.18505859375 0.8955078125 1192884
-0.5732421875 0.15625 0.87890625 1192991
-0.5732421875 0.15625 0.87890625 1192993
-0.5732421875 0.15625 0.87890625 1192997
-0.5732421875 0.15625 0.87890625 1192999
-0.51611328125 -0.087890625 0.5595703125 1193208
-0.51611328125 -0.087890625 0.5595703125 1193210
-0.51611328125 -0.087890625 0.5595703125 1193212
-0.51611328125 -0.087890625 0.5595703125 1193214
-0.48095703125 -0.0517578125 0.82666015625 1193378
-0.48095703125 -0.0517578125 0.82666015625 1193379
-0.48095703125 -0.0517578125 0.82666015625 1193380
-0.48095703125 -0.0517578125 0.82666015625 1193382
-0.53125 -0.103515625 0.81396484375 1193489
-0.53125 -0.103515625 0.81396484375 1193491
-0.53125 -0.103515625 0.81396484375 1193493
-0.53125 -0.103515625 0.81396484375 1193518
-0.43994140625 -0.20361328125 0.7373046875 1193678
-0.43994140625 -0.20361328125 0.7373046875 1193680
-0.43994140625 -0.20361328125 0.7373046875 1193682
-0.43994140625 -0.20361328125 0.7373046875 1193683
-0.54833984375 -0.17626953125 0.97021484375 1193802
-0.54833984375 -0.17626953125 0.97021484375 1193804
-0.54833984375 -0.17626953125 0.97021484375 1193806
-0.54833984375 -0.17626953125 0.97021484375 1193808
-0.40625 -0.24658203125 0.94189453125 1193978
-0.40625 -0.24658203125 0.94189453125 1193980
-0.40625 -0.24658203125 0.94189453125 1193982
-0.40625 -0.24658203125 0.94189453125 1193984
-0.50830078125 -0.064453125 1.0322265625 1194078
-0.4501953125 -0.16748046875 0.8828125 1194179
-0.4501953125 -0.16748046875 0.8828125 1194181
-0.4501953125 -0.16748046875 0.8828125 1194182
-0.4501953125 -0.16748046875 0.8828125 1194184
-0.34521484375 -0.3095703125 0.91455078125 1194318
-0.34521484375 -0.3095703125 0.91455078125 1194319
-0.34521484375 -0.3095703125 0.91455078125 1194321
-0.34521484375 -0.3095703125 0.91455078125 1194322
-0.3740234375 -0.38134765625 0.80126953125 1194478
-0.3740234375 -0.38134765625 0.80126953125 1194480
-0.3740234375 -0.38134765625 0.80126953125 1194481
-0.3740234375 -0.38134765625 0.80126953125 1194483
-0.3388671875 -0.33984375 0.94140625 1194580
-0.3388671875 -0.33984375 0.94140625 1194582
-0.3388671875 -0.33984375 0.94140625 1194616
-0.3388671875 -0.33984375 0.94140625 1194620
-0.39306640625 -0.349609375 0.7529296875 1194709
-0.39306640625 -0.349609375 0.7529296875 1194711
-0.42724609375 -0.333984375 0.94091796875 1194779
-0.42724609375 -0.333984375 0.94091796875 1194780
-0.43798828125 -0.30078125 0.74658203125 1194880
-0.43798828125 -0.30078125 0.74658203125 1194882
-0.43798828125 -0.30078125 0.74658203125 1194884
-0.43798828125 -0.30078125 0.74658203125 1194886
-0.435546875 -0.30419921875 0.98388671875 1195002
-0.435546875 -0.30419921875 0.98388671875 1195004
-0.435546875 -0.30419921875 0.98388671875 1195006
-0.435546875 -0.30419921875 0.98388671875 1195008
-0.3974609375 -0.32421875 0.951171875 1195180
-0.3974609375 -0.32421875 0.951171875 1195182
-0.3974609375 -0.32421875 0.951171875 1195184
-0.3974609375 -0.32421875 0.951171875 1195185
-0.4638671875 -0.22216796875 1.02734375 1195299
-0.4638671875 -0.22216796875 1.02734375 1195301
-0.4638671875 -0.22216796875 1.02734375 1195303
-0.4638671875 -0.22216796875 1.02734375 1195304
-0.2568359375 -0.4609375 0.87060546875 1195479
-0.2568359375 -0.4609375 0.87060546875 1195482
-0.2568359375 -0.4609375 0.87060546875 1195484
-0.2568359375 -0.4609375 0.87060546875 1195486
-0.37744140625 -0.44140625 0.7119140625 1195696
-0.37744140625 -0.44140625 0.7119140625 1195698
-0.37744140625 -0.44140625 0.7119140625 1195699
-0.37744140625 -0.44140625 0.7119140625 1195700
-0.560546875 -0.23095703125 0.830078125 1195878
-0.560546875 -0.23095703125 0.830078125 1195880
-0.560546875 -0.23095703125 0.830078125 1195882
-0.560546875 -0.23095703125 0.830078125 1195884
-0.5732421875 -0.212890625 0.84716796875 1196096
-0.5732421875 -0.212890625 0.84716796875 1196098
-0.5732421875 -0.212890625 0.84716796875 1196100
-0.5732421875 -0.212890625 0.84716796875 1196102
-0.70947265625 -0.115234375 0.724609375 1196279
-0.70947265625 -0.115234375 0.724609375 1196281
-0.70947265625 -0.115234375 0.724609375 1196283
-0.70947265625 -0.115234375 0.724609375 1196285
-0.80078125 0.0390625 0.83837890625 1196379
-0.80078125 0.0390625 0.83837890625 1196381
-0.80078125 0.0390625 0.83837890625 1196383
-0.80078125 0.0390625 0.83837890625 1196385
-0.59375 -0.09130859375 0.84423828125 1196482
-0.59375 -0.09130859375 0.84423828125 1196484
-0.59375 -0.09130859375 0.84423828125 1196485
-0.59375 -0.09130859375 0.84423828125 1196487
-0.48486328125 -0.3330078125 0.79248046875 1196679
-0.48486328125 -0.3330078125 0.79248046875 1196681
-0.48486328125 -0.3330078125 0.79248046875 1196704
-0.48486328125 -0.3330078125 0.79248046875 1196705
-0.56298828125 -0.3359375 0.66552734375 1196779
-0.5244140625 -0.33251953125 0.81494140625 1196880
-0.5244140625 -0.33251953125 0.81494140625 1196882
-0.5244140625 -0.33251953125 0.81494140625 1196885
-0.5244140625 -0.33251953125 0.81494140625 1196887
-0.5107421875 -0.31591796875 0.7861328125 1196997
-0.5107421875 -0.31591796875 0.7861328125 1197000
-0.5107421875 -0.31591796875 0.7861328125 1197004
-0.5107421875 -0.31591796875 0.7861328125 1197005
-0.49609375 -0.3427734375 0.7529296875 1197196
-0.49609375 -0.3427734375 0.7529296875 1197198
-0.49609375 -0.3427734375 0.7529296875 1197200
-0.49609375 -0.3427734375 0.7529296875 1197202
-0.65625 -0.1015625 0.7236328125 1197379
-0.65625 -0.1015625 0.7236328125 1197381
-0.65625 -0.1015625 0.7236328125 1197383
-0.65625 -0.1015625 0.7236328125 1197385
-0.732421875 0.0712890625 0.8525390625 1197580
-0.732421875 0.0712890625 0.8525390625 1197582
-0.732421875 0.0712890625 0.8525390625 1197584
-0.732421875 0.0712890625 0.8525390625 1197586
-0.64501953125 0.00439453125 0.83837890625 1197705
-0.64501953125 0.00439453125 0.83837890625 1197707
-0.64501953125 0.00439453125 0.83837890625 1197709
-0.64501953125 0.00439453125 0.83837890625 1197710
-0.48974609375 -0.27685546875 0.79248046875 1197879
-0.48974609375 -0.27685546875 0.79248046875 1197880
-0.48974609375 -0.27685546875 0.79248046875 1197882
-0.48974609375 -0.27685546875 0.79248046875 1197884
-0.49755859375 -0.31201171875 0.7529296875 1197982
-0.49755859375 -0.31201171875 0.7529296875 1197984
-0.49755859375 -0.31201171875 0.7529296875 1197986
-0.49755859375 -0.31201171875 0.7529296875 1197988
-0.49267578125 -0.31689453125 0.8076171875 1198202
-0.49267578125 -0.31689453125 0.8076171875 1198204
-0.49267578125 -0.31689453125 0.8076171875 1198205
-0.49267578125 -0.31689453125 0.8076171875 1198206
-0.47998046875 -0.14404296875 0.96484375 1198380
-0.47998046875 -0.14404296875 0.96484375 1198382
-0.47998046875 -0.14404296875 0.96484375 1198384
-0.47998046875 -0.14404296875 0.96484375 1198386
-0.49072265625 -0.17236328125 0.845703125 1198482
-0.49072265625 -0.17236328125 0.845703125 1198484
-0.49072265625 -0.17236328125 0.845703125 1198485
-0.49072265625 -0.17236328125 0.845703125 1198487
-0.5322265625 -0.193359375 0.7958984375 1198584
-0.5322265625 -0.193359375 0.7958984375 1198586
-0.5322265625 -0.193359375 0.7958984375 1198588
-0.5322265625 -0.193359375 0.7958984375 1198590
-0.4677734375 -0.19873046875 0.828125 1198688
-0.4677734375 -0.19873046875 0.828125 1198690
-0.4677734375 -0.19873046875 0.828125 1198691
-0.4677734375 -0.19873046875 0.828125 1198693
-0.37939453125 -0.1396484375 1.048828125 1198895
-0.37939453125 -0.1396484375 1.048828125 1198897
-0.37939453125 -0.1396484375 1.048828125 1198899
-0.37939453125 -0.1396484375 1.048828125 1198901
-0.57763671875 -0.0869140625 0.8095703125 1199088
-0.57763671875 -0.0869140625 0.8095703125 1199089
-0.57763671875 -0.0869140625 0.8095703125 1199091
-0.57763671875 -0.0869140625 0.8095703125 1199092
-0.41650390625 -0.26708984375 0.82373046875 1199296
-0.41650390625 -0.26708984375 0.82373046875 1199299
-0.41650390625 -0.26708984375 0.82373046875 1199301
-0.41650390625 -0.26708984375 0.82373046875 1199302
-0.35546875 -0.263671875 0.9384765625 1199481
-0.35546875 -0.263671875 0.9384765625 1199483
-0.35546875 -0.263671875 0.9384765625 1199485
-0.35546875 -0.263671875 0.9384765625 1199487
-0.40087890625 -0.24951171875 0.90185546875 1199612
-0.40087890625 -0.24951171875 0.90185546875 1199614
-0.40087890625 -0.24951171875 0.90185546875 1199616
-0.40087890625 -0.24951171875 0.90185546875 1199618
-0.45458984375 -0.25830078125 0.8505859375 1199783
-0.45458984375 -0.25830078125 0.8505859375 1199785
-0.45458984375 -0.25830078125 0.8505859375 1199787
-0.45458984375 -0.25830078125 0.8505859375 1199788
-0.3984375 -0.38671875 0.78662109375 1199981
-0.3984375 -0.38671875 0.78662109375 1199983
-0.3984375 -0.38671875 0.78662109375 1199984
-0.3984375 -0.38671875 0.78662109375 1199986
-0.39404296875 -0.357421875 0.9033203125 1200081
-0.39404296875 -0.357421875 0.9033203125 1200084
-0.39404296875 -0.357421875 0.9033203125 1200086
-0.39404296875 -0.357421875 0.9033203125 1200088
-0.37353515625 -0.3388671875 0.8935546875 1200195
-0.37353515625 -0.3388671875 0.8935546875 1200197
-0.37353515625 -0.3388671875 0.8935546875 1200199
-0.37353515625 -0.3388671875 0.8935546875 1200201
-0.27001953125 -0.3427734375 0.9599609375 1200382
-0.27001953125 -0.3427734375 0.9599609375 1200420
-0.27001953125 -0.3427734375 0.9599609375 1200422
-0.27001953125 -0.3427734375 0.9599609375 1200425
-0.61962890625 -0.03271484375 0.97021484375 1200580
-0.61962890625 -0.03271484375 0.97021484375 1200583
-0.61962890625 -0.03271484375 0.97021484375 1200585
-0.61962890625 -0.03271484375 0.97021484375 1200587
-0.49560546875 -0.23291015625 0.75 1200681
-0.3251953125 -0.4287109375 0.66650390625 1200781
-0.3251953125 -0.4287109375 0.66650390625 1200783
-0.3251953125 -0.4287109375 0.66650390625 1200785
-0.3251953125 -0.4287109375 0.66650390625 1200787
-0.2626953125 -0.3623046875 0.892578125 1200881
-0.2626953125 -0.3623046875 0.892578125 1200883
-0.2626953125 -0.3623046875 0.892578125 1200885
-0.2626953125 -0.3623046875 0.892578125 1200887
-0.27197265625 -0.2861328125 0.78125 1200983
-0.27197265625 -0.2861328125 0.78125 1200986
-0.27197265625 -0.2861328125 0.78125 1201000
-0.158203125 -0.22998046875 0.82861328125 1201082
0.044921875 -0.24609375 1.09130859375 1201197
0.044921875 -0.24609375 1.09130859375 1201199
0.044921875 -0.24609375 1.09130859375 1201201
0.044921875 -0.24609375 1.09130859375 1201203
0.28759765625 -0.232421875 1.02734375 1201383
0.28759765625 -0.232421875 1.02734375 1201386
0.28759765625 -0.232421875 1.02734375 1201387
0.28759765625 -0.232421875 1.02734375 1201389
0.193359375 -0.1572265625 1.037109375 1201507
0.193359375 -0.1572265625 1.037109375 1201508
0.193359375 -0.1572265625 1.037109375 1201510
0.193359375 -0.1572265625 1.037109375 1201511
0.24658203125 -0.17578125 0.939453125 1201686
0.24658203125 -0.17578125 0.939453125 1201688
0.24658203125 -0.17578125 0.939453125 1201690
0.24658203125 -0.17578125 0.939453125 1201692
0.2099609375 -0.1357421875 1.05078125 1201786
0.2099609375 -0.1357421875 1.05078125 1201788
0.2099609375 -0.1357421875 1.05078125 1201790
0.216796875 -0.14794921875 1.01318359375 1201883
0.27685546875 -0.1650390625 0.98974609375 1201996
0.27685546875 -0.1650390625 0.98974609375 1201998
0.27685546875 -0.1650390625 0.98974609375 1202000
0.27685546875 -0.1650390625 0.98974609375 1202002
0.275390625 -0.17919921875 0.98095703125 1202100
0.275390625 -0.17919921875 0.98095703125 1202102
0.275390625 -0.17919921875 0.98095703125 1202104
0.275390625 -0.17919921875 0.98095703125 1202106
0.14453125 -0.2041015625 1.02783203125 1202285
0.14453125 -0.2041015625 1.02783203125 1202287
0.14453125 -0.2041015625 1.02783203125 1202288
0.14453125 -0.2041015625 1.02783203125 1202290
0.1064453125 -0.27734375 0.9853515625 1202482
0.1064453125 -0.27734375 0.9853515625 1202484
0.1064453125 -0.27734375 0.9853515625 1202485
0.1064453125 -0.27734375 0.9853515625 1202487
0.19384765625 -0.16015625 1.00146484375 1202590
0.19384765625 -0.16015625 1.00146484375 1202592
0.19384765625 -0.16015625 1.00146484375 1202609
0.19384765625 -0.16015625 1.00146484375 1202611
0.09619140625 -0.22265625 1.00732421875 1202784
0.09619140625 -0.22265625 1.00732421875 1202786
0.09619140625 -0.22265625 1.00732421875 1202787
0.09619140625 -0.22265625 1.00732421875 1202788
-0.0595703125 -0.201171875 0.982421875 1203019
-0.0595703125 -0.201171875 0.982421875 1203020
-0.0595703125 -0.201171875 0.982421875 1203022
-0.0595703125 -0.201171875 0.982421875 1203024
-0.11279296875 -0.17041015625 1.021484375 1203519
-0.11279296875 -0.17041015625 1.021484375 1203521
-0.11279296875 -0.17041015625 1.021484375 1203523
-0.11279296875 -0.17041015625 1.021484375 1203524
-0.3662109375 -0.2138671875 0.845703125 1203685
-0.3662109375 -0.2138671875 0.845703125 1203686
-0.3662109375 -0.2138671875 0.845703125 1203687
-0.3662109375 -0.2138671875 0.845703125 1203689
-0.4423828125 -0.1357421875 0.92529296875 1203842
-0.4423828125 -0.1357421875 0.92529296875 1203844
-0.4423828125 -0.1357421875 0.92529296875 1203846
-0.4423828125 -0.1357421875 0.92529296875 1203848
-0.27294921875 -0.19140625 0.99365234375 1203986
-0.27294921875 -0.19140625 0.99365234375 1203988
-0.27294921875 -0.19140625 0.99365234375 1203990
-0.27294921875 -0.19140625 0.99365234375 1203993
0.0263671875 -0.2626953125 1.01708984375 1204188
0.0263671875 -0.2626953125 1.01708984375 1204189
0.0263671875 -0.2626953125 1.01708984375 1204191
0.0263671875 -0.2626953125 1.01708984375 1204193
0.13916015625 -0.298828125 0.96826171875 1204383
0.13916015625 -0.298828125 0.96826171875 1204385
0.13916015625 -0.298828125 0.96826171875 1204387
0.13916015625 -0.298828125 0.96826171875 1204388
0.12744140625 -0.3505859375 0.90185546875 1204486
0.12744140625 -0.3505859375 0.90185546875 1204488
0.12744140625 -0.3505859375 0.90185546875 1204490
0.12744140625 -0.3505859375 0.90185546875 1204491
0.083984375 -0.3212890625 1.01025390625 1204691
0.083984375 -0.3212890625 1.01025390625 1204693
0.083984375 -0.3212890625 1.01025390625 1204708
0.083984375 -0.3212890625 1.01025390625 1204710
0.0537109375 -0.32177734375 0.97802734375 1204888
0.0537109375 -0.32177734375 0.97802734375 1204890
0.0537109375 -0.32177734375 0.97802734375 1204891
0.0537109375 -0.32177734375 0.97802734375 1204893
0.0048828125 -0.35302734375 0.91259765625 1205087
0.0048828125 -0.35302734375 0.91259765625 1205088
0.0048828125 -0.35302734375 0.91259765625 1205090
0.0048828125 -0.35302734375 0.91259765625 1205091
0.0087890625 -0.31640625 1 1205299
0.0087890625 -0.31640625 1 1205302
0.0087890625 -0.31640625 1 1205306
0.0087890625 -0.31640625 1 1205308
-0.0830078125 -0.2900390625 0.986328125 1205484
-0.0830078125 -0.2900390625 0.986328125 1205486
-0.0830078125 -0.2900390625 0.986328125 1205487
-0.0830078125 -0.2900390625 0.986328125 1205489
-0.07373046875 -0.26123046875 1.00048828125 1205599
-0.07373046875 -0.26123046875 1.00048828125 1205601
-0.07373046875 -0.26123046875 1.00048828125 1205603
-0.07373046875 -0.26123046875 1.00048828125 1205605
-0.10986328125 -0.23876953125 1.0029296875 1205784
-0.10986328125 -0.23876953125 1.0029296875 1205786
-0.10986328125 -0.23876953125 1.0029296875 1205788
-0.10986328125 -0.23876953125 1.0029296875 1205790
-0.08056640625 -0.1904296875 1.0166015625 1206009
-0.08056640625 -0.1904296875 1.0166015625 1206011
-0.08056640625 -0.1904296875 1.0166015625 1206012
-0.08056640625 -0.1904296875 1.0166015625 1206014
-0.0751953125 -0.18994140625 0.99169921875 1206120
-0.0751953125 -0.18994140625 0.99169921875 1206122
-0.0751953125 -0.18994140625 0.99169921875 1206124
-0.0751953125 -0.18994140625 0.99169921875 1206125
-0.09521484375 -0.1728515625 1.00830078125 1206289
-0.09521484375 -0.1728515625 1.00830078125 1206291
-0.09521484375 -0.1728515625 1.00830078125 1206293
-0.09521484375 -0.1728515625 1.00830078125 1206295
-0.107421875 -0.1572265625 1.01904296875 1206512
-0.107421875 -0.1572265625 1.01904296875 1206514
-0.107421875 -0.1572265625 1.01904296875 1206516
-0.107421875 -0.1572265625 1.01904296875 1206518
-0.12060546875 -0.15380859375 1.0087890625 1206685
-0.12060546875 -0.15380859375 1.0087890625 1206687
-0.12060546875 -0.15380859375 1.0087890625 1206688
-0.12060546875 -0.15380859375 1.0087890625 1206690
-0.12451171875 -0.14697265625 1.005859375 1206786
-0.12451171875 -0.14697265625 1.005859375 1206788
-0.12451171875 -0.14697265625 1.005859375 1206790
-0.12451171875 -0.14697265625 1.005859375 1206791
-0.1123046875 -0.13818359375 1.00732421875 1206899
-0.1123046875 -0.13818359375 1.00732421875 1206901
-0.1123046875 -0.13818359375 1.00732421875 1206903
-0.1123046875 -0.13818359375 1.00732421875 1206904
-0.138671875 -0.1103515625 0.994140625 1207004
-0.138671875 -0.1103515625 0.994140625 1207006
-0.138671875 -0.1103515625 0.994140625 1207009
-0.138671875 -0.1103515625 0.994140625 1207010
-0.06689453125 -0.10498046875 1.02294921875 1207189
-0.06689453125 -0.10498046875 1.02294921875 1207190
-0.06689453125 -0.10498046875 1.02294921875 1207192
-0.06689453125 -0.10498046875 1.02294921875 1207194
-0.0576171875 -0.1201171875 1.01220703125 1207386
-0.0576171875 -0.1201171875 1.01220703125 1207399
-0.0576171875 -0.1201171875 1.01220703125 1207401
-0.0576171875 -0.1201171875 1.01220703125 1207403
-0.009765625 -0.1591796875 1.02685546875 1207585
-0.009765625 -0.1591796875 1.02685546875 1207586
-0.009765625 -0.1591796875 1.02685546875 1207588
-0.009765625 -0.1591796875 1.02685546875 1207589
0.001953125 -0.095703125 1.0361328125 1207685
0.001953125 -0.095703125 1.0361328125 1207687
0.001953125 -0.095703125 1.0361328125 1207688
0.001953125 -0.095703125 1.0361328125 1207690
-0.01513671875 -0.13525390625 1.03955078125 1207785
-0.01513671875 -0.13525390625 1.03955078125 1207787
-0.01513671875 -0.13525390625 1.03955078125 1207789
-0.01513671875 -0.13525390625 1.03955078125 1207791
-0.046875 -0.11962890625 1.013671875 1207891
-0.046875 -0.11962890625 1.013671875 1207893
-0.046875 -0.11962890625 1.013671875 1207895
-0.046875 -0.11962890625 1.013671875 1207897
-0.00537109375 -0.1279296875 1.0302734375 1208016
-0.00537109375 -0.1279296875 1.0302734375 1208018
-0.00537109375 -0.1279296875 1.0302734375 1208020
-0.00537109375 -0.1279296875 1.0302734375 1208022
-0.02490234375 -0.12646484375 1.06005859375 1208675
-0.02490234375 -0.12646484375 1.06005859375 1208677
-0.02490234375 -0.12646484375 1.06005859375 1208679
-0.02490234375 -0.12646484375 1.06005859375 1208681
0.19189453125 -0.30712890625 0.970703125 1208799
0.19189453125 -0.30712890625 0.970703125 1208802
0.19189453125 -0.30712890625 0.970703125 1208804
0.19189453125 -0.30712890625 0.970703125 1208806
0.19873046875 -0.32958984375 0.96337890625 1208994
0.19873046875 -0.32958984375 0.96337890625 1208996
0.19873046875 -0.32958984375 0.96337890625 1208998
0.19873046875 -0.32958984375 0.96337890625 1209021
0.17724609375 -0.3515625 0.95166015625 1209114
0.17724609375 -0.3515625 0.95166015625 1209115
0.17724609375 -0.3515625 0.95166015625 1209117
0.15966796875 -0.36767578125 0.9501953125 1209224
0.15966796875 -0.36767578125 0.9501953125 1209227
0.15966796875 -0.36767578125 0.9501953125 1209229
0.15966796875 -0.36767578125 0.9501953125 1209232
0.1796875 -0.3779296875 0.92431640625 1209336
0.1796875 -0.3779296875 0.92431640625 1209338
0.1796875 -0.3779296875 0.92431640625 1209339
0.1796875 -0.3779296875 0.92431640625 1209341
0.16455078125 -0.34521484375 0.9580078125 1209489
0.16455078125 -0.34521484375 0.9580078125 1209491
0.16455078125 -0.34521484375 0.9580078125 1209515
0.16455078125 -0.34521484375 0.9580078125 1209517
0.14794921875 -0.34423828125 0.958984375 1209589
0.1357421875 -0.326171875 0.9716796875 1209701
0.1357421875 -0.326171875 0.9716796875 1209704
0.1357421875 -0.326171875 0.9716796875 1209706
0.1357421875 -0.326171875 0.9716796875 1209708
0.11376953125 -0.23486328125 0.9482421875 1209889
0.11376953125 -0.23486328125 0.9482421875 1209891
0.11376953125 -0.23486328125 0.9482421875 1209893
0.11376953125 -0.23486328125 0.9482421875 1209895
0.12255859375 -0.2265625 1.03369140625 1210009
0.12255859375 -0.2265625 1.03369140625 1210011
0.12255859375 -0.2265625 1.03369140625 1210013
0.12255859375 -0.2265625 1.03369140625 1210015
0.109375 -0.21875 1.00390625 1210270
0.109375 -0.21875 1.00390625 1210271
0.109375 -0.21875 1.00390625 1210273
0.109375 -0.21875 1.00390625 1210274
0.14013671875 -0.1748046875 1.01708984375 1210398
0.14013671875 -0.1748046875 1.01708984375 1210400
0.14013671875 -0.1748046875 1.01708984375 1210402
0.14013671875 -0.1748046875 1.01708984375 1210404
0.16015625 -0.15576171875 0.9970703125 1210743
0.16015625 -0.15576171875 0.9970703125 1210744
0.16015625 -0.15576171875 0.9970703125 1210746
0.16015625 -0.15576171875 0.9970703125 1210747
0.24609375 -0.08740234375 1.0107421875 1210892
0.24609375 -0.08740234375 1.0107421875 1210894
0.24609375 -0.08740234375 1.0107421875 1210896
0.24609375 -0.08740234375 1.0107421875 1210898
0.39794921875 -0.1064453125 0.96435546875 1211003
0.39794921875 -0.1064453125 0.96435546875 1211004
0.39794921875 -0.1064453125 0.96435546875 1211006
0.39794921875 -0.1064453125 0.96435546875 1211007
0.66455078125 0.0302734375 0.80859375 1211194
0.66455078125 0.0302734375 0.80859375 1211217
0.66455078125 0.0302734375 0.80859375 1211219
0.66455078125 0.0302734375 0.80859375 1211221
0.71240234375 0.02392578125 0.82177734375 1211304
0.65283203125 -0.03857421875 0.79736328125 1211391
0.65283203125 -0.03857421875 0.79736328125 1211393
0.65283203125 -0.03857421875 0.79736328125 1211395
0.6484375 -0.03759765625 0.82080078125 1211494
0.6484375 -0.03759765625 0.82080078125 1211496
0.6484375 -0.03759765625 0.82080078125 1211498
0.6484375 -0.03759765625 0.82080078125 1211499
0.8125 -0.0068359375 0.6953125 1211627
0.8125 -0.0068359375 0.6953125 1211629
0.8125 -0.0068359375 0.6953125 1211631
0.8125 -0.0068359375 0.6953125 1211633
0.9580078125 0.10400390625 -0.07861328125 1211791
0.9580078125 0.10400390625 -0.07861328125 1211793
0.9580078125 0.10400390625 -0.07861328125 1211794
0.9580078125 0.10400390625 -0.07861328125 1211796
0.888671875 0.12548828125 -0.46240234375 1211991
0.888671875 0.12548828125 -0.46240234375 1211993
0.888671875 0.12548828125 -0.46240234375 1211995
0.888671875 0.12548828125 -0.46240234375 1211996
0.90283203125 0.12451171875 -0.45751953125 1212155
0.90283203125 0.12451171875 -0.45751953125 1212156
0.90283203125 0.12451171875 -0.45751953125 1212158
0.90283203125 0.12451171875 -0.45751953125 1212159
0.96923828125 0.13427734375 -0.291015625 1212292
0.96923828125 0.13427734375 -0.291015625 1212294
0.96923828125 0.13427734375 -0.291015625 1212296
0.96923828125 0.13427734375 -0.291015625 1212298
0.97705078125 0.15087890625 -0.2470703125 1212392
0.97705078125 0.15087890625 -0.2470703125 1212394
0.97705078125 0.15087890625 -0.2470703125 1212396
0.9873046875 0.16552734375 -0.2255859375 1212501
0.9873046875 0.16552734375 -0.2255859375 1212503
0.9873046875 0.16552734375 -0.2255859375 1212504
0.9873046875 0.16552734375 -0.2255859375 1212506
1.00341796875 0.193359375 -0.12158203125 1212612
1.00341796875 0.193359375 -0.12158203125 1212615
1.00341796875 0.193359375 -0.12158203125 1212618
1.00341796875 0.193359375 -0.12158203125 1212620
0.94287109375 0.1943359375 0.36865234375 1212790
0.94287109375 0.1943359375 0.36865234375 1212792
0.94287109375 0.1943359375 0.36865234375 1212794
0.94287109375 0.1943359375 0.36865234375 1212796
0.9775390625 0.228515625 0.3271484375 1212996
0.9775390625 0.228515625 0.3271484375 1212998
0.9775390625 0.228515625 0.3271484375 1213000
0.9775390625 0.228515625 0.3271484375 1213002
0.89501953125 0.06689453125 0.63671875 1213190
0.89501953125 0.06689453125 0.63671875 1213192
0.89501953125 0.06689453125 0.63671875 1213194
0.89501953125 0.06689453125 0.63671875 1213195
0.69677734375 0.02001953125 0.77001953125 1213298
0.69677734375 0.02001953125 0.77001953125 1213300
0.69677734375 0.02001953125 0.77001953125 1213302
0.69677734375 0.02001953125 0.77001953125 1213303
0.65966796875 0.00146484375 0.78955078125 1213410
0.65966796875 0.00146484375 0.78955078125 1213412
0.65966796875 0.00146484375 0.78955078125 1213414
0.65966796875 0.00146484375 0.78955078125 1213416
0.67333984375 0.03173828125 0.81103515625 1213618
0.67333984375 0.03173828125 0.81103515625 1213621
0.67333984375 0.03173828125 0.81103515625 1213623
0.67333984375 0.03173828125 0.81103515625 1213625
0.5888671875 -0.0029296875 0.85986328125 1213793
0.5888671875 -0.0029296875 0.85986328125 1213795
0.5888671875 -0.0029296875 0.85986328125 1213797
0.5888671875 -0.0029296875 0.85986328125 1213798
0.5791015625 -0.01171875 0.865234375 1213992
0.5791015625 -0.01171875 0.865234375 1213994
0.5791015625 -0.01171875 0.865234375 1213995
0.5791015625 -0.01171875 0.865234375 1213997
0.5830078125 0 0.8583984375 1214101
0.5830078125 0 0.8583984375 1214105
0.5830078125 0 0.8583984375 1214107
0.5830078125 0 0.8583984375 1214110
0.57958984375 -0.00244140625 0.86572265625 1214210
0.57958984375 -0.00244140625 0.86572265625 1214212
0.57958984375 -0.00244140625 0.86572265625 1214214
0.57958984375 -0.00244140625 0.86572265625 1214215
0.56103515625 -0.0263671875 0.87255859375 1214392
0.56103515625 -0.0263671875 0.87255859375 1214394
0.56103515625 -0.0263671875 0.87255859375 1214395
0.56103515625 -0.0263671875 0.87255859375 1214397
0.55078125 -0.029296875 0.87255859375 1214567
0.55078125 -0.029296875 0.87255859375 1214569
0.55078125 -0.029296875 0.87255859375 1214570
0.55078125 -0.029296875 0.87255859375 1214572
0.5595703125 -0.0224609375 0.873046875 1214776
0.5595703125 -0.0224609375 0.873046875 1214778
0.5595703125 -0.0224609375 0.873046875 1214780
0.5595703125 -0.0224609375 0.873046875 1214782
0.5625 -0.01708984375 0.87646484375 1214912
0.5625 -0.01708984375 0.87646484375 1214914
0.5625 -0.01708984375 0.87646484375 1214916
0.5625 -0.01708984375 0.87646484375 1214917
0.55517578125 -0.02783203125 0.8798828125 1215149
0.55517578125 -0.02783203125 0.8798828125 1215150
0.55517578125 -0.02783203125 0.8798828125 1215152
0.55517578125 -0.02783203125 0.8798828125 1215153
0.55517578125 -0.02880859375 0.88427734375 1215291
0.55517578125 -0.02880859375 0.88427734375 1215293
0.55517578125 -0.02880859375 0.88427734375 1215294
0.55517578125 -0.02880859375 0.88427734375 1215295
0.53955078125 -0.03515625 0.892578125 1215396
0.53955078125 -0.03515625 0.892578125 1215398
0.53955078125 -0.03515625 0.892578125 1215399
0.53955078125 -0.03515625 0.892578125 1215401
0.54736328125 -0.0341796875 0.87890625 1215505
0.54736328125 -0.0341796875 0.87890625 1215507
0.54736328125 -0.0341796875 0.87890625 1215508
0.54736328125 -0.0341796875 0.87890625 1215510
0.55712890625 -0.03271484375 0.87939453125 1215650
0.55712890625 -0.03271484375 0.87939453125 1215652
0.55712890625 -0.03271484375 0.87939453125 1215653
0.55712890625 -0.03271484375 0.87939453125 1215655
0.5322265625 -0.0263671875 0.8876953125 1215790
0.5322265625 -0.0263671875 0.8876953125 1215792
0.5322265625 -0.0263671875 0.8876953125 1215794
0.5322265625 -0.0263671875 0.8876953125 1215795
0.55322265625 -0.03955078125 0.8818359375 1215896
0.55322265625 -0.03955078125 0.8818359375 1215898
0.55322265625 -0.03955078125 0.8818359375 1215899
0.55322265625 -0.03955078125 0.8818359375 1215901
0.52978515625 -0.03271484375 0.888671875 1216090
0.52978515625 -0.03271484375 0.888671875 1216092
0.52978515625 -0.03271484375 0.888671875 1216093
0.52978515625 -0.03271484375 0.888671875 1216095
0.525390625 -0.04296875 0.890625 1216201
0.525390625 -0.04296875 0.890625 1216203
0.525390625 -0.04296875 0.890625 1216204
0.525390625 -0.04296875 0.890625 1216229
0.52783203125 -0.03955078125 0.89697265625 1216390
0.52783203125 -0.03955078125 0.89697265625 1216392
0.52783203125 -0.03955078125 0.89697265625 1216394
0.52783203125 -0.03955078125 0.89697265625 1216395
0.53955078125 -0.0380859375 0.884765625 1216490
0.53955078125 -0.0380859375 0.884765625 1216492
0.53955078125 -0.0380859375 0.884765625 1216494
0.53955078125 -0.0380859375 0.884765625 1216496
0.52294921875 -0.03515625 0.900390625 1216592
0.52294921875 -0.03515625 0.900390625 1216593
0.52294921875 -0.03515625 0.900390625 1216595
0.4716796875 -0.0712890625 0.9013671875 1216725
0.4716796875 -0.0712890625 0.9013671875 1216727
0.4716796875 -0.0712890625 0.9013671875 1216729
0.4716796875 -0.0712890625 0.9013671875 1216731
0.52978515625 0.00146484375 0.90869140625 1216893
0.52978515625 0.00146484375 0.90869140625 1216895
0.52978515625 0.00146484375 0.90869140625 1216897
0.52978515625 0.00146484375 0.90869140625 1216899
0.5224609375 0.0009765625 0.89306640625 1217006
0.5224609375 0.0009765625 0.89306640625 1217008
0.5224609375 0.0009765625 0.89306640625 1217010
0.5224609375 0.0009765625 0.89306640625 1217012
0.5244140625 0.0029296875 0.89599609375 1217191
0.5244140625 0.0029296875 0.89599609375 1217231
0.5244140625 0.0029296875 0.89599609375 1217233
0.5244140625 0.0029296875 0.89599609375 1217234
0.6240234375 -0.0458984375 0.8125 1217391
0.6240234375 -0.0458984375 0.8125 1217393
0.6240234375 -0.0458984375 0.8125 1217394
0.6240234375 -0.0458984375 0.8125 1217396
0.67822265625 -0.03564453125 0.78466796875 1217497
0.67822265625 -0.03564453125 0.78466796875 1217498
0.67822265625 -0.03564453125 0.78466796875 1217500
0.67822265625 -0.03564453125 0.78466796875 1217502
0.822265625 -0.0439453125 0.5908203125 1217691
0.822265625 -0.0439453125 0.5908203125 1217693
0.822265625 -0.0439453125 0.5908203125 1217694
0.822265625 -0.0439453125 0.5908203125 1217696
0.89599609375 -0.05322265625 0.5244140625 1217796
0.89599609375 -0.05322265625 0.5244140625 1217798
0.89599609375 -0.05322265625 0.5244140625 1217800
0.89599609375 -0.05322265625 0.5244140625 1217802
0.96142578125 -0.0615234375 0.35595703125 1217995
0.96142578125 -0.0615234375 0.35595703125 1217997
0.96142578125 -0.0615234375 0.35595703125 1217998
0.96142578125 -0.0615234375 0.35595703125 1218000
1.00146484375 -0.05517578125 0.32763671875 1218105
1.00146484375 -0.05517578125 0.32763671875 1218107
1.00146484375 -0.05517578125 0.32763671875 1218108
1.00146484375 -0.05517578125 0.32763671875 1218110
1.00439453125 0.02294921875 0.14599609375 1218290
1.00439453125 0.02294921875 0.14599609375 1218291
1.00439453125 0.02294921875 0.14599609375 1218293
1.00439453125 0.02294921875 0.14599609375 1218294
1.02685546875 0.0283203125 0.08642578125 1218390
1.02685546875 0.0283203125 0.08642578125 1218392
1.02685546875 0.0283203125 0.08642578125 1218393
1.02685546875 0.0283203125 0.08642578125 1218395
1.044921875 0.02099609375 0.03076171875 1218491
1.044921875 0.02099609375 0.03076171875 1218493
1.044921875 0.02099609375 0.03076171875 1218495
1.044921875 0.02099609375 0.03076171875 1218497
0.99560546875 0.021484375 -0.16796875 1218592
0.99560546875 0.021484375 -0.16796875 1218594
0.99560546875 0.021484375 -0.16796875 1218596
0.99560546875 0.021484375 -0.16796875 1218598
0.92236328125 0.12890625 -0.41064453125 1218790
0.92236328125 0.12890625 -0.41064453125 1218792
0.92236328125 0.12890625 -0.41064453125 1218794
0.92236328125 0.12890625 -0.41064453125 1218795
0.8828125 0.12353515625 -0.54736328125 1218991
0.8828125 0.12353515625 -0.54736328125 1218993
0.8828125 0.12353515625 -0.54736328125 1218994
0.8828125 0.12353515625 -0.54736328125 1218996
0.76416015625 0.15283203125 -0.619140625 1219212
0.76416015625 0.15283203125 -0.619140625 1219215
0.76416015625 0.15283203125 -0.619140625 1219217
0.76416015625 0.15283203125 -0.619140625 1219230
0.70751953125 0.14697265625 -0.69873046875 1219394
0.70751953125 0.14697265625 -0.69873046875 1219395
0.70751953125 0.14697265625 -0.69873046875 1219397
0.70751953125 0.14697265625 -0.69873046875 1219398
0.6533203125 0.13232421875 -0.78076171875 1219592
0.6533203125 0.13232421875 -0.78076171875 1219593
0.6533203125 0.13232421875 -0.78076171875 1219595
0.6533203125 0.13232421875 -0.78076171875 1219597
0.61474609375 0.12841796875 -0.8203125 1219792
0.61474609375 0.12841796875 -0.8203125 1219794
0.61474609375 0.12841796875 -0.8203125 1219796
0.61474609375 0.12841796875 -0.8203125 1219798
0.56103515625 0.134765625 -0.83154296875 1219992
0.56103515625 0.134765625 -0.83154296875 1219993
0.56103515625 0.134765625 -0.83154296875 1219996
0.56103515625 0.134765625 -0.83154296875 1219998
0.529296875 0.14208984375 -0.796875 1220191
0.529296875 0.14208984375 -0.796875 1220193
0.529296875 0.14208984375 -0.796875 1220195
0.529296875 0.14208984375 -0.796875 1220196
0.61865234375 0.13671875 -0.80078125 1220300
0.61865234375 0.13671875 -0.80078125 1220314
0.61865234375 0.13671875 -0.80078125 1220316
0.61865234375 0.13671875 -0.80078125 1220317
0.5498046875 0.115234375 -0.845703125 1220491
0.5498046875 0.115234375 -0.845703125 1220493
0.5498046875 0.115234375 -0.845703125 1220495
0.5498046875 0.115234375 -0.845703125 1220497
0.54638671875 0.12890625 -0.82470703125 1220592
0.529296875 0.123046875 -0.83935546875 1220693
0.529296875 0.123046875 -0.83935546875 1220695
0.529296875 0.123046875 -0.83935546875 1220697
0.529296875 0.123046875 -0.83935546875 1220698
0.5322265625 0.14990234375 -0.8330078125 1220804
0.5322265625 0.14990234375 -0.8330078125 1220807
0.5322265625 0.14990234375 -0.8330078125 1220808
0.5322265625 0.14990234375 -0.8330078125 1220810
0.51904296875 0.126953125 -0.81396484375 1220992
0.51904296875 0.126953125 -0.81396484375 1220993
0.51904296875 0.126953125 -0.81396484375 1220995
0.51904296875 0.126953125 -0.81396484375 1220997
0.49365234375 0.1005859375 -0.85400390625 1221093
0.49365234375 0.1005859375 -0.85400390625 1221095
0.49365234375 0.1005859375 -0.85400390625 1221096
0.49365234375 0.1005859375 -0.85400390625 1221098
0.47900390625 0.0634765625 -0.89111328125 1221196
0.47900390625 0.0634765625 -0.89111328125 1221197
0.47900390625 0.0634765625 -0.89111328125 1221199
0.47900390625 0.0634765625 -0.89111328125 1221200
0.490234375 0.00927734375 -0.8720703125 1221306
0.490234375 0.00927734375 -0.8720703125 1221308
0.490234375 0.00927734375 -0.8720703125 1221309
0.490234375 0.00927734375 -0.8720703125 1221311
0.42578125 -0.07421875 -0.91357421875 1221491
0.42578125 -0.07421875 -0.91357421875 1221493
0.42578125 -0.07421875 -0.91357421875 1221494
0.42578125 -0.07421875 -0.91357421875 1221496
