521 1680088
512 1680140
511 1680164
510 1680208
510 1680213
513 1680216
512 1680219
511 1680222
509 1680225
511 1680228
511 1680231
511 1680234
510 1680238
510 1680241
510 1680244
510 1680247
510 1680251
512 1680254
511 1680257
511 1680261
511 1680265
512 1680269
510 1680273
512 1680278
511 1680282
510 1680286
510 1680290
510 1680294
511 1680298
510 1680301
510 1680305
509 1680308
511 1680312
511 1680316
510 1680320
511 1680323
510 1680327
513 1680331
511 1680336
511 1680340
510 1680343
512 1680346
517 1680350
510 1680354
462 1680359
528 1680363
513 1680367
512 1680370
496 1680373
505 1680376
514 1680380
509 1680383
507 1680386
509 1680390
514 1680393
511 1680397
511 1680402
508 1680405
509 1680410
512 1680414
512 1680418
512 1680421
507 1680424
511 1680427
507 1680431
512 1680435
512 1680439
511 1680442
510 1680445
510 1680449
511 1680453
511 1680456
511 1680459
513 1680464
511 1680468
512 1680471
509 1680474
513 1680478
508 1680482
510 1680485
512 1680488
513 1680494
510 1680497
509 1680501
512 1680504
511 1680508
511 1680512
510 1680515
510 1680518
510 1680522
510 1680526
511 1680530
511 1680534
511 1680538
511 1680543
510 1680547
511 1680551
509 1680597
511 1680601
511 1680615
511 1680621
511 1680624
511 1680627
511 1680631
511 1680635
511 1680638
511 1680642
509 1680645
509 1680649
511 1680653
511 1680656
511 1680662
511 1680666
511 1680669
511 1680674
510 1680678
511 1680682
511 1680686
512 1680691
511 1680694
513 1680700
511 1680714
509 1680719
510 1680733
512 1680769
511 1680773
512 1680777
510 1680781
509 1680801
511 1680806
509 1680810
509 1680814
512 1680825
510 1680831
509 1680837
510 1680856
511 1680859
509 1680868
510 1680893
511 1680918
511 1680922
511 1680931
510 1680937
511 1680940
512 1680943
511 1680967
515 1680973
491 1680977
507 1680997
492 1681003
495 1681007
514 1681027
517 1681033
512 1681036
514 1681056
515 1681062
506 1681095
511 1681101
511 1681105
508 1681108
516 1681111
513 1681137
512 1681143
512 1681150
510 1681153
511 1681205
513 1681209
512 1681216
512 1681219
511 1681222
512 1681228
511 1681234
510 1681237
511 1681253
512 1681268
510 1681272
512 1681291
511 1681296
510 1681300
511 1681305
511 1681311
510 1681325
511 1681349
511 1681355
510 1681358
511 1681365
511 1681370
512 1681398
512 1681404
511 1681407
510 1681412
511 1681425
512 1681436
510 1681443
510 1681449
511 1681478
511 1681484
511 1681487
511 1681491
510 1681496
511 1681504
511 1681514
512 1681536
511 1681541
509 1681546
512 1681565
511 1681570
510 1681598
511 1681604
510 1681607
511 1681628
511 1681634
511 1681638
512 1681645
512 1681652
510 1681659
512 1681676
512 1681680
511 1681686
510 1681705
510 1681712
511 1681731
511 1681736
511 1681741
510 1681745
510 1681766
510 1681770
512 1681824
511 1681845
511 1681858
512 1681861
511 1681883
511 1681888
510 1681895
510 1681900
511 1681904
511 1681908
512 1681911
510 1681918
508 1681923
513 1681938
511 1681944
512 1681948
511 1681952
511 1682005
511 1682011
511 1682016
510 1682020
511 1682026
511 1682030
509 1682034
511 1682039
512 1682042
512 1682050
511 1682080
511 1682085
510 1682089
512 1682092
510 1682104
510 1682110
512 1682119
507 1682136
513 1682141
511 1682154
511 1682166
512 1682170
510 1682186
511 1682190
511 1682195
508 1682215
510 1682220
508 1682229
509 1682235
510 1682242
510 1682255
511 1682265
512 1682275
511 1682309
508 1682315
511 1682321
508 1682376
510 1682382
511 1682386
509 1682389
513 1682395
515 1682400
509 1682404
513 1682410
512 1682415
513 1682421
509 1682455
514 1682459
511 1682465
513 1682469
512 1682472
512 1682478
508 1682483
511 1682508
513 1682514
512 1682519
513 1682537
511 1682542
510 1682546
509 1682583
514 1682607
510 1682611
512 1682618
512 1682622
510 1682626
511 1682630
510 1682652
511 1682658
511 1682662
511 1682667
510 1682675
511 1682681
510 1682689
511 1682707
511 1682712
512 1682717
509 1682734
509 1682740
510 1682746
513 1682754
512 1682776
509 1682780
508 1682796
510 1682801
512 1682816
511 1682820
511 1682835
510 1682857
512 1682861
510 1682879
511 1682885
511 1682889
511 1682908
512 1682914
511 1682918
510 1682922
511 1682935
511 1682940
512 1682945
511 1682954
514 1683003
509 1683008
511 1683014
510 1683018
512 1683023
511 1683027
509 1683032
509 1683044
512 1683055
508 1683079
511 1683103
511 1683131
510 1683154
509 1683164
511 1683170
512 1683176
511 1683183
511 1683196
510 1683201
510 1683214
511 1683249
511 1683255
512 1683284
512 1683288
511 1683292
511 1683297
511 1683302
511 1683307
513 1683312
511 1683318
509 1683323
511 1683345
512 1683351
512 1683375
511 1683380
511 1683384
513 1683402
513 1683407
511 1683412
510 1683416
510 1683420
512 1683425
512 1683448
508 1683456
512 1683471
510 1683475
510 1683480
510 1683484
513 1683489
511 1683494
511 1683500
513 1683506
511 1683511
515 1683516
512 1683525
510 1683532
517 1683543
511 1683556
517 1683563
509 1683569
514 1683584
504 1683591
510 1683608
508 1683616
519 1683620
519 1683626
513 1683645
503 1683652
516 1683663
510 1683704
512 1683710
511 1683717
511 1683721
511 1683753
509 1683775
510 1683807
515 1683811
510 1683817
511 1683821
510 1683873
513 1683879
512 1683883
508 1683888
510 1683919
508 1683923
511 1683927
512 1683932
510 1683936
513 1683940
512 1683944
512 1683948
511 1683952
510 1683957
514 1683962
509 1683967
513 1683971
511 1683980
512 1683984
513 1683988
510 1683994
511 1683998
511 1684002
511 1684008
511 1684015
512 1684023
509 1684027
513 1684045
503 1684051
509 1684064
508 1684071
509 1684083
511 1684094
519 1684116
513 1684121
509 1684127
514 1684143
511 1684156
512 1684161
509 1684177
510 1684182
510 1684187
511 1684257
510 1684264
512 1684271
510 1684278
511 1684286
509 1684292
513 1684297
512 1684303
511 1684307
515 1684312
509 1684317
510 1684322
512 1684331
511 1684335
511 1684344
507 1684355
512 1684375
510 1684391
510 1684395
510 1684402
511 1684412
507 1684426
509 1684456
512 1684461
510 1684490
509 1684516
510 1684523
512 1684527
508 1684531
