0.01025390625 0.32568359375 1.02392578125 2240120
0.01025390625 0.32568359375 1.02392578125 2240120
0.01025390625 0.32568359375 1.02392578125 2240127
0.01025390625 0.32568359375 1.02392578125 2240128
0.01025390625 0.32568359375 1.02392578125 2240128
0.00927734375 0.32568359375 1.02392578125 2240277
0.00927734375 0.32568359375 1.02392578125 2240278
0.00927734375 0.32568359375 1.02392578125 2240278
0.00927734375 0.32568359375 1.02392578125 2240279
0.00927734375 0.32373046875 1.02490234375 2240389
0.00927734375 0.32373046875 1.02490234375 2240390
0.00927734375 0.32373046875 1.02490234375 2240390
0.00927734375 0.32373046875 1.02490234375 2240391
0.01025390625 0.32666015625 1.02392578125 2240516
0.01025390625 0.32666015625 1.02392578125 2240517
0.01025390625 0.32666015625 1.02392578125 2240517
0.01025390625 0.32666015625 1.02392578125 2240518
0.0087890625 0.326171875 1.0234375 2240696
0.0087890625 0.326171875 1.0234375 2240697
0.0087890625 0.326171875 1.0234375 2240697
0.0087890625 0.326171875 1.0234375 2240698
0.01025390625 0.32568359375 1.02392578125 2240895
0.01025390625 0.32568359375 1.02392578125 2240895
0.01025390625 0.32568359375 1.02392578125 2240896
0.01025390625 0.32568359375 1.02392578125 2240896
0.0107421875 0.32568359375 1.0244140625 2240996
0.0107421875 0.32568359375 1.0244140625 2240996
0.0107421875 0.32568359375 1.0244140625 2240996
0.0107421875 0.32568359375 1.0244140625 2240997
0.00830078125 0.32421875 1.02490234375 2241187
0.00830078125 0.32421875 1.02490234375 2241188
0.00830078125 0.32421875 1.02490234375 2241188
0.00830078125 0.32421875 1.02490234375 2241189
0.009765625 0.3251953125 1.025390625 2241291
0.009765625 0.3251953125 1.025390625 2241291
0.009765625 0.3251953125 1.025390625 2241292
0.009765625 0.3251953125 1.025390625 2241292
0.01025390625 0.3251953125 1.02490234375 2241392
0.01025390625 0.3251953125 1.02490234375 2241393
0.01025390625 0.3251953125 1.02490234375 2241394
0.01025390625 0.3251953125 1.02490234375 2241395
0.009765625 0.3251953125 1.02294921875 2241496
0.009765625 0.3251953125 1.02294921875 2241497
0.009765625 0.3251953125 1.02294921875 2241497
0.009765625 0.3251953125 1.02294921875 2241498
0.0087890625 0.3271484375 1.0244140625 2241685
0.0087890625 0.3271484375 1.0244140625 2241686
0.0087890625 0.3271484375 1.0244140625 2241686
0.0087890625 0.3271484375 1.0244140625 2241687
0.00927734375 0.32666015625 1.02099609375 2241787
0.00927734375 0.32666015625 1.02099609375 2241788
0.00927734375 0.32666015625 1.02099609375 2241788
0.00927734375 0.32666015625 1.02099609375 2241789
0.01025390625 0.32666015625 1.0224609375 2241915
0.01025390625 0.32666015625 1.0224609375 2241915
0.01025390625 0.32666015625 1.0224609375 2241916
0.01025390625 0.32666015625 1.0224609375 2241916
0.0107421875 0.32470703125 1.0244140625 2242074
0.0107421875 0.32470703125 1.0244140625 2242075
0.0107421875 0.32470703125 1.0244140625 2242075
0.0107421875 0.32470703125 1.0244140625 2242076
0.00830078125 0.32470703125 1.0234375 2242186
0.00830078125 0.32470703125 1.0234375 2242187
0.00830078125 0.32470703125 1.0234375 2242187
0.00830078125 0.32470703125 1.0234375 2242188
0.00927734375 0.3251953125 1.0234375 2242290
0.00927734375 0.3251953125 1.0234375 2242291
0.00927734375 0.3251953125 1.0234375 2242291
0.00927734375 0.3251953125 1.0234375 2242292
0.009765625 0.32568359375 1.02392578125 2242487
0.009765625 0.32568359375 1.02392578125 2242488
0.009765625 0.32568359375 1.02392578125 2242488
0.009765625 0.32568359375 1.02392578125 2242489
0.009765625 0.32470703125 1.0244140625 2242590
0.009765625 0.32470703125 1.0244140625 2242590
0.009765625 0.32470703125 1.0244140625 2242591
0.009765625 0.32470703125 1.0244140625 2242591
0.01025390625 0.32568359375 1.02392578125 2242704
0.01025390625 0.32568359375 1.02392578125 2242705
0.01025390625 0.32568359375 1.02392578125 2242705
0.01025390625 0.32568359375 1.02392578125 2242705
0.01123046875 0.326171875 1.0234375 2242872
0.01123046875 0.326171875 1.0234375 2242872
0.01123046875 0.326171875 1.0234375 2242873
0.01123046875 0.326171875 1.0234375 2242873
0.0107421875 0.32568359375 1.02392578125 2242983
0.0107421875 0.32568359375 1.02392578125 2242983
0.0107421875 0.32568359375 1.02392578125 2242984
0.0107421875 0.32568359375 1.02392578125 2242984
0.0087890625 0.32568359375 1.02685546875 2243086
0.0087890625 0.32568359375 1.02685546875 2243087
0.0087890625 0.32568359375 1.02685546875 2243087
0.0087890625 0.32568359375 1.02685546875 2243088
0.0107421875 0.32470703125 1.02294921875 2243190
0.0107421875 0.32470703125 1.02294921875 2243191
0.0107421875 0.32470703125 1.02294921875 2243191
0.0107421875 0.32470703125 1.02294921875 2243192
