509 1791697
509 1791700
508 1791704
508 1791708
510 1791711
508 1791714
508 1791718
510 1791723
509 1791726
511 1791733
509 1791738
508 1791760
509 1791787
509 1791791
508 1791794
509 1791798
508 1791801
508 1791805
509 1791809
508 1791813
508 1791817
508 1791820
507 1791823
508 1791827
508 1791831
508 1791834
509 1791838
509 1791842
509 1791846
508 1791850
508 1791854
508 1791857
508 1791860
509 1791864
508 1791867
508 1791870
509 1791873
510 1791876
508 1791879
507 1791882
509 1791884
508 1791887
508 1791890
508 1791893
507 1791896
509 1791899
509 1791902
508 1791904
509 1791908
509 1791911
508 1791914
508 1791917
509 1791920
506 1791923
508 1791926
510 1791930
509 1791933
508 1791936
507 1791940
508 1791942
509 1791945
510 1791948
508 1791951
509 1791953
508 1791957
508 1791960
507 1791965
509 1791968
504 1791970
505 1791973
511 1791977
511 1791979
508 1791982
515 1793406
503 1793415
513 1793425
514 1793434
516 1793444
512 1793454
510 1793465
507 1793474
503 1793485
498 1793495
504 1793505
505 1793515
511 1793525
502 1793535
508 1793545
512 1793555
508 1793565
507 1793575
515 1793585
508 1793595
511 1793605
503 1793615
509 1793625
516 1793635
510 1793655
502 1793665
507 1793668
507 1793675
509 1793685
511 1793695
512 1793705
507 1793715
509 1793725
508 1793735
510 1793745
508 1793755
507 1793765
506 1793775
508 1793798
510 1793805
513 1793808
508 1793815
509 1793837
512 1793845
508 1793848
508 1793855
508 1793865
509 1793875
508 1793885
510 1793895
508 1793905
510 1793915
509 1793925
510 1793935
507 1793945
508 1793955
508 1793965
509 1793985
508 1793995
508 1794005
510 1794015
509 1794025
509 1794035
508 1794058
508 1794065
509 1794068
508 1794075
509 1794085
507 1794095
510 1794105
509 1794115
510 1794125
508 1794135
508 1794145
508 1794155
508 1794165
509 1794175
509 1794185
508 1794195
509 1794204
509 1794215
508 1794225
506 1794234
509 1794245
508 1794255
508 1794265
508 1794275
508 1794285
509 1794308
509 1794315
507 1794319
508 1794325
508 1794335
508 1794345
508 1794355
509 1794365
508 1794375
508 1794385
511 1794395
507 1794405
506 1794415
508 1794425
507 1794435
510 1794445
508 1794455
509 1794465
508 1794475
511 1794485
509 1794495
507 1794505
508 1794515
509 1794525
508 1794548
508 1794554
509 1794558
509 1794565
510 1794575
508 1794584
507 1794594
507 1794605
509 1794615
509 1794625
509 1794635
507 1794645
508 1794655
510 1794665
509 1794675
508 1794685
509 1794695
509 1794705
508 1794725
509 1794735
509 1794744
508 1794755
510 1794764
509 1794775
508 1794785
507 1794795
509 1794805
508 1794815
509 1794825
509 1794835
509 1794845
509 1794855
509 1794865
509 1794875
508 1794885
508 1794895
507 1794905
509 1794915
510 1794925
509 1794935
510 1794945
509 1794960
508 1794966
507 1794975
507 1794985
510 1794995
509 1795005
509 1795015
508 1795026
509 1795035
510 1795045
508 1795055
498 1795065
502 1795075
505 1795085
502 1795095
503 1795105
511 1795127
513 1795135
510 1795139
507 1795147
508 1795167
509 1795175
507 1795180
517 1795187
506 1795195
516 1795205
492 1795215
507 1795225
517 1795235
505 1795245
506 1795255
514 1795265
501 1795275
508 1795285
502 1795295
519 1795305
511 1795315
505 1795325
512 1795335
509 1795345
499 1795355
503 1795378
513 1795385
514 1795390
503 1795396
514 1795405
510 1795415
508 1795425
509 1795435
508 1795445
510 1795455
508 1795475
509 1795485
509 1795495
510 1795504
511 1795514
508 1795525
508 1795535
508 1795545
508 1795555
509 1795565
509 1795575
508 1795585
510 1795595
510 1795605
508 1795615
507 1795625
508 1795635
509 1795645
507 1795655
510 1795665
509 1795675
510 1795686
511 1795695
508 1795704
507 1795715
508 1795725
509 1795735
508 1795745
510 1795755
507 1795765
509 1795775
510 1795785
509 1795795
508 1795805
508 1795815
509 1795825
508 1795835
508 1795845
508 1795855
508 1795865
510 1795875
507 1795885
506 1795895
507 1795905
510 1795915
508 1795925
509 1795935
510 1795945
509 1795955
510 1795965
509 1795988
507 1795998
508 1796002
508 1796010
508 1796016
508 1796026
509 1796035
509 1796045
509 1796055
510 1796065
508 1796075
507 1796085
509 1796095
508 1796105
509 1796115
509 1796125
508 1796135
510 1796148
510 1796155
509 1796165
507 1796175
508 1796185
507 1796195
509 1796205
509 1796225
509 1796245
509 1796251
511 1796258
507 1796265
507 1796275
507 1796285
507 1796295
527 1796305
522 1796315
548 1796325
488 1796335
496 1796345
492 1796355
525 1796365
497 1796375
500 1796385
504 1796395
516 1796405
526 1796414
521 1796424
539 1796435
515 1796457
466 1796465
499 1796470
533 1796477
506 1796485
515 1796495
527 1796505
503 1796515
515 1796525
511 1796535
517 1796545
497 1796555
507 1796565
508 1796575
511 1796585
510 1796595
503 1796605
508 1796615
500 1796625
508 1796635
512 1796645
490 1796655
507 1796665
521 1796675
507 1796685
515 1796695
521 1796705
510 1796715
510 1796725
508 1796735
511 1796745
503 1796755
512 1796765
506 1796775
515 1796784
507 1796794
516 1796804
511 1796815
506 1796825
507 1796835
510 1796845
507 1796855
507 1796877
510 1796885
509 1796890
511 1796897
509 1796905
508 1796915
508 1796925
508 1796935
508 1796955
509 1796965
509 1796975
508 1796985
509 1796995
509 1797005
508 1797015
507 1797025
510 1797035
509 1797045
509 1797055
508 1797065
509 1797075
509 1797085
510 1797095
508 1797105
508 1797115
509 1797125
509 1797135
510 1797146
509 1797155
509 1797164
510 1797175
510 1797184
508 1797194
509 1797205
509 1797215
508 1797225
509 1797235
509 1797245
507 1797255
510 1797277
510 1797285
508 1797289
507 1797295
508 1797305
508 1797315
509 1797325
509 1797335
509 1797345
509 1797355
511 1797365
508 1797375
507 1797385
508 1797395
508 1797405
508 1797415
509 1797425
507 1797435
508 1797445
511 1797455
510 1797465
507 1797475
508 1797485
508 1797495
508 1797505
508 1797515
508 1797526
509 1797535
508 1797545
509 1797555
508 1797565
508 1797575
510 1797584
508 1797595
509 1797605
508 1797615
508 1797625
509 1797635
509 1797645
508 1797655
508 1797664
510 1797674
509 1797695
509 1797704
509 1797715
508 1797725
510 1797735
509 1797745
508 1797755
505 1797765
507 1797775
509 1797785
510 1797795
509 1797805
509 1797815
510 1797825
509 1797835
509 1797845
507 1797855
508 1797865
507 1797875
507 1797885
508 1797895
508 1797905
510 1797915
511 1797925
507 1797935
507 1797945
509 1797955
507 1797965
509 1797975
509 1797985
507 1797995
511 1798005
511 1798015
508 1798026
507 1798035
508 1798044
509 1798054
508 1798064
509 1798075
508 1798084
508 1798095
510 1798105
510 1798115
507 1798125
508 1798135
509 1798145
508 1798155
510 1798165
509 1798175
509 1798185
510 1798195
510 1798205
508 1798215
507 1798225
509 1798235
509 1798245
509 1798255
507 1798265
509 1798275
510 1798285
508 1798295
509 1798305
508 1798315
509 1798325
509 1798335
508 1798345
508 1798355
508 1798365
503 1798375
512 1798385
504 1798395
507 1798405
504 1798414
509 1798435
512 1798444
508 1798455
512 1798465
509 1798475
515 1798485
508 1798495
500 1798505
502 1798515
499 1798525
509 1798535
512 1798545
508 1798555
505 1798565
513 1798575
510 1798585
509 1798595
507 1798605
508 1798615
509 1798625
509 1798636
509 1798644
509 1798654
510 1798665
508 1798674
507 1798685
507 1798695
509 1798705
509 1798715
509 1798725
509 1798735
509 1798745
507 1798755
509 1798765
508 1798775
507 1798785
509 1798795
508 1798805
509 1798828
509 1798835
508 1798841
509 1798855
507 1798865
508 1798875
508 1798880
510 1798888
508 1798897
509 1798905
508 1798915
509 1798925
508 1798935
509 1798945
509 1798955
508 1798965
509 1798975
507 1798985
508 1798995
509 1799005
506 1799015
508 1799025
509 1799035
507 1799045
508 1799055
509 1799065
507 1799075
510 1799085
509 1799095
508 1799105
510 1799115
510 1799125
508 1799135
506 1799145
509 1799155
508 1799165
510 1799186
509 1799195
509 1799204
509 1799214
511 1799224
508 1799235
507 1799245
507 1799255
508 1799265
508 1799275
509 1799285
508 1799295
509 1799305
511 1799315
509 1799325
508 1799335
508 1799345
510 1799355
509 1799365
508 1799375
509 1799385
509 1799395
509 1799405
509 1799415
507 1799425
508 1799435
510 1799445
508 1799455
507 1799465
509 1799475
509 1799485
509 1799495
509 1799505
508 1799515
508 1799526
508 1799535
508 1799545
509 1799558
507 1799566
507 1799575
510 1799584
523 1799594
512 1799605
498 1799614
557 1799625
469 1799635
507 1799645
497 1799655
489 1799665
477 1799675
477 1799685
519 1799695
480 1799705
524 1799715
498 1799725
480 1799735
525 1799745
499 1799755
547 1799765
474 1799775
530 1799784
506 1799794
512 1799804
508 1799814
514 1799825
501 1799835
491 1799845
494 1799855
506 1799865
512 1799875
497 1799885
505 1799895
502 1799905
507 1799925
504 1799935
504 1799945
505 1799955
508 1799965
505 1799975
501 1799985
504 1799995
507 1800005
506 1800015
513 1800026
508 1800035
512 1800045
508 1800055
511 1800064
504 1800075
509 1800085
508 1800095
508 1800104
507 1800115
508 1800125
508 1800135
508 1800145
511 1800155
511 1800165
512 1800175
508 1800186
509 1800195
508 1800205
510 1800214
507 1800225
508 1800234
509 1800245
508 1800255
507 1800265
508 1800275
507 1800285
509 1800295
509 1800305
508 1800315
511 1800325
509 1800335
507 1800345
507 1800355
508 1800365
509 1800375
508 1800385
507 1800395
510 1800405
509 1800415
511 1800425
508 1800435
506 1800445
507 1800455
509 1800465
508 1800475
509 1800485
509 1800495
509 1800505
510 1800515
509 1800526
508 1800535
508 1800545
509 1800555
508 1800565
507 1800575
508 1800585
509 1800595
509 1800604
510 1800614
507 1800624
507 1800635
508 1800645
509 1800665
509 1800675
508 1800685
509 1800701
509 1800711
510 1800722
508 1800732
508 1800742
509 1800752
507 1800761
509 1800771
509 1800782
509 1800791
510 1800802
509 1800812
509 1800822
506 1800832
508 1800842
508 1800852
508 1800862
509 1800872
508 1800883
510 1800892
511 1800902
508 1800912
507 1800923
507 1800933
507 1800942
510 1800953
509 1800961
508 1800971
509 1800982
511 1800991
509 1801002
507 1801011
508 1801022
509 1801032
509 1801042
509 1801053
507 1801062
508 1801072
510 1801082
508 1801093
507 1801103
508 1801113
509 1801122
508 1801132
509 1801143
507 1801151
510 1801162
510 1801172
509 1801181
508 1801192
508 1801201
510 1801211
509 1801222
509 1801232
509 1801242
509 1801252
509 1801262
508 1801271
509 1801282
508 1801291
509 1801302
508 1801327
508 1801334
509 1801340
508 1801348
509 1801353
509 1801365
509 1801374
507 1801382
508 1801389
508 1801396
510 1801416
509 1801425
508 1801435
508 1801445
511 1801455
508 1801465
507 1801475
508 1801486
508 1801495
510 1801505
509 1801514
508 1801525
510 1801535
511 1801545
509 1801554
508 1801565
508 1801575
507 1801585
508 1801595
509 1801605
507 1801615
509 1801625
511 1801635
511 1801645
505 1801655
507 1801665
507 1801675
508 1801685
504 1801695
504 1801705
506 1801715
502 1801725
507 1801735
509 1801745
496 1801755
508 1801765
497 1801775
506 1801785
509 1801795
511 1801805
515 1801815
517 1801825
526 1801835
510 1801845
511 1801855
507 1801865
508 1801875
509 1801885
509 1801894
510 1801904
510 1801914
508 1801924
508 1801935
508 1801945
507 1801955
509 1801965
509 1801975
508 1801985
509 1801995
510 1802005
508 1802015
506 1802025
508 1802035
509 1802045
508 1802055
508 1802065
508 1802075
510 1802085
511 1802095
508 1802105
507 1802115
507 1802125
508 1802135
509 1802155
509 1802165
509 1802175
509 1802185
511 1802195
509 1802205
508 1802215
508 1802225
509 1802235
508 1802247
508 1802256
508 1802265
509 1802275
510 1802285
509 1802295
507 1802305
507 1802315
509 1802325
508 1802335
509 1802345
509 1802355
509 1802365
510 1802375
510 1802385
508 1802395
508 1802406
509 1802415
507 1802425
509 1802435
509 1802446
508 1802454
507 1802464
509 1802475
508 1802485
508 1802495
509 1802505
509 1802515
508 1802525
509 1802535
507 1802545
509 1802555
509 1802565
508 1802575
507 1802585
508 1802595
508 1802605
509 1802615
509 1802625
509 1802635
509 1802645
509 1802655
508 1802665
507 1802675
508 1802685
507 1802695
509 1802705
508 1802715
508 1802725
509 1802735
509 1802745
509 1802755
507 1802765
527 1802775
484 1802811
511 1802822
517 1802830
548 1802837
538 1802845
463 1802852
507 1802860
508 1802864
547 1802870
513 1802885
523 1802895
457 1802906
613 1802915
483 1802925
514 1802934
524 1802945
512 1802954
521 1802965
525 1802975
506 1802985
506 1802995
518 1803005
521 1803015
521 1803025
530 1803035
496 1803045
506 1803055
504 1803065
516 1803075
509 1803085
514 1803095
513 1803105
516 1803115
514 1803125
506 1803135
513 1803145
505 1803155
508 1803165
508 1803175
507 1803185
508 1803195
510 1803205
512 1803215
511 1803225
510 1803235
511 1803245
508 1803255
508 1803265
508 1803275
510 1803285
506 1803295
510 1803304
506 1803314
507 1803325
508 1803335
508 1803345
511 1803355
506 1803365
506 1803375
509 1803385
511 1803395
510 1803405
506 1803415
508 1803425
509 1803435
508 1803445
508 1803455
509 1803465
507 1803475
510 1803485
509 1803495
508 1803505
509 1803515
508 1803525
509 1803535
510 1803545
508 1803555
509 1803565
509 1803575
509 1803585
508 1803595
508 1803605
508 1803625
507 1803635
508 1803645
509 1803655
508 1803665
509 1803674
508 1803684
508 1803694
508 1803704
507 1803714
507 1803725
509 1803735
509 1803745
509 1803755
509 1803765
510 1803775
509 1803785
507 1803795
508 1803805
507 1803815
509 1803825
509 1803835
508 1803845
509 1803855
511 1803866
509 1803876
507 1803885
509 1803895
508 1803904
509 1803914
508 1803925
508 1803935
509 1803945
508 1803955
508 1803965
507 1803975
508 1803985
509 1803995
508 1804005
508 1804028
507 1804035
509 1804040
510 1804046
509 1804055
507 1804065
507 1804075
510 1804085
508 1804095
509 1804105
509 1804115
509 1804125
509 1804135
509 1804145
509 1804155
508 1804165
509 1804175
509 1804185
508 1804195
509 1804205
508 1804215
510 1804225
509 1804236
508 1804245
507 1804255
509 1804265
507 1804275
508 1804284
509 1804295
509 1804304
509 1804315
510 1804325
508 1804334
506 1804345
508 1804355
507 1804375
508 1804385
511 1804395
508 1804405
510 1804415
511 1804425
507 1804435
506 1804445
509 1804455
508 1804465
509 1804475
509 1804485
509 1804495
509 1804505
511 1804515
510 1804525
505 1804535
505 1804545
511 1804555
510 1804565
508 1804575
510 1804585
510 1804595
509 1804606
505 1804615
507 1804625
507 1804635
509 1804644
509 1804654
505 1804664
506 1804674
510 1804684
504 1804695
502 1804705
516 1804715
522 1804725
506 1804735
520 1804745
499 1804755
522 1804765
505 1804775
504 1804785
512 1804795
505 1804805
510 1804815
505 1804825
508 1804835
511 1804845
507 1804855
509 1804865
510 1804875
510 1804885
508 1804895
508 1804905
508 1804915
508 1804925
508 1804935
506 1804957
510 1804965
510 1804970
511 1804977
508 1804985
507 1804995
508 1805005
507 1805015
508 1805025
510 1805035
509 1805045
510 1805055
511 1805065
509 1805075
507 1805085
507 1805095
508 1805115
508 1805125
508 1805135
508 1805145
508 1805155
510 1805165
509 1805175
507 1805185
513 1805195
510 1805205
509 1805215
508 1805226
509 1805235
507 1805246
509 1805255
509 1805266
508 1805275
507 1805285
508 1805295
509 1805305
508 1805314
509 1805325
508 1805335
509 1805345
509 1805355
509 1805365
507 1805375
507 1805385
509 1805395
509 1805405
509 1805415
508 1805425
509 1805436
510 1805445
508 1805455
506 1805465
507 1805475
509 1805485
508 1805495
509 1805505
509 1805515
509 1805526
509 1805535
507 1805545
507 1805555
509 1805565
508 1805575
508 1805585
509 1805595
508 1805605
508 1805615
511 1805625
508 1805635
506 1805652
508 1805662
509 1805672
509 1805682
508 1805692
509 1805702
514 1805712
512 1805722
509 1805733
507 1805742
508 1805758
508 1805765
509 1805777
508 1805784
507 1805791
496 1805797
532 1805804
475 1805815
472 1805825
541 1805835
495 1805845
532 1805865
494 1805875
516 1805885
526 1805895
515 1805905
556 1805915
521 1805925
495 1805935
552 1805945
514 1805955
551 1805965
526 1805975
506 1805985
525 1805995
487 1806005
502 1806015
505 1806025
504 1806035
504 1806045
507 1806055
502 1806065
496 1806075
515 1806085
502 1806095
506 1806105
500 1806115
504 1806126
495 1806135
519 1806144
499 1806155
516 1806164
517 1806174
520 1806184
513 1806195
504 1806205
509 1806215
505 1806225
502 1806235
506 1806245
507 1806255
512 1806265
507 1806275
505 1806285
504 1806295
505 1806305
510 1806315
502 1806325
511 1806335
509 1806345
508 1806355
512 1806365
510 1806375
506 1806385
508 1806395
509 1806405
506 1806415
510 1806425
509 1806435
508 1806445
509 1806455
507 1806465
507 1806476
508 1806485
509 1806496
509 1806505
508 1806514
509 1806525
508 1806535
508 1806545
509 1806555
508 1806565
507 1806575
509 1806595
507 1806605
508 1806615
509 1806625
509 1806635
509 1806645
509 1806654
507 1806665
507 1806674
508 1806685
507 1806694
509 1806705
509 1806715
508 1806725
509 1806735
510 1806745
509 1806754
508 1806765
508 1806775
509 1806785
508 1806795
508 1806804
508 1806814
509 1806825
510 1806835
509 1806845
508 1806856
508 1806865
509 1806875
509 1806884
508 1806894
508 1806905
509 1806914
511 1806925
509 1806935
507 1806945
509 1806955
509 1806965
509 1806975
509 1806985
507 1806995
509 1807005
509 1807015
509 1807025
507 1807036
508 1807045
508 1807055
511 1807065
508 1807075
509 1807085
509 1807108
508 1807116
509 1807121
508 1807130
506 1807139
509 1807148
509 1807155
509 1807165
510 1807175
508 1807185
509 1807195
510 1807205
508 1807215
508 1807225
508 1807235
507 1807245
508 1807254
510 1807264
508 1807274
509 1807285
510 1807294
508 1807305
507 1807315
508 1807325
507 1807345
509 1807355
508 1807365
508 1807375
509 1807385
511 1807395
509 1807405
506 1807415
507 1807425
508 1807435
509 1807445
509 1807455
509 1807465
509 1807475
511 1807485
509 1807495
507 1807505
508 1807515
509 1807525
508 1807535
506 1807545
509 1807556
502 1807565
515 1807575
509 1807585
515 1807595
505 1807605
508 1807615
508 1807625
512 1807634
506 1807645
509 1807655
510 1807664
510 1807675
516 1807685
496 1807695
512 1807705
508 1807715
503 1807725
509 1807735
507 1807745
509 1807755
508 1807765
506 1807775
517 1807785
504 1807795
506 1807805
508 1807815
509 1807825
508 1807835
510 1807845
510 1807855
509 1807865
508 1807874
508 1807884
508 1807895
508 1807905
508 1807927
508 1807935
509 1807939
511 1807947
507 1807955
506 1807965
508 1807975
509 1807985
508 1807995
509 1808005
509 1808015
508 1808025
510 1808035
509 1808045
507 1808055
508 1808065
509 1808084
508 1808095
507 1808105
509 1808114
509 1808124
511 1808135
509 1808144
507 1808155
508 1808165
508 1808175
508 1808185
509 1808195
508 1808205
508 1808215
509 1808225
509 1808235
508 1808245
507 1808255
509 1808265
509 1808275
508 1808284
508 1808294
509 1808305
508 1808314
509 1808325
507 1808334
507 1808345
508 1808355
508 1808365
509 1808375
509 1808385
509 1808395
509 1808405
510 1808415
508 1808425
507 1808435
508 1808445
509 1808455
509 1808465
509 1808475
508 1808485
510 1808495
509 1808505
508 1808515
507 1808538
508 1808545
508 1808554
511 1808562
509 1808572
509 1808585
509 1808593
511 1808602
494 1808613
489 1808622
485 1808632
501 1808642
561 1808653
503 1808662
529 1808671
496 1808682
509 1808691
499 1808701
540 1808711
562 1808722
557 1808731
465 1808747
502 1808755
524 1808759
551 1808765
519 1808787
494 1808795
501 1808803
529 1808812
494 1808825
489 1808835
486 1808845
508 1808855
496 1808865
516 1808875
493 1808885
528 1808895
521 1808905
500 1808915
509 1808925
508 1808935
504 1808945
513 1808955
506 1808965
507 1808975
500 1808985
507 1808995
501 1809005
517 1809015
514 1809025
508 1809035
517 1809045
504 1809054
518 1809064
505 1809075
500 1809084
506 1809094
509 1809105
506 1809115
508 1809125
507 1809135
509 1809145
512 1809155
507 1809165
506 1809175
509 1809185
508 1809195
510 1809205
509 1809215
508 1809225
512 1809235
510 1809257
507 1809265
507 1809272
511 1809282
509 1809292
508 1809302
508 1809312
509 1809321
508 1809332
509 1809342
509 1809352
508 1809363
511 1809372
509 1809382
508 1809392
509 1809402
510 1809412
509 1809422
510 1809432
509 1809442
507 1809452
509 1809458
506 1809467
509 1809476
509 1809485
509 1809514
509 1809519
509 1809532
509 1809538
508 1809544
508 1809555
507 1809565
506 1809576
509 1809585
509 1809596
508 1809605
509 1809614
510 1809625
508 1809634
506 1809645
508 1809654
509 1809665
508 1809675
509 1809685
509 1809695
510 1809705
510 1809715
507 1809725
508 1809735
508 1809745
507 1809755
508 1809765
508 1809775
509 1809785
509 1809796
512 1809804
509 1809815
507 1809824
508 1809835
509 1809844
509 1809854
509 1809864
509 1809874
509 1809885
509 1809895
509 1809905
508 1809915
508 1809925
510 1809935
508 1809945
508 1809955
508 1809965
509 1809975
507 1809985
508 1810005
508 1810010
507 1810018
509 1810025
508 1810035
509 1810045
508 1810055
509 1810078
509 1810085
510 1810090
509 1810096
506 1810105
508 1810115
506 1810125
508 1810136
509 1810145
509 1810155
510 1810166
510 1810175
509 1810185
508 1810194
509 1810204
508 1810215
509 1810225
509 1810234
509 1810245
510 1810254
510 1810265
509 1810275
507 1810285
508 1810295
508 1810305
509 1810315
509 1810335
509 1810345
508 1810355
511 1810365
509 1810375
508 1810385
507 1810395
509 1810405
508 1810415
509 1810425
507 1810435
510 1810445
510 1810455
508 1810465
508 1810475
508 1810485
508 1810495
508 1810505
509 1810515
509 1810526
510 1810535
508 1810545
510 1810555
508 1810565
508 1810575
511 1810584
508 1810594
508 1810606
509 1810615
508 1810625
509 1810635
510 1810645
508 1810655
507 1810665
508 1810675
508 1810685
509 1810695
508 1810705
510 1810715
509 1810725
508 1810735
510 1810745
510 1810755
513 1810765
504 1810775
509 1810785
504 1810795
510 1810805
509 1810815
509 1810825
508 1810835
504 1810845
510 1810855
509 1810865
510 1810875
514 1810885
507 1810895
508 1810905
516 1810915
512 1810924
515 1810934
486 1810945
518 1810955
505 1810965
509 1810974
507 1810985
520 1810995
505 1811005
502 1811015
504 1811025
510 1811035
530 1811045
508 1811055
512 1811075
509 1811085
510 1811095
507 1811105
510 1811115
509 1811125
506 1811135
509 1811145
507 1811155
509 1811165
511 1811175
508 1811185
512 1811195
508 1811205
506 1811215
507 1811226
509 1811235
507 1811245
509 1811255
509 1811265
509 1811275
510 1811285
509 1811296
507 1811305
507 1811315
508 1811325
508 1811334
508 1811344
509 1811355
509 1811365
509 1811375
510 1811385
509 1811395
507 1811405
508 1811415
507 1811425
509 1811435
508 1811445
510 1811455
509 1811465
507 1811475
509 1811485
508 1811495
509 1811505
509 1811515
509 1811525
508 1811535
509 1811545
510 1811555
511 1811565
508 1811575
507 1811585
508 1811595
509 1811606
508 1811615
508 1811625
507 1811635
509 1811645
510 1811655
509 1811665
508 1811675
508 1811685
510 1811695
508 1811704
508 1811714
508 1811724
509 1811735
509 1811745
508 1811755
508 1811765
508 1811775
509 1811795
509 1811805
508 1811815
509 1811825
509 1811835
509 1811845
509 1811855
508 1811865
509 1811875
509 1811885
508 1811895
524 1811905
498 1811915
520 1811925
493 1811935
577 1811945
455 1811955
510 1811965
398 1811975
483 1811985
491 1811995
507 1812005
492 1812015
510 1812025
477 1812035
518 1812045
511 1812055
478 1812065
505 1812082
512 1812093
498 1812101
512 1812111
513 1812121
497 1812132
516 1812142
502 1812152
517 1812162
507 1812172
503 1812181
512 1812192
515 1812202
512 1812211
507 1812222
495 1812232
506 1812241
512 1812252
506 1812262
506 1812272
501 1812282
503 1812292
504 1812302
515 1812312
507 1812321
510 1812335
512 1812343
509 1812352
517 1812363
509 1812374
502 1812383
514 1812393
505 1812401
514 1812411
510 1812422
513 1812432
505 1812442
500 1812452
505 1812462
508 1812472
509 1812482
510 1812492
510 1812502
503 1812511
510 1812521
510 1812535
509 1812544
507 1812555
507 1812565
508 1812582
514 1812592
510 1812602
510 1812611
509 1812621
509 1812632
507 1812641
508 1812651
509 1812661
510 1812672
510 1812682
512 1812692
508 1812702
506 1812712
509 1812722
507 1812732
509 1812742
509 1812753
508 1812762
508 1812772
510 1812782
508 1812792
507 1812803
507 1812813
510 1812822
508 1812832
509 1812841
509 1812855
508 1812860
509 1812872
510 1812881
508 1812888
507 1812897
510 1812905
513 1812915
509 1812925
509 1812935
509 1812945
507 1812955
509 1812965
508 1812975
508 1812985
509 1812995
508 1813005
508 1813015
509 1813025
508 1813044
509 1813052
509 1813063
508 1813072
508 1813082
508 1813092
508 1813102
508 1813112
509 1813123
508 1813132
510 1813142
510 1813152
508 1813162
507 1813172
508 1813182
508 1813192
509 1813201
509 1813212
509 1813221
509 1813232
509 1813242
509 1813252
506 1813261
508 1813275
508 1813285
508 1813295
508 1813305
509 1813315
510 1813325
511 1813335
508 1813345
507 1813367
507 1813377
508 1813383
508 1813390
508 1813401
509 1813409
508 1813416
508 1813425
509 1813435
507 1813445
508 1813455
508 1813465
508 1813475
509 1813485
509 1813495
509 1813505
509 1813515
510 1813526
508 1813535
507 1813545
510 1813555
509 1813564
509 1813574
509 1813585
509 1813594
509 1813605
510 1813615
508 1813625
507 1813635
508 1813645
508 1813655
509 1813665
508 1813675
509 1813685
507 1813695
509 1813705
508 1813715
508 1813731
509 1813742
508 1813752
509 1813761
510 1813772
508 1813783
510 1813791
510 1813802
509 1813812
506 1813822
508 1813833
508 1813842
508 1813852
507 1813863
507 1813872
509 1813882
512 1813893
508 1813901
508 1813912
508 1813921
512 1813932
508 1813941
509 1813951
510 1813961
512 1813971
509 1813981
510 1813997
503 1814005
503 1814010
514 1814025
509 1814035
502 1814045
513 1814055
509 1814065
507 1814075
508 1814085
512 1814096
505 1814105
512 1814115
509 1814125
512 1814135
507 1814145
507 1814155
516 1814165
513 1814175
507 1814185
507 1814195
508 1814205
510 1814215
505 1814225
495 1814235
516 1814245
518 1814255
514 1814265
505 1814275
506 1814285
510 1814295
514 1814305
512 1814314
513 1814325
506 1814335
505 1814345
510 1814355
505 1814365
509 1814375
507 1814385
506 1814395
511 1814405
508 1814415
511 1814435
510 1814441
510 1814452
509 1814462
508 1814472
510 1814482
508 1814492
509 1814502
508 1814511
509 1814522
509 1814532
510 1814542
511 1814552
509 1814562
508 1814575
510 1814583
507 1814592
510 1814603
508 1814612
509 1814622
510 1814632
508 1814643
507 1814652
508 1814662
510 1814671
508 1814681
508 1814692
509 1814701
509 1814712
509 1814722
509 1814732
508 1814741
508 1814752
508 1814761
508 1814772
508 1814785
509 1814795
508 1814805
509 1814817
509 1814835
508 1814840
507 1814852
508 1814863
509 1814872
509 1814882
508 1814892
509 1814905
510 1814912
510 1814921
508 1814931
515 1814938
508 1814949
508 1814959
509 1814970
551 1814980
525 1814989
566 1814996
516 1815005
488 1815015
478 1815025
478 1815035
516 1815045
522 1815054
513 1815064
513 1815075
508 1815084
493 1815094
507 1815105
481 1815114
501 1815124
487 1815135
493 1815144
493 1815155
527 1815165
497 1815175
500 1815185
518 1815195
478 1815205
565 1815215
482 1815225
508 1815235
504 1815245
502 1815255
496 1815265
492 1815275
497 1815285
510 1815295
479 1815305
536 1815315
516 1815324
510 1815334
507 1815345
520 1815355
513 1815365
509 1815375
503 1815385
502 1815395
512 1815405
515 1815415
508 1815425
517 1815435
514 1815445
491 1815455
526 1815478
504 1815486
497 1815493
505 1815505
511 1815515
506 1815525
509 1815534
512 1815544
511 1815555
510 1815564
507 1815574
507 1815585
512 1815595
506 1815604
508 1815615
511 1815625
511 1815635
509 1815645
510 1815655
506 1815665
502 1815675
507 1815685
507 1815695
508 1815705
509 1815715
508 1815725
507 1815735
511 1815745
509 1815755
508 1815765
510 1815775
507 1815785
509 1815795
507 1815805
509 1815815
508 1815825
508 1815835
508 1815845
507 1815855
508 1815865
507 1815875
508 1815885
509 1815895
509 1815905
508 1815915
509 1815925
510 1815935
509 1815945
506 1815955
509 1815965
508 1815975
508 1815984
508 1815994
508 1816004
509 1816014
509 1816025
508 1816034
508 1816045
507 1816055
509 1816064
508 1816075
509 1816085
508 1816095
510 1816105
510 1816115
508 1816125
507 1816135
510 1816145
508 1816155
508 1816165
509 1816175
508 1816185
509 1816195
511 1816205
508 1816215
507 1816235
508 1816245
509 1816255
509 1816265
509 1816275
508 1816285
509 1816295
511 1816306
508 1816315
507 1816325
508 1816335
509 1816345
508 1816355
510 1816364
509 1816374
507 1816385
509 1816394
509 1816404
508 1816427
507 1816435
509 1816441
509 1816449
509 1816457
508 1816465
509 1816475
510 1816485
509 1816495
508 1816505
508 1816515
509 1816525
508 1816535
510 1816545
509 1816555
510 1816565
509 1816575
510 1816585
508 1816595
508 1816605
509 1816615
509 1816625
509 1816635
508 1816645
510 1816658
506 1816666
510 1816675
507 1816685
508 1816695
508 1816705
508 1816715
507 1816724
508 1816734
510 1816744
510 1816755
510 1816765
510 1816774
508 1816784
508 1816795
508 1816805
510 1816815
508 1816825
509 1816837
510 1816845
507 1816855
509 1816865
508 1816875
507 1816896
509 1816907
509 1816916
509 1816922
508 1816931
510 1816942
509 1816951
510 1816961
507 1816969
507 1816985
509 1816995
508 1817005
507 1817015
508 1817025
508 1817035
510 1817045
509 1817055
508 1817065
508 1817075
509 1817085
508 1817094
509 1817104
508 1817114
509 1817125
509 1817135
510 1817145
508 1817155
507 1817165
508 1817175
508 1817185
510 1817195
508 1817205
508 1817215
510 1817225
509 1817235
508 1817245
508 1817255
513 1817265
508 1817275
513 1817285
502 1817295
504 1817305
505 1817315
515 1817325
507 1817335
529 1817345
504 1817355
498 1817364
511 1817374
507 1817384
512 1817395
501 1817405
502 1817414
501 1817425
499 1817435
508 1817445
509 1817455
507 1817465
509 1817475
508 1817485
509 1817495
510 1817505
510 1817515
508 1817525
508 1817535
510 1817545
508 1817555
509 1817565
509 1817575
508 1817585
510 1817595
509 1817605
508 1817615
510 1817625
510 1817635
509 1817645
508 1817656
508 1817701
509 1817707
509 1817714
509 1817721
507 1817729
507 1817737
509 1817744
507 1817774
508 1817786
509 1817801
509 1817816
509 1817824
510 1817834
508 1817843
507 1817850
508 1817861
507 1817868
509 1817876
509 1817883
508 1817892
509 1817902
510 1817909
509 1817919
508 1817927
508 1817934
508 1817943
509 1817949
509 1817959
509 1817965
507 1817974
510 1817982
508 1817991
506 1818000
508 1818010
508 1818020
509 1818029
509 1818038
509 1818046
508 1818056
510 1818066
509 1818076
508 1818085
509 1818095
510 1818105
509 1818114
507 1818124
509 1818134
508 1818144
509 1818154
490 1818165
498 1818174
508 1818184
509 1818195
508 1818205
515 1818215
509 1818224
509 1818235
509 1818245
509 1818254
508 1818264
508 1818275
531 1818284
504 1818294
485 1818304
484 1818314
532 1818327
527 1818337
503 1818345
514 1818355
511 1818365
467 1818375
527 1818385
507 1818395
501 1818405
537 1818415
536 1818425
509 1818435
487 1818445
455 1818455
513 1818465
519 1818475
510 1818495
511 1818505
525 1818515
535 1818525
518 1818535
502 1818545
491 1818555
493 1818578
512 1818587
488 1818593
518 1818602
540 1818611
513 1818623
521 1818631
525 1818639
512 1818647
511 1818657
514 1818667
508 1818675
507 1818684
510 1818697
509 1818707
512 1818715
511 1818725
504 1818735
507 1818745
511 1818755
507 1818765
509 1818775
507 1818787
509 1818797
509 1818807
508 1818815
507 1818825
510 1818835
509 1818845
508 1818855
508 1818865
509 1818875
508 1818886
508 1818895
509 1818905
509 1818915
509 1818925
508 1818935
507 1818946
511 1818955
510 1818965
508 1818975
510 1818985
510 1818994
508 1819004
507 1819015
508 1819025
508 1819034
508 1819044
509 1819054
510 1819064
509 1819077
511 1819087
508 1819095
507 1819105
508 1819115
509 1819125
507 1819135
508 1819145
507 1819155
505 1819165
512 1819175
509 1819187
507 1819196
508 1819205
509 1819225
510 1819235
509 1819251
507 1819262
509 1819271
510 1819282
509 1819291
508 1819302
506 1819312
509 1819322
507 1819333
508 1819342
508 1819352
508 1819362
509 1819373
510 1819388
508 1819397
508 1819407
509 1819413
507 1819422
508 1819432
509 1819442
509 1819452
509 1819461
507 1819469
507 1819480
508 1819491
508 1819501
509 1819510
509 1819520
509 1819528
509 1819538
509 1819547
509 1819557
510 1819567
508 1819576
508 1819587
508 1819596
509 1819607
508 1819617
508 1819627
508 1819635
510 1819645
507 1819655
507 1819672
508 1819682
507 1819692
508 1819701
508 1819712
508 1819721
509 1819734
511 1819742
508 1819752
508 1819761
509 1819772
509 1819782
508 1819792
508 1819804
508 1819815
509 1819824
511 1819834
509 1819844
508 1819851
508 1819860
509 1819870
509 1819880
509 1819892
509 1819900
509 1819909
510 1819920
509 1819928
508 1819937
508 1819954
509 1819965
508 1819975
509 1819985
509 1819995
507 1820005
510 1820015
508 1820025
508 1820035
507 1820045
509 1820056
508 1820065
509 1820075
509 1820085
509 1820095
505 1820105
508 1820115
508 1820125
507 1820135
514 1820145
510 1820155
506 1820165
507 1820175
518 1820185
511 1820195
508 1820205
508 1820215
512 1820224
507 1820234
505 1820244
514 1820254
509 1820265
511 1820275
506 1820285
513 1820294
518 1820307
514 1820315
521 1820325
508 1820335
514 1820345
501 1820355
507 1820365
507 1820375
508 1820385
508 1820395
506 1820405
508 1820415
509 1820425
509 1820435
509 1820445
509 1820455
508 1820465
510 1820474
508 1820484
507 1820495
508 1820505
508 1820515
509 1820525
508 1820534
509 1820545
509 1820554
513 1820564
509 1820575
508 1820585
507 1820595
509 1820607
508 1820617
508 1820625
508 1820635
507 1820645
509 1820655
510 1820665
507 1820675
508 1820695
508 1820705
507 1820728
509 1820739
508 1820747
508 1820755
509 1820762
509 1820771
508 1820780
508 1820790
508 1820799
507 1820809
508 1820819
509 1820829
507 1820839
509 1820846
511 1820857
509 1820867
507 1820878
508 1820887
507 1820897
509 1820905
508 1820915
509 1820925
510 1820935
510 1820945
509 1820963
508 1820971
509 1820982
509 1820993
508 1821004
509 1821012
509 1821022
509 1821033
510 1821042
508 1821052
507 1821062
508 1821072
510 1821082
509 1821091
506 1821101
511 1821111
508 1821121
509 1821132
509 1821142
508 1821151
507 1821162
510 1821172
508 1821181
508 1821191
508 1821201
509 1821211
506 1821222
499 1821232
507 1821241
524 1821252
470 1821264
510 1821275
492 1821282
490 1821292
495 1821306
514 1821315
494 1821325
516 1821335
503 1821342
497 1821352
493 1821360
496 1821370
485 1821379
509 1821388
501 1821397
514 1821414
515 1821423
502 1821432
493 1821446
513 1821454
495 1821465
517 1821475
516 1821484
525 1821494
509 1821505
504 1821515
506 1821525
512 1821547
519 1821558
508 1821567
531 1821577
511 1821585
507 1821595
505 1821603
508 1821613
521 1821623
510 1821633
509 1821641
509 1821651
511 1821661
509 1821675
508 1821688
510 1821698
510 1821707
510 1821717
511 1821727
511 1821737
508 1821744
511 1821755
509 1821764
511 1821774
510 1821785
508 1821795
506 1821805
511 1821815
509 1821824
508 1821834
509 1821843
508 1821853
508 1821864
507 1821875
509 1821883
507 1821893
509 1821904
509 1821914
509 1821923
507 1821933
509 1821944
506 1821954
508 1821966
508 1821974
508 1821984
509 1821994
507 1822004
507 1822014
508 1822024
507 1822035
508 1822044
509 1822055
509 1822066
508 1822074
507 1822084
508 1822093
507 1822103
504 1822114
508 1822124
511 1822134
508 1822143
510 1822153
508 1822163
507 1822178
508 1822187
509 1822197
508 1822207
508 1822215
506 1822224
508 1822235
510 1822250
510 1822259
506 1822268
508 1822277
510 1822287
508 1822297
509 1822307
508 1822317
508 1822326
509 1822338
509 1822346
508 1822356
507 1822367
508 1822377
510 1822386
509 1822396
508 1822406
509 1822417
509 1822426
508 1822448
508 1822457
508 1822464
508 1822474
508 1822482
508 1822492
509 1822504
509 1822513
509 1822523
510 1822533
508 1822543
507 1822551
508 1822561
508 1822570
508 1822578
508 1822588
508 1822597
507 1822605
511 1822614
508 1822624
507 1822634
508 1822644
508 1822654
509 1822665
509 1822677
508 1822687
509 1822697
510 1822706
508 1822714
507 1822725
507 1822745
509 1822754
507 1822764
508 1822775
508 1822783
509 1822793
510 1822803
509 1822811
508 1822822
508 1822830
508 1822840
508 1822850
508 1822859
506 1822877
509 1822887
510 1822895
509 1822907
508 1822917
508 1822925
509 1822935
511 1822945
509 1822955
509 1822965
510 1822977
509 1822991
509 1823002
508 1823011
507 1823022
508 1823032
507 1823042
508 1823052
509 1823065
508 1823074
509 1823084
510 1823094
509 1823104
507 1823114
508 1823124
507 1823134
509 1823144
508 1823154
509 1823164
510 1823173
511 1823184
508 1823194
506 1823203
508 1823214
507 1823224
508 1823232
509 1823243
508 1823253
509 1823261
511 1823272
511 1823282
507 1823293
506 1823304
506 1823313
510 1823322
507 1823331
510 1823340
508 1823354
512 1823365
508 1823371
509 1823382
501 1823393
516 1823403
505 1823414
518 1823422
505 1823431
508 1823444
502 1823453
506 1823464
513 1823475
507 1823484
505 1823496
512 1823504
503 1823515
511 1823522
511 1823533
510 1823546
509 1823555
508 1823565
508 1823574
509 1823584
508 1823595
509 1823603
509 1823613
508 1823623
509 1823633
509 1823645
508 1823653
508 1823665
509 1823675
509 1823685
508 1823695
509 1823705
508 1823715
510 1823725
510 1823735
509 1823745
507 1823755
508 1823765
509 1823775
509 1823785
509 1823795
508 1823805
510 1823817
511 1823826
508 1823836
507 1823845
508 1823855
508 1823865
510 1823875
508 1823885
508 1823897
509 1823912
511 1823922
509 1823932
508 1823942
507 1823953
510 1823964
509 1823975
510 1823994
508 1824003
509 1824015
1023 1824022
586 1824032
472 1824041
497 1824057
517 1824067
512 1824077
499 1824087
494 1824099
506 1824108
510 1824119
509 1824128
507 1824136
508 1824147
510 1824156
505 1824164
509 1824175
508 1824183
509 1824194
507 1824202
510 1824214
509 1824230
508 1824241
509 1824248
509 1824258
509 1824268
510 1824275
509 1824282
488 1824291
528 1824299
502 1824310
489 1824318
502 1824329
529 1824337
477 1824347
528 1824356
494 1824366
502 1824373
494 1824383
554 1824394
504 1824412
505 1824430
499 1824438
482 1824450
519 1824460
508 1824477
447 1824485
517 1824493
506 1824504
460 1824512
536 1824522
518 1824530
505 1824540
502 1824550
522 1824562
511 1824573
578 1824583
511 1824589
504 1824599
533 1824606
518 1824616
527 1824624
521 1824633
520 1824643
514 1824653
514 1824663
527 1824672
489 1824682
493 1824692
521 1824702
496 1824713
502 1824723
505 1824733
514 1824743
514 1824753
506 1824763
499 1824775
507 1824785
509 1824795
511 1824811
507 1824820
508 1824831
507 1824839
510 1824849
513 1824857
506 1824868
510 1824876
506 1824887
506 1824895
508 1824904
509 1824914
510 1824924
510 1824934
511 1824945
506 1824955
508 1824964
508 1824975
510 1824984
508 1824995
510 1825005
508 1825018
509 1825032
511 1825043
509 1825054
507 1825066
508 1825073
509 1825083
509 1825093
508 1825101
508 1825112
509 1825120
510 1825130
509 1825138
507 1825148
508 1825158
509 1825168
509 1825177
507 1825188
509 1825198
508 1825209
510 1825219
509 1825229
508 1825240
508 1825250
509 1825260
508 1825271
509 1825282
509 1825293
510 1825304
510 1825314
509 1825324
509 1825334
509 1825344
508 1825355
509 1825366
508 1825376
509 1825384
509 1825395
509 1825402
509 1825411
508 1825420
507 1825429
509 1825440
508 1825450
509 1825466
509 1825475
509 1825487
510 1825495
511 1825505
509 1825513
507 1825524
508 1825535
508 1825543
508 1825556
510 1825567
509 1825577
508 1825588
510 1825597
508 1825604
507 1825617
508 1825626
509 1825637
509 1825645
509 1825655
509 1825666
509 1825673
510 1825683
508 1825693
508 1825704
508 1825715
509 1825728
510 1825738
509 1825748
508 1825757
509 1825768
510 1825775
509 1825787
507 1825795
507 1825806
509 1825814
509 1825824
508 1825835
509 1825872
508 1825882
509 1825892
509 1825900
508 1825907
508 1825917
508 1825927
507 1825935
508 1825944
510 1825951
509 1825960
509 1825967
509 1825976
508 1825982
509 1825994
508 1826005
508 1826015
509 1826023
509 1826034
508 1826045
509 1826053
509 1826062
509 1826074
507 1826085
508 1826093
508 1826104
509 1826115
510 1826125
508 1826135
509 1826146
511 1826154
508 1826165
508 1826175
508 1826185
508 1826196
508 1826204
508 1826215
509 1826226
510 1826236
511 1826246
508 1826255
507 1826264
510 1826275
510 1826285
509 1826295
503 1826306
525 1826313
503 1826324
510 1826335
507 1826345
512 1826355
507 1826364
510 1826374
512 1826385
511 1826395
506 1826405
510 1826413
504 1826425
496 1826432
502 1826442
504 1826451
504 1826461
511 1826471
501 1826481
514 1826493
502 1826504
509 1826514
507 1826526
509 1826535
508 1826546
508 1826555
509 1826564
508 1826574
510 1826584
510 1826594
510 1826604
510 1826614
509 1826624
508 1826635
508 1826648
507 1826658
509 1826670
508 1826680
509 1826691
510 1826704
510 1826716
508 1826724
507 1826739
509 1826747
508 1826761
510 1826770
509 1826782
509 1826791
509 1826802
510 1826820
508 1826831
507 1826840
508 1826851
508 1826860
509 1826868
509 1826875
507 1826885
509 1826893
511 1826904
508 1826916
508 1826926
508 1826934
510 1826945
507 1826952
509 1826961
509 1826968
510 1826978
510 1826987
509 1826997
507 1827006
508 1827016
509 1827023
508 1827034
507 1827044
509 1827056
507 1827064
505 1827073
508 1827084
508 1827093
508 1827104
509 1827117
509 1827126
509 1827136
509 1827144
509 1827155
509 1827165
510 1827175
509 1827184
508 1827194
508 1827204
505 1827215
508 1827223
510 1827233
509 1827244
509 1827255
510 1827265
509 1827276
507 1827285
508 1827295
507 1827306
508 1827316
510 1827326
508 1827335
510 1827345
510 1827357
508 1827366
507 1827375
508 1827385
508 1827396
508 1827415
509 1827425
508 1827437
513 1827447
527 1827454
465 1827465
464 1827476
485 1827484
529 1827494
542 1827504
499 1827517
496 1827526
533 1827537
545 1827546
488 1827557
505 1827569
527 1827580
490 1827589
501 1827600
488 1827610
528 1827622
500 1827630
529 1827640
569 1827649
491 1827660
495 1827668
521 1827681
509 1827690
496 1827701
492 1827711
523 1827723
506 1827732
498 1827743
501 1827752
486 1827763
489 1827772
507 1827783
510 1827793
503 1827805
508 1827812
514 1827823
509 1827831
509 1827841
511 1827849
513 1827858
510 1827866
505 1827876
511 1827884
507 1827897
515 1827908
515 1827918
503 1827929
508 1827940
509 1827952
505 1827960
510 1827972
506 1827981
509 1827992
510 1828002
510 1828013
510 1828022
513 1828033
503 1828040
509 1828049
507 1828058
509 1828068
504 1828078
505 1828088
512 1828097
509 1828108
503 1828118
506 1828128
506 1828139
507 1828149
507 1828159
506 1828169
511 1828180
509 1828192
517 1828203
507 1828214
509 1828225
509 1828234
506 1828245
509 1828254
510 1828265
509 1828273
510 1828284
510 1828297
508 1828306
508 1828318
508 1828326
508 1828337
509 1828344
509 1828354
509 1828364
511 1828373
510 1828384
507 1828394
507 1828404
508 1828415
507 1828424
508 1828435
508 1828444
508 1828456
509 1828465
510 1828476
509 1828492
507 1828501
508 1828509
506 1828519
507 1828527
508 1828538
507 1828545
509 1828556
510 1828565
507 1828575
508 1828586
507 1828594
508 1828605
509 1828613
508 1828624
508 1828634
508 1828645
509 1828655
508 1828667
508 1828675
509 1828686
510 1828694
508 1828704
508 1828715
508 1828725
509 1828736
509 1828745
509 1828756
507 1828765
508 1828776
510 1828784
508 1828794
508 1828805
509 1828814
509 1828825
508 1828834
509 1828845
508 1828856
508 1828868
506 1828879
508 1828893
508 1828904
509 1828915
508 1828926
508 1828935
510 1828954
509 1828963
507 1828974
508 1828983
508 1828996
509 1829003
509 1829011
509 1829020
510 1829027
511 1829038
508 1829048
507 1829059
507 1829068
508 1829079
509 1829089
509 1829100
508 1829108
509 1829120
510 1829129
508 1829139
507 1829148
507 1829159
510 1829168
509 1829179
508 1829188
508 1829198
508 1829205
510 1829215
509 1829222
507 1829233
508 1829244
509 1829255
508 1829264
509 1829276
508 1829285
508 1829296
510 1829307
509 1829319
507 1829328
508 1829338
509 1829345
509 1829357
509 1829366
510 1829376
508 1829383
509 1829393
510 1829403
508 1829413
508 1829424
510 1829436
507 1829445
509 1829458
509 1829467
508 1829480
508 1829489
509 1829498
508 1829507
508 1829517
507 1829526
507 1829536
509 1829544
509 1829558
509 1829567
510 1829577
509 1829586
510 1829598
506 1829609
509 1829621
517 1829633
512 1829644
508 1829655
513 1829664
515 1829675
514 1829694
510 1829705
514 1829715
507 1829728
507 1829737
512 1829746
507 1829757
509 1829766
511 1829773
517 1829782
516 1829789
513 1829799
500 1829807
496 1829818
499 1829825
514 1829836
517 1829843
497 1829854
512 1829865
506 1829876
510 1829885
509 1829896
507 1829905
507 1829916
512 1829926
501 1829937
502 1829946
510 1829957
509 1829965
507 1829976
506 1829985
510 1829997
507 1830008
509 1830020
508 1830030
507 1830042
509 1830054
509 1830065
508 1830074
507 1830083
508 1830094
509 1830104
508 1830114
509 1830123
509 1830135
509 1830144
509 1830155
508 1830164
506 1830172
508 1830182
509 1830191
508 1830202
509 1830211
509 1830222
509 1830229
511 1830240
509 1830249
507 1830259
508 1830267
508 1830279
509 1830289
509 1830302
509 1830312
509 1830324
511 1830333
509 1830345
508 1830358
508 1830367
511 1830378
510 1830387
509 1830398
508 1830408
510 1830419
511 1830427
508 1830439
508 1830448
507 1830459
510 1830468
508 1830479
508 1830488
508 1830500
509 1830510
510 1830522
510 1830532
508 1830544
508 1830555
509 1830567
509 1830576
509 1830586
509 1830596
509 1830605
508 1830616
510 1830626
505 1830635
504 1830644
508 1830654
508 1830664
509 1830675
509 1830684
509 1830696
509 1830710
509 1830720
509 1830731
508 1830743
524 1830760
549 1830771
494 1830781
543 1830790
517 1830800
521 1830810
512 1830823
490 1830833
487 1830843
533 1830853
458 1830864
517 1830871
467 1830879
507 1830887
584 1830898
483 1830907
490 1830916
479 1830924
414 1830935
507 1830943
501 1830951
515 1830960
534 1830969
557 1830978
518 1830988
471 1830996
507 1831005
500 1831016
509 1831026
508 1831034
512 1831046
489 1831055
527 1831064
477 1831076
492 1831085
481 1831092
536 1831103
490 1831114
485 1831125
498 1831136
487 1831145
513 1831156
500 1831165
520 1831176
498 1831184
525 1831196
510 1831203
499 1831215
511 1831225
498 1831235
510 1831248
505 1831259
504 1831271
509 1831280
510 1831298
511 1831308
505 1831316
512 1831326
508 1831334
511 1831342
510 1831351
508 1831358
506 1831368
509 1831377
510 1831391
508 1831402
508 1831414
509 1831423
508 1831435
508 1831443
511 1831453
508 1831464
509 1831478
508 1831488
510 1831497
508 1831508
508 1831518
505 1831527
509 1831540
511 1831549
509 1831557
508 1831569
508 1831577
510 1831587
509 1831597
506 1831605
506 1831615
508 1831625
510 1831633
508 1831641
508 1831651
507 1831658
509 1831668
509 1831675
510 1831685
508 1831694
508 1831705
509 1831713
510 1831726
508 1831735
508 1831744
509 1831755
508 1831764
509 1831776
508 1831784
508 1831795
509 1831806
510 1831814
509 1831828
508 1831840
508 1831852
508 1831864
508 1831875
507 1831886
508 1831898
509 1831909
510 1831922
508 1831932
506 1831944
508 1831954
508 1831962
509 1831969
509 1831976
508 1831981
510 1831994
510 1832006
507 1832016
508 1832030
508 1832040
508 1832053
509 1832062
509 1832074
508 1832083
509 1832094
510 1832103
509 1832113
507 1832135
508 1832148
509 1832158
508 1832167
508 1832179
509 1832190
509 1832199
509 1832210
508 1832224
508 1832234
508 1832246
508 1832261
507 1832274
508 1832284
509 1832295
507 1832306
509 1832317
509 1832330
508 1832341
507 1832350
509 1832360
508 1832370
510 1832379
508 1832390
509 1832394
509 1832398
510 1832402
509 1832407
508 1832411
509 1832418
508 1832423
509 1832428
509 1832434
509 1832441
509 1832447
511 1832455
507 1832507
508 1832511
509 1832516
508 1832526
509 1832531
509 1832538
508 1832542
510 1832546
508 1832556
510 1832561
507 1832636
508 1832641
508 1832646
508 1832651
509 1832656
506 1832660
514 1832667
511 1832674
508 1832678
508 1832682
510 1832689
509 1832693
509 1832701
508 1832708
508 1832718
509 1832728
513 1832737
509 1832750
506 1832768
507 1832775
509 1832781
508 1832812
509 1832817
509 1832822
508 1832829
509 1832834
510 1832842
510 1832849
510 1832855
510 1832867
506 1832877
528 1832887
506 1832897
512 1832926
501 1832932
514 1832937
527 1832944
513 1832951
502 1832959
514 1832966
515 1832975
508 1832985
536 1832995
524 1833015
509 1833021
497 1833033
507 1833042
507 1833057
510 1833064
512 1833069
502 1833075
507 1833084
509 1833094
510 1833104
509 1833115
507 1833124
508 1833135
508 1833145
508 1833168
507 1833175
508 1833180
510 1833188
510 1833196
508 1833205
507 1833215
508 1833225
509 1833235
509 1833244
509 1833254
509 1833264
509 1833274
509 1833284
508 1833295
508 1833304
509 1833315
509 1833334
508 1833345
509 1833355
509 1833365
509 1833375
509 1833385
509 1833395
507 1833405
508 1833414
509 1833424
508 1833434
508 1833444
509 1833455
509 1833464
509 1833474
509 1833484
507 1833495
508 1833504
509 1833527
508 1833536
508 1833540
509 1833547
509 1833555
509 1833565
508 1833575
509 1833585
509 1833595
508 1833605
508 1833615
509 1833625
509 1833635
509 1833645
509 1833655
510 1833665
509 1833675
508 1833685
509 1833695
507 1833705
508 1833715
508 1833725
507 1833735
509 1833745
510 1833755
508 1833765
508 1833775
508 1833785
507 1833794
508 1833804
508 1833814
508 1833824
509 1833834
500 1833845
516 1833893
515 1833916
531 1833924
434 1833931
516 1833937
503 1833942
490 1833948
498 1833959
568 1833966
534 1833973
488 1833979
516 1833988
469 1833993
506 1834000
530 1834007
518 1834012
528 1834022
498 1834067
494 1834073
504 1834078
530 1834084
518 1834092
508 1834098
534 1834105
454 1834112
517 1834119
501 1834128
524 1834143
510 1834150
487 1834158
492 1834166
510 1834177
512 1834197
502 1834206
505 1834212
510 1834221
511 1834231
509 1834240
506 1834250
507 1834259
501 1834269
502 1834277
507 1834291
510 1834303
519 1834314
518 1834325
508 1834333
511 1834347
514 1834361
511 1834369
506 1834380
518 1834389
513 1834399
505 1834409
506 1834420
510 1834428
509 1834438
508 1834447
507 1834456
509 1834466
510 1834477
505 1834484
511 1834498
511 1834507
509 1834516
506 1834537
508 1834553
508 1834560
507 1834569
507 1834580
510 1834588
509 1834598
510 1834607
508 1834615
508 1834622
509 1834632
509 1834639
510 1834649
508 1834656
509 1834665
507 1834672
510 1834681
509 1834691
509 1834701
506 1834711
509 1834721
508 1834731
507 1834743
509 1834754
509 1834764
508 1834774
509 1834785
506 1834793
508 1834803
509 1834815
508 1834825
509 1834836
509 1834845
509 1834855
509 1834865
510 1834875
509 1834885
508 1834895
509 1834905
507 1834914
508 1834925
510 1834935
507 1834945
509 1834955
509 1834965
509 1834975
507 1834985
508 1834994
509 1835005
509 1835014
508 1835025
508 1835034
508 1835044
510 1835054
509 1835064
508 1835074
509 1835084
509 1835095
509 1835105
508 1835115
507 1835125
508 1835134
509 1835144
509 1835154
508 1835164
508 1835174
509 1835184
507 1835194
510 1835204
507 1835214
508 1835224
509 1835234
509 1835244
508 1835254
508 1835264
507 1835274
509 1835284
508 1835294
509 1835304
509 1835314
509 1835324
509 1835335
508 1835345
508 1835355
508 1835365
508 1835375
509 1835385
509 1835395
508 1835405
509 1835414
510 1835424
508 1835435
507 1835445
508 1835455
508 1835465
509 1835475
509 1835485
509 1835495
508 1835505
510 1835515
508 1835525
507 1835545
508 1835555
508 1835565
508 1835575
508 1835585
509 1835595
509 1835605
511 1835615
508 1835625
507 1835635
507 1835644
509 1835654
508 1835677
509 1835687
507 1835694
508 1835701
510 1835711
509 1835723
508 1835731
508 1835739
509 1835747
509 1835755
509 1835765
504 1835775
512 1835785
511 1835795
515 1835805
519 1835815
510 1835825
508 1835835
517 1835845
512 1835855
521 1835868
498 1835875
521 1835885
508 1835895
505 1835905
520 1835915
513 1835925
507 1835935
505 1835955
505 1835965
516 1835971
517 1835982
520 1835992
508 1836002
512 1836012
505 1836021
515 1836031
516 1836041
513 1836052
510 1836061
508 1836073
511 1836082
508 1836091
507 1836101
508 1836111
508 1836122
508 1836131
508 1836141
508 1836151
509 1836162
510 1836171
509 1836181
507 1836192
508 1836201
508 1836211
508 1836222
508 1836232
509 1836242
509 1836253
510 1836262
509 1836272
507 1836285
508 1836295
510 1836305
509 1836315
508 1836325
509 1836335
509 1836345
508 1836355
509 1836365
507 1836375
507 1836385
509 1836394
509 1836404
509 1836414
507 1836424
510 1836434
509 1836445
509 1836454
508 1836465
507 1836475
507 1836497
509 1836505
508 1836510
509 1836524
508 1836537
509 1836545
509 1836552
508 1836561
507 1836569
508 1836577
506 1836585
509 1836595
508 1836605
509 1836615
510 1836625
510 1836635
508 1836645
506 1836655
509 1836665
508 1836675
509 1836685
509 1836695
508 1836705
510 1836715
510 1836725
509 1836735
507 1836745
508 1836755
508 1836765
512 1836775
509 1836785
494 1836795
480 1836805
529 1836815
523 1836825
509 1836835
545 1836845
485 1836855
521 1836865
498 1836875
522 1836885
510 1836895
483 1836915
471 1836925
515 1836935
506 1836945
528 1836955
516 1836965
528 1836975
514 1836985
515 1836995
516 1837005
498 1837015
508 1837025
540 1837035
495 1837045
474 1837055
485 1837065
454 1837075
540 1837085
512 1837095
503 1837105
488 1837115
511 1837125
542 1837135
496 1837145
509 1837155
534 1837164
505 1837174
511 1837184
488 1837194
484 1837204
503 1837214
506 1837225
523 1837235
501 1837244
480 1837254
515 1837265
494 1837275
516 1837285
514 1837295
513 1837305
503 1837315
505 1837325
511 1837335
507 1837345
509 1837355
513 1837365
510 1837375
511 1837385
513 1837395
511 1837405
508 1837415
506 1837425
507 1837435
505 1837445
509 1837455
507 1837465
509 1837475
510 1837485
508 1837495
511 1837505
510 1837515
510 1837525
508 1837535
509 1837544
510 1837554
509 1837564
509 1837574
507 1837584
509 1837594
508 1837604
507 1837615
509 1837625
509 1837635
508 1837645
510 1837655
509 1837665
505 1837675
508 1837685
508 1837695
508 1837705
509 1837715
510 1837725
510 1837735
508 1837745
509 1837755
509 1837775
508 1837785
509 1837795
509 1837805
509 1837815
508 1837826
508 1837835
510 1837845
508 1837855
507 1837865
508 1837875
508 1837885
508 1837895
508 1837905
509 1837914
509 1837924
510 1837934
509 1837944
507 1837954
508 1837964
508 1837974
509 1837985
508 1837995
509 1838005
509 1838017
510 1838031
509 1838045
508 1838052
508 1838061
510 1838071
509 1838081
508 1838092
508 1838101
508 1838111
509 1838121
509 1838131
508 1838173
507 1838214
509 1838254
506 1838292
509 1838331
507 1838371
508 1838409
510 1838449
508 1838487
516 1838524
493 1838562
502 1838600
497 1838637
505 1838676
497 1838713
514 1838752
518 1838789
503 1838828
504 1838869
505 1838907
513 1838914
513 1838919
512 1838927
507 1838933
508 1838939
511 1838946
515 1838952
509 1838959
505 1838965
509 1838972
509 1838979
509 1838984
505 1838991
507 1838997
507 1839003
509 1839008
508 1839014
504 1839020
507 1839025
510 1839032
508 1839038
508 1839043
509 1839049
510 1839054
510 1839060
509 1839066
508 1839071
508 1839076
507 1839083
507 1839088
503 1839093
509 1839100
502 1839106
500 1839112
523 1839117
507 1839122
506 1839128
506 1839133
506 1839139
508 1839144
506 1839149
511 1839154
506 1839160
513 1839169
509 1839175
507 1839185
507 1839191
508 1839196
510 1839201
509 1839207
507 1839213
509 1839219
509 1839224
508 1839229
508 1839236
508 1839242
507 1839247
509 1839255
507 1839260
507 1839267
508 1839274
509 1839280
508 1839286
508 1839292
508 1839299
508 1839305
509 1839312
510 1839322
508 1839327
509 1839334
511 1839340
508 1839347
507 1839352
509 1839357
507 1839363
508 1839369
508 1839374
509 1839379
510 1839386
512 1839390
509 1839396
507 1839401
503 1839406
510 1839412
512 1839418
514 1839424
519 1839429
508 1839434
513 1839441
511 1839446
510 1839454
512 1839460
503 1839465
510 1839472
515 1839478
506 1839484
502 1839490
506 1839495
510 1839502
510 1839508
504 1839513
508 1839519
509 1839526
514 1839532
509 1839538
500 1839544
508 1839551
512 1839557
507 1839563
509 1839569
503 1839576
507 1839582
509 1839588
510 1839593
509 1839598
509 1839603
509 1839609
508 1839615
508 1839620
508 1839625
508 1839631
508 1839636
509 1839642
509 1839649
509 1839654
510 1839660
509 1839666
508 1839672
508 1839678
507 1839683
509 1839691
508 1839696
507 1839701
508 1839708
510 1839715
508 1839722
508 1839730
508 1839743
509 1839749
509 1839758
508 1839764
508 1839773
510 1839781
511 1839789
509 1839797
508 1839806
508 1839814
509 1839869
508 1839888
509 1839895
508 1839901
508 1839910
509 1839917
509 1839925
508 1839931
508 1839940
508 1839946
508 1839952
509 1839959
509 1839968
509 1839974
509 1839980
509 1839988
508 1839995
508 1840004
509 1840015
508 1840027
509 1840044
509 1840053
508 1840062
509 1840070
509 1840076
509 1840085
507 1840097
508 1840105
508 1840116
509 1840170
509 1840175
508 1840180
508 1840186
494 1840193
510 1840202
499 1840208
509 1840214
507 1840221
509 1840253
509 1840262
509 1840268
510 1840274
509 1840280
508 1840288
508 1840293
508 1840299
510 1840310
526 1840316
522 1840324
532 1840332
479 1840340
479 1840350
548 1840358
463 1840368
514 1840378
500 1840385
499 1840396
498 1840405
491 1840415
449 1840425
540 1840435
534 1840445
524 1840454
482 1840464
488 1840475
480 1840485
502 1840495
523 1840505
518 1840515
481 1840525
529 1840536
508 1840545
512 1840555
493 1840564
536 1840574
522 1840584
519 1840594
521 1840604
492 1840617
533 1840627
519 1840637
504 1840651
506 1840663
510 1840673
536 1840684
522 1840703
526 1840711
510 1840723
515 1840730
497 1840744
514 1840755
503 1840763
505 1840774
506 1840785
510 1840793
505 1840804
515 1840817
507 1840825
513 1840838
507 1840847
505 1840859
508 1840869
508 1840879
502 1840887
509 1840899
509 1840908
511 1840919
510 1840927
513 1840937
509 1840945
510 1840956
508 1840964
508 1840978
508 1840986
510 1840996
510 1841005
509 1841015
508 1841028
509 1841038
510 1841048
507 1841058
509 1841068
508 1841077
508 1841087
508 1841095
510 1841106
508 1841114
507 1841124
509 1841134
508 1841146
508 1841154
508 1841166
508 1841175
510 1841186
510 1841195
508 1841205
509 1841215
507 1841226
508 1841234
508 1841244
509 1841255
509 1841264
508 1841277
508 1841286
508 1841296
508 1841307
508 1841319
508 1841327
507 1841339
508 1841348
509 1841358
510 1841373
510 1841383
508 1841398
509 1841407
508 1841416
507 1841424
507 1841433
508 1841441
510 1841449
508 1841457
511 1841468
508 1841478
506 1841489
508 1841499
512 1841509
508 1841532
508 1841546
508 1841556
508 1841566
509 1841578
509 1841587
508 1841597
509 1841608
509 1841617
508 1841626
509 1841638
508 1841648
510 1841657
509 1841667
510 1841674
509 1841684
508 1841694
510 1841702
510 1841713
508 1841722
509 1841733
508 1841742
509 1841753
509 1841761
508 1841772
508 1841779
508 1841790
510 1841799
508 1841810
508 1841818
509 1841830
508 1841839
509 1841849
509 1841858
507 1841869
508 1841878
508 1841888
507 1841897
507 1841909
508 1841920
509 1841930
509 1841938
508 1841950
507 1841959
509 1841970
509 1841978
509 1841989
509 1841997
508 1842008
508 1842017
509 1842027
508 1842035
508 1842045
508 1842053
509 1842065
508 1842073
509 1842084
508 1842096
509 1842107
510 1842119
509 1842129
508 1842139
507 1842146
508 1842155
509 1842166
509 1842173
509 1842183
509 1842192
509 1842201
510 1842225
508 1842233
508 1842242
508 1842251
508 1842260
509 1842269
509 1842278
509 1842288
509 1842297
512 1842307
499 1842317
517 1842326
514 1842336
510 1842346
513 1842355
510 1842367
512 1842376
509 1842385
509 1842395
511 1842406
514 1842417
512 1842431
505 1842444
506 1842454
506 1842464
512 1842474
514 1842484
507 1842494
504 1842504
511 1842513
510 1842522
505 1842534
510 1842544
517 1842554
509 1842564
509 1842573
501 1842582
510 1842592
511 1842602
501 1842612
512 1842622
507 1842632
512 1842641
512 1842651
510 1842661
505 1842670
511 1842684
505 1842694
502 1842704
510 1842715
506 1842723
506 1842734
505 1842744
507 1842753
509 1842760
509 1842769
508 1842779
509 1842788
509 1842797
508 1842809
508 1842818
508 1842826
508 1842847
509 1842863
509 1842871
509 1842880
508 1842888
509 1842899
508 1842907
509 1842917
508 1842924
509 1842935
509 1842942
509 1842951
508 1842964
509 1842975
508 1842985
508 1842995
508 1843005
507 1843015
508 1843039
509 1843058
510 1843082
508 1843102
507 1843125
509 1843146
508 1843169
508 1843189
508 1843206
509 1843224
509 1843242
511 1843259
509 1843278
508 1843286
508 1843292
508 1843302
508 1843309
509 1843316
509 1843323
508 1843331
510 1843337
508 1843345
508 1843354
508 1843370
509 1843378
509 1843385
508 1843393
508 1843400
509 1843409
510 1843416
508 1843423
508 1843431
508 1843438
509 1843445
508 1843450
508 1843457
508 1843462
509 1843467
509 1843474
509 1843481
508 1843487
508 1843492
509 1843498
508 1843504
508 1843510
509 1843516
509 1843523
510 1843528
508 1843534
509 1843542
507 1843550
508 1843557
508 1843563
509 1843571
510 1843577
509 1843586
509 1843592
509 1843600
509 1843608
506 1843618
533 1843626
526 1843637
501 1843645
534 1843667
512 1843674
549 1843686
496 1843694
527 1843699
623 1843714
504 1843724
558 1843734
372 1843744
428 1843754
542 1843765
513 1843774
496 1843784
520 1843794
491 1843804
485 1843814
484 1843825
532 1843835
550 1843845
496 1843855
499 1843865
519 1843875
507 1843885
501 1843895
491 1843904
493 1843914
504 1843924
497 1843934
513 1843944
496 1843954
516 1843964
496 1843975
529 1843985
493 1843994
541 1844005
509 1844015
527 1844025
527 1844035
508 1844045
514 1844055
512 1844065
509 1844075
511 1844085
509 1844095
510 1844105
506 1844115
516 1844125
504 1844135
509 1844145
514 1844155
504 1844178
511 1844186
506 1844192
511 1844201
512 1844211
506 1844218
506 1844225
510 1844234
510 1844244
508 1844254
510 1844264
509 1844274
510 1844284
511 1844294
510 1844304
508 1844315
511 1844324
511 1844334
508 1844344
508 1844354
507 1844364
509 1844374
508 1844384
509 1844394
509 1844404
510 1844415
511 1844424
509 1844434
507 1844454
508 1844464
509 1844474
508 1844485
508 1844495
509 1844504
510 1844515
510 1844525
509 1844534
507 1844545
508 1844555
510 1844565
509 1844575
509 1844585
509 1844595
508 1844605
508 1844617
509 1844627
508 1844637
507 1844645
509 1844655
508 1844665
508 1844675
509 1844685
509 1844695
509 1844704
509 1844714
508 1844724
508 1844734
508 1844744
509 1844754
509 1844764
507 1844774
508 1844785
509 1844795
509 1844804
508 1844814
508 1844825
507 1844834
507 1844844
508 1844854
508 1844864
508 1844875
508 1844885
511 1844895
508 1844905
507 1844915
507 1844925
508 1844935
508 1844945
508 1844955
509 1844965
507 1844975
510 1844997
509 1845007
508 1845013
509 1845023
508 1845032
509 1845040
508 1845049
509 1845057
509 1845066
510 1845074
509 1845084
508 1845094
508 1845104
509 1845114
508 1845124
508 1845134
509 1845144
507 1845154
509 1845164
509 1845174
508 1845194
508 1845204
508 1845215
509 1845225
508 1845235
508 1845245
508 1845254
509 1845264
509 1845274
507 1845284
507 1845294
509 1845304
507 1845314
509 1845324
509 1845334
509 1845344
508 1845354
510 1845364
508 1845375
508 1845384
508 1845395
509 1845404
509 1845414
510 1845425
509 1845434
509 1845445
510 1845455
509 1845465
508 1845475
509 1845485
508 1845495
508 1845505
510 1845515
508 1845531
509 1845542
510 1845552
507 1845562
506 1845574
508 1845583
507 1845591
509 1845602
506 1845613
509 1845622
509 1845631
510 1845641
509 1845651
506 1845661
507 1845671
509 1845682
509 1845692
509 1845701
508 1845711
508 1845721
510 1845731
508 1845741
507 1845751
509 1845761
509 1845771
508 1845781
509 1845791
509 1845802
508 1845817
511 1845825
509 1845830
508 1845838
508 1845847
509 1845855
508 1845864
509 1845875
509 1845885
509 1845895
509 1845905
509 1845925
508 1845935
508 1845945
507 1845955
508 1845965
507 1845975
509 1845985
509 1845995
510 1846005
510 1846015
509 1846025
508 1846035
508 1846045
507 1846054
510 1846064
508 1846074
509 1846084
509 1846094
509 1846104
508 1846114
508 1846124
508 1846135
508 1846144
508 1846155
509 1846164
508 1846174
509 1846184
510 1846195
509 1846204
506 1846215
509 1846225
509 1846234
509 1846245
508 1846255
507 1846265
509 1846275
510 1846285
509 1846295
506 1846307
509 1846315
507 1846325
507 1846335
511 1846345
516 1846355
510 1846365
509 1846375
510 1846385
506 1846395
503 1846405
510 1846415
510 1846424
510 1846434
509 1846444
507 1846454
514 1846464
510 1846474
505 1846485
504 1846494
501 1846504
508 1846514
508 1846524
509 1846534
506 1846544
505 1846555
514 1846564
506 1846575
502 1846584
520 1846595
518 1846604
515 1846615
524 1846624
510 1846635
511 1846644
505 1846665
505 1846675
506 1846685
503 1846695
502 1846705
511 1846715
514 1846725
507 1846735
510 1846745
511 1846754
506 1846764
508 1846774
512 1846784
508 1846794
508 1846804
510 1846814
509 1846824
510 1846834
513 1846844
509 1846854
509 1846864
510 1846874
511 1846885
509 1846894
509 1846905
510 1846914
508 1846924
510 1846935
510 1846945
508 1846955
507 1846965
507 1846975
511 1846985
509 1846995
507 1847005
509 1847015
508 1847025
510 1847035
507 1847045
508 1847054
508 1847064
509 1847074
508 1847084
508 1847094
507 1847117
509 1847124
509 1847138
508 1847147
508 1847156
508 1847163
508 1847171
508 1847181
509 1847189
509 1847196
509 1847205
510 1847215
508 1847225
507 1847235
509 1847245
508 1847254
508 1847264
509 1847274
509 1847284
509 1847294
509 1847304
508 1847314
508 1847324
509 1847334
508 1847344
509 1847354
508 1847364
507 1847374
508 1847384
510 1847394
509 1847414
507 1847424
508 1847437
510 1847454
508 1847462
509 1847471
509 1847481
507 1847492
510 1847502
509 1847511
509 1847521
509 1847532
509 1847541
509 1847551
510 1847562
508 1847571
509 1847583
508 1847593
509 1847601
508 1847612
508 1847622
509 1847632
509 1847642
509 1847652
509 1847662
508 1847678
509 1847683
510 1847693
508 1847703
508 1847711
509 1847721
508 1847731
508 1847740
508 1847749
508 1847759
509 1847768
511 1847777
507 1847786
507 1847795
508 1847804
508 1847814
508 1847824
508 1847834
509 1847844
509 1847854
509 1847865
508 1847874
508 1847885
508 1847895
508 1847905
507 1847915
508 1847925
508 1847935
508 1847945
510 1847967
509 1847976
508 1847981
508 1847991
509 1848007
508 1848015
508 1848023
508 1848031
508 1848038
510 1848046
509 1848055
507 1848066
508 1848074
508 1848084
509 1848094
509 1848104
509 1848114
509 1848124
509 1848134
509 1848144
508 1848154
509 1848174
510 1848184
508 1848195
508 1848204
509 1848215
508 1848225
508 1848235
510 1848245
508 1848254
508 1848264
508 1848274
509 1848284
508 1848294
509 1848304
508 1848314
509 1848324
510 1848334
508 1848344
508 1848354
509 1848364
508 1848374
508 1848384
508 1848394
509 1848404
509 1848415
510 1848425
508 1848435
507 1848444
508 1848455
509 1848465
508 1848475
509 1848485
508 1848495
509 1848505
510 1848515
509 1848525
507 1848535
507 1848545
508 1848555
509 1848565
507 1848575
508 1848595
507 1848605
510 1848615
509 1848625
507 1848635
508 1848644
509 1848654
509 1848664
509 1848674
508 1848684
508 1848694
509 1848704
510 1848714
508 1848724
508 1848734
509 1848745
509 1848755
509 1848765
509 1848775
509 1848785
508 1848795
509 1848804
508 1848814
508 1848824
510 1848834
508 1848844
509 1848854
510 1848869
510 1848901
509 1848906
510 1848912
509 1848921
507 1848932
508 1848947
508 1848952
509 1848959
508 1848968
509 1848979
510 1848988
508 1848994
510 1849003
507 1849011
508 1849019
507 1849027
508 1849035
508 1849044
509 1849055
509 1849065
510 1849074
509 1849085
508 1849095
508 1849105
508 1849115
508 1849125
509 1849135
509 1849145
509 1849155
510 1849165
509 1849175
508 1849185
509 1849195
508 1849205
509 1849215
508 1849224
507 1849234
508 1849244
509 1849254
509 1849264
508 1849274
508 1849297
508 1849306
508 1849312
507 1849320
509 1849328
509 1849338
509 1849347
509 1849356
508 1849367
507 1849376
509 1849385
508 1849394
509 1849405
509 1849414
508 1849425
509 1849435
508 1849445
508 1849455
507 1849465
507 1849475
507 1849485
509 1849495
509 1849505
509 1849515
510 1849525
510 1849535
509 1849547
508 1849557
508 1849567
507 1849577
509 1849585
509 1849594
508 1849604
509 1849614
510 1849624
508 1849644
507 1849654
508 1849664
508 1849675
509 1849685
509 1849695
509 1849705
509 1849715
510 1849725
508 1849735
508 1849745
508 1849755
510 1849765
508 1849774
508 1849785
508 1849794
509 1849805
509 1849814
508 1849825
507 1849834
507 1849845
510 1849855
509 1849865
508 1849875
509 1849885
509 1849895
509 1849905
509 1849915
508 1849925
506 1849935
509 1849945
509 1849955
507 1849965
508 1849975
508 1849985
509 1849995
509 1850005
509 1850015
508 1850024
508 1850034
509 1850045
508 1850054
508 1850064
507 1850074
508 1850084
509 1850094
507 1850104
508 1850114
508 1850124
508 1850135
508 1850144
509 1850155
509 1850165
509 1850175
510 1850185
508 1850195
506 1850204
508 1850215
507 1850225
509 1850235
509 1850245
509 1850255
509 1850265
508 1850275
508 1850285
507 1850295
508 1850307
509 1850316
508 1850325
508 1850335
507 1850345
509 1850355
509 1850365
507 1850385
508 1850414
509 1850420
509 1850428
508 1850435
508 1850444
509 1850451
509 1850459
509 1850467
509 1850477
509 1850485
509 1850494
509 1850504
508 1850514
509 1850524
509 1850535
508 1850544
509 1850555
509 1850564
508 1850575
506 1850584
509 1850595
507 1850605
509 1850615
508 1850625
508 1850635
510 1850645
509 1850655
508 1850665
508 1850676
508 1850685
509 1850695
508 1850705
507 1850715
508 1850725
510 1850735
508 1850745
509 1850755
507 1850764
508 1850775
509 1850784
508 1850794
508 1850804
509 1850814
509 1850824
510 1850834
508 1850844
508 1850854
508 1850864
509 1850875
510 1850884
509 1850894
508 1850904
509 1850915
510 1850924
508 1850935
507 1850944
507 1850955
509 1850965
508 1850975
509 1850984
509 1850994
508 1851004
510 1851014
508 1851024
508 1851034
508 1851044
509 1851054
508 1851064
509 1851074
509 1851085
509 1851094
509 1851105
509 1851125
508 1851134
507 1851145
509 1851155
508 1851165
509 1851175
507 1851185
508 1851195
510 1851205
510 1851215
509 1851225
508 1851235
509 1851245
507 1851255
508 1851265
508 1851275
507 1851285
510 1851295
512 1851305
508 1851315
507 1851325
508 1851334
508 1851344
509 1851355
508 1851367
508 1851375
509 1851384
510 1851394
509 1851404
509 1851414
508 1851424
508 1851434
508 1851445
509 1851454
508 1851465
509 1851474
509 1851485
509 1851494
508 1851505
508 1851515
509 1851525
510 1851535
508 1851545
509 1851555
509 1851565
510 1851575
509 1851585
507 1851595
507 1851605
509 1851615
507 1851625
508 1851635
509 1851645
508 1851655
506 1851665
510 1851675
508 1851685
508 1851695
509 1851705
508 1851715
509 1851724
509 1851734
508 1851744
509 1851754
509 1851764
508 1851774
508 1851784
508 1851794
508 1851804
509 1851814
509 1851824
507 1851834
509 1851844
509 1851855
508 1851875
508 1851885
507 1851894
507 1851905
509 1851915
509 1851925
509 1851935
513 1851945
509 1851955
509 1851965
506 1851975
507 1851985
507 1851995
507 1852005
507 1852015
509 1852025
509 1852035
509 1852045
508 1852055
508 1852065
508 1852075
509 1852084
508 1852094
508 1852104
509 1852114
510 1852124
509 1852134
508 1852144
508 1852154
508 1852164
509 1852174
509 1852184
509 1852195
509 1852204
509 1852215
509 1852224
509 1852235
509 1852245
507 1852255
509 1852265
509 1852275
507 1852284
508 1852295
509 1852305
507 1852315
508 1852325
508 1852335
508 1852345
508 1852355
508 1852365
509 1852375
508 1852385
509 1852395
508 1852405
509 1852415
508 1852425
508 1852435
508 1852445
509 1852454
508 1852464
510 1852474
508 1852484
510 1852495
511 1852505
509 1852515
507 1852525
507 1852535
508 1852545
508 1852555
509 1852565
507 1852575
509 1852585
510 1852605
508 1852615
507 1852625
508 1852635
508 1852645
509 1852655
508 1852665
510 1852675
507 1852685
508 1852695
510 1852704
508 1852714
509 1852724
507 1852734
506 1852744
509 1852754
510 1852764
508 1852774
509 1852784
510 1852794
508 1852805
514 1852814
508 1852824
509 1852835
508 1852844
510 1852855
508 1852864
509 1852875
504 1852885
508 1852895
510 1852905
509 1852915
508 1852925
510 1852935
511 1852945
510 1852955
508 1852965
510 1852975
506 1852985
508 1852995
508 1853005
508 1853015
506 1853025
508 1853035
509 1853045
509 1853055
511 1853066
507 1853074
507 1853084
508 1853094
508 1853105
509 1853115
508 1853125
510 1853135
509 1853145
510 1853155
508 1853165
508 1853175
508 1853185
508 1853195
509 1853205
509 1853215
508 1853225
509 1853235
511 1853245
508 1853255
507 1853264
509 1853274
508 1853284
509 1853294
508 1853304
509 1853314
508 1853324
510 1853344
509 1853354
508 1853364
507 1853374
507 1853384
508 1853395
509 1853404
509 1853414
509 1853425
509 1853434
511 1853445
508 1853454
508 1853465
509 1853475
509 1853485
509 1853495
509 1853505
510 1853515
508 1853525
509 1853535
508 1853545
508 1853555
509 1853565
508 1853575
509 1853585
509 1853595
510 1853605
510 1853615
508 1853625
510 1853635
508 1853645
508 1853654
508 1853664
509 1853674
508 1853684
510 1853695
509 1853704
510 1853714
509 1853724
508 1853734
506 1853752
509 1853767
509 1853773
506 1853781
509 1853791
509 1853800
511 1853807
509 1853816
507 1853825
508 1853835
509 1853845
509 1853855
508 1853865
507 1853875
507 1853885
511 1853895
509 1853905
509 1853915
508 1853925
507 1853935
507 1853945
509 1853955
509 1853965
507 1853975
509 1853985
509 1853995
507 1854005
507 1854015
509 1854025
508 1854034
508 1854045
507 1854054
509 1854064
509 1854074
507 1854086
507 1854094
507 1854114
509 1854124
508 1854134
509 1854145
509 1854154
508 1854172
509 1854182
509 1854191
508 1854202
508 1854212
507 1854222
507 1854232
509 1854241
508 1854252
508 1854261
509 1854271
510 1854282
509 1854292
508 1854303
508 1854312
509 1854322
509 1854332
509 1854341
508 1854351
494 1854362
510 1854372
504 1854383
508 1854393
507 1854402
509 1854412
509 1854422
509 1854431
508 1854442
508 1854451
509 1854461
510 1854471
509 1854481
508 1854491
513 1854502
510 1854512
507 1854521
509 1854532
508 1854592
510 1854603
510 1854614
508 1854620
508 1854627
509 1854633
510 1854643
508 1854650
508 1854665
508 1854693
509 1854714
508 1854734
509 1854742
508 1854756
507 1854770
508 1854784
509 1854791
509 1854799
508 1854806
509 1854813
509 1854820
509 1854827
507 1854833
507 1854839
509 1854846
509 1854854
509 1854861
508 1854867
509 1854872
510 1854880
508 1854886
508 1854892
508 1854899
508 1854906
510 1854913
509 1854920
509 1854926
509 1854936
510 1854942
508 1854949
506 1854957
508 1854964
507 1854973
508 1854983
509 1854993
507 1855003
510 1855017
510 1855024
509 1855033
507 1855041
509 1855049
510 1855059
509 1855067
509 1855075
509 1855085
508 1855095
510 1855104
508 1855114
507 1855124
508 1855134
509 1855144
507 1855154
507 1855164
508 1855175
509 1855184
510 1855194
509 1855204
508 1855216
509 1855224
509 1855234
508 1855244
507 1855254
508 1855264
509 1855274
509 1855284
509 1855294
509 1855306
508 1855315
508 1855325
508 1855335
509 1855344
509 1855354
510 1855364
509 1855374
510 1855384
508 1855394
507 1855404
508 1855414
508 1855424
509 1855435
508 1855444
508 1855454
509 1855465
508 1855474
508 1855485
507 1855494
507 1855505
508 1855514
509 1855524
508 1855535
508 1855545
509 1855555
509 1855565
509 1855575
508 1855595
507 1855607
509 1855621
508 1855632
509 1855642
509 1855652
508 1855663
510 1855672
508 1855689
507 1855694
508 1855703
509 1855712
508 1855719
509 1855727
509 1855736
508 1855744
510 1855754
509 1855764
508 1855774
507 1855784
508 1855794
517 1855804
507 1855815
509 1855824
508 1855834
509 1855844
510 1855855
508 1855864
508 1855875
509 1855885
509 1855895
511 1855905
508 1855915
509 1855925
