509 774703
505 774708
505 774708
507 774709
508 774709
508 774710
507 774710
509 774711
509 774711
506 774712
508 774712
508 774713
508 774713
509 774714
508 774715
507 774716
507 774717
509 774718
507 774719
507 774720
508 774721
507 774732
509 774733
506 774733
499 774734
508 774734
520 774735
506 774736
507 774736
502 774765
506 774766
515 774766
511 774767
505 774768
507 774769
507 774769
506 774770
504 774770
506 774771
509 774771
510 774772
509 774772
508 774773
510 774774
505 774774
510 774775
505 774775
508 774776
508 774776
511 774777
508 774777
504 774778
506 774778
511 774779
473 774779
531 774780
540 774780
508 774781
510 774781
514 774782
509 774783
507 774783
506 774784
508 774784
509 774785
506 774787
506 774787
507 774788
508 774789
507 774789
507 774805
509 774808
508 774869
510 774872
509 774905
506 774909
508 774913
507 774926
508 774935
508 774945
508 774967
507 774968
507 774975
508 774985
506 775007
507 775008
508 775015
508 775042
507 775043
510 775056
506 775057
506 775077
509 775077
507 775085
509 775107
508 775107
509 775139
508 775140
510 775141
507 775157
507 775157
507 775177
508 775177
509 775210
505 775212
508 775212
507 775238
510 775240
508 775242
507 775279
507 775280
508 775282
508 775309
507 775310
508 775311
510 775314
513 775393
502 775394
502 775396
517 775396
522 775397
513 775399
511 775399
490 775410
498 775412
506 775413
513 775449
496 775451
516 775454
505 775481
507 775481
508 775483
507 775508
510 775510
511 775511
509 775514
507 775527
508 775528
508 775546
510 775547
509 775554
508 775576
507 775577
508 775584
511 775594
505 775605
507 775627
512 775627
508 775635
508 775644
507 775654
506 775718
510 775720
508 775726
505 775727
507 775727
505 775728
506 775730
511 775733
509 775744
506 775754
513 775774
508 775784
504 775794
506 775804
507 775814
511 775824
523 775834
495 775844
526 775854
502 775864
508 775876
492 775885
501 775900
531 775903
511 776027
512 776028
508 776029
507 776029
510 776030
508 776030
509 776031
508 776032
509 776032
507 776033
508 776074
507 776116
506 776117
508 776119
507 776119
507 776121
507 776168
506 776169
510 776171
508 776232
510 776233
509 776234
510 776234
511 776235
508 776235
509 776235
504 776236
507 776237
506 776237
507 776239
507 776254
508 776254
508 776284
508 776284
506 776285
507 776288
506 776309
507 776346
509 776349
506 776350
507 776350
507 776352
511 776352
508 776355
506 776380
507 776380
507 776383
509 776408
507 776411
509 776414
510 776426
507 776450
507 776451
507 776453
507 776475
508 776478
508 776483
508 776495
507 776517
508 776517
510 776550
508 776554
507 776554
509 776557
506 776563
508 776587
508 776610
509 776613
508 776630
508 776632
508 776632
508 776645
506 776657
507 776657
508 776664
508 776687
508 776687
506 776720
511 776723
507 776725
508 776725
506 776734
507 776757
508 776757
508 776791
508 776793
508 776793
508 776818
510 776821
510 776823
506 776826
507 776855
507 776858
507 776863
508 776863
509 776887
508 776888
509 776894
508 776930
505 776934
507 776935
507 776937
507 776955
508 776958
507 776962
508 776987
510 776988
508 777025
508 777044
507 777044
507 777045
509 777047
510 777055
508 777058
509 777063
511 777084
508 777094
507 777130
507 777132
509 777134
508 777158
509 777161
509 777164
508 777166
508 777185
507 777188
507 777193
507 777205
508 777227
507 777227
509 777252
508 777255
509 777258
508 777263
510 777275
507 777297
507 777298
506 777304
506 777327
507 777327
508 777345
508 777357
508 777357
509 777364
507 777374
507 777398
507 777399
507 777406
509 777430
509 777430
505 777433
507 777630
509 777630
507 777631
507 777631
506 777632
507 777633
509 777633
508 777634
507 777634
504 777635
510 777636
509 777636
506 777636
508 777637
508 777637
507 777638
508 777638
509 777638
507 777639
510 777641
508 777643
507 777655
508 777665
509 777675
506 777684
508 777695
508 777714
508 777737
508 777738
509 777753
507 777754
507 777835
509 777836
510 777836
507 777837
508 777837
508 777838
508 777839
509 777839
507 777857
507 777857
508 777934
509 777934
507 777936
508 777937
508 777937
508 777939
508 777940
506 777959
507 777961
506 777963
507 777990
508 777994
506 777995
507 777995
509 777997
508 778228
506 778229
506 778230
506 778230
508 778231
509 778232
508 778232
508 778233
510 778234
507 778234
506 778235
508 778235
512 778236
503 778236
523 778237
505 778237
508 778238
502 778239
517 778239
507 778241
505 778242
501 778242
517 778244
512 778269
508 778271
509 778273
505 778275
512 778433
508 778434
507 778434
509 778435
509 778435
508 778436
509 778436
508 778437
507 778437
511 778438
506 778438
510 778438
507 778439
506 778441
508 778441
505 778443
503 778469
508 778470
493 778475
510 778475
511 778510
494 778512
517 778512
511 778631
504 778631
523 778632
511 778633
517 778642
512 778643
503 778644
507 778646
508 778647
507 778647
497 778649
513 778650
508 778734
486 778734
486 778735
534 778736
515 778736
499 778737
494 778737
521 778738
505 778740
504 778741
504 778813
509 778814
506 778815
506 778815
503 778816
508 778816
509 778817
507 778853
508 778854
511 778856
509 778856
509 779027
504 779028
505 779029
516 779029
517 779030
507 779030
499 779031
520 779032
512 779032
531 779033
516 779033
513 779034
514 779035
510 779035
505 779036
513 779037
509 779038
506 779038
506 779040
508 779232
507 779232
507 779233
505 779234
502 779234
507 779235
509 779235
507 779236
511 779236
508 779237
504 779238
502 779238
510 779239
506 779239
514 779240
520 779240
515 779241
505 779241
507 779241
517 779243
506 779244
512 779412
507 779412
509 779413
512 779414
508 779414
509 779415
507 779415
506 779416
507 779416
509 779417
508 779417
507 779418
508 779418
508 779419
509 779419
509 779420
508 779422
507 779424
507 779438
509 779455
508 779467
509 779467
509 779528
509 779528
508 779529
508 779530
506 779530
508 779533
507 779631
507 779632
508 779632
508 779633
509 779634
508 779634
507 779635
507 779635
509 779636
507 779638
508 779734
508 779735
508 779735
508 779736
509 779737
507 779738
508 779738
508 779739
507 779740
507 779747
511 779747
507 779780
507 779783
505 779785
511 779785
507 779808
501 779808
507 779814
509 779824
508 779847
509 779848
510 779854
510 779882
507 779883
505 779886
507 779913
508 779915
507 779917
507 779950
509 779950
507 779951
509 779953
509 780024
509 780025
507 780025
508 780026
507 780026
510 780027
509 780034
507 780045
509 780055
509 780065
507 780087
506 780087
509 780095
508 780332
510 780332
508 780333
509 780334
508 780334
510 780335
508 780335
506 780336
510 780336
505 780337
507 780338
510 780338
508 780339
508 780339
509 780339
507 780340
505 780340
507 780341
507 780341
508 780342
508 780342
508 780343
508 780343
511 780346
508 780514
507 780515
509 780515
506 780517
508 780518
508 780518
507 780519
508 780519
509 780520
508 780520
506 780521
508 780521
507 780522
508 780522
509 780524
508 780524
509 780525
509 780525
509 780528
508 780536
509 780544
507 780569
506 780569
507 780574
509 780597
508 780597
508 780604
509 780614
508 780624
507 780634
507 780646
507 780654
508 780664
507 780676
509 780697
509 780697
508 780704
508 780714
507 780736
506 780736
509 780756
508 780756
509 780764
508 780786
507 780787
509 780795
508 780805
507 780816
508 780825
507 780849
507 780849
508 780855
508 780864
509 780874
509 780884
507 780895
506 780904
507 780914
507 780925
507 780938
508 780959
507 780959
509 781036
510 781037
507 781037
507 781038
508 781038
509 781039
508 781040
508 781113
508 781114
507 781115
509 781115
507 781116
521 781116
501 781117
494 781117
540 781124
496 781135
507 781145
510 781168
496 781169
517 781178
477 781184
494 781200
511 781204
517 781214
509 781226
509 781234
509 781244
507 781254
509 781264
505 781274
507 781284
507 781294
500 781304
508 781317
496 781328
508 781346
508 781347
517 781354
510 781364
511 781374
510 781384
502 781395
511 781404
510 781469
514 781470
515 781474
511 781475
508 781477
506 781478
510 781478
508 781533
508 781534
506 781534
510 781535
511 781549
513 781553
508 781554
506 781556
508 781636
509 781636
512 781637
508 781637
513 781638
508 781638
506 781639
501 781641
503 781831
501 781831
508 781832
504 781833
513 781833
506 781834
505 781835
511 781835
507 781836
507 781836
506 781837
507 781837
508 781838
507 781838
508 781839
509 781839
508 781840
509 781840
504 781842
506 781844
507 781854
507 781864
508 781874
508 781884
511 781894
508 781916
511 781917
503 781924
509 781935
508 782036
510 782036
505 782037
508 782038
511 782038
509 782039
510 782039
507 782040
506 782040
506 782041
507 782043
508 782216
508 782217
507 782217
508 782218
508 782218
507 782219
504 782219
507 782219
505 782220
506 782220
509 782221
508 782223
509 782223
510 782224
507 782224
506 782225
506 782227
508 782237
509 782237
508 782244
508 782254
510 782264
510 782287
507 782287
507 782302
507 782303
508 782324
508 782336
508 782336
509 782344
508 782367
510 782367
508 782374
507 782384
507 782394
509 782404
506 782440
508 782453
508 782454
508 782455
508 782476
509 782476
507 782484
507 782494
508 782504
507 782514
509 782537
509 782537
508 782546
508 782555
509 782635
508 782636
507 782636
507 782637
507 782638
508 782685
507 782685
509 782688
506 782688
509 782689
508 782692
506 782692
508 782693
508 782706
508 782706
507 782714
507 782724
508 782734
508 782757
508 782757
507 782764
507 782774
508 782802
508 782803
508 782803
509 782827
508 782827
509 782834
508 782844
506 782854
509 782864
509 782876
508 782897
508 782898
509 782905
509 782927
509 782928
509 782935
507 782945
507 782954
509 782965
508 782974
508 782997
509 782998
508 783005
509 783028
509 783029
507 783047
506 783047
507 783054
507 783064
509 783075
508 783086
508 783094
509 783104
509 783114
506 783124
507 783134
507 783146
509 783154
506 783189
509 783189
507 783192
510 783207
511 783214
508 783224
506 783234
508 783244
509 783254
508 783264
508 783275
506 783286
509 783307
509 783308
508 783316
507 783324
508 783334
506 783345
509 783354
508 783377
506 783377
509 783384
509 783394
506 783404
506 783424
507 783425
508 783434
510 783444
507 783454
509 783464
509 783474
509 783484
509 783494
507 783517
507 783517
508 783524
507 783633
507 783634
507 783634
509 783635
507 783637
509 783638
508 783639
507 783639
508 783640
505 783640
509 783641
508 783646
507 783655
507 783665
510 783675
508 783685
507 783694
508 783705
506 783714
508 783725
507 783735
506 783758
507 783759
510 783838
507 783838
509 783839
508 783839
507 783840
508 783840
506 783841
509 783841
508 783844
508 783916
507 783916
506 783917
507 783917
507 783918
510 783918
506 783919
507 783924
508 783944
507 783954
508 783964
506 784002
507 784004
509 784004
508 784005
508 784060
508 784061
507 784061
510 784062
508 784062
507 784065
507 784233
509 784233
507 784234
509 784235
507 784235
508 784236
509 784236
510 784237
507 784237
503 784238
508 784238
506 784239
508 784240
509 784240
507 784241
509 784250
511 784254
508 784254
507 784257
506 784336
506 784337
507 784337
507 784338
508 784339
508 784339
509 784340
508 784341
506 784439
507 784439
506 784440
509 784441
506 784441
509 784442
508 784443
509 784443
508 784444
507 784445
506 784457
509 784457
509 784465
509 784477
508 784484
508 784507
509 784507
508 784514
508 784524
508 784534
509 784544
509 784564
508 784574
509 784584
508 784594
509 784604
508 784614
506 784624
506 784634
508 784646
518 784654
508 784664
508 784674
508 784696
509 784696
509 784704
508 784714
506 784724
508 784738
508 784744
506 784754
507 784764
508 784774
509 784785
509 784795
508 784820
508 784821
508 784823
508 784834
509 784845
509 784855
508 784877
508 784877
509 784884
508 784894
507 784904
507 784914
506 784924
508 784935
508 784986
508 784987
508 784987
510 784988
506 784989
508 784993
508 785004
507 785031
510 785032
508 785034
509 785133
509 785133
510 785134
508 785134
506 785135
506 785136
507 785136
507 785137
508 785137
508 785137
510 785146
510 785155
509 785165
506 785175
508 785185
509 785195
507 785205
508 785228
509 785229
507 785236
507 785244
509 785254
509 785264
508 785274
509 785284
506 785294
507 785317
508 785317
508 785324
509 785334
509 785348
508 785354
506 785364
507 785374
507 785397
507 785397
508 785414
508 785440
508 785441
509 785443
508 785630
508 785631
508 785631
507 785632
509 785633
508 785634
507 785634
508 785635
509 785636
508 785636
508 785637
505 785638
509 785638
508 785639
507 785640
510 785640
510 785641
513 785642
509 785645
505 785732
508 785732
508 785733
508 785734
505 785735
509 785735
509 785736
508 785739
511 785834
507 785834
507 785835
509 785835
509 785836
510 785837
507 785837
511 785838
508 785838
508 785839
506 785839
508 785840
505 785844
507 785854
506 785864
510 785874
506 785884
507 785894
507 785905
507 785915
507 786040
507 786041
506 786041
507 786042
508 786042
508 786043
508 786044
508 786044
507 786045
506 786045
507 786046
508 786046
507 786049
509 786117
507 786117
508 786118
509 786118
507 786119
505 786119
507 786154
509 786155
509 786155
508 786156
509 786156
509 786190
510 786191
509 786194
508 786335
506 786336
507 786336
508 786337
507 786338
504 786339
510 786339
507 786340
507 786341
507 786341
507 786342
511 786342
508 786349
508 786351
506 786354
510 786354
506 786364
510 786387
507 786388
506 786394
511 786404
508 786414
508 786424
508 786447
506 786447
510 786459
509 786464
507 786542
506 786543
509 786543
508 786544
508 786545
508 786545
508 786546
510 786549
510 786619
510 786619
506 786620
503 786621
507 786622
509 786622
506 786623
507 786625
509 786641
510 786643
508 786731
506 786732
508 786732
505 786733
512 786734
508 786734
508 786735
507 786736
511 786738
503 786937
505 786938
511 786938
507 786939
508 786940
510 786942
508 786943
507 786943
508 786944
508 786945
507 786946
506 786946
514 786947
507 786947
511 786948
509 786948
509 786949
508 786949
508 786952
509 786952
508 786955
506 786964
508 786974
509 786984
508 786994
507 787004
508 787040
509 787041
508 787041
507 787044
506 787142
508 787142
506 787143
508 787144
507 787144
508 787145
509 787146
507 787146
507 787149
507 787149
508 787331
508 787331
507 787332
508 787333
509 787333
511 787334
507 787334
505 787335
508 787336
508 787336
509 787337
510 787337
508 787337
509 787338
508 787338
505 787339
503 787339
505 787340
506 787342
507 787344
507 787354
508 787376
508 787376
512 787384
512 787394
506 787404
506 787415
508 787441
510 787442
506 787445
509 787536
509 787536
507 787537
510 787538
508 787538
507 787539
508 787542
506 787544
507 787544
510 787547
508 787740
508 787741
505 787741
508 787742
507 787743
509 787743
509 787744
509 787744
507 787745
507 787745
508 787746
508 787746
507 787747
507 787747
508 787747
506 787748
507 787748
510 787749
509 787751
509 787753
509 787763
504 787773
508 787783
507 787795
509 787804
506 787827
506 787827
510 787834
510 787844
510 787854
506 787864
505 787875
507 787884
510 787907
508 787908
508 787914
510 787924
506 787934
509 787944
508 787954
508 787964
508 787976
508 787988
508 787994
507 788004
506 788014
510 788024
512 788034
509 788059
504 788060
508 788069
506 788099
507 788099
509 788104
510 788105
510 788114
509 788123
504 788133
508 788143
507 788153
508 788164
507 788175
510 788184
509 788195
507 788204
508 788213
510 788231
507 788233
506 788246
508 788254
510 788264
504 788274
505 788284
507 788317
507 788318
508 788318
507 788324
505 788334
504 788344
508 788354
509 788377
507 788377
509 788394
509 788404
513 788439
507 788441
507 788443
509 788445
506 788458
509 788538
507 788538
508 788539
509 788540
509 788540
508 788541
505 788542
509 788542
507 788545
510 788744
507 788745
508 788746
510 788746
509 788747
511 788748
509 788748
503 788749
503 788749
500 788750
511 788751
507 788751
507 788752
504 788752
511 788753
507 788753
507 788754
509 788754
508 788755
508 788756
509 788758
509 788933
508 788934
509 788934
506 788935
509 788936
513 788936
504 788937
507 788937
510 788938
507 788939
509 788939
510 788940
509 788940
504 788941
507 788942
503 788942
511 788943
510 788945
506 788947
507 788954
507 788964
509 788974
508 788996
506 788997
511 789004
509 789027
510 789027
509 789034
508 789048
510 789142
507 789143
505 789143
512 789144
506 789145
508 789145
508 789146
510 789147
499 789149
502 789221
514 789222
487 789222
512 789223
521 789223
524 789224
501 789225
505 789227
513 789439
513 789440
508 789441
510 789441
509 789442
508 789443
509 789444
509 789444
508 789445
508 789446
507 789446
510 789447
509 789447
507 789448
512 789448
506 789449
505 789449
509 789450
506 789450
510 789451
508 789451
505 789453
509 789454
506 789520
507 789521
510 789522
506 789522
508 789522
508 789523
509 789526
508 789543
506 789544
509 789571
507 789572
512 789574
510 789842
509 789843
509 789843
515 789844
512 789845
506 789845
519 789846
504 789847
502 789847
502 789848
519 789848
520 789849
509 789849
510 789850
509 789850
508 789851
507 789851
507 789851
508 789852
509 789852
505 789853
507 789853
514 789854
516 789864
499 789885
501 789886
494 789888
526 789889
516 789889
536 789944
524 789945
506 789984
513 789985
503 789987
505 789987
513 790023
505 790064
506 790067
510 790069
506 790069
508 790070
509 790070
505 790140
508 790140
509 790141
508 790142
507 790142
507 790143
508 790143
509 790144
507 790145
508 790145
507 790146
508 790146
508 790147
508 790149
507 790321
507 790322
511 790322
508 790323
505 790324
508 790324
508 790325
508 790325
508 790326
507 790327
510 790327
509 790328
510 790328
506 790329
507 790335
510 790335
504 790338
511 790338
508 790339
510 790524
509 790525
510 790525
505 790526
509 790527
507 790527
507 790528
508 790529
508 790529
507 790530
510 790530
510 790531
507 790531
507 790532
508 790532
506 790533
508 790552
507 790552
508 790555
508 790745
510 790746
508 790746
507 790747
509 790748
507 790748
509 790749
507 790749
509 790750
509 790751
510 790752
509 790752
506 790753
507 790754
508 790755
508 790755
508 790757
508 790757
508 790758
511 790759
508 790761
506 790761
508 791036
508 791036
509 791037
507 791038
508 791039
508 791039
509 791040
509 791040
508 791041
507 791041
509 791042
508 791042
510 791043
508 791043
506 791044
509 791044
508 791045
509 791046
506 791046
507 791047
508 791047
509 791048
509 791048
509 791049
510 791049
507 791052
506 791053
506 791241
508 791242
508 791242
509 791243
509 791243
508 791244
509 791244
509 791245
509 791245
507 791246
506 791246
508 791247
507 791247
508 791248
510 791248
510 791249
509 791249
507 791250
508 791250
507 791253
508 791257
507 791257
507 791258
509 791328
508 791329
510 791329
508 791330
508 791330
508 791331
505 791331
506 791356
508 791356
508 791389
514 791391
509 791393
518 791419
502 791421
519 791535
507 791536
521 791539
516 791539
502 791540
505 791540
516 791541
512 791542
506 791542
506 791543
507 791544
510 791544
509 791545
507 791556
509 791556
507 791563
508 791586
507 791587
508 791594
506 791604
508 791614
509 791624
508 791634
509 791645
507 791741
506 791742
510 791742
513 791743
510 791744
522 791744
508 791745
500 791745
490 791746
515 791748
523 791845
521 791845
503 791846
513 791847
513 791847
511 791848
512 791849
502 791849
509 791850
513 791851
513 791853
507 791923
496 791924
493 791924
475 791925
520 791925
502 791926
544 791926
503 791959
500 791960
521 791962
515 791976
506 791977
507 791984
506 791994
512 792004
509 792014
511 792024
511 792034
506 792056
508 792057
512 792137
507 792138
506 792139
510 792139
498 792140
498 792141
521 792141
530 792144
488 792521
489 792522
517 792523
546 792523
495 792524
510 792524
517 792525
508 792525
500 792525
503 792526
508 792526
508 792527
506 792527
510 792528
508 792528
510 792528
511 792529
509 792529
508 792530
508 792530
507 792531
508 792531
506 792532
508 792532
514 792532
505 792533
512 792533
500 792534
497 792534
518 792535
510 792535
504 792536
512 792536
504 792536
508 792537
505 792538
506 792538
504 792540
511 792541
511 792635
496 792635
509 792636
505 792637
509 792637
509 792638
507 792639
507 792639
508 792640
509 792640
508 792657
508 792657
509 792664
508 792700
508 792701
507 792703
506 792839
510 792839
507 792840
507 792841
507 792842
508 792842
508 792843
508 792844
508 792844
508 792845
508 792845
509 792846
509 792846
508 792848
510 793122
507 793123
507 793123
510 793124
508 793124
507 793125
507 793125
507 793125
508 793126
506 793126
508 793127
510 793128
508 793128
506 793129
508 793129
508 793130
509 793130
506 793131
505 793131
508 793131
505 793132
509 793132
506 793133
509 793133
509 793134
505 793134
510 793135
508 793137
509 793137
505 793144
508 793155
508 793164
506 793174
508 793184
508 793206
508 793207
508 793213
509 793236
508 793259
508 793261
507 793261
506 793265
506 793279
506 793283
508 793293
508 793304
508 793314
508 793324
507 793334
506 793348
507 793357
507 793364
509 793387
508 793388
505 793394
507 793404
508 793414
509 793424
507 793434
505 793493
505 793493
508 793494
510 793495
508 793495
507 793496
509 793504
512 793526
506 793526
507 793534
509 793549
510 793554
506 793564
506 793574
507 793584
507 793604
507 793618
505 793624
505 793634
506 793682
509 793683
509 793686
508 793686
511 793687
509 793725
509 793726
508 793728
507 793728
509 793938
508 793939
510 793939
508 793940
508 793941
507 793942
508 793943
508 793943
505 793944
506 793945
507 793946
507 793946
506 793947
507 793948
506 793948
508 793949
508 793950
508 793951
509 793951
508 793952
507 793953
508 793955
507 793956
507 794041
508 794042
509 794042
507 794043
507 794044
507 794044
507 794045
508 794045
508 794049
506 794143
507 794144
509 794145
508 794145
506 794146
508 794147
507 794147
508 794148
508 794148
507 794149
508 794154
509 794164
508 794174
505 794194
507 794206
510 794207
506 794213
508 794224
509 794234
509 794323
510 794324
511 794324
503 794325
484 794325
511 794326
501 794326
514 794327
521 794327
507 794344
551 794354
501 794378
504 794379
518 794383
510 794394
505 794416
506 794417
511 794423
508 794434
508 794444
507 794454
510 794476
509 794477
508 794484
509 794504
504 794505
509 794514
506 794524
510 794546
501 794546
499 794573
510 794574
508 794574
507 794593
506 794594
502 794635
506 794637
508 794638
509 794651
506 794652
507 794836
509 794837
507 794838
509 794839
510 794839
504 794840
511 794840
503 794841
507 794841
505 794842
501 794842
502 794843
507 794843
509 794844
499 794844
510 794845
516 794845
507 794846
509 794846
513 794848
512 794939
509 794940
507 794941
509 794941
511 794942
509 794943
509 794943
507 794944
507 794944
505 794946
508 795042
507 795042
509 795043
508 795044
507 795044
507 795045
512 795046
508 795046
509 795047
510 795049
505 795224
506 795225
507 795226
509 795226
512 795227
509 795228
504 795228
507 795229
507 795229
508 795230
508 795230
507 795230
506 795231
512 795231
509 795232
508 795232
509 795233
509 795235
505 795336
508 795337
507 795338
508 795339
509 795339
507 795340
506 795341
508 795341
507 795342
508 795346
507 795346
508 795369
508 795370
510 795542
508 795543
507 795543
508 795544
509 795545
508 795545
508 795546
507 795547
509 795548
509 795548
508 795549
508 795550
507 795550
508 795551
507 795551
509 795552
508 795552
508 795553
508 795555
510 795647
505 795647
507 795648
508 795649
508 795650
508 795650
508 795651
508 795652
508 795670
509 795672
507 795672
507 795724
508 795725
507 795725
508 795726
507 795727
508 795727
508 795734
508 795750
508 795763
506 795774
508 795784
507 795794
508 795803
508 795813
507 795823
508 795861
509 795864
509 795864
507 795865
508 795872
508 795883
507 795894
509 795919
508 795920
506 795923
511 795966
508 795967
508 795967
509 795968
507 795975
509 795986
507 795994
509 796004
508 796014
510 796024
508 796034
508 796044
508 796054
507 796064
508 796074
509 796085
508 796094
508 796105
509 796148
508 796149
508 796149
507 796150
507 796152
507 796324
505 796326
508 796327
507 796327
510 796328
509 796329
507 796329
507 796330
506 796330
507 796331
507 796332
508 796332
507 796333
508 796333
508 796334
508 796335
506 796335
507 796338
508 796347
507 796438
507 796438
508 796439
508 796440
510 796440
508 796441
505 796441
508 796442
509 796446
508 796446
507 796454
510 796464
507 796474
510 796484
508 796496
507 796516
508 796516
509 796524
508 796534
508 796544
511 796643
510 796643
509 796644
508 796644
507 796645
507 796645
507 796646
508 796646
507 796647
509 796654
508 796676
508 796676
509 796683
509 796693
506 796704
510 796714
508 796724
510 796734
508 796744
506 796849
504 796849
506 796850
506 796851
506 796851
508 796852
508 796853
510 796853
509 796854
510 796854
509 796857
511 797036
507 797036
507 797037
507 797038
506 797038
507 797039
508 797040
508 797040
509 797041
511 797041
507 797042
507 797043
504 797043
506 797044
508 797044
511 797044
510 797045
510 797045
510 797048
510 797242
507 797243
507 797243
507 797244
508 797245
508 797245
507 797246
508 797247
508 797247
507 797248
507 797249
507 797249
508 797250
506 797250
508 797250
511 797251
508 797251
507 797252
507 797253
507 797253
507 797256
508 797448
505 797449
510 797449
510 797450
509 797451
509 797451
509 797452
508 797452
505 797453
506 797454
509 797455
509 797455
508 797456
507 797457
510 797458
509 797458
508 797459
506 797462
508 797462
509 797465
510 797474
509 797484
507 797494
509 797504
510 797514
507 797537
507 797537
508 797544
508 797579
510 797579
509 797580
508 797627
508 797627
509 797628
507 797628
505 797629
509 797670
508 797671
507 797671
506 797672
508 797675
510 797683
509 797694
506 797704
506 797713
507 797726
508 797733
508 797743
507 797753
508 797763
509 797773
509 797783
509 797793
507 797803
507 797827
509 797827
506 797834
512 797847
508 797857
510 797864
506 797874
512 797884
509 797894
507 797904
509 797914
506 797924
510 797934
505 797944
510 797966
506 797967
508 797973
506 797984
508 797994
506 798004
507 798014
508 798023
508 798033
505 798053
507 798063
511 798073
510 798086
508 798093
508 798103
509 798113
507 798123
509 798134
508 798143
509 798166
509 798167
508 798173
506 798201
507 798201
508 798204
506 798248
508 798249
509 798249
508 798250
510 798253
508 798327
507 798328
507 798329
508 798329
508 798330
508 798330
509 798331
505 798346
505 798346
508 798354
508 798438
508 798438
509 798439
507 798440
509 798440
508 798441
508 798442
509 798442
507 798445
508 798643
506 798644
507 798644
507 798645
508 798645
508 798646
508 798646
509 798647
510 798648
509 798648
506 798649
507 798649
507 798650
508 798650
510 798651
507 798651
507 798651
510 798652
507 798654
506 798654
509 798655
508 798848
507 798873
508 798874
507 798875
508 798875
509 798876
507 798877
506 798877
507 798878
507 798879
509 798879
509 798880
508 798880
508 798881
510 798881
508 798882
507 798882
506 798883
508 798885
509 798885
508 798886
509 798886
507 798951
508 798952
509 798995
507 798996
506 798997
508 798997
507 799000
507 799000
507 799001
508 799001
509 799002
506 799004
509 799014
507 799024
506 799060
508 799064
506 799064
507 799067
509 799072
509 799099
508 799104
508 799116
509 799116
508 799123
507 799146
508 799148
508 799163
508 799164
508 799174
510 799184
508 799194
506 799204
506 799214
508 799223
507 799234
508 799243
508 799253
508 799265
511 799278
507 799294
506 799294
506 799427
508 799428
507 799428
508 799429
508 799429
507 799430
511 799431
508 799431
506 799432
507 799432
507 799433
507 799433
508 799434
508 799447
508 799447
508 799454
510 799464
507 799474
507 799484
508 799515
508 799516
508 799529
508 799530
509 799558
509 799578
510 799581
508 799581
507 799584
507 799594
508 799603
508 799614
508 799636
509 799636
509 799644
509 799673
507 799674
506 799674
506 799684
507 799694
507 799706
508 799717
508 799737
508 799737
509 799744
507 799754
507 799764
508 799774
509 799784
507 799794
507 799819
507 799819
509 799828
511 799834
508 799844
508 799854
508 799865
508 799874
507 799884
508 799894
508 799916
509 799916
509 799925
507 799934
508 799944
506 799954
507 799972
508 799973
507 799989
508 799992
508 800043
508 800043
509 800044
507 800045
508 800054
508 800057
508 800146
507 800146
509 800147
506 800148
507 800148
509 800149
506 800149
506 800150
507 800150
507 800153
506 800249
507 800250
507 800250
508 800251
509 800252
507 800252
507 800253
507 800253
508 800254
510 800257
508 800430
507 800431
509 800431
510 800432
508 800433
507 800434
507 800435
508 800436
509 800437
510 800438
509 800438
508 800439
509 800440
508 800440
506 800441
508 800442
508 800445
509 800446
508 800929
509 800930
508 800930
510 800931
506 800931
506 800932
505 800932
509 800933
506 800933
510 800934
509 800934
508 800935
509 800935
508 800935
507 800936
508 800936
509 800937
507 800937
511 800938
509 800938
511 800939
509 800939
510 800939
509 800940
507 800940
506 800941
507 800941
508 800942
509 800942
508 800943
508 800943
508 800944
506 800944
506 800945
508 800945
508 800946
509 800946
507 800947
507 800947
508 800947
508 800948
506 800948
507 800949
508 800949
507 800950
508 800950
508 800951
507 800951
509 800953
508 800953
510 800954
509 800986
508 800987
507 800987
509 800994
507 801014
508 801024
508 801046
511 801046
508 801060
508 801062
508 801074
508 801084
509 801093
508 801103
508 801118
509 801143
509 801143
508 801144
506 801153
508 801164
508 801173
509 801183
509 801193
504 801203
509 801213
509 801223
509 801247
507 801248
507 801350
507 801350
507 801351
508 801352
508 801352
508 801353
508 801353
508 801354
507 801355
507 801355
507 801358
508 801529
507 801530
509 801530
507 801531
508 801532
508 801532
508 801533
506 801533
506 801534
506 801535
507 801535
508 801536
507 801537
507 801537
510 801538
508 801538
506 801539
508 801542
506 801544
510 801553
508 801563
509 801573
508 801583
508 801593
508 801603
507 801616
507 801627
507 801634
507 801656
507 801657
509 801664
507 801673
509 801683
508 801693
509 801704
507 801714
508 801723
510 801743
506 801743
503 801763
510 801773
503 801796
501 801796
512 801803
508 801814
506 801823
509 801834
510 801856
507 801857
508 801868
508 801948
510 801948
507 801949
508 801950
512 801950
504 801951
510 801952
503 801952
507 801955
512 802029
510 802030
505 802031
506 802031
507 802032
507 802032
506 802032
514 802034
508 802043
508 802073
506 802074
512 802074
495 802090
508 802172
506 802172
513 802173
506 802174
507 802174
509 802175
508 802176
507 802177
505 802203
504 802281
508 802282
509 802283
509 802313
509 802314
507 802315
509 802315
508 802316
503 802316
509 802317
521 802317
491 802335
533 802336
523 802336
527 802342
489 802373
529 802375
502 802376
490 802377
508 802467
511 802468
509 802468
509 802469
508 802469
508 802470
508 802470
506 802471
507 802471
506 802472
511 802474
506 802553
511 802554
510 802554
501 802555
506 802556
509 802556
514 802557
517 802564
507 802573
513 802584
508 802593
507 802604
509 802613
511 802636
508 802637
505 802643
509 802661
508 802663
509 802743
510 802743
507 802744
509 802744
514 802745
506 802745
505 802746
512 802747
517 802754
505 802763
509 802790
501 802790
509 802793
505 802805
507 802847
504 802847
495 802848
508 802856
504 802856
504 802863
507 802873
506 802883
511 802893
506 802916
503 802916
504 802923
489 802933
531 802944
481 802954
495 802975
494 802975
500 802983
499 802993
502 803003
514 803013
488 803023
503 803033
516 803043
498 803054
509 803076
504 803076
509 803083
508 803093
510 803103
508 803113
508 803124
509 803145
508 803150
508 803163
509 803176
509 803176
507 803185
506 803193
507 803216
507 803216
509 803223
508 803256
507 803257
509 803263
509 803273
507 803296
507 803297
507 803330
509 803332
508 803332
507 803345
509 803348
505 803447
510 803447
509 803448
508 803449
508 803487
509 803488
508 803490
506 803731
510 803731
508 803732
510 803733
508 803733
507 803733
506 803734
508 803734
507 803735
508 803735
508 803736
508 803736
509 803737
509 803737
507 803737
505 803738
507 803738
506 803739
508 803739
507 803740
507 803740
508 803741
509 803741
509 803741
508 803742
506 803742
508 803743
507 803743
507 803744
506 803744
508 803744
509 803749
506 803750
507 803752
509 803776
508 803777
506 803800
507 803806
508 803945
508 803946
510 803946
508 803947
507 803948
508 803948
508 803949
508 803950
507 803951
507 803951
508 803954
510 803975
508 803976
507 803978
507 803978
508 803981
509 803986
508 803986
508 803991
509 804013
510 804016
509 804031
507 804044
506 804047
510 804079
508 804079
507 804085
509 804085
509 804094
509 804155
509 804156
507 804156
506 804157
508 804158
507 804158
509 804176
508 804176
507 804184
510 804194
509 804204
508 804214
507 804232
509 804343
509 804344
508 804344
508 804345
507 804346
511 804346
509 804347
507 804348
507 804348
508 804349
508 804350
509 804350
507 804353
506 804552
509 804553
509 804554
508 804554
506 804555
507 804556
508 804557
509 804557
508 804558
506 804559
508 804559
509 804560
507 804562
506 804563
508 804564
508 804564
509 804565
509 804565
507 804566
506 804569
508 804569
506 804572
505 804584
508 804593
509 804604
507 804613
511 804623
509 804644
504 804660
507 804660
510 804663
508 804674
506 804683
508 804693
507 804703
507 804713
510 804733
506 804743
509 804753
509 804765
507 804773
507 804783
508 804793
508 804803
508 804813
509 804823
508 804833
511 804881
511 804881
507 804882
507 804883
505 804909
513 804923
493 804923
524 804925
508 804926
516 804933
510 804943
517 804964
508 804975
517 804976
501 804983
500 805005
511 805006
510 805013
511 805024
510 805033
507 805043
512 805053
505 805063
508 805084
507 805108
510 805110
509 805116
508 805126
512 805127
514 805134
507 805185
508 805185
505 805188
510 805188
507 805189
506 805237
507 805238
526 805239
519 805248
517 805316
524 805329
506 805331
515 805332
516 805332
487 805333
501 805333
504 805334
507 805334
515 805358
502 805359
504 805361
503 805404
512 805405
506 805425
504 805425
558 805428
513 805428
478 805429
494 805552
524 805553
521 805554
502 805554
519 805555
511 805555
505 805593
507 805594
508 805594
507 805595
510 805597
508 805597
507 805599
506 805600
505 805600
506 805601
509 805601
506 805655
509 805656
510 805657
500 805657
496 805658
517 805659
511 805676
489 805677
492 805754
489 805755
494 805755
514 805756
499 805756
508 805757
511 805758
498 805758
510 805764
512 805786
508 805786
506 805793
505 805816
502 805817
508 805823
507 805833
507 805843
508 805853
503 805874
505 805946
506 805948
506 805949
503 805949
503 805950
505 805950
500 805951
506 805951
515 805953
509 805969
520 805976
501 806006
507 806007
499 806008
505 806013
510 806024
512 806033
507 806043
511 806053
508 806078
505 806079
507 806083
507 806105
507 806106
505 806117
505 806136
509 806136
510 806144
512 806154
510 806163
506 806173
506 806183
507 806204
508 806213
507 806228
506 806253
507 806256
508 806256
508 806433
507 806434
507 806434
507 806435
509 806435
508 806436
509 806436
509 806437
509 806437
507 806438
507 806438
507 806439
508 806440
509 806440
508 806441
507 806441
507 806442
508 806442
508 806456
508 806456
509 806463
508 806473
507 806483
507 806493
507 806503
509 806514
510 806529
506 806534
507 806556
507 806556
511 806563
506 806573
508 806583
509 806606
508 806606
508 806613
509 806623
504 806633
507 806661
508 806661
508 806664
508 806854
507 806855
507 806855
508 806856
507 806857
506 806858
507 806858
509 806859
509 806859
508 806860
508 806861
508 806861
510 806862
508 806862
508 806863
507 806863
507 806864
509 806865
508 806865
508 806868
509 806956
508 806957
509 806957
507 806958
505 806958
505 806959
507 806959
509 806960
509 806962
509 807036
507 807037
510 807037
507 807038
505 807038
513 807039
505 807046
508 807047
507 807053
511 807063
506 807073
508 807084
507 807094
506 807104
510 807126
504 807127
508 807148
512 807149
509 807533
506 807534
510 807534
510 807535
504 807535
509 807536
507 807536
507 807537
509 807537
509 807538
509 807538
513 807539
508 807539
506 807540
507 807540
508 807541
500 807541
504 807541
508 807542
505 807542
512 807543
509 807543
507 807544
511 807544
510 807545
509 807545
509 807546
508 807546
506 807547
509 807547
511 807548
507 807548
507 807548
506 807549
507 807549
510 807550
510 807551
509 807551
508 807552
508 807562
506 807591
504 807591
513 807592
509 807592
506 807595
509 807601
511 807613
509 807623
506 807633
511 807643
504 807653
507 807663
507 807673
509 807683
510 807703
508 807716
510 807741
509 807742
509 807750
507 807776
508 807777
508 807778
509 807850
507 807851
506 807852
508 807852
512 807853
508 807853
507 807856
507 807856
509 807956
506 807957
519 807958
490 807958
501 807959
485 807960
505 807960
483 807961
516 807962
464 807963
507 807965
508 808034
509 808035
504 808035
506 808036
508 808037
509 808037
507 808038
509 808043
511 808053
506 808063
507 808086
505 808087
511 808093
513 808103
511 808113
501 808123
508 808248
513 808249
509 808249
507 808250
510 808251
510 808251
516 808252
509 808253
502 808253
506 808254
509 808254
510 808255
510 808257
509 808454
506 808455
510 808455
508 808456
511 808457
510 808457
514 808458
505 808458
508 808459
501 808459
508 808460
503 808460
508 808461
505 808461
509 808462
509 808462
513 808463
509 808463
509 808464
506 808466
513 808636
508 808637
510 808638
509 808639
508 808639
507 808640
506 808641
506 808641
510 808642
507 808643
510 808643
509 808644
507 808645
507 808645
506 808646
507 808647
507 808647
507 808649
507 808849
508 808850
504 808850
506 808851
510 808852
506 808852
506 808853
510 808854
511 808854
512 808855
506 808856
509 808856
506 808857
508 808857
508 808858
506 808858
512 808859
511 808859
508 808860
510 808860
507 808862
503 808862
504 808952
505 808953
504 808953
509 808954
509 808954
510 808955
509 808955
507 808956
506 808956
508 808963
508 809055
509 809055
508 809056
507 809057
509 809057
509 809058
507 809058
506 809059
507 809060
508 809062
509 809203
509 809203
509 809239
509 809263
509 809263
508 809264
506 809264
507 809265
508 809265
506 809268
508 809268
508 809269
509 809269
509 809270
509 809270
506 809271
508 809272
509 809272
508 809273
504 809276
508 809284
507 809293
507 809303
509 809313
506 809323
507 809333
507 809343
508 809366
507 809366
507 809373
507 809384
509 809393
510 809403
508 809413
508 809423
507 809433
506 809443
508 809466
509 809466
508 809473
507 809483
509 809493
508 809504
507 809516
506 809524
509 809534
508 809544
509 809554
508 809581
508 809581
510 809584
508 809599
505 809606
506 809614
508 809624
509 809634
507 809643
508 809653
509 809663
510 809673
509 809683
507 809708
507 809708
508 809719
507 809722
508 809755
509 809756
507 809756
508 809763
509 809773
509 809783
507 809793
508 809803
507 809813
509 809823
508 809833
508 809843
508 809853
509 809863
508 809874
506 809884
507 809926
506 809927
509 809928
507 809936
510 809956
507 809957
508 809964
508 809974
506 809984
510 809994
505 810004
508 810027
507 810027
507 810034
509 810056
510 810056
507 810070
508 810072
508 810149
507 810150
506 810150
508 810151
509 810152
505 810152
508 810153
505 810156
506 810252
507 810253
507 810254
508 810255
508 810255
507 810256
507 810257
510 810257
508 810260
508 810260
507 810263
507 810274
507 810284
508 810306
510 810306
511 810314
507 810354
508 810355
507 810355
505 810356
507 810364
508 810374
508 810384
508 810394
508 810536
509 810537
506 810538
506 810538
506 810539
511 810539
509 810540
509 810540
508 810541
511 810541
510 810542
510 810543
506 810543
506 810544
508 810546
508 810750
507 810751
509 810751
509 810752
508 810756
509 810757
507 810757
507 810758
507 810759
508 810759
509 810760
508 810761
508 810761
508 810762
510 810762
507 810763
507 810763
507 810764
510 810764
508 810767
508 810767
511 811060
507 811060
511 811061
508 811062
509 811062
508 811063
509 811064
507 811064
509 811065
508 811065
510 811066
507 811067
509 811067
508 811068
507 811068
508 811069
507 811069
509 811070
508 811070
505 811071
509 811071
510 811072
507 811073
504 811073
507 811074
507 811074
509 811075
508 811075
511 811076
507 811078
508 811078
507 811249
506 811250
507 811250
509 811251
509 811252
507 811252
507 811253
508 811253
510 811254
507 811254
507 811255
509 811255
507 811256
508 811256
508 811257
509 811257
508 811258
506 811260
508 811262
507 811273
508 811283
508 811305
508 811306
509 811313
508 811323
507 811351
508 811352
507 811454
507 811455
507 811455
508 811456
508 811457
508 811458
507 811458
509 811459
508 811460
508 811460
507 811463
507 811659
507 811660
507 811660
508 811661
507 811662
508 811663
508 811663
508 811664
507 811665
506 811666
507 811666
508 811667
508 811668
508 811668
508 811669
507 811670
509 811671
508 811671
507 811672
509 811675
508 811675
507 811736
508 811737
509 811737
508 811738
508 811738
508 811739
506 811763
505 811765
508 811767
507 811781
508 811783
508 812155
507 812156
508 812156
507 812157
504 812158
508 812158
508 812159
509 812159
509 812160
509 812161
509 812161
510 812162
507 812162
507 812162
507 812163
509 812163
507 812164
508 812164
509 812164
508 812165
509 812165
508 812166
507 812166
507 812166
508 812167
508 812167
509 812168
507 812168
509 812168
510 812169
508 812169
508 812170
507 812170
508 812170
506 812171
509 812171
508 812174
508 812174
507 812338
508 812338
507 812338
507 812340
508 812362
507 812363
508 812363
509 812364
507 812364
508 812364
509 812365
508 812366
507 812366
507 812367
508 812367
509 812370
509 812370
507 812371
508 812382
509 812400
508 812400
506 812403
509 812403
507 812418
508 812428
508 812434
508 812444
505 812472
510 812473
508 812473
506 812483
508 812493
509 812503
508 812513
507 812523
508 812533
508 812555
508 812556
509 812576
506 812576
506 812596
507 812597
508 812603
509 812613
509 812623
509 812633
510 812643
509 812653
508 812663
506 812697
509 812698
508 812699
508 812702
509 812755
509 812759
509 812760
510 812761
508 812762
507 812764
505 812859
507 812859
508 812860
508 812861
509 812861
510 812862
509 812862
507 812863
506 812866
507 812866
507 812937
507 813003
508 813004
508 813005
508 813005
510 813006
509 813009
508 813009
506 813010
508 813010
510 813011
506 813011
507 813012
507 813014
511 813023
509 813033
505 813055
508 813055
507 813063
509 813073
509 813083
507 813094
508 813108
510 813131
509 813131
509 813137
508 813146
511 813155
507 813167
508 813254
509 813255
509 813255
509 813256
510 813256
506 813257
507 813262
508 813263
507 813265
508 813267
509 813273
508 813283
510 813293
509 813303
507 813313
507 813335
509 813335
507 813343
510 813390
509 813391
509 813392
509 813392
508 813395
507 813459
507 813460
507 813460
507 813461
508 813462
508 813462
506 813465
508 813538
509 813539
507 813539
507 813540
508 813541
508 813541
507 813542
509 813649
504 813650
509 813650
508 813651
507 813651
506 813652
506 813653
508 813653
507 813654
507 813654
508 813657
507 813754
509 813755
507 813818
506 813824
506 813825
507 813826
508 813826
508 813827
509 813828
507 813828
507 813831
510 813831
506 813832
507 813833
509 813833
507 813834
509 813835
508 813838
508 813843
509 813866
509 813866
508 813886
507 813887
507 813893
507 813903
507 813915
506 813926
508 813933
509 813943
509 813953
508 813985
506 813986
508 813996
507 813997
508 814003
507 814013
508 814023
508 814038
509 814043
508 814053
506 814063
508 814073
508 814085
509 814093
507 814103
508 814114
508 814124
509 814160
508 814162
508 814164
508 814164
507 814178
507 814183
508 814194
508 814203
507 814214
509 814223
508 814233
508 814243
506 814253
508 814276
508 814277
508 814286
508 814295
509 814303
510 814313
508 814336
507 814337
507 814343
508 814353
509 814363
506 814395
508 814395
508 814403
508 814420
510 814423
508 814455
507 814484
509 814485
506 814487
507 814487
507 814491
508 814493
508 814558
509 814559
508 814559
506 814560
507 814560
507 814660
509 814660
507 814661
508 814662
509 814663
508 814663
507 814664
507 814665
507 814665
507 814666
508 814667
508 814669
507 814764
509 814765
509 814766
508 814766
507 814767
509 814767
507 814773
507 814774
507 814774
511 814775
508 814775
509 814788
507 814794
506 814803
507 814826
508 814826
506 814833
510 814843
508 814853
509 814863
508 814878
509 814884
507 814894
507 814904
509 814913
505 814927
508 814933
510 814944
509 814966
508 814967
508 814973
507 814983
507 814993
510 815003
508 815013
508 815023
507 815036
507 815043
509 815053
509 815063
509 815086
504 815086
503 815107
508 815108
508 815123
511 815133
505 815143
506 815165
510 815165
509 815177
506 815186
508 815193
506 815203
507 815213
507 815223
507 815233
508 815244
508 815254
507 815294
506 815295
509 815296
509 815296
508 815303
508 815313
508 815323
509 815333
509 815343
508 815359
506 815367
509 815373
508 815383
508 815393
507 815403
509 815413
506 815423
509 815433
508 815443
508 815453
505 815463
504 815473
507 815488
519 815493
503 815503
507 815525
505 815526
506 815533
507 815543
503 815553
510 815563
506 815573
505 815583
509 815593
508 815605
507 815636
509 815637
507 815637
508 815643
507 815653
509 815663
505 815673
504 815683
510 815693
511 815703
507 815713
507 815723
509 815733
508 815750
507 815753
505 815784
504 815785
509 815786
505 815793
508 815852
501 815853
511 815854
504 815855
512 815855
505 815856
510 815873
508 815883
507 815893
510 815903
507 815925
506 815926
509 815933
509 815943
506 815953
507 815977
510 815978
509 816057
516 816058
517 816059
496 816059
503 816060
491 816061
536 816061
522 816062
521 816064
500 816239
488 816240
505 816241
518 816241
509 816242
504 816242
508 816243
508 816243
506 816244
507 816245
510 816245
509 816246
508 816246
510 816247
508 816247
507 816248
511 816248
502 816250
508 816252
505 816263
517 816283
511 816283
509 816293
502 816303
508 816313
503 816323
510 816333
507 816343
508 816377
509 816378
511 816379
505 816383
508 816393
508 816403
506 816414
507 816426
506 816433
509 816443
512 816465
505 816465
508 816473
507 816483
505 816493
508 816503
509 816524
507 816549
505 816551
496 816552
513 816585
499 816586
509 816587
512 816619
510 816626
505 816627
511 816628
502 816656
514 816656
529 816665
530 816666
504 816673
495 816683
516 816693
524 816716
512 816717
497 816723
511 816733
509 816743
523 816754
510 816788
515 816789
502 816790
510 816792
510 816815
506 816816
509 816834
510 816890
506 816892
507 816893
508 817058
508 817073
508 817073
507 817074
508 817075
508 817075
510 817076
511 817077
506 817077
507 817078
506 817079
509 817079
509 817080
509 817081
508 817081
509 817082
507 817083
506 817083
507 817084
508 817087
508 817087
507 817088
508 817252
507 817253
509 817253
509 817254
506 817254
506 817255
508 817256
507 817257
507 817257
509 817258
509 817258
509 817259
509 817260
506 817260
506 817261
507 817263
507 817263
508 817264
509 817458
506 817458
507 817459
508 817460
506 817460
506 817461
508 817461
505 817462
508 817462
508 817463
509 817463
507 817464
511 817464
509 817465
507 817466
508 817466
508 817467
508 817497
507 817497
507 817500
508 817502
508 817504
509 817504
507 817507
508 817563
507 817563
507 817564
508 817565
508 817565
509 817566
511 817641
508 817642
507 817642
507 817643
509 817643
508 817644
507 817644
508 817647
510 817663
511 817663
508 817674
508 817684
508 817706
509 817706
507 817713
507 817723
505 817733
507 817743
507 817753
509 817779
506 817779
508 817783
508 817805
508 817806
507 817815
510 817823
508 817833
508 817843
508 817886
507 817887
505 817887
507 817888
506 817891
510 817904
508 817913
508 817954
509 817955
509 817956
507 817957
508 817978
506 817979
509 817982
506 818003
508 818004
509 818013
508 818023
509 818033
508 818043
506 818053
504 818063
508 818093
508 818094
507 818103
507 818113
506 818137
511 818138
508 818162
507 818163
509 818175
509 818177
511 818183
507 818193
507 818203
510 818213
506 818223
504 818271
507 818272
507 818272
496 818273
509 818275
501 818284
497 818293
499 818303
520 818313
512 818323
510 818345
505 818346
504 818353
510 818363
504 818373
509 818383
509 818445
509 818446
509 818447
507 818448
507 818448
510 818449
507 818455
509 818479
508 818480
507 818482
507 818522
508 818523
507 818525
511 818558
512 818559
506 818559
533 818566
513 818566
528 818573
501 818595
501 818596
499 818603
519 818613
511 818623
516 818633
503 818643
505 818653
508 818763
510 818764
510 818764
503 818765
521 818765
493 818766
455 818767
453 818768
533 818768
523 818769
487 818769
483 818798
496 818800
514 818802
510 818804
508 818950
512 818951
507 818952
510 818952
506 818953
507 818953
510 818954
508 818954
505 818955
508 818956
504 818956
506 818957
506 818969
503 818973
512 818973
493 818975
519 819052
521 819053
486 819054
491 819058
513 819059
497 819060
508 819156
509 819157
510 819158
505 819158
509 819159
505 819160
507 819160
507 819161
509 819162
508 819162
512 819163
503 819165
506 819362
505 819364
506 819364
508 819365
510 819366
508 819366
505 819367
512 819368
511 819368
502 819369
500 819370
505 819370
508 819371
507 819371
501 819372
507 819372
500 819373
503 819373
501 819374
507 819376
507 819376
508 819377
511 819553
512 819554
509 819554
507 819555
510 819556
508 819556
508 819557
508 819557
506 819558
509 819558
508 819558
508 819559
509 819559
508 819560
508 819560
507 819561
507 819578
507 819578
508 819583
507 819583
509 819605
508 819605
509 819613
509 819634
506 819659
508 819661
508 819661
507 819678
508 819679
508 819682
507 819758
510 819759
508 819759
508 819760
507 819761
507 819778
507 819780
508 819962
508 819963
509 819963
508 819964
511 819965
507 819965
507 819966
508 819967
510 819968
508 819969
509 819969
509 819970
508 819971
509 819971
509 819972
507 819973
508 819973
508 819974
509 819974
507 819975
510 819979
507 819980
508 819982
508 820005
507 820005
506 820013
509 820048
507 820048
509 820053
510 820053
507 820075
507 820075
510 820083
507 820106
507 820106
508 820131
507 820131
508 820146
508 820148
507 820254
509 820255
510 820255
511 820256
506 820257
506 820257
506 820258
507 820259
506 820259
507 820260
509 820260
509 820356
506 820357
510 820358
508 820358
506 820359
508 820359
508 820360
508 820361
508 820376
510 820376
508 820385
508 820386
508 820418
507 820419
507 820421
508 820562
508 820563
507 820565
510 820566
509 820567
508 820567
508 820568
507 820569
508 820569
508 820570
508 820570
508 820571
509 820571
508 820593
506 820593
506 820594
508 820596
509 820664
508 820665
509 820665
508 820666
510 820667
508 820667
507 820668
507 820686
507 820686
507 820723
508 820724
508 820725
508 820725
507 820726
510 820746
507 820747
505 820753
507 820788
508 820791
508 820791
507 820854
507 820855
508 820855
508 820856
507 820857
507 820857
508 820868
507 820869
507 820886
507 820887
508 820893
508 820925
510 820926
507 820973
507 820973
507 820975
507 820976
508 821058
508 821059
508 821060
509 821060
510 821061
508 821064
509 821064
501 821069
543 821071
536 821071
528 821161
501 821162
490 821163
489 821163
522 821164
536 821165
510 821167
516 821168
511 821168
501 821169
502 821265
504 821265
511 821266
506 821267
505 821268
507 821268
509 821269
507 821269
506 821270
514 821270
506 821286
502 821286
512 821293
513 821328
505 821330
508 821333
508 821335
509 821556
511 821557
505 821557
505 821560
509 821561
505 821562
504 821562
508 821563
508 821564
505 821564
506 821565
507 821566
509 821567
510 821567
507 821568
506 821568
508 821569
507 821570
502 821570
503 821572
509 821573
508 821573
502 821761
503 821762
515 821763
511 821764
512 821764
505 821765
512 821766
507 821766
506 821767
511 821768
504 821768
504 821769
508 821769
509 821770
507 821770
507 821771
510 821771
507 821772
507 821774
507 821776
507 821869
507 821870
505 821870
509 821871
509 821872
509 821873
508 821873
507 821874
510 821875
507 821877
506 821877
505 821944
508 821944
508 821945
505 821945
507 821946
509 822017
509 822017
505 822018
506 822018
508 822019
510 822019
508 822020
508 822028
508 822028
509 822030
511 822060
508 822066
507 822067
508 822138
509 822140
509 822142
507 822142
508 822143
508 822146
510 822258
508 822261
506 822262
508 822263
506 822263
510 822264
508 822264
508 822265
510 822265
509 822265
508 822266
506 822266
507 822269
509 822271
509 822273
509 822273
509 822466
508 822467
509 822467
508 822468
507 822468
506 822469
539 822471
508 822471
509 822472
509 822472
509 822473
509 822473
510 822474
507 822474
506 822475
509 822475
507 822476
509 822476
508 822477
508 822479
509 822517
510 822517
507 822543
508 822543
508 822544
507 822547
509 822568
508 822569
508 822573
509 822595
510 822595
507 822641
505 822642
506 822654
507 822656
506 822656
506 822669
506 822669
508 822698
511 822700
507 822702
505 822715
507 822715
508 822722
508 822733
508 822743
510 822763
507 822775
512 822775
508 822782
508 822814
507 822845
507 822845
507 822848
509 822848
508 822849
510 822897
508 822898
509 822898
506 822899
507 822905
509 822906
507 822913
509 822935
509 822936
506 822943
507 822965
508 823023
508 823027
506 823028
507 823028
507 823029
508 823043
507 823043
507 823045
508 823046
508 823063
509 823088
504 823088
504 823091
509 823108
510 823108
508 823138
507 823138
508 823202
510 823203
508 823204
506 823204
508 823205
508 823207
509 823207
508 823239
508 823239
508 823242
510 823357
508 823358
506 823358
507 823359
508 823360
509 823360
508 823361
508 823361
508 823362
511 823362
507 823409
507 823410
507 823411
508 823412
510 823412
508 823413
507 823413
508 823563
510 823564
510 823564
506 823565
505 823566
509 823566
511 823567
507 823568
507 823568
508 823569
511 823570
509 823571
505 823601
506 823601
509 823602
506 823605
510 823605
508 823606
508 823607
510 823609
509 823623
507 824161
507 824162
509 824162
507 824163
509 824164
508 824165
508 824166
507 824167
510 824167
506 824168
503 824169
511 824169
509 824170
504 824171
515 824171
501 824172
515 824172
513 824173
509 824173
507 824174
503 824177
511 824178
507 824179
509 824179
504 824180
509 824180
509 824181
507 824182
507 824182
504 824183
503 824184
500 824184
501 824185
502 824185
510 824186
520 824186
515 824187
506 824187
501 824187
504 824188
505 824188
509 824189
509 824189
510 824190
509 824190
507 824191
509 824191
508 824191
505 824192
502 824192
503 824193
503 824193
508 824194
515 824196
507 824196
508 824197
508 824367
511 824367
506 824368
509 824369
510 824370
508 824370
509 824371
508 824372
508 824372
509 824373
505 824373
506 824374
509 824374
507 824375
506 824375
507 824376
508 824388
505 824391
508 824392
509 824444
510 824445
506 824471
507 824471
509 824472
507 824472
510 824473
506 824475
507 824475
505 824487
511 824493
507 824515
506 824516
509 824535
512 824536
508 824542
511 824565
508 824565
509 824585
508 824586
510 824592
508 824616
507 824617
510 824623
510 824664
509 824664
507 824665
507 824668
507 824685
508 824686
506 824758
508 824758
507 824759
508 824763
508 824763
507 824769
507 824771
507 824772
507 824962
508 824963
508 824963
507 824964
509 824965
509 824965
506 824966
506 824966
506 824967
506 824967
509 824968
508 824969
508 824969
508 824970
510 824970
507 824971
506 824972
509 824974
506 824974
508 824975
508 825065
509 825066
508 825069
510 825070
509 825071
506 825071
507 825072
508 825073
508 825073
508 825074
507 825167
508 825168
508 825168
508 825169
506 825169
507 825170
508 825170
508 825171
508 825171
510 825186
506 825186
509 825193
509 825205
507 825205
506 825225
509 825226
507 825234
509 825255
508 825256
508 825357
507 825357
509 825358
508 825359
508 825359
508 825360
507 825360
508 825412
508 825412
508 825413
508 825416
510 825416
508 825418
507 825419
506 825666
507 825667
507 825667
508 825668
508 825669
508 825669
505 825670
508 825671
507 825672
508 825673
508 825673
507 825674
508 825675
507 825675
508 825676
509 825676
507 825677
508 825677
507 825678
508 825678
508 825679
509 825679
508 825680
508 825680
511 825681
509 825698
507 825701
509 825702
508 825769
508 825769
508 825770
508 825771
509 825812
507 825813
509 825815
507 825815
507 825816
507 825848
506 825849
508 825849
510 825850
507 825850
509 825873
508 825874
509 825876
504 825876
508 826061
509 826061
511 826062
506 826063
504 826063
507 826064
506 826065
505 826065
508 826066
508 826067
503 826067
519 826068
503 826068
513 826069
505 826069
508 826070
505 826070
504 826071
513 826071
510 826074
507 826267
506 826268
510 826268
510 826269
510 826270
507 826270
508 826271
511 826271
512 826272
510 826273
509 826273
508 826274
508 826274
510 826275
507 826276
508 826276
508 826277
508 826287
507 826287
509 826299
507 826302
507 826304
508 826304
508 826313
510 826323
508 826367
510 826368
507 826373
507 826416
507 826435
507 826436
506 826436
507 826437
503 826437
504 826440
509 826440
504 826443
508 826558
505 826559
508 826604
506 826664
508 826664
507 826667
507 826667
504 826668
507 826670
507 826670
508 826673
507 826673
508 826674
509 826762
508 826762
507 826763
507 826764
508 826764
508 826765
509 826766
506 826766
508 826767
512 826767
507 826768
507 826769
506 826769
508 826770
507 826770
506 826771
509 826774
508 826775
510 826775
508 826968
508 826969
512 826969
508 826970
509 826971
507 826971
510 826972
507 826973
510 826973
505 826974
507 826974
507 826975
510 826975
506 826978
508 826979
512 826979
510 826980
509 826980
508 826983
507 826983
506 826984
506 827045
508 827045
507 827046
508 827047
507 827047
509 827158
509 827158
508 827159
506 827160
507 827160
507 827161
506 827161
510 827162
509 827163
508 827163
509 827164
508 827165
508 827174
508 827185
509 827185
507 827205
510 827205
510 827225
509 827225
513 827246
508 827246
505 827253
506 827264
509 827364
508 827365
508 827365
508 827366
509 827367
510 827367
507 827368
505 827368
507 827373
512 827376
509 827376
509 827467
510 827468
506 827468
511 827469
506 827470
507 827470
507 827471
508 827474
508 827570
508 827571
508 827575
507 827575
510 827576
508 827577
506 827578
507 827578
507 827579
506 827580
507 827582
505 827583
510 827648
508 827648
507 827649
507 827650
509 827651
508 827758
508 827759
508 827759
507 827760
510 827761
509 827761
511 827762
508 827763
506 827763
506 827764
504 827764
505 827794
508 827794
508 827797
509 827797
510 827798
507 827962
507 827963
507 827963
508 827966
508 827967
507 827968
507 827968
507 827969
508 827970
506 827970
507 827971
507 827972
509 827973
507 827973
507 827974
508 827974
508 827975
510 827977
509 828065
508 828066
507 828071
508 828072
508 828073
508 828073
509 828074
509 828079
509 828081
507 828084
507 828086
508 828093
509 828115
508 828115
509 828134
507 828145
507 828145
509 828153
508 828191
507 828192
504 828195
506 828195
505 828246
508 828247
507 828247
507 828250
508 828250
508 828290
508 828291
509 828292
507 828292
508 828295
508 828358
508 828359
509 828359
509 828360
508 828367
507 828369
508 828371
507 828388
508 828388
509 828393
507 828416
508 828416
509 828436
509 828463
508 828477
507 828479
508 828484
508 828486
509 828518
509 828521
508 828521
508 828668
508 828669
508 828669
506 828670
507 828671
509 828672
506 828672
508 828673
509 828674
507 828674
508 828675
509 828676
508 828676
507 828677
510 828677
509 828685
507 828685
508 828692
510 828715
509 828715
508 828722
509 828732
508 828742
508 828753
508 828776
509 828776
508 828797
509 828797
509 828811
508 828814
509 828866
505 828867
508 828867
508 828868
509 828875
508 828875
506 828883
505 828892
510 828902
507 828912
506 828922
507 828933
506 828943
508 828953
508 829047
507 829048
508 829049
509 829049
505 829050
506 829051
506 829052
492 829052
513 829084
506 829085
505 829087
516 829087
505 829089
508 829091
510 829748
508 829749
510 829750
509 829750
510 829751
507 829752
508 829752
508 829753
509 829753
508 829754
507 829754
509 829755
506 829756
508 829756
505 829757
511 829757
508 829757
513 829758
510 829758
508 829759
507 829759
512 829760
515 829760
507 829761
504 829761
516 829762
515 829762
507 829763
503 829764
506 829764
508 829764
509 829765
507 829766
505 829766
508 829767
511 829767
508 829767
509 829768
510 829768
506 829769
508 829769
508 829770
509 829770
509 829771
509 829772
505 829772
517 829780
495 829784
526 829787
501 829791
514 829792
512 829792
514 829793
512 829793
528 829794
494 829794
513 829795
509 829795
507 829796
509 829796
507 829797
507 829797
510 829798
509 829799
509 829801
505 829801
508 829802
507 829802
506 829803
511 829805
507 829812
510 829822
510 829832
513 829844
509 829865
500 829866
513 829873
510 829895
506 829896
509 829915
507 829916
510 829922
507 829933
507 829955
507 829956
507 829987
507 829988
507 829992
507 830015
511 830015
510 830022
508 830034
513 830044
513 830070
495 830071
510 830073
499 830083
505 830093
525 830102
517 830125
504 830126
507 830165
500 830167
512 830168
506 830205
512 830205
508 830207
511 830208
506 830210
504 830238
488 830241
510 830241
519 830270
508 830271
533 830273
515 830367
487 830368
486 830369
494 830369
523 830370
503 830370
514 830371
508 830373
508 830547
512 830548
505 830548
508 830549
507 830550
506 830550
506 830551
509 830551
506 830552
506 830553
508 830553
508 830554
504 830554
509 830555
505 830555
508 830556
504 830557
506 830557
508 830564
508 830764
507 830769
508 830770
509 830770
507 830771
506 830771
507 830772
506 830772
508 830773
507 830773
507 830774
509 830774
508 830775
508 830775
508 830776
508 830776
507 830777
509 830777
507 830778
507 830778
508 830781
509 830781
509 830782
508 830969
508 830969
509 830970
509 830971
507 830971
507 830972
507 830972
507 830973
508 830987
508 830987
507 830990
505 830990
509 830993
508 830993
508 830994
509 830996
508 830996
508 830997
507 831000
507 831004
507 831004
509 831005
506 831073
509 831085
507 831085
508 831086
510 831088
508 831088
505 831089
507 831091
508 831091
509 831105
507 831105
506 831113
509 831160
508 831160
507 831161
507 831162
507 831175
508 831175
506 831195
508 831195
509 831203
509 831213
510 831223
508 831262
506 831263
507 831263
507 831264
508 831285
508 831285
508 831364
508 831364
510 831365
507 831366
507 831366
507 831367
509 831368
508 831368
507 831371
508 831570
509 831571
510 831572
507 831572
507 831573
508 831573
507 831574
508 831575
508 831575
508 831576
507 831577
508 831577
510 831578
510 831578
509 831579
511 831580
509 831580
511 831581
510 831583
509 831583
508 831750
509 831751
507 831752
506 831752
507 831753
505 831754
506 831754
507 831755
506 831756
507 831756
511 831757
508 831758
507 831758
507 831759
507 831759
506 831760
505 831762
507 831763
513 831964
509 831965
525 831966
505 831966
529 831967
505 831967
524 831968
521 831969
513 831969
517 831970
511 831971
511 831971
507 831972
510 831972
511 831973
509 831973
511 831973
505 831974
507 831974
506 831975
505 831977
509 831981
510 832006
510 832007
507 832041
509 832043
507 832044
508 832044
507 832066
506 832083
497 832272
500 832273
505 832274
486 832274
510 832275
496 832276
488 832276
515 832277
509 832277
507 832278
505 832279
505 832279
510 832280
510 832281
509 832281
507 832282
513 832283
514 832283
513 832284
511 832286
513 832286
478 832350
563 832351
497 832352
492 832352
526 832357
505 832461
514 832462
502 832462
505 832463
507 832464
509 832464
513 832465
511 832466
513 832466
511 832467
509 832467
504 832468
506 832470
508 832666
508 832667
506 832667
505 832668
496 832669
502 832670
508 832670
495 832671
526 832672
514 832672
501 832673
506 832674
523 832674
501 832675
503 832675
508 832676
503 832676
511 832677
511 832688
510 832691
513 832693
506 832694
506 832695
505 832702
508 832725
508 832726
503 832732
510 832743
510 832765
511 832766
504 832794
505 832794
507 832796
511 832872
513 832873
500 832873
510 832874
504 832875
509 832875
503 832876
510 832877
509 832892
507 832902
511 832925
506 832926
508 832946
508 832947
507 832957
509 832962
509 832972
508 832996
509 832996
509 833003
508 833025
507 833025
510 833045
508 833045
508 833052
508 833082
508 833083
510 833095
508 833095
507 833102
507 833136
509 833137
508 833168
508 833169
509 833266
508 833266
506 833267
508 833268
508 833268
507 833269
509 833270
506 833270
509 833333
508 833334
507 833334
508 833337
507 833369
507 833412
507 833413
508 833415
507 833415
509 833416
509 833471
508 833472
509 833472
507 833473
506 833473
505 833474
506 833475
505 833475
507 833476
508 833476
508 833476
509 833503
508 833504
507 833504
506 833505
508 833505
507 833670
509 833670
508 833671
507 833672
508 833673
510 833673
508 833674
505 833805
509 833814
508 833821
509 833822
508 833836
508 833837
508 833838
510 833847
508 833963
507 833963
508 833964
506 833965
508 833965
509 833966
509 833967
509 833982
509 833983
507 833983
507 833984
506 834019
508 834021
508 834021
507 834193
507 834194
508 834194
509 834195
510 834196
508 834196
508 834197
507 834198
508 834198
507 834199
507 834200
508 834200
510 834201
509 834202
507 834202
508 834203
507 834214
507 834214
510 834217
509 834217
508 834220
508 834374
509 834375
508 834375
506 834376
509 834376
508 834377
509 834378
509 834378
508 834381
507 834381
508 834382
508 834567
508 834568
509 834569
509 834569
508 834570
509 834571
506 834571
508 834572
508 834573
509 834573
507 834574
510 834575
509 834575
504 834576
508 834577
508 834577
508 834578
506 834579
508 834579
507 834580
508 834582
510 834582
507 834583
508 834583
508 834772
508 834773
506 834773
508 834774
507 834775
507 834775
508 834776
509 834776
509 834777
505 834778
509 834778
508 834779
506 834780
508 834780
508 834791
508 834804
509 834804
509 834806
507 834807
506 834809
508 834809
511 834811
507 834952
513 834953
490 834954
503 834955
482 834955
532 834956
526 834957
486 834957
519 834958
482 834958
498 834959
503 834959
509 834960
511 834960
518 834975
505 834975
506 834995
509 834995
508 835015
506 835016
507 835022
509 835045
508 835045
511 835064
503 835090
513 835090
512 835099
505 835100
503 835115
512 835116
506 835122
509 835145
503 835146
510 835177
510 835180
509 835182
510 835194
510 835213
509 835227
508 835229
511 835973
508 835974
508 835974
508 835975
509 835976
507 835976
506 835977
508 835978
509 835979
512 835980
508 835980
507 835981
509 835982
516 835982
499 835983
496 835983
506 835984
509 835984
515 835985
503 835986
507 835986
510 835986
508 835987
508 835987
507 835988
509 835988
506 835989
508 835989
510 835990
508 835991
506 835991
507 835992
507 835992
509 835993
507 835994
508 835994
507 835995
505 835995
507 835996
507 835997
507 835998
509 835998
505 835998
505 835999
508 835999
507 836000
508 836000
508 836001
507 836001
506 836001
507 836002
509 836002
510 836003
507 836003
507 836003
508 836004
508 836004
507 836005
507 836005
507 836006
508 836006
507 836007
507 836007
508 836008
511 836008
507 836008
508 836009
509 836009
508 836010
507 836010
508 836010
508 836011
508 836011
510 836018
507 836018
506 836023
507 836024
506 836026
508 836026
508 836027
510 836155
508 836156
508 836156
509 836157
507 836158
507 836158
507 836159
509 836160
508 836160
508 836161
508 836164
509 836165
509 836165
506 836367
508 836367
507 836368
508 836369
509 836369
508 836370
509 836371
511 836372
509 836372
507 836373
507 836374
507 836374
508 836375
507 836375
506 836375
506 836376
507 836376
509 836377
508 836383
506 836405
506 836405
508 836406
508 836408
508 836408
508 836575
509 836576
509 836576
507 836577
507 836578
508 836578
509 836579
508 836580
508 836580
509 836581
508 836582
511 836582
507 836583
509 836583
509 836586
508 836586
507 836587
508 836587
508 836653
508 836654
509 836654
509 836662
508 836664
506 836664
509 836665
509 836676
508 836676
509 836696
507 836696
506 836710
507 836726
508 836727
507 836746
508 836747
506 836792
508 836793
508 836793
508 836794
509 836795
509 836802
506 836812
507 836822
508 836847
509 836848
508 836863
509 836875
509 836875
509 836882
512 836892
508 836915
507 836916
507 836922
507 836945
507 836945
506 836964
507 836964
506 836995
509 836997
508 836998
507 837002
508 837013
510 837023
508 837043
508 837068
507 837068
507 837073
509 837073
506 837095
507 837095
509 837115
509 837116
508 837123
509 837132
508 837143
508 837153
510 837162
508 837200
510 837201
504 837218
507 837220
508 837220
512 837248
506 837248
506 837249
507 837275
509 837276
509 837277
507 837295
507 837296
508 837315
509 837316
508 837335
507 837335
508 837355
510 837355
507 837375
506 837375
507 837382
507 837440
508 837446
508 837446
509 837449
508 837455
508 837483
508 837493
505 837672
509 837673
508 837673
509 837674
506 837675
507 837675
509 837676
512 837676
508 837677
505 837677
508 837678
508 837679
508 837679
509 837680
507 837681
510 837681
507 837682
509 837683
507 837683
507 837714
509 837715
508 837717
509 837717
508 837720
509 837737
509 837740
508 837740
508 837775
508 837805
508 837806
508 837809
508 837810
508 837810
508 837811
509 837852
506 837853
507 837859
507 837861
508 837863
509 837863
508 837873
507 837883
510 837918
509 837918
509 837921
509 837931
509 837979
507 837991
507 837992
508 837992
509 837993
509 838005
508 838006
509 838037
508 838039
507 838041
507 838055
507 838056
508 838074
508 838074
507 838082
508 838113
509 838139
507 838141
507 838141
507 838144
508 838144
508 838161
508 838213
507 838213
510 838214
509 838214
509 838215
507 838242
507 838247
508 838250
511 838250
508 838253
505 838303
507 838312
509 838312
507 838315
509 838315
509 838355
508 838356
507 838356
506 838357
508 838383
506 838393
506 838424
509 838488
507 838488
506 838489
508 838490
508 838491
508 838491
509 838492
507 838494
508 838494
507 838497
507 838497
507 838502
507 838502
506 838512
508 838523
508 838545
507 838545
508 838553
509 838575
507 838575
506 838599
508 838600
506 838613
508 838623
508 838658
507 838662
510 838662
509 838665
508 838672
507 838801
509 838802
509 838802
509 838803
508 838804
507 838804
508 838805
509 838806
507 838807
506 838807
508 838808
507 838809
509 838816
507 838837
507 838869
508 838872
509 838872
507 838873
507 838873
507 838887
508 838887
510 838893
507 838903
508 838913
508 838923
509 838945
508 838945
507 838984
507 838984
511 838985
508 838986
506 838993
508 839039
509 839046
502 839047
510 839048
509 839050
511 839054
511 839088
507 839091
505 839093
510 839094
507 839102
506 839112
510 839135
508 839136
506 839142
506 839152
506 839162
508 839172
508 839188
508 839192
510 839209
513 839211
511 839375
510 839376
511 839376
510 839377
507 839378
511 839378
507 839379
510 839380
508 839381
508 839381
506 839382
509 839382
506 839383
507 839384
508 839384
508 839385
510 839387
509 839558
509 839559
505 839559
508 839560
507 839560
508 839561
508 839561
507 839562
508 839562
510 839563
510 839563
510 839564
507 839564
509 839565
507 839565
507 839566
511 839570
506 839572
508 839592
506 839605
507 839605
509 839612
507 839622
509 839632
507 839658
506 839659
507 839662
511 839698
508 839699
507 839699
506 839702
509 839771
508 839772
509 839772
507 839773
508 839774
509 839777
510 839873
509 839874
507 839874
506 839875
509 839875
508 839876
509 839876
509 839877
505 839877
512 839877
507 839878
504 839916
511 839918
509 839932
511 839933
509 839933
508 839973
511 839974
508 839974
510 839988
511 839990
511 839990
509 840025
512 840025
509 840026
506 840028
507 840033
505 840043
510 840053
508 840075
507 840075
505 840083
510 840103
508 840113
506 840125
507 840125
508 840133
510 840158
507 840159
508 840197
508 840198
510 840213
505 840276
508 840276
507 840301
513 840301
505 840302
511 840303
508 840303
506 840304
504 840304
505 840305
509 840306
508 840320
507 840419
508 840425
509 840425
507 840428
509 840428
512 840431
511 840432
515 840434
515 840434
510 840435
512 840435
509 840451
506 840452
508 840453
504 840491
508 840492
507 840494
504 840567
513 840568
509 840568
509 840569
514 840569
507 840773
504 840774
509 840774
508 840775
510 840776
507 840776
507 840777
509 840778
507 840778
505 840779
509 840780
509 840780
509 840781
509 840782
508 840782
508 840783
510 840783
508 840784
504 840784
502 840785
505 840785
499 840786
506 840786
515 840795
510 840795
513 840803
508 840813
507 840823
506 840845
504 840845
508 840853
506 840862
514 840872
504 840895
508 840895
509 840902
510 840913
505 840935
506 840935
510 840942
509 840952
509 840962
506 840985
511 840985
508 840999
509 841015
509 841015
508 841034
508 841035
508 841062
507 841063
507 841065
510 841112
509 841113
506 841113
507 841144
509 841146
508 841146
507 841149
509 841149
505 841152
509 841175
509 841175
508 841195
505 841196
506 841217
508 841217
508 841224
505 841241
508 841258
509 841259
509 841262
506 841374
507 841375
507 841375
508 841376
508 841377
509 841377
507 841378
509 841379
509 841379
508 841380
507 841383
510 841385
507 841405
507 841406
509 841417
507 841433
510 841445
510 841446
507 841452
508 841462
507 841484
509 841580
508 841581
509 841581
508 841582
508 841583
508 841584
508 841584
506 841585
504 841585
510 841588
507 841657
509 841658
507 841658
507 841659
512 841659
507 841660
508 841767
507 841767
507 841768
509 841769
507 841770
509 841770
509 841771
510 841772
508 841772
508 841773
507 841773
507 841774
508 841776
507 841974
508 841975
507 841975
509 841976
509 841977
507 841977
507 841978
508 841978
507 841979
509 841980
507 841980
507 841981
508 841981
508 841982
508 841982
506 841983
506 841983
507 841983
509 841984
507 841984
507 841987
508 842256
509 842257
509 842257
507 842258
508 842259
507 842260
508 842260
508 842261
508 842262
510 842262
511 842263
509 842263
507 842264
507 842264
509 842265
508 842266
507 842266
509 842267
508 842268
509 842268
508 842269
507 842269
507 842270
509 842270
508 842271
508 842271
507 842279
508 842286
507 842287
508 842288
507 842293
508 842304
508 842313
507 842323
508 842369
507 842370
507 842370
509 842371
508 842374
507 842573
507 842574
508 842575
507 842575
509 842576
509 842576
508 842577
508 842578
509 842578
508 842579
506 842580
507 842580
507 842581
509 842581
508 842582
508 842584
508 842584
507 842585
506 842587
505 842588
508 842592
513 842615
496 842616
506 842647
509 842650
506 842652
505 842665
508 842666
504 842683
504 842695
509 842696
510 842715
509 842716
507 842723
510 842778
510 842779
507 842780
506 842780
508 842785
509 842786
509 842792
510 842829
505 842831
510 842832
508 842856
507 842857
507 842888
505 842892
508 842892
517 842894
515 842900
514 842968
509 842970
510 842971
510 843070
512 843071
518 843072
501 843072
506 843073
508 843074
505 843074
507 843075
506 843075
508 843076
510 843077
506 843077
506 843078
507 843078
508 843080
509 843082
508 843104
503 843105
500 843112
525 843134
497 843135
533 843161
488 843162
494 843173
522 843183
490 843208
491 843212
517 843212
494 843214
517 843239
510 843240
508 843242
507 843372
504 843373
506 843373
509 843374
508 843375
509 843375
508 843376
509 843377
508 843377
514 843378
508 843378
505 843397
510 843409
507 843411
509 843411
508 843414
501 843422
508 843432
511 843442
507 843452
507 843488
508 843492
513 843492
509 843494
505 843578
504 843579
509 843580
505 843580
508 843581
510 843582
510 843583
506 843583
507 843586
506 843760
507 843761
512 843762
503 843762
507 843763
508 843763
519 843764
504 843764
507 843765
512 843765
503 843766
509 843767
503 843767
507 843768
509 843769
509 843769
506 843771
505 843772
497 843772
482 843973
538 843974
480 843975
506 843975
493 843976
490 843976
507 843977
505 843978
522 843978
498 843979
512 843979
511 843980
511 843980
507 843981
511 843981
507 843982
509 843982
509 843983
506 843983
506 843995
508 843995
509 844033
508 844033
508 844036
508 844036
510 844039
509 844054
506 844054
506 844062
509 844180
508 844180
507 844181
508 844182
508 844182
507 844183
510 844184
508 844184
506 844185
507 844185
507 844209
509 844209
507 844212
510 844257
510 844257
509 844258
508 844259
506 844265
506 844265
510 844272
507 844282
507 844305
508 844306
508 844350
511 844355
508 844355
507 844358
508 844358
508 844364
507 844372
507 844395
508 844395
508 844427
509 844428
507 844430
507 844477
506 844479
508 844480
507 844480
508 844481
510 844540
508 844541
508 844541
506 844542
506 844542
506 844545
509 844545
508 844575
509 844575
509 844576
508 844619
509 844622
509 844622
507 844623
506 844779
509 844779
506 844780
508 844781
509 844781
507 844782
509 844782
509 844783
507 844783
508 844784
506 844785
506 844785
508 844786
508 844786
508 844789
509 844789
506 844792
508 844802
507 844812
508 844822
507 844833
508 844843
509 844879
508 844880
510 844880
510 844883
508 844970
507 844970
508 844971
509 844972
508 844972
509 844973
508 844974
509 844974
509 844977
508 845073
507 845073
507 845074
508 845075
511 845075
509 845076
507 845079
509 845079
509 845080
508 845083
505 845085
508 845092
508 845176
508 845176
508 845177
503 845178
504 845178
507 845179
509 845180
509 845180
508 845183
508 847215
509 847215
508 847216
508 847216
508 847217
507 847217
509 847217
507 847218
507 847218
508 847219
508 847219
508 847220
508 847220
509 847220
508 847221
509 847221
508 847222
507 847222
507 847223
507 847223
507 847223
508 847224
507 847224
508 847225
510 847225
508 847226
506 847226
508 847226
508 847227
507 847227
507 847228
506 847228
508 847228
510 847229
508 847229
507 847230
509 847230
499 847230
498 847231
518 847231
510 847232
499 847232
503 847233
503 847233
508 847233
507 847234
513 847234
506 847235
512 847235
509 847235
510 847236
508 847236
506 847237
508 847237
506 847237
510 847238
508 847238
508 847239
510 847239
506 847240
512 847240
508 847240
508 847241
511 847241
508 847242
510 847242
507 847242
503 847243
507 847243
493 847244
492 847244
524 847244
527 847245
525 847245
494 847246
483 847246
509 847247
520 847247
503 847247
501 847416
506 847416
510 847417
508 847417
505 847418
508 847418
507 847419
508 847419
508 847419
510 847420
508 847420
507 847421
508 847421
508 847422
506 847422
503 847423
508 847423
509 847424
514 847424
509 847425
501 847425
511 847426
508 847426
508 847427
511 847427
511 847427
509 847428
511 847428
510 847429
511 847430
505 847430
506 847431
509 847432
509 847432
508 847433
508 847438
515 847439
511 847439
501 847440
520 847440
504 847441
513 847441
510 847442
488 847442
512 847443
518 847443
501 847444
516 847444
502 847445
504 847448
509 847449
507 847449
508 847450
507 847450
508 847451
507 847452
508 847452
511 847453
504 847453
499 847454
498 847454
518 847455
504 847455
500 847456
505 847456
506 847457
504 847457
511 847458
504 847458
507 847459
507 847459
512 847460
510 847460
508 847461
505 847461
506 847463
508 847464
509 847465
511 847465
503 847727
510 847728
511 847729
511 847730
508 847730
507 847731
504 847732
520 847732
527 847733
499 847733
506 847734
527 847735
509 847735
514 847736
513 847736
507 847737
499 847737
498 847738
503 847739
503 847739
507 847740
510 847740
508 847741
509 847741
510 847742
508 847743
508 847743
512 847744
508 847744
507 847745
508 847745
521 847746
501 847746
525 847747
520 847747
502 847748
519 847749
501 847749
519 847750
523 847750
511 847751
510 847751
504 847754
508 847754
509 847755
510 847755
509 847756
509 847756
508 847757
513 847757
507 847758
505 847759
510 847759
514 847760
508 847760
508 847761
507 847761
506 847762
510 847763
509 847763
511 847764
511 847764
504 847765
512 847766
510 847766
506 847767
507 847767
507 847768
508 847768
507 847769
506 847769
509 847770
508 847771
508 847771
506 847772
507 847772
506 847773
510 847774
505 847774
506 848006
507 848007
508 848008
509 848008
508 848009
508 848010
508 848010
509 848011
509 848011
506 848012
508 848012
507 848013
504 848016
506 848016
510 848017
509 848017
509 848018
508 848019
506 848019
508 848020
508 848020
507 848021
507 848022
508 848022
509 848023
508 848024
510 848024
506 848025
507 848025
508 848026
507 848026
509 848027
508 848028
508 848028
507 848029
511 848029
506 848030
508 848031
508 848031
508 848032
508 848032
515 848033
524 848036
