508 2167497
506 2167523
508 2167523
506 2167523
508 2167523
507 2167524
507 2167524
508 2167524
508 2167524
509 2167525
510 2167525
507 2167525
508 2167525
507 2167526
506 2167526
509 2167526
508 2167526
508 2167526
508 2167527
507 2167527
508 2167527
509 2167527
507 2167528
507 2167528
507 2167530
509 2167530
508 2167530
507 2167531
508 2167531
510 2167531
512 2167531
506 2167531
508 2167532
510 2167532
509 2167532
509 2167532
507 2167533
507 2167533
506 2167533
510 2167533
508 2167533
506 2167534
506 2167534
508 2167534
507 2167534
509 2167534
508 2167535
509 2167535
509 2167535
509 2167535
508 2167535
507 2167535
507 2167536
509 2167536
509 2167536
509 2167536
506 2167536
506 2167536
508 2167536
508 2167536
509 2167537
511 2167537
508 2167537
-1195 2167553
509 2167553
509 2167563
508 2167573
507 2167596
509 2167596
508 2167603
507 2167652
508 2167652
507 2167674
509 2167674
508 2167682
507 2167692
506 2167700
507 2167712
509 2167722
507 2167731
510 2167796
509 2167796
506 2167797
510 2167803
508 2167803
505 2167803
508 2167810
507 2167826
508 2167826
507 2167832
510 2167842
510 2167852
507 2167860
509 2167872
507 2167882
507 2167890
508 2167902
510 2167925
506 2167925
508 2167931
509 2167942
509 2167952
507 2167961
508 2167972
506 2167982
507 2167991
508 2168002
509 2168012
507 2168033
507 2168035
508 2168042
510 2168053
508 2168088
506 2168092
509 2168092
507 2168101
507 2168125
508 2168125
509 2168132
510 2168153
508 2168155
505 2168162
506 2168173
506 2168223
507 2168223
508 2168225
509 2168225
509 2168227
508 2168230
509 2168242
507 2168252
507 2168260
505 2168272
506 2168294
507 2168294
508 2168300
507 2168312
504 2168322
509 2168330
507 2168342
508 2168377
508 2168380
506 2168382
509 2168383
507 2168392
523 2168400
506 2168412
510 2168422
510 2168430
505 2168454
503 2168454
509 2168462
512 2168483
496 2168485
512 2168518
508 2168522
508 2168522
509 2168524
508 2168532
507 2168568
507 2168570
509 2168570
507 2168584
506 2168584
511 2168592
505 2168602
507 2168612
512 2168620
510 2168632
507 2168642
506 2168663
508 2168665
509 2168672
506 2168682
508 2168692
508 2168702
508 2168711
509 2168722
508 2168732
507 2168740
508 2168752
508 2168762
508 2168770
508 2168782
511 2168818
507 2168820
506 2168822
507 2168825
506 2168832
508 2168854
506 2168854
508 2168862
509 2168870
508 2168895
507 2168895
506 2168912
508 2168921
509 2168932
506 2168942
506 2168950
509 2168962
505 2168983
506 2168993
509 2168995
508 2169002
510 2169052
501 2169052
501 2169053
494 2169055
503 2169078
497 2169086
509 2169087
517 2169087
494 2169115
511 2169115
502 2169124
509 2169124
517 2169130
514 2169154
528 2169154
499 2169162
509 2169196
519 2169201
509 2169201
509 2169203
502 2169224
494 2169235
461 2169235
497 2169242
508 2169276
510 2169282
513 2169282
504 2169282
506 2169333
507 2169333
515 2169335
506 2169335
497 2169343
511 2169352
515 2169361
517 2169373
539 2169382
512 2169391
529 2169402
512 2169412
502 2169421
507 2169432
508 2169442
509 2169450
509 2169487
507 2169487
511 2169492
508 2169492
508 2169500
507 2169511
507 2169522
508 2169531
511 2169555
503 2169555
510 2169573
508 2169581
509 2169594
509 2169636
510 2169636
506 2169704
510 2169706
506 2169708
509 2169710
507 2169710
509 2169748
511 2169750
506 2169750
505 2169752
508 2169752
509 2169754
507 2169776
507 2169776
507 2169778
508 2169780
509 2169782
507 2169782
511 2169842
508 2169870
508 2169870
508 2169872
510 2169872
507 2169872
508 2169874
508 2169874
510 2169876
505 2169899
509 2169901
509 2169901
510 2169915
510 2169915
508 2169922
505 2169932
508 2169953
507 2169955
509 2169973
508 2169982
510 2169992
508 2170032
510 2170057
508 2170060
510 2170062
507 2170084
507 2170084
504 2170093
507 2170093
508 2170094
506 2170096
509 2170096
505 2170167
507 2170167
509 2170169
511 2170171
509 2170171
506 2170173
506 2170173
508 2170205
509 2170205
508 2170226
507 2170226
506 2170237
509 2170239
508 2170241
510 2170273
508 2170304
509 2170304
508 2170306
509 2170306
507 2170308
507 2170331
506 2170333
508 2170333
507 2170335
508 2170364
506 2170364
507 2170370
509 2170382
508 2170405
507 2170406
507 2170410
508 2170434
508 2170434
507 2170442
506 2170451
506 2170463
508 2170472
507 2170483
505 2170514
504 2170528
501 2170530
509 2170530
511 2170545
517 2170545
508 2170552
505 2170560
507 2170572
509 2170621
510 2170621
508 2170623
508 2170624
509 2170647
508 2170648
501 2170652
509 2170652
509 2170662
509 2170672
507 2170680
508 2170704
507 2170704
507 2170769
509 2170769
509 2170771
509 2170785
508 2170785
509 2170816
507 2170818
508 2170819
507 2170834
507 2170834
509 2170834
507 2170847
506 2170848
507 2170852
508 2170852
507 2170862
508 2170870
506 2170882
509 2170892
508 2170900
507 2170912
507 2170922
509 2170931
507 2170954
506 2170955
508 2170962
506 2170970
508 2170992
508 2171002
508 2171011
510 2171022
510 2171032
508 2171040
506 2171052
508 2171062
506 2171083
509 2171085
508 2171102
508 2171115
509 2171115
510 2171123
508 2171144
506 2171144
508 2171152
510 2171203
507 2171203
508 2171205
507 2171206
507 2171206
512 2171236
507 2171240
505 2171240
507 2171254
509 2171254
507 2171260
509 2171272
509 2171282
509 2171291
509 2171302
506 2171322
508 2171333
507 2171335
510 2171342
508 2171352
503 2171387
509 2171389
507 2171393
509 2171393
508 2171427
507 2171428
506 2171435
507 2171435
509 2171442
507 2171452
507 2171460
509 2171472
508 2171482
509 2171516
507 2171522
506 2171522
505 2171524
508 2171559
509 2171562
509 2171562
508 2171564
507 2171572
508 2171594
506 2171594
508 2171602
507 2171610
507 2171660
508 2171660
508 2171662
509 2171674
507 2171724
509 2171724
508 2171738
507 2171738
507 2171738
506 2171738
512 2171738
507 2171742
509 2171764
509 2171764
511 2171797
514 2171798
503 2171802
504 2171802
502 2171853
505 2171884
508 2171886
506 2171907
514 2171907
510 2171908
510 2171918
512 2171918
506 2171919
505 2171919
509 2171981
506 2171981
507 2171983
507 2171983
510 2171984
507 2171986
507 2171986
509 2172002
509 2172015
507 2172015
507 2172024
509 2172024
509 2172045
507 2172046
509 2172104
506 2172106
508 2172112
506 2172112
508 2172112
507 2172125
509 2172125
508 2172132
508 2172134
509 2172142
509 2172226
506 2172226
508 2172285
506 2172285
508 2172289
509 2172296
507 2172301
507 2172301
508 2172301
508 2172303
507 2172303
507 2172305
509 2172305
508 2172305
507 2172307
508 2172340
506 2172340
510 2172342
507 2172375
506 2172375
508 2172401
509 2172401
507 2172401
508 2172412
508 2172453
506 2172455
508 2172455
509 2172457
507 2172459
508 2172653
506 2172668
508 2172670
509 2172670
509 2172718
509 2172720
505 2172720
508 2172722
506 2172722
508 2172724
506 2172724
507 2172726
508 2172726
508 2172752
508 2172754
508 2172754
509 2172756
508 2172756
507 2172760
507 2172760
507 2172760
509 2172773
507 2172775
507 2172782
507 2172945
508 2172945
507 2173048
506 2173050
507 2173050
506 2173052
509 2173052
508 2173052
509 2173056
508 2173153
510 2173183
507 2173227
508 2173233
507 2173233
507 2173235
508 2173276
508 2173277
509 2173277
508 2173279
509 2173281
508 2173305
507 2173305
510 2173317
508 2173320
509 2173320
508 2173320
508 2173320
510 2173343
509 2173394
508 2173395
508 2173395
506 2173395
507 2173395
508 2173396
506 2173415
508 2173418
508 2173418
508 2173418
510 2173420
507 2173420
506 2173422
509 2173422
508 2173422
507 2173422
507 2173422
507 2173422
508 2173423
509 2173423
508 2173437
505 2173438
508 2173438
508 2173445
510 2173445
508 2173445
507 2173445
509 2173445
510 2173448
507 2173448
508 2173448
508 2173484
508 2173507
509 2173513
509 2173530
509 2173533
508 2173533
507 2173535
507 2173535
507 2173535
508 2173535
506 2173535
506 2173536
509 2173536
510 2173538
507 2173538
507 2173540
507 2173540
508 2173542
508 2173542
508 2173552
509 2173552
508 2173552
509 2173562
509 2173602
507 2173642
507 2173673
507 2173700
508 2173701
508 2173703
510 2173703
508 2173704
508 2173706
508 2173706
507 2173727
507 2173730
508 2173730
508 2173732
508 2173732
508 2173734
507 2173762
507 2173763
510 2173773
507 2173810
509 2173829
506 2173831
508 2173831
506 2173833
508 2173833
508 2173834
508 2173836
507 2173837
507 2173843
508 2173845
508 2173894
506 2173894
508 2173896
509 2173896
509 2173897
507 2173897
507 2173926
507 2173928
509 2173932
508 2173975
508 2173975
508 2173977
509 2173978
507 2173980
507 2174007
509 2174009
508 2174028
507 2174050
507 2174052
508 2174053
509 2174053
509 2174103
509 2174103
507 2174104
510 2174104
508 2174106
506 2174136
508 2174138
508 2174143
510 2174144
507 2174163
509 2174174
508 2174184
509 2174184
509 2174212
508 2174227
507 2174230
508 2174230
509 2174255
508 2174255
508 2174263
508 2174264
508 2174297
509 2174298
508 2174300
507 2174348
507 2174350
508 2174351
509 2174427
508 2174430
508 2174430
508 2174498
506 2174511
509 2174513
508 2174513
508 2174515
510 2174516
507 2174518
507 2174519
508 2174519
508 2174521
509 2174545
507 2174545
507 2174554
506 2174562
508 2174563
507 2174588
506 2174592
507 2174592
508 2174594
507 2174635
507 2174635
508 2174677
508 2174679
510 2174680
507 2174680
507 2174682
509 2174683
509 2174706
509 2174708
507 2174712
509 2174712
508 2174802
508 2174857
509 2174858
508 2174860
506 2174861
509 2174861
507 2174863
508 2174864
507 2174864
507 2174866
508 2174882
508 2174934
509 2174934
505 2174936
507 2174938
508 2174941
509 2174941
509 2174941
506 2174943
509 2174943
512 2174957
507 2174959
508 2174961
508 2174964
507 2174997
507 2174999
507 2175014
507 2175014
508 2175051
509 2175051
509 2175053
506 2175053
508 2175078
507 2175082
509 2175082
507 2175084
506 2175118
508 2175120
509 2175120
507 2175133
506 2175158
509 2175160
510 2175160
508 2175217
507 2175219
507 2175219
507 2175254
509 2175256
509 2175258
507 2175260
508 2175260
508 2175262
507 2175297
507 2175300
510 2175300
507 2175342
509 2175344
507 2175344
507 2175346
507 2175346
507 2175348
508 2175368
508 2175372
506 2175372
507 2175374
509 2175405
509 2175405
507 2175467
506 2175467
507 2175469
508 2175471
507 2175471
508 2175474
509 2175567
508 2175569
510 2175571
507 2175571
507 2175573
508 2175573
508 2175573
509 2175579
508 2175579
508 2175585
508 2175587
511 2175587
508 2175589
508 2175602
507 2175624
508 2175624
509 2175657
508 2175661
508 2175661
507 2175663
508 2175699
508 2175703
508 2175703
508 2175705
508 2175737
510 2175739
507 2175743
508 2175743
507 2175777
510 2175779
507 2175783
507 2175783
507 2175818
508 2175822
506 2175822
507 2175824
509 2175852
507 2175862
508 2175901
507 2175915
508 2175915
506 2175935
508 2175935
506 2175965
507 2175970
509 2175972
508 2175974
509 2175974
508 2175976
506 2175978
508 2175996
510 2176007
509 2176008
508 2176030
507 2176078
505 2176080
508 2176080
507 2176082
508 2176082
507 2176084
507 2176084
507 2176108
508 2176112
507 2176112
508 2176114
509 2176149
508 2176153
507 2176153
506 2176153
507 2176186
506 2176192
510 2176192
508 2176194
507 2176263
507 2176283
510 2176362
506 2176401
509 2176403
507 2176403
509 2176405
509 2176405
508 2176406
510 2176408
509 2176419
507 2176419
507 2176419
509 2176419
507 2176419
509 2176449
508 2176451
510 2176453
507 2176453
508 2176483
508 2176485
507 2176485
507 2176513
510 2176516
508 2176575
507 2176575
508 2176606
507 2176606
509 2176642
509 2176653
509 2176763
509 2176766
509 2176771
507 2176813
507 2176813
509 2176815
508 2176815
508 2176817
508 2176830
508 2176831
508 2176831
506 2176831
509 2176831
507 2176831
506 2176837
506 2176837
508 2176853
505 2176865
508 2176865
509 2176892
506 2176993
508 2176993
511 2176995
508 2176995
507 2177084
506 2177084
509 2177084
507 2177086
509 2177088
507 2177090
508 2177090
510 2177092
507 2177101
507 2177136
506 2177136
509 2177140
510 2177140
507 2177145
508 2177146
507 2177146
509 2177146
509 2177146
507 2177146
509 2177171
509 2177171
507 2177171
508 2177173
507 2177173
510 2177175
507 2177175
511 2177195
507 2177197
508 2177197
508 2177199
510 2177281
510 2177281
506 2177283
507 2177284
508 2177313
509 2177387
506 2177389
509 2177400
506 2177400
509 2177402
509 2177402
509 2177404
509 2177404
507 2177410
509 2177411
506 2177411
507 2177411
509 2177411
507 2177446
507 2177446
509 2177448
510 2177450
508 2177450
509 2177452
508 2177452
504 2177543
507 2177543
507 2177545
509 2177545
507 2177547
509 2177549
509 2177549
510 2177551
507 2177567
507 2177569
507 2177569
510 2177609
507 2177611
508 2177613
509 2177613
508 2177613
508 2177651
508 2177651
508 2177653
505 2177653
509 2177686
508 2177686
508 2177722
507 2177731
507 2177743
508 2177785
511 2177785
506 2177787
505 2177787
509 2177789
507 2177817
508 2177818
508 2177822
508 2177822
511 2177822
509 2177824
507 2177824
507 2177857
507 2177859
507 2177861
507 2177898
506 2177900
508 2177900
507 2177943
508 2177943
507 2177945
507 2177945
507 2177947
507 2178029
508 2178032
508 2178033
508 2178035
508 2178035
507 2178037
509 2178039
506 2178041
507 2178041
507 2178056
507 2178060
509 2178060
508 2178101
507 2178101
507 2178152
508 2178154
504 2178154
507 2178156
506 2178158
509 2178160
510 2178160
506 2178162
508 2178184
510 2178184
509 2178192
508 2178226
506 2178230
506 2178230
509 2178269
505 2178271
510 2178271
507 2178273
508 2178273
510 2178283
507 2178307
507 2178307
510 2178309
504 2178322
506 2178346
505 2178348
508 2178355
508 2178402
506 2178492
507 2178492
508 2178492
506 2178494
508 2178494
509 2178496
509 2178500
507 2178512
510 2178514
510 2178517
509 2178518
506 2178518
507 2178518
506 2178528
508 2178528
508 2178529
509 2178547
509 2178547
511 2178550
509 2178562
506 2178573
504 2178593
508 2178612
510 2178639
509 2178641
508 2178650
509 2178652
509 2178708
509 2178712
507 2178714
507 2178716
510 2178716
509 2178718
509 2178720
506 2178720
507 2178759
510 2178761
509 2178761
508 2178763
505 2178808
509 2178808
507 2178809
507 2178809
508 2178813
508 2178816
507 2178838
510 2178838
507 2178842
506 2178852
508 2178872
508 2178880
511 2178892
506 2178914
505 2178914
508 2178920
510 2178921
506 2178971
507 2178971
509 2178985
508 2178988
507 2178988
506 2178990
507 2179008
508 2179008
509 2179051
507 2179051
507 2179053
506 2179053
507 2179065
509 2179065
509 2179084
506 2179084
508 2179131
511 2179131
511 2179133
506 2179133
508 2179165
506 2179165
509 2179172
508 2179182
509 2179200
508 2179231
509 2179231
508 2179233
508 2179233
510 2179244
507 2179244
507 2179264
508 2179264
508 2179284
508 2179284
509 2179302
510 2179304
510 2179311
509 2179335
510 2179335
509 2179378
507 2179380
508 2179380
507 2179421
508 2179421
510 2179423
506 2179423
503 2179423
505 2179433
509 2179473
507 2179507
507 2179515
508 2179515
509 2179517
508 2179517
507 2179526
507 2179527
506 2179527
508 2179534
509 2179534
509 2179542
506 2179577
507 2179577
510 2179579
508 2179594
506 2179638
508 2179640
507 2179640
508 2179663
508 2179663
509 2179665
508 2179665
509 2179667
507 2179730
505 2179730
508 2179732
506 2179743
508 2179762
507 2179885
507 2179885
507 2179885
508 2179910
507 2179912
507 2179914
507 2179914
508 2180005
506 2180005
508 2180007
506 2180009
506 2180013
508 2180013
508 2180013
509 2180013
506 2180014
505 2180014
506 2180016
508 2180026
506 2180028
507 2180032
507 2180032
508 2180052
506 2180155
509 2180155
508 2180314
507 2180314
508 2180365
509 2180368
506 2180370
507 2180370
507 2180372
508 2180372
506 2180405
507 2180405
507 2180405
508 2180405
509 2180570
508 2180570
510 2180572
509 2180645
507 2180645
508 2180645
506 2180734
506 2180734
508 2180736
509 2180736
509 2180737
508 2180854
508 2180855
505 2180855
510 2180892
508 2181020
507 2181020
509 2181020
506 2181020
509 2181020
508 2181095
509 2181095
509 2181142
509 2181142
509 2181144
508 2181144
506 2181256
505 2181256
507 2181257
507 2181257
509 2181257
507 2181257
508 2181259
506 2181259
506 2181259
508 2181259
509 2181259
507 2181260
507 2181260
510 2181385
509 2181385
508 2181387
507 2181389
506 2181390
509 2181392
509 2181392
507 2181393
510 2181422
507 2181455
508 2181455
510 2181457
509 2181461
505 2181461
507 2181472
506 2181472
507 2181472
507 2181494
509 2181494
506 2181501
509 2181511
508 2181520
507 2181532
510 2181551
507 2181573
503 2181574
508 2181582
508 2181592
509 2181601
508 2181611
510 2181620
507 2181631
506 2181641
511 2181650
507 2181661
508 2181671
507 2181692
508 2181695
510 2181702
508 2181714
516 2181734
509 2181734
508 2181741
507 2181750
508 2181774
507 2181774
507 2181781
506 2181790
510 2181802
507 2181838
506 2181840
506 2181842
506 2181843
508 2181851
506 2181860
509 2181871
509 2181881
509 2181902
508 2181904
506 2181911
509 2181921
509 2181943
507 2181943
509 2181951
506 2181960
507 2181972
508 2181982
508 2181990
506 2182002
509 2182012
508 2182020
508 2182031
506 2182041
508 2182061
504 2182085
508 2182085
508 2182094
508 2182094
512 2182100
508 2182111
508 2182280
507 2182306
509 2182309
507 2182311
508 2182311
509 2182313
507 2182313
508 2182315
509 2182315
509 2182315
507 2182327
508 2182327
507 2182327
508 2182327
507 2182371
509 2182371
508 2182373
509 2182373
507 2182402
508 2182433
506 2182708
507 2182710
508 2182710
508 2182712
508 2182712
508 2182714
508 2182714
508 2182716
509 2182716
507 2182723
507 2182748
510 2182748
511 2182750
509 2182750
511 2182752
509 2182752
507 2182759
505 2182760
506 2182760
509 2182760
507 2182762
508 2182778
507 2182780
510 2182780
510 2182782
507 2182782
507 2182782
506 2182782
508 2182782
507 2182783
509 2182783
507 2182783
506 2182785
505 2182823
510 2182823
508 2182825
508 2182825
509 2182827
508 2182827
507 2182829
507 2182831
508 2182831
509 2182852
511 2182852
504 2182852
509 2182854
508 2182922
509 2182936
507 2182936
507 2182962
507 2182965
508 2182990
508 2182990
506 2182992
506 2182992
504 2182992
508 2182992
506 2182994
507 2183052
508 2183120
507 2183120
507 2183122
508 2183122
507 2183122
507 2183132
506 2183132
509 2183132
507 2183132
507 2183144
508 2183144
511 2183144
507 2183146
507 2183148
506 2183150
509 2183164
508 2183164
509 2183164
507 2183171
508 2183222
510 2183222
508 2183224
506 2183224
508 2183272
508 2183296
507 2183298
508 2183302
508 2183302
502 2183302
510 2183304
511 2183304
505 2183314
507 2183314
507 2183346
508 2183348
509 2183352
506 2183352
507 2183361
508 2183372
509 2183382
507 2183390
508 2183402
508 2183424
507 2183424
507 2183442
508 2183445
508 2183452
508 2183462
507 2183472
506 2183482
508 2183490
508 2183502
507 2183553
507 2183553
508 2183555
508 2183555
510 2183557
509 2183561
509 2183572
507 2183582
509 2183591
507 2183620
509 2183637
509 2183638
505 2183642
509 2183642
509 2183677
510 2183681
508 2183681
506 2183683
508 2183691
508 2183701
506 2183723
508 2183725
509 2183748
507 2183748
508 2183750
507 2183762
508 2183782
509 2183791
507 2183800
509 2183811
507 2183821
508 2183830
508 2183841
507 2183851
506 2183860
507 2183871
510 2183881
507 2183890
509 2183901
510 2183913
508 2183962
507 2183963
511 2183963
508 2183965
506 2183967
509 2183975
508 2183994
509 2183994
508 2184026
505 2184030
507 2184031
510 2184033
508 2184041
507 2184050
509 2184073
507 2184084
506 2184084
508 2184090
507 2184102
505 2184123
509 2184123
507 2184130
507 2184141
508 2184151
507 2184160
508 2184171
507 2184192
507 2184202
507 2184204
509 2184211
509 2184221
508 2184271
507 2184279
507 2184281
508 2184281
509 2184283
507 2184284
507 2184404
510 2184404
508 2184450
509 2184450
508 2184453
508 2184453
511 2184453
508 2184455
507 2184455
508 2184458
508 2184464
507 2184464
508 2184466
505 2184467
506 2184467
504 2184522
507 2184548
507 2184559
508 2184559
506 2184571
509 2184571
508 2184572
507 2184575
506 2184575
506 2184597
507 2184599
506 2184600
508 2184600
509 2184602
505 2184602
508 2184614
508 2184614
504 2184634
511 2184634
510 2184652
508 2184654
502 2184661
507 2184671
509 2184694
508 2184694
508 2184701
508 2184710
508 2184747
509 2184752
510 2184752
508 2184754
510 2184774
510 2184775
506 2184781
505 2184790
509 2184802
508 2184822
509 2184831
507 2184844
508 2184844
509 2184863
511 2184863
508 2184870
508 2184881
506 2184891
507 2184900
507 2184911
509 2184922
508 2184930
508 2184941
511 2184952
507 2184960
508 2184971
506 2184981
508 2184990
507 2185014
508 2185014
508 2185021
509 2185042
509 2185044
509 2185051
509 2185063
507 2185071
509 2185105
508 2185105
507 2185126
506 2185128
508 2185132
507 2185132
508 2185142
508 2185152
507 2185162
507 2185170
507 2185182
510 2185192
509 2185200
509 2185211
508 2185222
509 2185230
507 2185250
507 2185262
506 2185272
506 2185282
508 2185291
509 2185300
507 2185311
509 2185321
509 2185329
507 2185341
506 2185351
508 2185359
508 2185371
509 2185394
508 2185394
507 2185412
509 2185414
509 2185422
508 2185433
508 2185442
507 2185452
507 2185462
507 2185472
507 2185494
506 2185494
508 2185500
509 2185512
506 2185534
509 2185534
507 2185540
508 2185552
509 2185562
508 2185570
508 2185582
508 2185592
510 2185612
510 2185615
508 2185622
506 2185632
507 2185642
508 2185664
509 2185664
505 2185682
507 2185685
508 2185691
508 2185701
508 2185711
507 2185742
507 2185769
506 2185771
509 2185771
509 2185773
507 2185784
509 2185784
507 2185789
507 2185802
506 2185825
507 2185826
508 2185842
506 2185845
507 2185864
507 2185864
508 2185872
511 2185916
506 2185916
505 2185916
508 2185916
508 2185947
508 2185950
508 2185952
508 2185952
508 2185961
509 2185994
508 2185994
507 2186041
508 2186041
509 2186043
508 2186043
507 2186052
508 2186077
509 2186081
509 2186081
508 2186083
506 2186116
508 2186118
506 2186120
509 2186130
508 2186152
510 2186181
509 2186181
510 2186183
508 2186183
507 2186195
507 2186195
507 2186202
508 2186210
508 2186235
509 2186235
508 2186242
507 2186250
509 2186274
507 2186274
506 2186282
508 2186291
507 2186313
507 2186326
506 2186326
509 2186330
507 2186421
507 2186421
506 2186423
508 2186423
506 2186425
507 2186425
507 2186425
508 2186451
508 2186453
509 2186453
508 2186455
506 2186455
508 2186482
507 2186508
507 2186510
509 2186510
508 2186526
507 2186528
507 2186531
511 2186544
507 2186544
507 2186589
506 2186589
509 2186591
506 2186623
508 2186623
510 2186623
507 2186625
509 2186625
509 2186642
507 2186654
508 2186654
508 2186662
509 2186681
506 2186694
509 2186694
509 2186735
509 2186735
511 2186780
506 2186833
507 2186833
509 2186835
507 2186837
507 2186838
508 2186838
516 2186840
506 2186840
510 2186864
507 2186864
503 2186866
510 2186868
510 2186872
506 2186872
509 2186894
507 2186894
510 2186911
507 2186937
508 2186939
507 2186940
506 2187003
507 2187004
509 2187004
508 2187006
507 2187008
509 2187015
510 2187015
507 2187017
507 2187034
510 2187034
508 2187054
509 2187054
508 2187061
508 2187102
508 2187164
509 2187166
508 2187168
504 2187169
510 2187171
507 2187171
507 2187173
508 2187173
505 2187175
506 2187280
510 2187280
507 2187282
506 2187691
504 2187832
509 2188042
508 2188083
508 2188085
509 2188129
508 2188129
509 2188131
505 2188180
506 2188183
508 2188183
509 2188183
508 2188191
507 2188192
510 2188192
508 2188243
508 2188281
509 2188292
506 2188470
506 2188470
509 2188472
508 2188472
506 2188474
508 2188474
508 2188474
510 2188474
511 2188474
509 2188474
506 2188475
509 2188477
508 2188477
508 2188477
508 2188477
507 2188477
507 2188477
510 2188478
507 2188504
506 2188504
507 2188504
509 2188504
508 2188504
508 2188505
507 2188505
509 2188505
509 2188505
509 2188505
510 2188506
508 2188506
508 2188506
507 2188519
509 2188519
506 2188519
509 2188520
507 2188553
507 2188553
508 2188555
507 2188555
506 2188557
507 2188559
507 2188561
507 2188561
508 2188561
507 2188561
509 2188561
508 2188561
507 2188562
509 2188571
510 2188573
508 2188573
507 2188573
509 2188573
510 2188573
507 2188573
509 2188612
509 2188612
508 2188612
508 2188612
508 2188612
509 2188613
510 2188613
508 2188625
510 2188625
508 2188673
507 2188673
506 2188675
508 2188675
507 2188675
509 2188677
508 2188679
508 2188679
508 2188681
508 2188712
506 2188712
505 2188714
507 2188714
509 2188714
509 2188902
506 2188982
507 2189002
507 2189002
507 2189004
510 2189004
505 2189006
506 2189006
519 2189006
503 2189008
506 2189012
508 2189012
506 2189031
501 2189031
502 2189033
508 2189033
505 2189060
508 2189072
508 2189201
509 2189201
508 2189203
506 2189203
510 2189282
506 2189282
506 2189284
505 2189284
511 2189284
508 2189284
504 2189284
508 2189285
510 2189285
510 2189285
508 2189285
508 2189285
506 2189285
509 2189333
506 2189333
508 2189333
510 2189335
508 2189335
507 2189337
508 2189339
509 2189346
509 2189351
509 2189362
509 2189364
508 2189366
508 2189366
506 2189368
506 2189370
507 2189370
509 2189370
508 2189370
509 2189370
508 2189370
509 2189371
507 2189545
509 2189545
507 2189545
510 2189547
508 2189549
507 2189549
507 2189549
508 2189549
509 2189549
508 2189549
493 2189557
509 2189557
509 2189557
509 2189558
507 2189602
507 2189602
508 2189647
507 2189649
506 2189649
508 2189706
507 2189708
511 2189710
507 2189710
508 2189712
506 2189712
507 2189714
508 2189714
506 2189714
507 2189740
507 2189741
509 2189741
509 2189741
507 2189741
508 2189741
507 2189744
507 2189744
509 2189744
509 2189746
508 2189746
508 2189748
508 2189768
507 2189768
508 2189770
509 2189852
509 2189956
507 2189956
508 2189958
505 2189958
509 2189958
508 2189958
507 2189960
505 2189960
507 2189962
508 2189962
509 2189968
506 2189968
508 2189994
507 2189996
508 2189998
508 2190000
506 2190000
508 2190000
508 2190002
507 2190002
508 2190011
507 2190132
509 2190186
509 2190186
508 2190302
506 2190305
507 2190305
507 2190305
508 2190306
507 2190306
510 2190344
509 2190344
510 2190391
508 2190400
507 2190402
508 2190402
508 2190402
507 2190424
507 2190424
509 2190432
508 2190466
509 2190466
509 2190502
508 2190612
507 2190614
506 2190614
507 2190616
507 2190618
507 2190620
508 2190620
508 2190621
507 2190621
506 2190621
506 2190621
507 2190621
508 2190621
508 2190622
507 2190639
508 2190639
509 2190639
508 2190640
509 2190640
506 2190640
507 2190642
507 2190642
507 2190642
507 2190642
507 2190642
508 2190644
507 2190644
509 2190644
507 2190672
507 2190672
507 2190672
510 2190736
508 2190740
507 2190740
508 2190742
509 2190742
509 2190744
509 2190744
511 2190744
509 2190754
508 2190755
509 2190757
509 2190759
508 2190761
507 2190818
508 2190820
508 2190820
508 2190820
509 2190822
508 2190822
507 2190824
509 2190824
507 2190824
508 2190826
508 2190828
509 2190838
508 2190842
509 2190859
507 2190861
506 2190875
507 2190875
506 2190915
508 2190915
506 2190962
507 2190963
509 2190965
508 2191026
508 2191026
506 2191028
508 2191030
507 2191030
509 2191032
507 2191032
505 2191039
509 2191040
507 2191053
508 2191053
507 2191055
508 2191064
508 2191066
509 2191082
508 2191102
507 2191124
509 2191124
510 2191171
509 2191171
506 2191173
508 2191173
506 2191222
508 2191222
508 2191224
508 2191224
508 2191226
509 2191228
508 2191228
506 2191230
508 2191247
508 2191247
509 2191247
509 2191252
509 2191252
508 2191273
508 2191283
508 2191291
507 2191379
507 2191379
509 2191381
508 2191440
506 2191440
508 2191442
508 2191442
509 2191444
510 2191444
508 2191446
506 2191448
507 2191459
509 2191461
509 2191463
509 2191463
507 2191463
512 2191465
510 2191544
508 2191544
505 2191546
508 2191546
507 2191548
508 2191612
507 2191612
506 2191620
507 2191702
509 2191791
506 2191791
507 2191793
507 2191793
507 2192045
509 2192046
509 2192046
505 2192046
508 2192046
509 2192046
510 2192046
506 2192047
508 2192047
508 2192047
507 2192047
507 2192047
509 2192047
509 2192047
510 2192048
510 2192048
507 2192163
507 2192181
507 2192249
507 2192251
508 2192251
507 2192253
505 2192253
508 2192255
508 2192255
508 2192255
505 2192255
509 2192255
505 2192256
508 2192296
510 2192296
508 2192300
510 2192300
510 2192300
507 2192314
506 2192314
508 2192317
507 2192323
510 2192325
509 2192325
507 2192325
507 2192327
509 2192327
509 2192327
506 2192329
507 2192329
507 2192329
510 2192329
507 2192329
508 2192352
508 2192352
507 2192352
505 2192352
506 2192352
507 2192353
506 2192496
509 2192497
508 2192497
509 2192497
508 2192498
509 2192498
507 2192498
505 2192500
509 2192500
506 2192500
507 2192500
508 2192500
509 2192501
509 2192503
511 2192503
507 2192503
507 2192568
509 2192570
507 2192570
507 2192672
507 2192672
506 2192691
508 2192691
508 2192693
507 2192693
507 2192732
508 2192732
508 2192734
508 2192734
507 2192955
508 2192955
508 2192958
508 2192958
509 2192958
505 2192958
507 2192960
508 2192960
506 2192964
508 2192964
508 2192964
508 2192977
508 2192979
509 2192979
508 2193012
508 2193053
509 2193108
508 2193108
508 2193108
508 2193108
507 2193108
509 2193108
508 2193111
509 2193111
508 2193111
509 2193111
508 2193111
507 2193113
506 2193113
508 2193153
510 2193155
510 2193157
509 2193159
505 2193159
506 2193159
508 2193159
509 2193159
508 2193160
509 2193162
509 2193162
510 2193162
507 2193162
506 2193162
506 2193162
508 2193163
507 2193266
508 2193267
507 2193267
508 2193267
508 2193268
507 2193268
507 2193270
508 2193270
511 2193302
508 2193382
508 2193382
510 2193412
510 2193443
508 2193443
509 2193443
510 2193443
506 2193443
507 2193451
506 2193451
508 2193451
508 2193451
507 2193451
507 2193452
509 2193452
510 2193479
506 2193479
508 2193479
506 2193481
508 2193503
508 2193503
507 2193513
510 2193574
508 2193574
507 2193863
506 2193864
509 2193866
507 2193867
506 2193869
509 2193869
508 2193871
506 2193871
509 2193881
507 2193924
508 2193924
507 2193925
508 2193925
509 2194005
509 2194005
507 2194006
506 2194006
507 2194006
509 2194006
505 2194008
508 2194008
509 2194009
508 2194009
507 2194009
508 2194009
506 2194009
509 2194042
508 2194042
507 2194042
507 2194042
508 2194042
507 2194043
506 2194043
507 2194105
509 2194105
507 2194106
506 2194106
508 2194107
510 2194109
507 2194110
506 2194110
509 2194113
507 2194114
508 2194114
509 2194114
509 2194147
508 2194153
508 2194153
508 2194155
507 2194155
506 2194163
508 2194163
507 2194193
510 2194193
509 2194195
506 2194195
507 2194195
506 2194208
509 2194209
507 2194209
507 2194209
508 2194209
508 2194209
510 2194210
509 2194219
508 2194220
508 2194221
506 2194221
510 2194223
509 2194247
509 2194251
508 2194251
508 2194253
507 2194295
507 2194295
508 2194322
507 2194345
507 2194345
508 2194347
505 2194349
508 2194350
508 2194350
507 2194373
507 2194373
508 2194381
509 2194381
509 2194413
507 2194415
507 2194424
507 2194424
510 2194471
507 2194471
507 2194473
508 2194473
508 2194510
508 2194510
509 2194512
509 2194513
508 2194551
510 2194553
507 2194553
507 2194555
509 2194555
506 2194587
507 2194589
507 2194592
507 2194592
508 2194627
508 2194631
509 2194632
504 2194633
507 2194664
506 2194664
508 2194711
508 2194711
508 2194713
509 2194713
510 2194713
508 2194785
507 2194785
507 2194802
508 2194822
510 2194860
510 2194860
510 2194862
507 2194862
508 2194863
507 2194863
506 2194865
507 2194866
506 2194868
507 2194873
507 2194875
508 2194875
507 2194881
506 2194916
510 2194917
510 2194921
509 2194921
509 2194943
507 2194943
507 2194951
509 2194961
506 2194970
510 2194981
511 2194991
505 2195000
507 2195011
506 2195021
505 2195030
510 2195041
506 2195051
509 2195059
509 2195071
510 2195081
509 2195090
507 2195101
508 2195118
507 2195132
507 2195134
509 2195141
510 2195151
508 2195161
511 2195171
506 2195180
507 2195191
506 2195201
511 2195210
506 2195222
508 2195231
506 2195252
509 2195279
509 2195279
508 2195279
507 2195281
510 2195324
509 2195325
508 2195325
507 2195327
507 2195331
510 2195341
506 2195349
510 2195361
507 2195371
507 2195379
510 2195392
507 2195401
509 2195409
509 2195421
508 2195431
509 2195439
507 2195451
507 2195460
507 2195471
507 2195493
504 2195493
508 2195501
508 2195509
508 2195522
509 2195532
507 2195552
507 2195555
508 2195562
507 2195572
508 2195581
508 2195591
508 2195600
509 2195611
506 2195622
511 2195629
507 2195641
508 2195674
508 2195674
508 2195679
508 2195691
509 2195701
507 2195709
504 2195721
511 2195731
509 2195739
508 2195751
506 2195761
510 2195769
508 2195781
507 2195791
507 2195800
509 2195811
509 2195821
508 2195829
509 2195841
507 2195851
508 2195859
508 2195872
510 2195882
507 2195891
506 2195914
507 2195914
507 2195921
510 2195930
506 2195941
508 2195951
508 2195960
507 2195984
509 2195984
507 2195991
506 2196000
508 2196011
508 2196021
506 2196041
507 2196044
504 2196051
510 2196061
507 2196071
506 2196081
507 2196090
508 2196102
507 2196112
507 2196120
507 2196132
508 2196142
508 2196150
508 2196161
508 2196171
509 2196180
509 2196204
504 2196204
504 2196213
509 2196219
509 2196231
506 2196241
506 2196249
508 2196261
508 2196271
510 2196292
508 2196294
503 2196314
508 2196314
510 2196321
506 2196331
507 2196341
508 2196349
508 2196371
510 2196395
508 2196395
507 2196399
506 2196411
508 2196434
507 2196449
509 2196451
510 2196463
510 2196518
509 2196520
507 2196520
508 2196594
507 2196594
509 2196632
508 2196722
507 2196724
510 2196724
507 2196727
506 2196729
508 2196731
509 2196731
508 2196739
509 2196739
509 2196791
509 2196791
509 2196793
509 2196793
508 2196794
511 2196796
506 2196797
507 2196806
511 2196807
507 2196807
505 2196807
509 2196822
508 2196822
508 2196824
508 2196824
509 2196826
508 2196843
506 2196843
505 2196850
507 2196861
508 2196884
509 2196884
506 2196891
508 2196901
510 2196922
511 2196930
508 2196941
508 2196961
506 2196970
507 2196983
509 2196983
509 2197005
508 2197005
509 2197020
504 2197061
510 2197061
511 2197063
510 2197063
508 2197097
508 2197098
508 2197100
509 2197144
508 2197144
507 2197146
509 2197146
508 2197150
508 2197180
507 2197180
506 2197182
508 2197182
508 2197234
508 2197234
507 2197251
509 2197263
509 2197263
507 2197264
506 2197270
507 2197292
507 2197315
508 2197315
509 2197317
507 2197322
509 2197322
508 2197322
506 2197329
507 2197331
508 2197340
508 2197364
510 2197364
509 2197372
509 2197379
510 2197392
508 2197401
508 2197409
506 2197441
508 2197456
507 2197458
510 2197460
510 2197462
507 2197471
508 2197480
509 2197491
509 2197502
507 2197510
507 2197521
506 2197531
510 2197540
507 2197551
508 2197561
507 2197597
509 2197597
508 2197602
506 2197602
507 2197611
508 2197632
506 2197634
506 2197641
508 2197677
505 2197678
509 2197679
509 2197707
506 2197711
506 2197711
510 2197713
508 2197721
506 2197794
508 2197794
508 2197796
508 2197805
509 2197805
508 2197805
504 2197805
508 2197850
507 2197850
507 2197852
510 2197852
509 2197876
507 2197877
509 2197879
508 2197910
508 2197930
507 2197930
508 2197933
508 2197933
508 2197944
508 2197944
507 2197951
510 2197961
508 2197995
506 2197999
509 2197999
507 2198013
507 2198013
508 2198021
507 2198031
508 2198051
509 2198075
509 2198101
506 2198101
508 2198101
509 2198117
505 2198118
509 2198118
507 2198131
507 2198144
508 2198144
510 2198149
507 2198161
507 2198171
508 2198179
507 2198201
508 2198211
509 2198232
507 2198235
508 2198274
509 2198274
507 2198288
508 2198291
508 2198293
507 2198293
508 2198302
507 2198325
498 2198331
496 2198331
507 2198333
508 2198354
506 2198354
507 2198361
508 2198371
509 2198391
528 2198401
508 2198411
512 2198461
508 2198463
507 2198465
506 2198465
507 2198467
508 2198496
506 2198498
510 2198500
506 2198511
512 2198521
508 2198524
507 2198531
508 2198553
508 2198553
508 2198561
508 2198571
508 2198591
511 2198594
507 2198601
511 2198611
507 2198621
507 2198631
509 2198639
506 2198678
507 2198682
508 2198682
507 2198684
507 2198692
509 2198720
507 2198720
508 2198720
507 2198729
507 2198754
510 2198754
508 2198761
507 2198769
507 2198794
509 2198794
508 2198801
506 2198810
507 2198834
508 2198834
509 2198854
507 2198854
509 2198859
507 2198871
509 2198896
508 2198896
506 2198899
506 2198937
506 2198941
507 2198941
507 2198943
508 2198951
506 2198961
509 2198969
508 2198981
508 2199003
508 2199003
506 2199009
508 2199021
510 2199033
506 2199040
508 2199051
509 2199061
510 2199082
508 2199084
508 2199092
508 2199101
507 2199111
508 2199121
507 2199129
509 2199141
509 2199162
510 2199172
508 2199174
508 2199181
508 2199191
509 2199199
508 2199211
508 2199234
509 2199234
509 2199239
508 2199264
507 2199264
508 2199271
506 2199279
507 2199316
509 2199316
507 2199322
509 2199322
509 2199329
508 2199351
508 2199361
507 2199369
507 2199393
509 2199403
507 2199403
508 2199409
508 2199420
508 2199431
507 2199440
508 2199464
508 2199464
506 2199484
509 2199484
507 2199489
508 2199501
509 2199511
509 2199520
509 2199531
508 2199553
508 2199553
509 2199559
507 2199618
506 2199620
507 2199620
509 2199620
508 2199634
510 2199634
509 2199642
508 2199644
507 2199651
509 2199673
509 2199683
506 2199683
508 2199694
510 2199726
508 2199729
509 2199729
508 2199772
508 2199772
507 2199774
509 2199774
508 2199776
507 2199844
509 2199844
507 2199866
509 2199868
507 2199869
507 2199869
507 2199871
508 2199872
506 2199904
508 2199905
509 2199922
508 2199973
507 2200039
508 2200043
507 2200043
507 2200052
508 2200052
509 2200053
510 2200061
509 2200061
509 2200063
509 2200063
509 2200064
509 2200064
507 2200066
508 2200069
506 2200069
507 2200100
508 2200100
508 2200102
507 2200102
507 2200142
508 2200142
504 2200144
507 2200144
506 2200146
509 2200174
508 2200176
507 2200181
509 2200181
510 2200273
508 2200273
506 2200275
508 2200277
507 2200278
510 2200280
506 2200280
508 2200282
509 2200301
510 2200332
509 2200340
508 2200374
507 2200374
506 2200384
507 2200392
509 2200410
508 2200421
509 2200481
510 2200481
508 2200483
508 2200483
506 2200495
508 2200495
507 2200495
508 2200504
508 2200504
508 2200607
508 2200608
508 2200610
509 2200610
508 2200611
505 2200613
508 2200613
509 2200619
509 2200619
506 2200619
508 2200661
510 2200662
509 2200717
506 2200718
508 2200720
507 2200756
509 2200757
507 2200759
507 2200760
508 2200760
510 2200762
508 2200804
505 2200804
509 2200806
506 2200806
508 2200809
510 2200809
509 2200881
508 2200881
511 2200883
508 2200885
507 2200885
507 2200891
507 2200930
507 2200932
506 2200934
508 2200934
509 2200936
510 2200936
508 2200938
507 2200956
508 2200960
505 2200967
508 2201017
508 2201019
506 2201019
509 2201021
508 2201021
509 2201023
507 2201023
508 2201023
510 2201025
507 2201025
508 2201027
509 2201076
510 2201080
508 2201080
510 2201080
507 2201173
507 2201173
508 2201173
507 2201175
508 2201177
508 2201185
508 2201186
510 2201186
509 2201215
507 2201217
505 2201219
508 2201219
507 2201221
507 2201221
509 2201231
506 2201251
510 2201253
509 2201255
508 2201255
507 2201257
506 2201257
510 2201294
507 2201294
508 2201294
507 2201296
507 2201298
508 2201326
507 2201326
508 2201328
508 2201370
507 2201370
509 2201372
510 2201372
508 2201406
508 2201408
511 2201410
507 2201452
505 2201452
507 2201454
508 2201454
510 2201454
510 2201487
508 2201489
510 2201489
509 2201524
508 2201524
507 2201534
509 2201534
509 2201573
507 2201573
507 2201575
508 2201575
510 2201575
509 2201577
509 2201611
506 2201642
507 2201652
509 2201698
509 2201701
507 2201701
508 2201703
507 2201755
507 2201755
508 2201757
508 2201759
507 2201759
508 2201761
507 2201761
507 2201763
510 2201763
509 2201776
508 2201778
507 2201782
507 2201782
507 2201814
508 2201814
508 2201820
509 2201820
509 2201857
507 2201861
509 2201861
509 2201861
508 2201899
506 2201929
507 2201929
507 2201929
509 2201950
507 2201950
507 2201952
508 2201952
508 2202010
508 2202022
507 2202087
508 2202087
507 2202087
508 2202087
507 2202088
508 2202088
509 2202098
508 2202099
507 2202099
507 2202105
507 2202105
509 2202112
507 2202209
508 2202211
510 2202211
509 2202213
509 2202213
509 2202216
507 2202217
504 2202219
509 2202226
506 2202232
508 2202232
510 2202232
508 2202234
507 2202234
509 2202234
507 2202264
508 2202264
509 2202271
508 2202308
509 2202310
507 2202312
508 2202312
508 2202440
506 2202440
509 2202442
506 2202442
508 2202479
507 2202482
508 2202482
508 2202484
507 2202537
508 2202539
510 2202539
507 2202539
507 2202541
507 2202541
507 2202543
509 2202543
508 2202545
510 2202545
508 2202547
510 2202590
508 2202607
507 2202609
509 2202609
508 2202609
508 2202654
507 2202655
509 2202655
508 2202655
509 2202655
507 2202658
509 2202658
507 2202683
507 2202683
507 2202685
507 2202685
505 2202687
508 2202772
509 2202772
509 2202774
507 2202774
508 2202776
506 2202776
509 2202778
508 2202780
508 2202795
508 2202795
509 2202910
509 2202910
507 2202910
507 2202912
509 2202912
510 2202914
507 2202914
508 2202916
508 2202918
509 2202923
510 2202923
507 2202923
509 2202936
508 2202938
506 2202940
508 2202960
508 2202976
508 2202976
508 2202978
509 2203002
506 2203012
508 2203051
507 2203051
509 2203054
508 2203054
508 2203095
509 2203095
508 2203097
510 2203099
507 2203099
508 2203101
506 2203136
506 2203138
507 2203138
509 2203138
507 2203202
508 2203257
510 2203259
506 2203259
506 2203316
508 2203316
508 2203316
506 2203318
510 2203320
508 2203320
506 2203322
509 2203322
508 2203324
506 2203338
507 2203338
508 2203345
507 2203345
509 2203347
509 2203349
508 2203378
508 2203381
508 2203381
509 2203383
505 2203411
509 2203428
508 2203430
507 2203432
507 2203432
512 2203432
508 2203457
509 2203459
507 2203459
505 2203494
506 2203494
506 2203582
508 2203590
508 2203664
507 2203664
509 2203674
510 2203674
509 2203727
508 2203730
510 2203730
508 2203732
508 2203732
510 2203747
506 2203747
509 2203747
509 2203748
507 2203748
508 2203750
507 2203771
507 2203773
509 2203775
508 2203775
508 2203777
507 2203789
508 2203789
508 2203790
507 2203790
507 2203790
509 2203841
507 2203841
509 2203841
507 2203843
509 2203843
508 2203845
507 2203845
508 2203845
506 2203865
509 2203868
508 2203870
508 2203912
508 2203950
507 2203994
507 2203994
509 2204041
507 2204041
507 2204043
507 2204043
508 2204072
508 2204137
508 2204139
508 2204139
509 2204141
509 2204141
507 2204143
507 2204143
506 2204147
508 2204147
508 2204149
506 2204164
506 2204167
508 2204169
509 2204169
508 2204171
506 2204171
506 2204213
507 2204213
507 2204213
508 2204214
508 2204216
508 2204216
508 2204218
508 2204239
510 2204239
507 2204239
507 2204239
506 2204242
509 2204244
509 2204282
509 2204332
510 2204332
508 2204332
505 2204334
507 2204372
508 2204402
509 2204410
508 2204464
509 2204464
508 2204466
509 2204478
511 2204478
508 2204478
508 2204478
509 2204478
507 2204479
510 2204482
509 2204485
510 2204543
508 2204543
510 2204543
507 2204545
506 2204545
510 2204547
508 2204549
506 2204549
507 2204551
507 2204561
507 2204570
509 2204797
508 2204799
506 2204799
507 2204801
506 2204801
509 2204803
508 2204803
507 2204803
508 2204805
509 2204807
507 2204814
505 2204878
507 2204880
506 2204882
508 2204882
507 2204882
507 2204882
507 2204884
509 2204884
509 2204890
507 2204915
507 2204915
506 2204915
508 2204915
506 2204917
507 2204919
509 2204919
510 2204919
507 2204921
508 2204921
507 2204947
508 2204949
507 2204949
508 2204949
510 2204951
508 2204951
506 2204953
508 2204982
507 2204982
507 2204982
508 2204984
507 2205167
505 2205169
507 2205169
510 2205171
508 2205171
506 2205173
508 2205173
507 2205173
510 2205173
509 2205180
509 2205180
508 2205203
507 2205207
509 2205209
508 2205209
506 2205222
506 2205222
507 2205223
505 2205223
509 2205223
508 2205223
509 2205239
507 2205239
508 2205279
506 2205279
508 2205281
508 2205281
508 2205294
509 2205295
509 2205295
508 2205305
509 2205306
508 2205312
507 2205320
504 2205361
507 2205361
508 2205361
509 2205363
508 2205391
507 2205481
509 2205481
509 2205483
508 2205483
507 2205551
509 2205571
507 2205571
508 2205573
506 2205573
508 2205617
510 2205619
508 2205619
509 2205619
508 2205621
507 2205621
507 2205623
511 2205623
506 2205640
509 2205640
508 2205640
508 2205650
509 2205650
508 2205652
508 2205652
509 2205652
508 2205678
506 2205686
509 2205688
507 2205688
509 2205690
510 2205690
508 2205692
507 2205712
507 2205726
507 2205728
508 2205730
507 2205752
509 2205814
507 2205816
507 2205818
507 2205820
507 2205820
507 2205822
508 2205849
510 2205852
509 2205852
507 2205854
507 2205893
509 2205893
507 2205893
507 2205893
506 2205895
507 2205895
508 2205931
509 2205975
509 2205975
508 2205977
509 2205979
507 2205979
506 2205981
507 2206005
508 2206007
508 2206011
509 2206011
507 2206047
508 2206049
508 2206052
508 2206052
509 2206085
508 2206085
509 2206094
506 2206094
508 2206122
508 2206136
509 2206138
508 2206140
510 2206175
508 2206175
507 2206217
510 2206217
508 2206226
508 2206227
508 2206270
509 2206270
508 2206272
509 2206272
508 2206274
508 2206274
508 2206276
506 2206294
506 2206294
506 2206355
507 2206357
509 2206359
509 2206359
508 2206361
507 2206361
508 2206373
506 2206373
508 2206380
507 2206428
509 2206428
508 2206428
510 2206428
509 2206429
507 2206451
507 2206467
510 2206469
508 2206469
507 2206511
509 2206511
510 2206511
509 2206513
507 2206550
505 2206550
507 2206552
507 2206552
510 2206584
509 2206586
509 2206588
508 2206628
509 2206633
509 2206634
508 2206636
509 2206636
507 2206638
506 2206680
507 2206680
508 2206682
508 2206682
509 2206706
509 2206707
507 2206710
507 2206711
506 2206753
509 2206762
508 2206784
509 2206784
508 2206792
509 2206845
507 2206847
509 2206848
509 2206850
509 2206850
507 2206851
507 2206880
510 2206880
509 2206882
509 2206882
508 2206916
507 2206920
506 2206920
508 2206953
507 2206953
508 2206954
508 2207009
509 2207009
508 2207011
510 2207011
506 2207013
508 2207013
509 2207018
508 2207071
508 2207107
505 2207121
508 2207185
509 2207187
508 2207188
507 2207190
507 2207190
509 2207193
507 2207193
506 2207194
507 2207194
509 2207194
509 2207201
509 2207284
505 2207284
505 2207301
507 2207354
509 2207356
508 2207359
508 2207359
507 2207361
507 2207361
509 2207374
508 2207374
506 2207374
509 2207403
509 2207403
506 2207405
509 2207406
508 2207412
505 2207414
509 2207415
508 2207415
509 2207417
507 2207422
506 2207422
507 2207429
508 2207430
508 2207430
509 2207430
506 2207455
511 2207457
506 2207458
506 2207473
507 2207473
508 2207493
508 2207493
509 2207512
506 2207513
508 2207533
509 2207533
508 2207541
504 2207551
507 2207573
506 2207573
509 2207579
506 2207591
509 2207613
506 2207613
509 2207632
509 2207634
507 2207653
507 2207653
506 2207751
505 2207751
508 2207753
509 2207754
508 2207761
508 2207761
506 2207761
508 2207782
507 2207782
509 2207782
508 2207784
509 2207784
509 2207794
509 2207794
508 2207801
509 2207836
505 2207840
508 2207840
508 2207842
509 2207861
508 2207885
507 2207887
510 2207888
509 2207902
510 2207904
505 2207913
505 2207924
508 2207931
509 2207967
507 2207969
507 2207971
506 2207972
512 2207981
505 2207989
508 2208001
506 2208011
508 2208032
510 2208033
508 2208040
509 2208051
508 2208059
508 2208070
511 2208101
503 2208115
506 2208122
509 2208122
508 2208124
511 2208131
508 2208141
507 2208151
511 2208159
509 2208171
509 2208180
505 2208189
505 2208200
505 2208211
508 2208219
508 2208230
507 2208240
508 2208249
510 2208271
505 2208281
506 2208289
507 2208301
506 2208323
509 2208323
508 2208330
506 2208341
509 2208351
507 2208359
508 2208371
508 2208381
507 2208389
509 2208401
508 2208411
508 2208420
508 2208431
509 2208440
509 2208449
508 2208461
507 2208470
506 2208479
510 2208490
508 2208501
510 2208509
508 2208522
509 2208531
507 2208539
510 2208551
508 2208561
509 2208570
508 2208581
510 2208591
509 2208599
510 2208611
510 2208621
508 2208629
509 2208641
507 2208651
506 2208659
507 2208671
507 2208693
506 2208693
508 2208699
508 2208711
509 2208721
510 2208729
507 2208741
508 2208751
508 2208759
508 2208783
509 2208783
508 2208791
508 2208799
508 2208811
509 2208833
505 2208833
507 2208838
507 2208851
506 2208861
508 2208869
508 2208880
508 2208904
508 2208904
509 2208910
510 2208943
507 2208944
509 2208944
506 2208951
507 2208959
509 2208978
509 2208980
508 2208992
508 2209001
509 2209011
508 2209019
508 2209041
511 2209051
507 2209059
506 2209071
509 2209081
507 2209115
509 2209121
505 2209121
506 2209121
509 2209131
506 2209139
506 2209151
507 2209173
509 2209173
508 2209179
509 2209191
508 2209201
508 2209210
506 2209247
509 2209251
506 2209251
509 2209253
506 2209265
507 2209271
504 2209279
509 2209317
508 2209321
503 2209321
509 2209323
509 2209338
509 2209340
508 2209351
509 2209361
510 2209371
510 2209379
507 2209391
505 2209401
507 2209422
508 2209433
509 2209433
508 2209441
507 2209449
509 2209461
509 2209478
508 2209480
506 2209491
508 2209501
507 2209509
507 2209547
508 2209549
508 2209549
506 2209659
510 2209659
507 2209673
506 2209673
507 2209761
510 2209761
511 2209763
507 2209763
510 2209818
508 2209818
507 2209820
506 2209821
506 2209821
508 2209823
505 2209824
505 2209825
508 2209829
506 2209829
507 2209840
507 2209840
507 2209842
509 2209842
507 2209843
509 2209897
510 2209898
511 2209900
508 2209900
510 2209900
508 2209902
510 2209902
504 2209903
506 2209903
507 2209905
507 2209909
509 2209931
505 2209931
507 2209933
507 2209933
510 2209953
504 2209953
505 2209961
507 2209997
508 2209999
507 2210002
508 2210003
507 2210010
508 2210042
508 2210044
509 2210092
512 2210092
506 2210093
509 2210094
507 2210094
508 2210096
507 2210127
509 2210129
510 2210129
509 2210172
507 2210172
508 2210174
509 2210174
507 2210175
507 2210207
505 2210209
507 2210211
508 2210212
507 2210246
508 2210249
508 2210251
507 2210252
507 2210283
508 2210283
508 2210289
506 2210324
506 2210324
508 2210372
508 2210372
508 2210374
507 2210374
508 2210376
507 2210402
507 2210404
505 2210404
508 2210416
509 2210418
508 2210419
505 2210447
508 2210449
507 2210451
507 2210452
509 2210611
507 2210785
507 2210788
510 2210790
509 2210820
506 2210820
507 2210822
508 2210822
509 2210851
509 2210883
506 2210883
508 2210885
511 2210889
508 2210942
509 2210942
508 2210944
507 2210944
508 2210944
507 2210944
508 2210944
508 2210944
508 2210945
506 2210945
509 2210945
506 2210945
507 2210947
507 2210947
508 2210948
510 2210952
507 2210952
508 2210953
507 2210962
508 2210962
507 2211061
508 2211091
507 2211102
509 2211104
508 2211177
504 2211190
509 2211190
508 2211192
507 2211192
507 2211192
505 2211194
507 2211194
507 2211198
507 2211198
507 2211198
508 2211201
510 2211201
508 2211201
510 2211215
507 2211221
508 2211221
510 2211222
509 2211243
510 2211243
508 2211249
505 2211300
504 2211300
511 2211302
510 2211302
505 2211340
506 2211340
509 2211342
510 2211342
511 2211371
507 2211431
506 2211431
512 2211433
507 2211433
510 2211434
509 2211434
510 2211438
507 2211468
505 2211471
505 2211471
501 2211471
508 2211473
503 2211497
514 2211499
499 2211501
494 2211502
495 2211536
492 2211539
507 2211541
500 2211541
515 2211551
493 2211561
502 2211571
501 2211580
514 2211594
531 2211613
505 2211613
514 2211620
461 2211629
506 2211680
505 2211680
505 2211682
506 2211682
512 2211693
507 2211693
507 2211713
507 2211713
509 2211721
510 2211730
506 2211741
507 2211751
508 2211772
511 2211774
512 2211781
510 2211804
509 2211804
501 2211823
509 2211823
506 2211831
502 2211839
507 2211851
509 2211874
505 2211874
512 2211879
510 2211891
512 2211901
508 2211909
508 2211935
509 2211935
507 2211940
509 2211949
507 2211997
509 2211999
510 2212001
514 2212001
505 2212034
516 2212036
500 2212041
513 2212041
493 2212051
536 2212069
498 2212069
510 2212081
506 2212099
515 2212114
492 2212127
508 2212131
515 2212142
510 2212144
507 2212151
520 2212162
511 2212183
507 2212183
505 2212191
507 2212199
508 2212211
506 2212233
508 2212233
513 2212251
507 2212254
511 2212261
508 2212283
507 2212283
509 2212290
508 2212301
507 2212321
509 2212324
506 2212330
510 2212340
508 2212350
509 2212360
501 2212369
507 2212394
513 2212394
505 2212401
507 2212409
511 2212421
508 2212431
507 2212439
509 2212451
508 2212461
508 2212469
507 2212481
506 2212491
507 2212499
508 2212511
509 2212521
504 2212529
508 2212541
505 2212551
507 2212559
508 2212571
506 2212581
508 2212589
509 2212600
509 2212610
509 2212618
508 2212631
507 2212641
506 2212649
507 2212661
507 2212671
508 2212680
509 2212691
509 2212700
508 2212709
510 2212721
509 2212731
507 2212749
507 2212761
508 2212771
507 2212779
508 2212791
507 2212800
509 2212809
510 2212821
508 2212856
507 2212856
507 2212860
507 2212862
508 2212870
508 2212881
507 2212889
507 2212901
510 2212911
508 2212919
508 2212931
507 2212941
508 2212961
509 2212964
507 2212983
509 2212983
505 2212991
510 2213000
511 2213010
509 2213018
505 2213043
509 2213043
508 2213064
508 2213064
507 2213069
508 2213081
507 2213091
508 2213099
509 2213111
506 2213121
509 2213141
508 2213143
506 2213151
509 2213162
506 2213171
509 2213181
509 2213189
510 2213201
508 2213211
507 2213232
508 2213234
506 2213241
511 2213275
506 2213301
506 2213302
510 2213304
506 2213304
508 2213304
505 2213310
513 2213321
509 2213331
508 2213341
510 2213351
509 2213361
513 2213371
511 2213379
505 2213391
504 2213401
509 2213409
506 2213420
508 2213430
508 2213440
509 2213451
509 2213471
509 2213479
506 2213491
507 2213513
509 2213513
506 2213519
506 2213531
509 2213541
508 2213549
508 2213561
510 2213570
508 2213579
507 2213590
508 2213600
509 2213608
507 2213621
506 2213631
508 2213639
507 2213664
509 2213664
508 2213671
508 2213682
506 2213691
508 2213701
508 2213709
508 2213721
508 2213731
508 2213739
509 2213751
508 2213811
509 2213811
509 2213812
508 2213812
510 2213812
508 2213812
507 2213818
508 2213844
509 2213844
507 2213851
507 2213859
507 2213871
506 2213880
507 2213889
507 2213900
508 2213910
507 2213918
511 2213944
507 2213944
509 2213963
508 2213963
508 2213969
507 2213981
507 2213991
509 2213999
508 2214011
509 2214021
510 2214029
508 2214041
508 2214050
510 2214059
507 2214070
507 2214081
508 2214089
502 2214101
512 2214110
508 2214131
507 2214134
510 2214141
508 2214152
508 2214161
508 2214171
508 2214179
507 2214191
506 2214211
