-0.54931640625 -0.67138671875 0.3662109375 3252013
-0.54931640625 -0.67138671875 0.3662109375 3252013
-0.54931640625 -0.67138671875 0.3662109375 3252026
-0.54931640625 -0.67138671875 0.3662109375 3252032
-0.54931640625 -0.67138671875 0.3662109375 3252037
-0.54931640625 0.06103515625 1.03759765625 3252122
-0.54931640625 0.06103515625 1.03759765625 3252131
-0.54931640625 0.06103515625 1.03759765625 3252138
-0.54931640625 0.06103515625 1.03759765625 3252225
-0.79345703125 -0.54931640625 0.732421875 3252231
-0.79345703125 -0.54931640625 0.732421875 3252239
-0.79345703125 -0.54931640625 0.732421875 3252246
-0.79345703125 -0.54931640625 0.732421875 3252325
-0.91552734375 -0.54931640625 0.06103515625 3252332
-0.91552734375 -0.54931640625 0.06103515625 3252339
-0.91552734375 -0.54931640625 0.06103515625 3252347
-0.91552734375 -0.54931640625 0.06103515625 3252431
-0.54931640625 -0.6103515625 1.28173828125 3252439
-0.54931640625 -0.6103515625 1.28173828125 3252446
-0.54931640625 -0.6103515625 1.28173828125 3252453
-0.54931640625 -0.6103515625 1.28173828125 3252533
-0.8544921875 -0.48828125 1.0986328125 3252541
-0.8544921875 -0.48828125 1.0986328125 3252558
-0.8544921875 -0.48828125 1.0986328125 3252565
-0.79345703125 -0.6103515625 0.79345703125 3252735
-0.79345703125 0 0.48828125 3252743
-0.79345703125 0 0.48828125 3252751
-0.79345703125 0 0.48828125 3252758
-0.79345703125 1.5869140625 1.5869140625 3252946
-0.3662109375 -0.244140625 1.0986328125 3252954
-0.3662109375 -0.244140625 1.0986328125 3252962
-0.3662109375 -0.244140625 1.0986328125 3252969
-1.0986328125 -0.244140625 0.244140625 3253131
-0.48828125 -0.06103515625 1.52587890625 3253138
-0.48828125 -0.06103515625 1.52587890625 3253147
-0.48828125 -0.06103515625 1.52587890625 3253157
-0.48828125 -0.06103515625 1.52587890625 3253234
-0.79345703125 -0.6103515625 1.03759765625 3253247
-0.79345703125 -0.6103515625 1.03759765625 3253257
-0.79345703125 -0.6103515625 1.03759765625 3253264
-0.79345703125 -0.6103515625 1.03759765625 3253340
-1.03759765625 -0.91552734375 0.6103515625 3253350
-1.03759765625 -0.91552734375 0.6103515625 3253358
-1.03759765625 -0.91552734375 0.6103515625 3253365
-0.91552734375 0.79345703125 0.54931640625 3253532
-0.8544921875 1.28173828125 1.28173828125 3253541
-0.8544921875 1.28173828125 1.28173828125 3253549
-0.8544921875 1.28173828125 1.28173828125 3253558
-0.8544921875 1.28173828125 1.28173828125 3253635
-0.79345703125 0 0.9765625 3253643
-0.79345703125 0 0.9765625 3253651
-0.79345703125 0 0.9765625 3253663
-0.79345703125 0 0.9765625 3253736
-0.3662109375 0 1.52587890625 3253821
-0.3662109375 0 1.52587890625 3253828
-0.3662109375 0 1.52587890625 3253835
-0.3662109375 0 1.52587890625 3253927
-0.42724609375 0.8544921875 0.9765625 3253935
-0.42724609375 0.8544921875 0.9765625 3253943
-0.42724609375 0.8544921875 0.9765625 3253951
-0.42724609375 0.8544921875 0.9765625 3254048
-1.03759765625 0.8544921875 1.0986328125 3254056
-1.03759765625 0.8544921875 1.0986328125 3254063
-1.03759765625 0.8544921875 1.0986328125 3254071
-0.8544921875 0.67138671875 0.9765625 3254232
-0.67138671875 0 0.79345703125 3254240
-0.67138671875 0 0.79345703125 3254250
-0.67138671875 0 0.79345703125 3254258
-0.42724609375 -0.91552734375 0.79345703125 3254437
-0.9765625 -0.06103515625 1.03759765625 3254445
-0.9765625 -0.06103515625 1.03759765625 3254453
-0.9765625 -0.06103515625 1.03759765625 3254462
-0.48828125 0.42724609375 1.77001953125 3254624
-0.732421875 -0.48828125 0.732421875 3254633
-0.732421875 -0.48828125 0.732421875 3254644
-0.732421875 -0.48828125 0.732421875 3254653
-0.732421875 -0.48828125 0.732421875 3254730
-0.67138671875 -0.244140625 0.732421875 3254739
-0.67138671875 -0.244140625 0.732421875 3254748
-0.67138671875 -0.244140625 0.732421875 3254756
-0.67138671875 -0.244140625 0.732421875 3254835
-0.79345703125 0.06103515625 0.42724609375 3254844
-0.79345703125 0.06103515625 0.42724609375 3254857
-0.79345703125 0.06103515625 0.42724609375 3254865
-0.6103515625 0.244140625 1.15966796875 3255034
-1.0986328125 -1.52587890625 0.6103515625 3255043
-1.0986328125 -1.52587890625 0.6103515625 3255053
-1.0986328125 -1.52587890625 0.6103515625 3255061
-1.03759765625 1.0986328125 0.244140625 3255229
-0.54931640625 1.15966796875 1.77001953125 3255239
-0.54931640625 1.15966796875 1.77001953125 3255247
-0.54931640625 1.15966796875 1.77001953125 3255258
-0.9765625 -0.48828125 1.15966796875 3255428
-0.48828125 0.67138671875 0.732421875 3255436
-0.48828125 0.67138671875 0.732421875 3255446
-0.48828125 0.67138671875 0.732421875 3255456
-0.48828125 0.67138671875 0.732421875 3255529
-0.67138671875 1.52587890625 0.91552734375 3255539
-0.67138671875 1.52587890625 0.91552734375 3255550
-0.67138671875 1.52587890625 0.91552734375 3255560
-0.67138671875 1.52587890625 0.91552734375 3255631
-0.54931640625 0.244140625 1.220703125 3255732
-1.0986328125 0.54931640625 0.732421875 3255740
-1.0986328125 0.54931640625 0.732421875 3255748
-1.0986328125 0.54931640625 0.732421875 3255756
-1.0986328125 0.54931640625 0.732421875 3255834
-0.67138671875 0.18310546875 0.8544921875 3255843
-0.67138671875 0.18310546875 0.8544921875 3255852
-0.67138671875 0.18310546875 0.8544921875 3255862
-0.54931640625 -0.54931640625 0.6103515625 3256030
-0.8544921875 -0.732421875 0.3662109375 3256039
-0.8544921875 -0.732421875 0.3662109375 3256048
-0.8544921875 -0.732421875 0.3662109375 3256057
-0.8544921875 -0.732421875 0.3662109375 3256130
-0.42724609375 0.48828125 1.3427734375 3256140
-0.42724609375 0.48828125 1.3427734375 3256149
-0.42724609375 0.48828125 1.3427734375 3256159
-0.42724609375 0.48828125 1.3427734375 3256233
-0.8544921875 -0.18310546875 0.8544921875 3256243
-0.8544921875 -0.18310546875 0.8544921875 3256254
-0.8544921875 -0.18310546875 0.8544921875 3256262
-0.8544921875 -0.18310546875 0.8544921875 3256334
-0.48828125 0.30517578125 0.732421875 3256344
-0.48828125 0.30517578125 0.732421875 3256355
-0.48828125 0.30517578125 0.732421875 3256365
-0.48828125 0.30517578125 0.732421875 3256440
-0.8544921875 -0.8544921875 0.79345703125 3256450
-0.8544921875 -0.8544921875 0.79345703125 3256460
-0.8544921875 -0.8544921875 0.79345703125 3256471
-0.6103515625 -0.6103515625 1.708984375 3256630
-0.8544921875 0.3662109375 1.0986328125 3256640
-0.8544921875 0.3662109375 1.0986328125 3256651
-0.8544921875 0.3662109375 1.0986328125 3256661
-0.8544921875 0.3662109375 1.0986328125 3256732
-0.79345703125 0.18310546875 0.79345703125 3256744
-0.79345703125 0.18310546875 0.79345703125 3256756
-0.79345703125 0.18310546875 0.79345703125 3256767
-0.79345703125 0.91552734375 0.54931640625 3256938
-0.54931640625 -0.244140625 0.67138671875 3256949
-0.54931640625 -0.244140625 0.67138671875 3256961
-0.54931640625 -0.244140625 0.67138671875 3256972
-0.732421875 0.18310546875 0.6103515625 3257129
-0.67138671875 0.48828125 0.54931640625 3257143
-0.67138671875 0.48828125 0.54931640625 3257154
-0.67138671875 0.48828125 0.54931640625 3257165
-0.1220703125 0.3662109375 1.77001953125 3257330
-0.91552734375 -0.18310546875 1.0986328125 3257342
-0.91552734375 -0.18310546875 1.0986328125 3257354
-0.91552734375 -0.18310546875 1.0986328125 3257365
-0.8544921875 0.06103515625 0.732421875 3257532
-0.67138671875 0.30517578125 0.42724609375 3257543
-0.67138671875 0.30517578125 0.42724609375 3257555
-0.67138671875 0.30517578125 0.42724609375 3257567
-0.54931640625 0.1220703125 0.8544921875 3257736
-0.3662109375 0.48828125 1.03759765625 3257747
-0.3662109375 0.48828125 1.03759765625 3257760
-0.3662109375 0.48828125 1.03759765625 3257773
-0.54931640625 -0.06103515625 0.3662109375 3257940
-0.6103515625 -0.30517578125 1.220703125 3257951
-0.6103515625 -0.30517578125 1.220703125 3257964
-0.6103515625 -0.30517578125 1.220703125 3257977
-0.732421875 -0.54931640625 1.0986328125 3258132
-0.54931640625 0.06103515625 0.91552734375 3258140
-0.54931640625 0.06103515625 0.91552734375 3258149
-0.54931640625 0.06103515625 0.91552734375 3258160
-0.54931640625 0.06103515625 0.91552734375 3258232
-0.9765625 0.79345703125 0.8544921875 3258242
-0.9765625 0.79345703125 0.8544921875 3258250
-0.9765625 0.79345703125 0.8544921875 3258260
-0.8544921875 0.42724609375 1.15966796875 3258432
-0.732421875 0.9765625 0.732421875 3258443
-0.732421875 0.9765625 0.732421875 3258452
-0.732421875 0.9765625 0.732421875 3258464
-0.42724609375 0.732421875 1.5869140625 3258632
-0.732421875 0 0.54931640625 3258663
-0.732421875 0 0.54931640625 3258674
-0.732421875 0 0.54931640625 3258685
