-0.06640625 0.16748046875 1.005859375 3252013
-0.06640625 0.16748046875 1.005859375 3252013
-0.06640625 0.16748046875 1.005859375 3252026
-0.06640625 0.16748046875 1.005859375 3252032
-0.07177734375 0.11083984375 1.0107421875 3252037
-0.0693359375 0.11181640625 1.01416015625 3252122
-0.0693359375 0.11181640625 1.01416015625 3252131
-0.0693359375 0.11181640625 1.01416015625 3252138
-0.06396484375 0.11328125 1.01318359375 3252225
-0.06396484375 0.11328125 1.01318359375 3252231
-0.06396484375 0.11328125 1.01318359375 3252239
-0.06396484375 0.11328125 1.01318359375 3252246
-0.06689453125 0.11181640625 1.01123046875 3252325
-0.06689453125 0.11181640625 1.01123046875 3252332
-0.06689453125 0.11181640625 1.01123046875 3252339
-0.06689453125 0.11181640625 1.01123046875 3252347
-0.06591796875 0.1162109375 1.00927734375 3252431
-0.06591796875 0.1162109375 1.00927734375 3252439
-0.06591796875 0.1162109375 1.00927734375 3252446
-0.06591796875 0.1162109375 1.00927734375 3252453
-0.06298828125 0.11083984375 1.01318359375 3252533
-0.06298828125 0.11083984375 1.01318359375 3252541
-0.06298828125 0.11083984375 1.01318359375 3252558
-0.06298828125 0.11083984375 1.01318359375 3252565
-0.07373046875 0.10986328125 1.005859375 3252735
-0.07373046875 0.10986328125 1.005859375 3252743
-0.07373046875 0.10986328125 1.005859375 3252751
-0.07373046875 0.10986328125 1.005859375 3252758
-0.06689453125 0.115234375 1.00927734375 3252946
-0.06689453125 0.115234375 1.00927734375 3252954
-0.06689453125 0.115234375 1.00927734375 3252962
-0.06689453125 0.115234375 1.00927734375 3252969
-0.068359375 0.11572265625 1.0087890625 3253131
-0.068359375 0.11572265625 1.0087890625 3253138
-0.068359375 0.11572265625 1.0087890625 3253147
-0.068359375 0.11572265625 1.0087890625 3253157
-0.06884765625 0.11376953125 1.00927734375 3253234
-0.06884765625 0.11376953125 1.00927734375 3253247
-0.06884765625 0.11376953125 1.00927734375 3253257
-0.06884765625 0.11376953125 1.00927734375 3253264
-0.0693359375 0.10888671875 1.01708984375 3253340
-0.0693359375 0.10888671875 1.01708984375 3253350
-0.0693359375 0.10888671875 1.01708984375 3253358
-0.0693359375 0.10888671875 1.01708984375 3253365
-0.06787109375 0.1103515625 1.013671875 3253532
-0.06787109375 0.1103515625 1.013671875 3253541
-0.06787109375 0.1103515625 1.013671875 3253549
-0.06787109375 0.1103515625 1.013671875 3253558
-0.0654296875 0.1123046875 1.01318359375 3253635
-0.0654296875 0.1123046875 1.01318359375 3253643
-0.0654296875 0.1123046875 1.01318359375 3253651
-0.0654296875 0.1123046875 1.01318359375 3253663
-0.0654296875 0.11083984375 1.0078125 3253736
-0.0732421875 0.11083984375 1.00537109375 3253821
-0.0732421875 0.11083984375 1.00537109375 3253828
-0.0732421875 0.11083984375 1.00537109375 3253835
-0.072265625 0.11328125 1.00146484375 3253927
-0.072265625 0.11328125 1.00146484375 3253935
-0.072265625 0.11328125 1.00146484375 3253943
-0.072265625 0.11328125 1.00146484375 3253951
-0.07080078125 0.10986328125 1.0107421875 3254048
-0.07080078125 0.10986328125 1.0107421875 3254056
-0.07080078125 0.10986328125 1.0107421875 3254063
-0.07080078125 0.10986328125 1.0107421875 3254071
-0.06982421875 0.109375 1.009765625 3254232
-0.06982421875 0.109375 1.009765625 3254240
-0.06982421875 0.109375 1.009765625 3254250
-0.06982421875 0.109375 1.009765625 3254258
-0.06640625 0.1083984375 1.0166015625 3254437
-0.06640625 0.1083984375 1.0166015625 3254445
-0.06640625 0.1083984375 1.0166015625 3254453
-0.06640625 0.1083984375 1.0166015625 3254462
-0.06982421875 0.11181640625 1.0126953125 3254624
-0.06982421875 0.11181640625 1.0126953125 3254633
-0.06982421875 0.11181640625 1.0126953125 3254644
-0.06982421875 0.11181640625 1.0126953125 3254653
-0.072265625 0.10986328125 1.00927734375 3254730
-0.072265625 0.10986328125 1.00927734375 3254739
-0.072265625 0.10986328125 1.00927734375 3254748
-0.072265625 0.10986328125 1.00927734375 3254756
-0.06494140625 0.115234375 1.01025390625 3254835
-0.06494140625 0.115234375 1.01025390625 3254844
-0.06494140625 0.115234375 1.01025390625 3254857
-0.06494140625 0.115234375 1.01025390625 3254865
-0.06787109375 0.11181640625 1.01416015625 3255034
-0.06787109375 0.11181640625 1.01416015625 3255043
-0.06787109375 0.11181640625 1.01416015625 3255053
-0.06787109375 0.11181640625 1.01416015625 3255061
-0.06005859375 0.11767578125 1.01171875 3255229
-0.06005859375 0.11767578125 1.01171875 3255239
-0.06005859375 0.11767578125 1.01171875 3255247
-0.06005859375 0.11767578125 1.01171875 3255258
-0.06884765625 0.107421875 1.00830078125 3255428
-0.06884765625 0.107421875 1.00830078125 3255436
-0.06884765625 0.107421875 1.00830078125 3255446
-0.06884765625 0.107421875 1.00830078125 3255456
-0.0673828125 0.11181640625 1.00830078125 3255529
-0.0673828125 0.11181640625 1.00830078125 3255539
-0.0673828125 0.11181640625 1.00830078125 3255550
-0.0673828125 0.11181640625 1.00830078125 3255560
-0.0693359375 0.1083984375 1.01123046875 3255631
-0.068359375 0.1083984375 1.0107421875 3255732
-0.068359375 0.1083984375 1.0107421875 3255740
-0.068359375 0.1083984375 1.0107421875 3255748
-0.068359375 0.1083984375 1.0107421875 3255756
-0.0732421875 0.10888671875 1.0087890625 3255834
-0.0732421875 0.10888671875 1.0087890625 3255843
-0.0732421875 0.10888671875 1.0087890625 3255852
-0.0732421875 0.10888671875 1.0087890625 3255862
-0.06982421875 0.1103515625 1.0087890625 3256030
-0.06982421875 0.1103515625 1.0087890625 3256039
-0.06982421875 0.1103515625 1.0087890625 3256048
-0.06982421875 0.1103515625 1.0087890625 3256057
-0.0654296875 0.11279296875 1.00830078125 3256130
-0.0654296875 0.11279296875 1.00830078125 3256140
-0.0654296875 0.11279296875 1.00830078125 3256149
-0.0654296875 0.11279296875 1.00830078125 3256159
-0.0693359375 0.107421875 1.01806640625 3256233
-0.0693359375 0.107421875 1.01806640625 3256243
-0.0693359375 0.107421875 1.01806640625 3256254
-0.0693359375 0.107421875 1.01806640625 3256262
-0.0673828125 0.11083984375 1.0087890625 3256334
-0.0673828125 0.11083984375 1.0087890625 3256344
-0.0673828125 0.11083984375 1.0087890625 3256355
-0.0673828125 0.11083984375 1.0087890625 3256365
-0.064453125 0.109375 1.017578125 3256440
-0.064453125 0.109375 1.017578125 3256450
-0.064453125 0.109375 1.017578125 3256460
-0.064453125 0.109375 1.017578125 3256471
-0.06884765625 0.10986328125 1.0087890625 3256630
-0.06884765625 0.10986328125 1.0087890625 3256640
-0.06884765625 0.10986328125 1.0087890625 3256651
-0.06884765625 0.10986328125 1.0087890625 3256661
-0.0703125 0.10888671875 1.00537109375 3256732
-0.0703125 0.10888671875 1.00537109375 3256744
-0.0703125 0.10888671875 1.00537109375 3256756
-0.0703125 0.10888671875 1.00537109375 3256767
-0.07080078125 0.1103515625 1.00830078125 3256938
-0.07080078125 0.1103515625 1.00830078125 3256949
-0.07080078125 0.1103515625 1.00830078125 3256961
-0.07080078125 0.1103515625 1.00830078125 3256972
-0.06689453125 0.10693359375 1.0126953125 3257129
-0.06689453125 0.10693359375 1.0126953125 3257143
-0.06689453125 0.10693359375 1.0126953125 3257154
-0.06689453125 0.10693359375 1.0126953125 3257165
-0.06884765625 0.1103515625 1.0068359375 3257330
-0.06884765625 0.1103515625 1.0068359375 3257342
-0.06884765625 0.1103515625 1.0068359375 3257354
-0.06884765625 0.1103515625 1.0068359375 3257365
-0.07275390625 0.111328125 1.01025390625 3257532
-0.07275390625 0.111328125 1.01025390625 3257543
-0.07275390625 0.111328125 1.01025390625 3257555
-0.07275390625 0.111328125 1.01025390625 3257567
-0.0712890625 0.10888671875 1.0078125 3257736
-0.0712890625 0.10888671875 1.0078125 3257747
-0.0712890625 0.10888671875 1.0078125 3257760
-0.0712890625 0.10888671875 1.0078125 3257773
-0.06396484375 0.1123046875 1.013671875 3257940
-0.06396484375 0.1123046875 1.013671875 3257951
-0.06396484375 0.1123046875 1.013671875 3257964
-0.06396484375 0.1123046875 1.013671875 3257977
-0.06591796875 0.111328125 1.01708984375 3258132
-0.06591796875 0.111328125 1.01708984375 3258140
-0.06591796875 0.111328125 1.01708984375 3258149
-0.06591796875 0.111328125 1.01708984375 3258160
-0.07177734375 0.1103515625 1.00927734375 3258232
-0.07177734375 0.1103515625 1.00927734375 3258242
-0.07177734375 0.1103515625 1.00927734375 3258250
-0.07177734375 0.1103515625 1.00927734375 3258260
-0.068359375 0.111328125 1.00927734375 3258432
-0.068359375 0.111328125 1.00927734375 3258443
-0.068359375 0.111328125 1.00927734375 3258452
-0.068359375 0.111328125 1.00927734375 3258464
-0.072265625 0.10791015625 1.01123046875 3258632
-0.072265625 0.10791015625 1.01123046875 3258663
-0.072265625 0.10791015625 1.01123046875 3258674
-0.072265625 0.10791015625 1.01123046875 3258685
