508 2341984
503 2342009
505 2342010
506 2342010
508 2342011
506 2342011
504 2342011
507 2342012
509 2342012
509 2342013
508 2342013
507 2342013
504 2342014
511 2342014
504 2342014
508 2342015
508 2342015
506 2342016
509 2342016
505 2342016
513 2342017
513 2342017
505 2342018
514 2342018
497 2342018
506 2342019
523 2342030
508 2342031
509 2342031
516 2342032
502 2342032
512 2342033
505 2342033
511 2342034
507 2342034
504 2342035
508 2342035
504 2342036
509 2342036
509 2342036
509 2342037
507 2342037
508 2342038
508 2342038
508 2342039
512 2342039
508 2342040
509 2342040
507 2342041
511 2342041
506 2342041
509 2342042
510 2342042
502 2342043
509 2342044
506 2342062
511 2342063
508 2342063
509 2342064
505 2342064
502 2342065
503 2342065
514 2342069
513 2342070
518 2342070
498 2342071
507 2342079
518 2342079
503 2342080
514 2342120
504 2342121
508 2342149
507 2342150
507 2342150
512 2342188
510 2342189
507 2342189
513 2342208
506 2342218
509 2342228
504 2342239
510 2342260
518 2342261
509 2342269
504 2342279
513 2342288
508 2342313
509 2342313
508 2342316
520 2342381
506 2342382
508 2342383
514 2342383
504 2342384
516 2342384
507 2342388
508 2342403
502 2342427
515 2342428
500 2342429
509 2342437
508 2342448
510 2342470
514 2342471
517 2342478
512 2342502
509 2342502
509 2342510
507 2342518
504 2342528
506 2342538
507 2342548
509 2342558
500 2342568
511 2342590
502 2342591
510 2342597
507 2342608
495 2342621
508 2342627
484 2342638
496 2342647
509 2342658
505 2342668
506 2342690
509 2342691
506 2342697
505 2342714
503 2342717
503 2342726
507 2342738
507 2342749
508 2342758
506 2342768
507 2342779
506 2342788
506 2342798
507 2342808
508 2342830
507 2342830
506 2342838
507 2342848
507 2342858
502 2342868
506 2342878
505 2342888
507 2342908
506 2342909
508 2342930
508 2342931
509 2342938
505 2342948
511 2342958
504 2342968
507 2342978
507 2342988
507 2343010
510 2343011
509 2343030
507 2343031
507 2343038
507 2343071
507 2343072
506 2343090
494 2343091
509 2343110
503 2343111
506 2343117
510 2343127
517 2343138
508 2343159
506 2343160
531 2343168
510 2343183
460 2343188
512 2343198
510 2343208
502 2343218
491 2343228
505 2343238
512 2343247
504 2343257
504 2343267
509 2343389
509 2343390
503 2343390
505 2343391
505 2343392
509 2343392
509 2343393
511 2343394
509 2343394
509 2343395
506 2343396
507 2343396
506 2343398
511 2343570
510 2343570
508 2343571
508 2343571
502 2343572
504 2343572
498 2343573
505 2343573
506 2343574
525 2343574
503 2343575
494 2343575
520 2343575
491 2343576
488 2343576
498 2343577
489 2343577
493 2343580
493 2343596
505 2343599
497 2343615
519 2343617
516 2343990
499 2343990
516 2343991
502 2343992
508 2343992
521 2343993
498 2343993
504 2343994
494 2343994
481 2343995
535 2343996
478 2343996
517 2343996
504 2343997
509 2343997
512 2343997
512 2343998
505 2343998
508 2343999
505 2343999
514 2343999
505 2344000
511 2344000
508 2344001
503 2344001
506 2344002
510 2344002
510 2344002
503 2344003
506 2344003
519 2344004
507 2344004
492 2344004
509 2344005
504 2344005
504 2344005
506 2344092
511 2344093
510 2344093
506 2344094
508 2344095
508 2344095
509 2344096
507 2344096
509 2344097
509 2344097
508 2344100
509 2344169
508 2344169
506 2344170
510 2344170
511 2344171
507 2344171
511 2344172
510 2344195
512 2344196
511 2344202
510 2344207
506 2344217
508 2344227
508 2344237
508 2344257
507 2344258
510 2344269
508 2344278
506 2344288
509 2344298
509 2344308
511 2344331
507 2344331
504 2344338
513 2344348
509 2344358
505 2344368
508 2344378
508 2344388
507 2344398
506 2344408
508 2344418
507 2344428
506 2344438
506 2344448
510 2344458
508 2344468
507 2344477
507 2344492
508 2344497
514 2344507
506 2344517
510 2344537
502 2344560
502 2344560
504 2344567
507 2344577
509 2344587
507 2344597
506 2344609
504 2344619
506 2344628
508 2344638
516 2344648
506 2344658
505 2344668
507 2344678
510 2344711
506 2344711
510 2344712
510 2344718
509 2344728
510 2344749
506 2344750
506 2344758
511 2344768
505 2344778
507 2344788
504 2344798
509 2344808
510 2344818
507 2344828
507 2344838
504 2344850
507 2344891
506 2344892
506 2344892
508 2344900
504 2344900
510 2344908
514 2344917
511 2344927
508 2344937
508 2344947
509 2344957
508 2344980
509 2344980
511 2344987
506 2345099
510 2345100
506 2345100
509 2345101
508 2345102
507 2345102
508 2345103
509 2345104
507 2345119
509 2345119
510 2345122
508 2345122
506 2345177
507 2345178
508 2345178
509 2345179
511 2345180
504 2345180
509 2345181
510 2345279
510 2345280
506 2345280
507 2345281
506 2345282
507 2345282
507 2345287
507 2345288
508 2345288
508 2345290
507 2345382
508 2345382
507 2345383
510 2345384
507 2345384
509 2345385
509 2345386
509 2345386
508 2345387
507 2345389
507 2345484
508 2345485
506 2345486
499 2345486
507 2345487
508 2345487
505 2345488
506 2345489
508 2345491
503 2345491
506 2345689
511 2345690
507 2345691
510 2345691
507 2345692
506 2345692
509 2345693
500 2345694
506 2345694
502 2345695
510 2345695
506 2345696
506 2345696
512 2345697
506 2345697
507 2345698
509 2345698
507 2345699
508 2345699
507 2345701
512 2345701
512 2345792
506 2345793
505 2345793
505 2345794
519 2345795
512 2345796
514 2345796
506 2345797
512 2345797
513 2345800
505 2345894
513 2345895
509 2345896
512 2345896
503 2345897
509 2345897
506 2345898
507 2345899
509 2345899
509 2345901
507 2345972
493 2345972
494 2345973
518 2345974
509 2345974
504 2345974
511 2345978
510 2345988
510 2345998
507 2346029
509 2346059
509 2346059
506 2346061
509 2346062
507 2346064
506 2346068
510 2346186
510 2346186
509 2346187
512 2346188
510 2346188
510 2346189
509 2346189
506 2346190
506 2346191
499 2346191
511 2346192
511 2346193
505 2346391
497 2346391
503 2346392
496 2346392
504 2346393
504 2346393
500 2346394
511 2346394
507 2346395
504 2346395
508 2346395
510 2346396
507 2346396
509 2346397
513 2346397
507 2346397
508 2346398
505 2346398
511 2346399
508 2346399
509 2346405
510 2346407
508 2346418
505 2346435
507 2346437
615 2346449
431 2346458
515 2346468
495 2346478
510 2346487
475 2346497
508 2346507
501 2346517
458 2346527
525 2346538
519 2346555
497 2346570
516 2346571
505 2346578
513 2346588
507 2346598
506 2346608
503 2346618
508 2346641
508 2346642
507 2346652
506 2346675
507 2346675
510 2346678
508 2346786
508 2346787
507 2346787
507 2346788
508 2346789
508 2346789
507 2346790
511 2346790
510 2346791
507 2346794
508 2346991
507 2346991
508 2346992
507 2346993
512 2346993
506 2346994
507 2346994
512 2346995
508 2346995
506 2346996
506 2346997
507 2346997
508 2346998
508 2346998
510 2346999
509 2346999
510 2347000
509 2347000
507 2347001
508 2347003
507 2347003
508 2347006
508 2347018
507 2347028
508 2347038
510 2347048
506 2347058
506 2347171
510 2347171
507 2347172
508 2347172
509 2347173
509 2347173
505 2347174
506 2347174
507 2347174
507 2347175
517 2347175
506 2347191
508 2347191
508 2347198
508 2347214
508 2347217
511 2347283
509 2347283
506 2347284
510 2347285
507 2347285
507 2347286
507 2347289
507 2347693
508 2347693
509 2347694
510 2347695
509 2347695
505 2347696
506 2347696
506 2347697
509 2347697
508 2347698
508 2347698
506 2347699
509 2347699
508 2347700
507 2347700
508 2347701
509 2347701
510 2347701
509 2347702
508 2347702
507 2347703
510 2347703
508 2347704
507 2347704
508 2347705
508 2347705
506 2347706
506 2347706
508 2347706
508 2347707
509 2347707
509 2347708
508 2347708
507 2347709
508 2347709
506 2347709
509 2347710
508 2347710
509 2347711
507 2347713
503 2347713
502 2347884
511 2347884
513 2347885
516 2347885
503 2347886
511 2347887
513 2347887
502 2347888
505 2347888
502 2347889
506 2347890
496 2347890
506 2347891
500 2347891
510 2347892
497 2347892
537 2347893
514 2347901
501 2347901
496 2347908
503 2347918
508 2347928
513 2347964
508 2347968
509 2347968
508 2347971
509 2347986
509 2347989
508 2348192
508 2348193
510 2348193
507 2348194
509 2348195
509 2348195
508 2348196
511 2348197
508 2348197
506 2348198
508 2348199
507 2348199
509 2348200
508 2348200
508 2348201
508 2348201
509 2348202
508 2348203
506 2348203
508 2348210
508 2348210
509 2348217
505 2348239
508 2348250
509 2348252
510 2348258
511 2348268
502 2348278
515 2348293
503 2348372
506 2348372
489 2348373
513 2348373
504 2348374
516 2348375
516 2348375
508 2348380
502 2348380
508 2348387
509 2348410
494 2348411
505 2348418
532 2348428
510 2348437
520 2348447
520 2348457
522 2348467
504 2348477
499 2348487
519 2348497
513 2348587
503 2348587
508 2348588
508 2348589
506 2348589
508 2348590
509 2348593
508 2348594
509 2348595
509 2348597
508 2348792
508 2348792
510 2348793
509 2348794
508 2348794
509 2348795
509 2348795
505 2348796
507 2348796
506 2348797
501 2348798
507 2348798
508 2348799
510 2348799
505 2348799
510 2348800
511 2348800
505 2348801
512 2348801
509 2348810
523 2348810
507 2348817
501 2348827
509 2348837
513 2348847
515 2348858
513 2348868
507 2348877
506 2348887
510 2349086
508 2349086
517 2349087
509 2349088
505 2349088
507 2349089
510 2349089
503 2349090
506 2349091
509 2349091
506 2349092
510 2349092
506 2349092
506 2349093
510 2349093
506 2349094
508 2349095
509 2349095
507 2349097
507 2349098
503 2349188
507 2349189
505 2349189
502 2349190
521 2349190
507 2349191
499 2349191
510 2349192
504 2349192
509 2349393
509 2349394
509 2349394
510 2349395
508 2349396
512 2349396
509 2349397
509 2349398
510 2349399
511 2349399
499 2349400
508 2349400
502 2349401
509 2349401
515 2349402
508 2349402
500 2349403
510 2349403
506 2349403
510 2349404
508 2349406
505 2349408
506 2349417
507 2349427
508 2349437
507 2349447
508 2349459
508 2349467
507 2349481
508 2349487
508 2349498
508 2349508
507 2349518
508 2349528
507 2349538
508 2349548
509 2349558
507 2349568
506 2349578
507 2349588
507 2349597
508 2349608
508 2349618
508 2349627
508 2349650
509 2349650
509 2349657
505 2349680
507 2349704
507 2349706
508 2349706
508 2349707
507 2349789
508 2349789
511 2349790
507 2349791
506 2349792
508 2349792
507 2349795
507 2349891
510 2349891
509 2349892
507 2349893
510 2349893
507 2349894
507 2349894
508 2349895
509 2349895
507 2349900
509 2349900
508 2349908
510 2349918
509 2349928
508 2349938
508 2349948
508 2349957
508 2349968
508 2349977
510 2350095
507 2350095
509 2350096
508 2350097
509 2350097
508 2350098
507 2350099
508 2350099
507 2350100
509 2350100
508 2350101
507 2350103
507 2350174
509 2350174
506 2350175
507 2350175
509 2350176
505 2350176
508 2350177
508 2350179
505 2350387
508 2350387
511 2350388
508 2350389
505 2350389
508 2350390
507 2350391
508 2350391
507 2350392
505 2350392
506 2350393
509 2350393
508 2350394
506 2350394
507 2350395
507 2350395
508 2350396
508 2350396
507 2350397
508 2350397
511 2350400
509 2350402
508 2350408
506 2350417
509 2350427
508 2350437
507 2350470
508 2350482
509 2350484
508 2350486
508 2350497
508 2350507
509 2350694
508 2350694
507 2350695
507 2350696
508 2350696
508 2350697
509 2350698
508 2350698
507 2350699
508 2350699
507 2350700
509 2350700
508 2350701
509 2350701
508 2350702
508 2350702
509 2350703
507 2350703
507 2350706
507 2350708
509 2350718
507 2350728
508 2350738
508 2350748
509 2350757
510 2350767
507 2350778
505 2350874
506 2350874
510 2350875
508 2350876
511 2350876
508 2350877
507 2350877
511 2350878
506 2350878
515 2350881
512 2350896
505 2350896
511 2350908
510 2350918
512 2350928
509 2350938
510 2350948
507 2350981
506 2350981
507 2350990
504 2350990
508 2350998
509 2351014
508 2351030
508 2351030
508 2351064
509 2351067
507 2351067
508 2351070
509 2351090
508 2351090
506 2351110
508 2351110
508 2351143
508 2351145
508 2351145
508 2351574
508 2351576
512 2351577
507 2351577
507 2351578
506 2351578
509 2351579
509 2351579
512 2351580
508 2351580
506 2351581
509 2351581
509 2351582
507 2351582
509 2351583
508 2351583
509 2351584
509 2351584
508 2351584
506 2351585
507 2351585
508 2351586
506 2351586
508 2351587
510 2351587
508 2351588
510 2351588
511 2351589
506 2351590
504 2351590
511 2351591
509 2351592
507 2351592
508 2351593
511 2351593
508 2351594
502 2351595
513 2351595
502 2351596
527 2351596
507 2351596
509 2351597
506 2351599
504 2351599
511 2351632
509 2351632
506 2351633
510 2351640
509 2351640
505 2351659
503 2351670
508 2351670
504 2351678
519 2351700
511 2351700
502 2351733
510 2351734
507 2351744
510 2351760
510 2351761
511 2351761
511 2351788
510 2351788
508 2351789
514 2351797
502 2351807
519 2351817
519 2351827
517 2351850
480 2351850
511 2351857
539 2351880
518 2351880
503 2351911
519 2351912
510 2351912
509 2351994
499 2351994
502 2351995
507 2351996
509 2351996
509 2351997
507 2351998
505 2352010
507 2352010
509 2352018
509 2352028
510 2352038
508 2352048
508 2352058
510 2352068
508 2352173
506 2352173
507 2352174
508 2352174
509 2352175
507 2352176
507 2352176
508 2352177
509 2352177
509 2352178
506 2352180
507 2352195
508 2352197
509 2352390
506 2352391
507 2352391
508 2352408
508 2352409
508 2352410
507 2352410
507 2352411
509 2352411
509 2352411
507 2352412
509 2352412
508 2352413
508 2352414
509 2352414
506 2352415
507 2352415
509 2352415
507 2352418
509 2352418
508 2352419
509 2352434
509 2352435
508 2352437
508 2352595
507 2352596
508 2352596
505 2352597
508 2352598
508 2352598
509 2352599
508 2352600
510 2352600
507 2352604
508 2352604
508 2352605
506 2352605
509 2352606
507 2352627
506 2352628
508 2352628
509 2352631
507 2352673
506 2352674
506 2352674
508 2352675
508 2352695
509 2352695
510 2352698
508 2352732
508 2352733
509 2352733
506 2352738
508 2352761
508 2352770
504 2352770
508 2352778
511 2352800
506 2352800
511 2352820
507 2352820
509 2352850
506 2352863
510 2352863
510 2352866
508 2352893
507 2352893
509 2352894
509 2352931
510 2352931
508 2352932
506 2352933
508 2352936
507 2352960
507 2352960
508 2352995
507 2352996
508 2352996
507 2352999
508 2353073
506 2353073
506 2353074
508 2353075
508 2353075
508 2353076
504 2353076
507 2353079
511 2353292
507 2353292
506 2353293
507 2353293
506 2353294
507 2353295
507 2353295
507 2353296
508 2353296
511 2353297
506 2353297
506 2353298
509 2353298
508 2353299
508 2353299
509 2353299
508 2353300
509 2353300
509 2353301
509 2353301
508 2353304
507 2353306
509 2353330
509 2353330
507 2353337
508 2353574
508 2353575
508 2353575
508 2353575
507 2353576
508 2353576
505 2353577
509 2353577
507 2353578
510 2353579
509 2353579
506 2353580
509 2353580
508 2353581
508 2353581
509 2353582
508 2353582
506 2353583
507 2353583
508 2353584
507 2353585
509 2353586
507 2353586
506 2353589
508 2353589
509 2353596
506 2353618
508 2353619
509 2353627
507 2353637
510 2353647
506 2353657
507 2353667
506 2353677
507 2353689
509 2353697
508 2353707
507 2353742
508 2353743
510 2353743
508 2353748
506 2353764
507 2353768
508 2353778
508 2353788
508 2353798
508 2353808
508 2353818
510 2353831
508 2353838
505 2353859
507 2353870
509 2353871
507 2353878
506 2353900
509 2353901
507 2353908
508 2353930
508 2353930
507 2353937
507 2353947
509 2353957
508 2353967
510 2353982
508 2353993
507 2354011
508 2354012
508 2354029
507 2354029
507 2354037
509 2354047
508 2354057
508 2354067
509 2354077
509 2354087
506 2354097
509 2354118
507 2354119
507 2354198
508 2354198
508 2354199
508 2354200
508 2354200
509 2354201
508 2354201
509 2354208
508 2354230
507 2354230
508 2354238
508 2354247
507 2354257
508 2354267
509 2354278
509 2354288
506 2354308
509 2354320
506 2354320
509 2354327
506 2354337
508 2354360
508 2354361
509 2354367
508 2354388
507 2354402
509 2354402
507 2354411
507 2354442
509 2354445
507 2354447
507 2354447
508 2354457
508 2354467
509 2354491
508 2354491
507 2354498
506 2354550
507 2354551
506 2354551
508 2354554
508 2354555
508 2354557
508 2354580
508 2354581
506 2354591
507 2354643
505 2354643
508 2354644
508 2354645
509 2354650
509 2354650
508 2354658
508 2354667
510 2354678
511 2354701
512 2354702
507 2354714
506 2354716
511 2354744
509 2354745
504 2354747
513 2354755
509 2354772
507 2354810
508 2354810
506 2354811
506 2354832
508 2354834
508 2354989
510 2354990
510 2354990
508 2354991
508 2354991
505 2354992
507 2354992
509 2354993
509 2354993
506 2354994
508 2354995
508 2354995
508 2354996
506 2354996
508 2354997
508 2354999
507 2355001
510 2355008
508 2355017
507 2355028
510 2355050
507 2355051
507 2355058
507 2355067
510 2355078
508 2355113
508 2355114
509 2355115
507 2355117
506 2355194
509 2355194
508 2355195
507 2355196
507 2355196
508 2355197
507 2355197
509 2355200
507 2355374
507 2355374
504 2355375
511 2355376
507 2355376
508 2355377
504 2355378
504 2355378
506 2355379
504 2355380
507 2355380
508 2355381
506 2355381
507 2355382
507 2355382
506 2355383
506 2355384
507 2355386
509 2355388
507 2355410
508 2355411
508 2355418
510 2355427
507 2355437
511 2355447
508 2355460
507 2355467
510 2355477
511 2355487
508 2355497
510 2355520
503 2355521
507 2355527
507 2355537
511 2355558
506 2355572
507 2355572
508 2355577
511 2355600
507 2355601
509 2355607
510 2355618
511 2355628
508 2355648
510 2355658
507 2355680
503 2355681
509 2355688
509 2355698
508 2355710
508 2355730
506 2355730
506 2355740
510 2355760
509 2355760
508 2355780
509 2355781
511 2355787
508 2355820
505 2355821
506 2355822
509 2355839
510 2355840
509 2355847
510 2355857
508 2355867
506 2355890
508 2355890
507 2355904
507 2355920
508 2355920
509 2355927
507 2355937
509 2355947
510 2355957
510 2355967
508 2355977
509 2356037
509 2356038
506 2356038
509 2356039
508 2356041
508 2356041
509 2356049
511 2356057
507 2356067
506 2356077
503 2356087
507 2356097
510 2356107
509 2356117
508 2356127
510 2356137
509 2356150
507 2356157
509 2356168
509 2356186
509 2356187
507 2356201
506 2356209
511 2356217
507 2356227
509 2356237
507 2356247
508 2356257
507 2356267
511 2356277
505 2356298
507 2356299
508 2356375
509 2356376
507 2356377
506 2356378
506 2356378
509 2356379
507 2356379
509 2356381
508 2356397
507 2356419
508 2356420
510 2356427
509 2356437
509 2356447
507 2356457
507 2356467
506 2356490
509 2356491
504 2356497
510 2356507
501 2356520
516 2356527
511 2356552
507 2356553
495 2356556
502 2356590
504 2356591
511 2356693
505 2356694
514 2356694
512 2356695
508 2356696
506 2356696
510 2356697
509 2356698
508 2356698
509 2356699
508 2356702
508 2356798
507 2356799
507 2356799
504 2356800
508 2356801
506 2356801
510 2356802
506 2356802
511 2356803
507 2356804
511 2356875
511 2356876
507 2356877
506 2356877
508 2356878
506 2356878
507 2356878
508 2356879
507 2356881
507 2357094
509 2357095
506 2357095
504 2357096
508 2357096
507 2357097
510 2357098
510 2357098
511 2357099
509 2357099
507 2357100
508 2357100
507 2357101
506 2357101
508 2357102
503 2357103
508 2357178
509 2357250
509 2357251
508 2357258
523 2357291
508 2357293
491 2357295
511 2357296
511 2357298
493 2357298
491 2357300
518 2357301
502 2357301
504 2357302
518 2357322
509 2357322
499 2357324
514 2357326
512 2357327
510 2357329
506 2357343
507 2357380
512 2357381
511 2357383
510 2357383
508 2357384
510 2357399
507 2357399
507 2357433
507 2357437
510 2357437
508 2357440
511 2357449
508 2357458
502 2357467
504 2357490
509 2357491
508 2357497
509 2357507
509 2357518
510 2357528
511 2357538
509 2357548
508 2357560
510 2357576
505 2357577
505 2357600
516 2357600
502 2357607
507 2357667
512 2357668
516 2357668
509 2357671
513 2357700
503 2357701
503 2357702
515 2357702
505 2357710
510 2357710
512 2357744
507 2357744
505 2357750
509 2357750
501 2357758
504 2357768
507 2357788
505 2357814
506 2357817
515 2357818
512 2357820
505 2357828
513 2357839
512 2357852
513 2357857
512 2357867
502 2357877
511 2357887
509 2357898
511 2357922
506 2357927
505 2357951
510 2357952
507 2357960
509 2357975
507 2357978
507 2358000
510 2358000
504 2358007
505 2358017
502 2358027
504 2358050
506 2358050
506 2358057
512 2358067
509 2358079
507 2358130
505 2358130
507 2358131
508 2358133
507 2358133
516 2358136
503 2358148
513 2358158
508 2358168
511 2358178
504 2358188
511 2358214
506 2358214
508 2358217
503 2358226
507 2358240
505 2358260
509 2358261
510 2358268
508 2358278
508 2358300
505 2358300
506 2358307
499 2358317
508 2358327
506 2358343
512 2358350
507 2358395
503 2358395
504 2358396
505 2358397
509 2358399
508 2358497
508 2358498
498 2358502
505 2358503
507 2358503
510 2358504
501 2358504
507 2358505
504 2358506
502 2358506
506 2358509
506 2358577
513 2358577
506 2358578
504 2358579
510 2358579
506 2358580
513 2358581
507 2358600
507 2358600
510 2358607
505 2358630
505 2358630
507 2358647
509 2358658
507 2358667
512 2358677
505 2358688
507 2358697
504 2358707
512 2358717
505 2358727
507 2358740
513 2358747
515 2358757
505 2358790
513 2358791
503 2358792
506 2358797
510 2358893
509 2358893
509 2358894
510 2358895
505 2358895
513 2358896
507 2358897
507 2358897
503 2358898
505 2358910
506 2358910
507 2358917
512 2358927
506 2358937
508 2358947
503 2358958
506 2358967
505 2358977
509 2359098
508 2359098
508 2359099
510 2359100
506 2359100
506 2359101
504 2359101
510 2359101
505 2359102
509 2359102
503 2359103
509 2359104
508 2359107
506 2359117
506 2359127
510 2359137
508 2359147
509 2359157
510 2359167
508 2359200
511 2359201
507 2359211
509 2359212
506 2359222
508 2359229
507 2359237
507 2359260
508 2359260
505 2359267
509 2359277
506 2359287
509 2359297
506 2359307
509 2359317
511 2359327
506 2359350
512 2359351
507 2359370
513 2359377
503 2359387
517 2359397
512 2359407
506 2359417
512 2359427
509 2359437
507 2359449
506 2359457
508 2359471
504 2359489
507 2359490
508 2359515
511 2359516
504 2359518
502 2359537
502 2359537
512 2359551
501 2359557
504 2359567
508 2359577
511 2359587
511 2359598
507 2359607
512 2359619
509 2359627
510 2359637
512 2359647
507 2359678
507 2359679
510 2359679
508 2359713
505 2359715
507 2359716
505 2359718
506 2359740
509 2359740
504 2359747
505 2359757
501 2359768
506 2359777
517 2359787
506 2359797
495 2359807
494 2359817
508 2359827
508 2359837
502 2359847
508 2359857
510 2359867
506 2359877
506 2359888
506 2359920
508 2359920
505 2359921
509 2359927
507 2359937
513 2359960
505 2359961
510 2359967
598 2359977
507 2359987
508 2359997
511 2360013
507 2360017
510 2360027
513 2360037
508 2360047
505 2360057
503 2360067
504 2360077
511 2360087
550 2360109
496 2360110
505 2360128
509 2360144
509 2360171
510 2360172
509 2360173
508 2360177
505 2360231
508 2360232
511 2360232
507 2360233
507 2360243
508 2360249
513 2360250
506 2360257
504 2360268
504 2360277
505 2360287
507 2360297
509 2360307
505 2360318
510 2360328
514 2360337
506 2360347
507 2360358
508 2360370
511 2360377
509 2360387
505 2360398
508 2360407
508 2360418
511 2360427
505 2360437
505 2360447
509 2360457
506 2360467
509 2360478
508 2360489
508 2360497
509 2360507
512 2360517
510 2360527
503 2360537
500 2360547
499 2360557
501 2360569
537 2360581
521 2360587
516 2360597
514 2360625
504 2360629
510 2360629
506 2360637
511 2360648
509 2360658
505 2360668
507 2360678
507 2360688
511 2360703
505 2360707
500 2360730
510 2360731
504 2360737
523 2360747
506 2360758
537 2360767
514 2360777
502 2360844
510 2360845
505 2360846
505 2360846
507 2360847
507 2360848
507 2360850
506 2360890
508 2360890
508 2360912
508 2360917
507 2360917
505 2360918
505 2360927
508 2360937
509 2360947
506 2360957
512 2360967
511 2361102
504 2361102
502 2361103
499 2361104
499 2361104
506 2361105
504 2361106
509 2361106
504 2361107
512 2361108
513 2361108
507 2361109
508 2361112
505 2361112
509 2361180
507 2361181
510 2361181
507 2361182
511 2361182
508 2361183
507 2361206
511 2361206
508 2361209
508 2361209
506 2361224
510 2361226
507 2361291
509 2361291
510 2361299
509 2361299
508 2361302
501 2361302
510 2361303
509 2361396
507 2361397
508 2361398
510 2361398
506 2361399
512 2361400
509 2361401
509 2361402
511 2361405
507 2361405
506 2361408
512 2361498
510 2361503
509 2361504
514 2361504
507 2361505
508 2361506
507 2361506
507 2361507
510 2361507
508 2361510
509 2361678
520 2361724
507 2361742
531 2361744
496 2361745
502 2361746
459 2361746
515 2361747
508 2361747
512 2361748
511 2361749
509 2361749
507 2361750
506 2361751
508 2361751
508 2361752
508 2361754
510 2361754
507 2361755
508 2361755
509 2361756
508 2361756
507 2361757
507 2361775
508 2361776
508 2361779
508 2361795
508 2361797
509 2362002
509 2362002
508 2362003
507 2362004
507 2362004
509 2362005
508 2362006
507 2362006
509 2362007
509 2362007
506 2362008
507 2362009
508 2362009
508 2362010
507 2362010
507 2362011
508 2362011
510 2362012
509 2362012
510 2362013
507 2362015
508 2362017
505 2362027
507 2362037
506 2362047
509 2362057
508 2362067
509 2362077
507 2362087
510 2362097
507 2362108
510 2362124
505 2362127
514 2362294
504 2362294
491 2362295
513 2362296
516 2362296
502 2362297
497 2362298
501 2362298
510 2362299
509 2362299
505 2362300
514 2362301
497 2362301
513 2362302
511 2362303
509 2362303
506 2362305
507 2362307
506 2362317
506 2362339
508 2362340
496 2362347
506 2362357
514 2362377
507 2362387
506 2362399
505 2362442
503 2362443
550 2362444
505 2362445
536 2362447
520 2362458
537 2362467
501 2362478
529 2362487
487 2362497
541 2362507
504 2362529
503 2362530
512 2362537
508 2362547
506 2362557
508 2362569
506 2362584
505 2362587
507 2362597
509 2362607
507 2362617
508 2362641
508 2362642
512 2362647
511 2362657
506 2362667
503 2362677
511 2362687
507 2362697
505 2362724
507 2362725
507 2362727
509 2362739
509 2362765
509 2362766
505 2362768
505 2362800
506 2362801
507 2362802
509 2362807
510 2362817
509 2362827
510 2362837
505 2362847
495 2362857
506 2362909
507 2362910
508 2362911
506 2362911
505 2362912
498 2362935
510 2362936
508 2362938
505 2362947
515 2362957
510 2362967
502 2362977
504 2362987
507 2362997
507 2363007
510 2363018
509 2363027
507 2363061
508 2363061
514 2363068
510 2363080
506 2363081
510 2363087
503 2363107
506 2363117
510 2363127
515 2363154
533 2363155
508 2363157
507 2363303
501 2363303
511 2363304
504 2363305
509 2363305
509 2363306
502 2363306
510 2363307
508 2363308
510 2363308
507 2363309
512 2363310
508 2363310
528 2363311
522 2363314
495 2363380
487 2363381
499 2363381
507 2363382
521 2363383
479 2363383
519 2363384
503 2363387
519 2363594
507 2363594
506 2363595
506 2363596
508 2363596
509 2363597
507 2363598
507 2363598
511 2363599
510 2363603
509 2363603
506 2363604
510 2363604
507 2363605
507 2363606
508 2363606
509 2363607
508 2363608
510 2363608
508 2363609
506 2363612
508 2363612
508 2363799
506 2363800
507 2363800
508 2363801
506 2363802
510 2363803
506 2363803
507 2363804
507 2363804
508 2363805
509 2363806
511 2363806
506 2363807
510 2363807
511 2363808
507 2363809
510 2363809
508 2363810
510 2363811
508 2363817
509 2363827
506 2363849
508 2363849
510 2363857
510 2363868
508 2363878
507 2363888
508 2363898
507 2363910
507 2363918
507 2363927
509 2363938
510 2363979
510 2363979
507 2363980
507 2364007
507 2364007
508 2364008
508 2364008
509 2364023
508 2364031
509 2364052
510 2364053
507 2364057
507 2364067
507 2364077
508 2364100
508 2364101
509 2364107
508 2364130
508 2364130
510 2364137
510 2364152
507 2364157
507 2364172
509 2364189
507 2364189
508 2364197
508 2364207
509 2364221
508 2364225
508 2364238
506 2364248
506 2364258
507 2364268
509 2364278
505 2364288
508 2364310
508 2364310
509 2364317
511 2364330
508 2364346
506 2364347
506 2364401
509 2364402
507 2364402
507 2364403
507 2364410
511 2364410
509 2364417
507 2364427
507 2364437
506 2364447
506 2364457
509 2364467
509 2364503
508 2364503
509 2364504
510 2364580
508 2364580
509 2364581
508 2364582
507 2364582
508 2364583
507 2364584
510 2364599
508 2364606
510 2364608
509 2364794
506 2364794
507 2364795
507 2364796
507 2364796
511 2364797
510 2364798
505 2364798
508 2364799
510 2364800
508 2364800
509 2364801
509 2364801
507 2364802
507 2364803
507 2364803
506 2364804
510 2364805
509 2364807
508 2364807
506 2365000
508 2365000
508 2365001
507 2365002
508 2365002
508 2365003
507 2365003
510 2365004
508 2365004
506 2365005
508 2365005
507 2365006
507 2365007
509 2365007
508 2365007
508 2365008
508 2365008
508 2365009
505 2365009
507 2365012
508 2365179
507 2365180
507 2365180
508 2365181
510 2365181
510 2365182
507 2365182
505 2365183
508 2365184
508 2365184
509 2365185
508 2365185
508 2365185
508 2365186
508 2365186
507 2365187
505 2365189
509 2365191
508 2365209
509 2365209
509 2365223
508 2365226
509 2365239
511 2365291
508 2365291
507 2365292
507 2365302
509 2365303
507 2365307
508 2365307
508 2365327
510 2365337
509 2365347
508 2365370
507 2365370
508 2365380
509 2365388
509 2365399
509 2365499
507 2365500
508 2365500
508 2365501
506 2365502
506 2365502
509 2365503
510 2365504
510 2365505
511 2365507
505 2365507
508 2365601
506 2365601
509 2365602
508 2365602
507 2365603
508 2365603
507 2365604
508 2365604
509 2365605
508 2365608
510 2365634
510 2365635
508 2365637
507 2365691
507 2365691
507 2365692
507 2365693
507 2365693
506 2365709
506 2365709
511 2365717
506 2365727
508 2365737
507 2365748
508 2365758
508 2365768
507 2365778
508 2365897
507 2365897
509 2365898
508 2365899
506 2365899
506 2365900
510 2365901
506 2365901
507 2365902
509 2365902
509 2365903
511 2365910
509 2365911
508 2365917
508 2365927
508 2365937
508 2365947
508 2365957
511 2365967
511 2365977
506 2365990
509 2366011
507 2366012
509 2366090
510 2366090
504 2366091
508 2366091
506 2366092
511 2366093
507 2366099
508 2366099
507 2366107
505 2366118
504 2366128
506 2366138
509 2366148
509 2366158
508 2366168
508 2366178
508 2366188
507 2366198
508 2366207
507 2366218
507 2366227
508 2366237
509 2366247
508 2366257
508 2366267
510 2366290
507 2366290
506 2366297
507 2366318
512 2366319
508 2366327
508 2366337
506 2366347
509 2366357
508 2366368
508 2366403
508 2366407
505 2366407
506 2366408
509 2366417
504 2366427
504 2366437
506 2366447
509 2366457
509 2366467
513 2366479
522 2366487
511 2366498
482 2366508
517 2366530
513 2366530
511 2366537
498 2366548
496 2366558
511 2366568
497 2366601
509 2366601
509 2366602
509 2366607
506 2366625
506 2366627
508 2366680
509 2366681
507 2366681
502 2366682
507 2366682
507 2366760
527 2366761
519 2366761
512 2366762
502 2366762
524 2366763
508 2366763
506 2366764
506 2366767
504 2366777
509 2366792
508 2366807
508 2366817
509 2366827
504 2366837
504 2366847
512 2366857
508 2366867
509 2366891
506 2366892
511 2366910
504 2366910
517 2366918
507 2366927
515 2366937
506 2366947
507 2366957
507 2366967
504 2366977
501 2366987
513 2367010
507 2367010
511 2367020
509 2367027
506 2367037
515 2367047
511 2367059
510 2367068
508 2367077
510 2367087
510 2367097
509 2367120
509 2367121
508 2367127
508 2367137
508 2367147
507 2367160
509 2367167
510 2367177
507 2367187
508 2367214
508 2367214
508 2367217
505 2367227
506 2367237
508 2367248
509 2367258
509 2367276
507 2367278
509 2367306
509 2367307
507 2367320
507 2367320
508 2367327
507 2367337
509 2367347
509 2367357
508 2367367
509 2367377
510 2367387
507 2367397
507 2367419
508 2367420
509 2367427
507 2367437
508 2367447
507 2367457
509 2367467
508 2367477
507 2367487
505 2367525
508 2367528
509 2367529
508 2367537
507 2367548
503 2367604
506 2367604
510 2367605
508 2367606
505 2367606
506 2367609
513 2367682
502 2367683
510 2367684
508 2367684
508 2367684
510 2367685
510 2367685
507 2367708
504 2367708
511 2367709
507 2367725
505 2367726
509 2367737
507 2367747
507 2367782
508 2367785
506 2367787
504 2367789
509 2368183
511 2368184
506 2368184
503 2368185
508 2368185
508 2368186
501 2368186
506 2368187
503 2368187
508 2368188
504 2368188
507 2368189
510 2368189
507 2368189
510 2368190
507 2368191
507 2368192
504 2368192
507 2368193
505 2368193
506 2368193
512 2368194
506 2368194
508 2368195
516 2368195
506 2368196
507 2368196
502 2368197
501 2368197
506 2368197
510 2368198
509 2368198
510 2368199
508 2368200
515 2368200
498 2368201
515 2368201
504 2368202
487 2368202
495 2368204
512 2368204
509 2368294
515 2368295
502 2368295
511 2368296
514 2368297
509 2368297
509 2368298
509 2368299
509 2368301
510 2368396
510 2368396
509 2368397
507 2368398
506 2368398
509 2368399
507 2368399
509 2368400
509 2368400
508 2368401
507 2368407
510 2368417
508 2368427
507 2368437
506 2368447
506 2368457
507 2368467
509 2368477
506 2368487
509 2368602
507 2368602
506 2368603
508 2368604
507 2368604
506 2368605
508 2368605
508 2368606
507 2368606
509 2368607
510 2368607
508 2368610
510 2368782
507 2368806
505 2368807
508 2368808
511 2368808
510 2368809
508 2368809
510 2368810
508 2368811
506 2368811
504 2368812
508 2368812
507 2368813
505 2368813
506 2368814
504 2368814
516 2368815
507 2368817
508 2368817
506 2368818
499 2368891
532 2368891
510 2368892
539 2368893
511 2368893
498 2368894
513 2368894
512 2368895
512 2368897
501 2368994
502 2368994
518 2368995
547 2368996
502 2368996
506 2368997
518 2368997
505 2368998
509 2368999
503 2369001
508 2369204
488 2369205
509 2369205
503 2369206
511 2369207
508 2369207
512 2369208
501 2369208
510 2369209
498 2369210
511 2369210
506 2369211
508 2369212
510 2369212
510 2369213
506 2369214
504 2369214
507 2369215
509 2369216
506 2369218
505 2369218
507 2369394
505 2369395
510 2369396
510 2369397
510 2369397
505 2369398
505 2369399
507 2369399
508 2369400
507 2369401
508 2369404
509 2369404
509 2369405
510 2369405
508 2369406
502 2369406
499 2369407
506 2369409
508 2369409
504 2369683
507 2369684
511 2369684
516 2369685
503 2369685
503 2369686
515 2369686
510 2369687
506 2369687
510 2369687
497 2369688
514 2369688
543 2369689
508 2369689
492 2369690
500 2369690
510 2369691
453 2369692
513 2369692
521 2369693
513 2369693
489 2369694
504 2369695
505 2369695
506 2369696
511 2369696
504 2369697
508 2369699
507 2369740
511 2369743
506 2369743
504 2369744
510 2369746
507 2369757
508 2369792
508 2369794
505 2369809
507 2369810
503 2369810
513 2369816
507 2369826
509 2369836
511 2369872
511 2369874
506 2369887
509 2369888
509 2369888
507 2369898
508 2369922
507 2369923
507 2369990
508 2369991
510 2369991
509 2369992
507 2369993
507 2370002
506 2370006
505 2370007
502 2370009
512 2370197
514 2370198
500 2370199
507 2370199
516 2370200
508 2370201
497 2370201
511 2370202
502 2370202
507 2370203
508 2370204
512 2370204
510 2370205
510 2370206
509 2370206
508 2370207
508 2370208
507 2370210
505 2370210
506 2370211
507 2370300
508 2370301
506 2370302
506 2370303
507 2370303
512 2370304
509 2370304
509 2370305
507 2370404
504 2370405
511 2370406
506 2370407
507 2370407
510 2370408
506 2370409
509 2370410
504 2370410
508 2370411
507 2370422
510 2370423
509 2370425
509 2370584
508 2370585
508 2370585
506 2370586
507 2370587
509 2370587
509 2370588
504 2370589
507 2370589
509 2370590
511 2370590
509 2370591
510 2370591
506 2370592
512 2370594
505 2370595
511 2370798
506 2370798
510 2370799
508 2370800
510 2370801
508 2370802
510 2370802
507 2370803
507 2370803
517 2370804
480 2370805
524 2370805
512 2370806
514 2370806
492 2370807
499 2370808
513 2370808
507 2370809
504 2370809
511 2370810
510 2370810
508 2370819
509 2370820
509 2370827
506 2370849
504 2370850
506 2370900
510 2370900
502 2370941
510 2370943
506 2370945
510 2370945
510 2370948
506 2370948
505 2371001
508 2371001
508 2371002
509 2371003
507 2371004
509 2371008
513 2371086
511 2371086
510 2371089
508 2371089
507 2371090
508 2371092
505 2371092
513 2371093
505 2371153
506 2371155
513 2371155
501 2371205
506 2371328
507 2371425
509 2371425
508 2371426
510 2371426
508 2371427
509 2371427
512 2371428
508 2371428
506 2371431
508 2371431
510 2371434
507 2371435
506 2371449
509 2371519
508 2371519
511 2371522
510 2371522
511 2371525
510 2371525
509 2371526
504 2371526
512 2371527
505 2371527
507 2371530
510 2371530
504 2371554
509 2371555
510 2371557
505 2371706
506 2371707
505 2371707
508 2371740
512 2371740
503 2371743
510 2371743
508 2371746
512 2371748
505 2371748
509 2371751
506 2371751
504 2371752
507 2371755
508 2371997
510 2371997
504 2371998
512 2371998
511 2371999
503 2371999
510 2372000
507 2372000
506 2372001
508 2372001
510 2372002
512 2372002
507 2372002
503 2372003
514 2372003
504 2372004
504 2372004
516 2372005
486 2372005
523 2372006
534 2372006
505 2372006
502 2372007
506 2372007
507 2372008
518 2372010
510 2372044
513 2372046
508 2372046
505 2372049
506 2372065
500 2372092
510 2372092
502 2372100
511 2372100
505 2372107
515 2372117
505 2372128
515 2372137
504 2372147
517 2372170
506 2372170
505 2372177
511 2372299
508 2372338
508 2372338
508 2372339
509 2372340
507 2372341
501 2372341
509 2372342
505 2372344
508 2372344
507 2372345
511 2372346
507 2372346
514 2372347
506 2372347
508 2372502
506 2372503
504 2372504
530 2372504
515 2372505
533 2372506
512 2372506
503 2372507
514 2372508
497 2372508
507 2372509
508 2372510
505 2372510
519 2372511
511 2372511
505 2372512
516 2372512
510 2372514
500 2372516
517 2372526
519 2372536
499 2372546
508 2372557
503 2372566
514 2372577
518 2372588
504 2372641
513 2372642
510 2372643
499 2372644
489 2372644
502 2372687
512 2372687
523 2372688
473 2372688
486 2372690
507 2372705
499 2372708
506 2372757
511 2372758
504 2372758
499 2372759
507 2372767
497 2372777
500 2372787
509 2372797
500 2372807
510 2372817
510 2372827
513 2372851
500 2372852
509 2372857
508 2372868
510 2372877
506 2372899
506 2372900
507 2372924
507 2372925
508 2372927
508 2372936
508 2372946
509 2372957
509 2372967
507 2372977
506 2372987
505 2372997
502 2373007
505 2373017
500 2373027
511 2373078
507 2373079
506 2373079
497 2373080
512 2373080
511 2373087
502 2373097
504 2373106
506 2373117
507 2373126
506 2373137
510 2373147
506 2373157
502 2373167
509 2373179
503 2373189
519 2373197
521 2373207
516 2373217
505 2373227
505 2373237
501 2373247
511 2373257
508 2373267
512 2373277
503 2373287
505 2373301
509 2373321
508 2373322
509 2373326
507 2373337
507 2373347
507 2373357
512 2373367
507 2373377
525 2373406
510 2373407
495 2373408
527 2373483
507 2373484
511 2373485
509 2373485
512 2373486
510 2373486
517 2373488
504 2373505
523 2373507
501 2373600
505 2373601
504 2373602
506 2373602
526 2373603
508 2373603
514 2373604
509 2373605
514 2373609
505 2373610
518 2373617
513 2373627
511 2373637
509 2373647
511 2373657
508 2373667
512 2373908
511 2373909
510 2373909
513 2373910
503 2373910
512 2373911
512 2373911
501 2373912
506 2373912
507 2373913
505 2373913
506 2373914
508 2373914
507 2373915
508 2373915
502 2373941
509 2373941
509 2373942
508 2373942
509 2373943
508 2373944
508 2373944
506 2373945
504 2373945
507 2373947
509 2373948
509 2373948
507 2373949
507 2373959
508 2373975
512 2373985
508 2373995
506 2374005
505 2374015
508 2374025
508 2374035
508 2374045
508 2374068
513 2374070
506 2374070
507 2374077
505 2374092
509 2374116
508 2374117
508 2374117
506 2374306
507 2374307
505 2374307
507 2374308
508 2374309
508 2374309
508 2374310
507 2374311
508 2374311
511 2374312
508 2374313
510 2374313
508 2374314
509 2374314
507 2374315
504 2374316
507 2374316
507 2374317
510 2374320
508 2374326
508 2374337
507 2374347
510 2374357
507 2374380
506 2374381
507 2374387
509 2374397
507 2374407
508 2374430
509 2374439
508 2374439
509 2374488
509 2374489
508 2374490
507 2374490
509 2374491
509 2374497
508 2374507
509 2374517
508 2374539
509 2374539
508 2374547
508 2374560
507 2374567
508 2374598
508 2374599
509 2374599
508 2374607
509 2374619
507 2374627
509 2374636
507 2374647
506 2374658
505 2374667
506 2374677
508 2374687
507 2374808
508 2374808
508 2374809
510 2374810
508 2374810
505 2374811
506 2374814
506 2374815
508 2374816
508 2374816
508 2374817
508 2374820
510 2374820
508 2374885
507 2374886
507 2374886
507 2374887
508 2374887
508 2374887
506 2374888
509 2374897
510 2374919
508 2374919
507 2374927
507 2374937
508 2374952
507 2374957
508 2374967
507 2374977
508 2374996
510 2375006
509 2375025
508 2375028
507 2375045
509 2375047
508 2375204
508 2375205
508 2375205
509 2375206
510 2375207
509 2375207
507 2375208
507 2375208
508 2375209
507 2375210
508 2375210
508 2375211
509 2375211
508 2375212
509 2375213
507 2375215
507 2375217
505 2375227
508 2375237
507 2375247
508 2375257
508 2375272
508 2375277
509 2375292
508 2375297
506 2375307
506 2375318
508 2375327
509 2375337
509 2375347
508 2375357
508 2375367
508 2375379
507 2375398
505 2375398
508 2375407
508 2375417
509 2375426
507 2375436
508 2375447
509 2375457
510 2375467
508 2375477
506 2375600
508 2375601
506 2375601
509 2375602
508 2375603
508 2375603
508 2375604
507 2375604
505 2375605
507 2375606
496 2375607
518 2375621
515 2375624
498 2375626
515 2375628
503 2375805
511 2375806
508 2375806
513 2375807
506 2375808
509 2375808
509 2375809
507 2375809
511 2375810
509 2375810
509 2375811
509 2375812
511 2375812
513 2375813
508 2375813
509 2375814
504 2375816
512 2375816
512 2375886
511 2375912
505 2375912
508 2375913
508 2375914
508 2375914
510 2375915
503 2375917
507 2375917
508 2375918
509 2375930
509 2375937
506 2375947
507 2375957
506 2375967
505 2375977
508 2375987
507 2375997
505 2376007
508 2376021
510 2376045
509 2376046
507 2376048
508 2376057
508 2376067
507 2376077
508 2376087
508 2376097
510 2376107
507 2376117
508 2376129
505 2376136
506 2376146
509 2376157
507 2376167
507 2376176
508 2376186
507 2376197
510 2376207
509 2376217
508 2376227
507 2376237
509 2376247
507 2376261
508 2376271
508 2376277
509 2376287
509 2376297
509 2376319
508 2376320
506 2376327
506 2376337
509 2376371
510 2376373
505 2376379
504 2376380
504 2376387
509 2376397
505 2376407
506 2376428
512 2376450
507 2376451
504 2376457
509 2376466
503 2376477
511 2376487
519 2376497
506 2376531
505 2376532
509 2376537
509 2376537
514 2376546
501 2376569
507 2376570
507 2376577
506 2376587
511 2376628
508 2376629
504 2376629
507 2376630
508 2376672
512 2376673
509 2376673
502 2376674
510 2376676
502 2376702
509 2376703
515 2376705
511 2376907
509 2376908
526 2376908
480 2376909
508 2376910
500 2376910
523 2376911
517 2376914
508 2376915
503 2376915
511 2376916
504 2376916
512 2376917
507 2376917
511 2376918
510 2376919
505 2376919
504 2376920
512 2376920
512 2376921
512 2376923
506 2376925
509 2376936
510 2376947
507 2376957
508 2376967
506 2376977
509 2376987
508 2376997
506 2377007
507 2377017
508 2377098
508 2377099
509 2377099
508 2377100
508 2377101
507 2377102
508 2377102
509 2377103
508 2377107
508 2377117
508 2377127
510 2377149
508 2377150
507 2377157
507 2377167
507 2377189
507 2377189
509 2377207
509 2377223
509 2377226
509 2377303
508 2377304
507 2377304
508 2377305
509 2377306
507 2377307
509 2377308
508 2377310
509 2377510
508 2377511
508 2377511
507 2377512
506 2377512
508 2377513
507 2377514
508 2377514
508 2377515
508 2377515
506 2377516
508 2377516
507 2377517
507 2377517
508 2377518
508 2377518
508 2377519
508 2377519
508 2377520
508 2377522
508 2377522
507 2377525
506 2377537
507 2377547
507 2377557
508 2377567
507 2377576
508 2377586
507 2377608
510 2377609
508 2377697
506 2377697
507 2377699
507 2377700
507 2377700
508 2377701
506 2377701
508 2377702
507 2377703
507 2377707
507 2377720
509 2377728
506 2377902
508 2377903
508 2377903
507 2377904
509 2377905
509 2377905
509 2377906
507 2377907
510 2377907
507 2377908
507 2377909
508 2377911
508 2377913
509 2377914
510 2377914
508 2377915
506 2377915
508 2377918
508 2377918
508 2378108
508 2378109
507 2378109
509 2378110
509 2378111
509 2378111
509 2378112
508 2378113
506 2378113
509 2378114
507 2378114
509 2378115
509 2378115
506 2378116
509 2378116
507 2378116
506 2378117
507 2378117
506 2378120
507 2378288
508 2378289
508 2378289
508 2378290
508 2378291
507 2378291
506 2378291
506 2378292
506 2378293
507 2378293
508 2378294
508 2378294
509 2378295
509 2378295
508 2378296
506 2378296
507 2378299
507 2378312
508 2378317
507 2378320
509 2378331
508 2378339
510 2378356
507 2378357
506 2378401
506 2378402
508 2378402
507 2378403
507 2378405
508 2378419
509 2378426
508 2378462
508 2378465
507 2378518
508 2378519
509 2378519
507 2378520
508 2378521
508 2378521
508 2378530
508 2378530
508 2378537
507 2378547
508 2378557
510 2378567
508 2378577
508 2378587
509 2378609
508 2378609
508 2378617
509 2378628
508 2378637
507 2378672
509 2378673
507 2378675
508 2378704
509 2378709
508 2378709
509 2378716
509 2378739
507 2378740
508 2378747
508 2378756
508 2378766
507 2378789
509 2378790
507 2378796
507 2378810
509 2378816
508 2378907
507 2378908
507 2378908
508 2378909
508 2378909
508 2378910
508 2378911
509 2378911
511 2378912
507 2378917
508 2378927
509 2378949
506 2378949
506 2378957
505 2378967
507 2378977
510 2378987
512 2378997
508 2379007
509 2379038
507 2379039
509 2379039
506 2379047
508 2379087
506 2379087
508 2379088
509 2379089
509 2379112
506 2379122
506 2379131
507 2379141
507 2379144
507 2379201
508 2379203
509 2379203
508 2379204
508 2379205
508 2379208
507 2379304
506 2379305
508 2379305
507 2379306
508 2379307
505 2379308
509 2379309
510 2379310
506 2379310
506 2379311
508 2379319
510 2379319
509 2379327
510 2379349
510 2379350
509 2379379
510 2379379
509 2379412
508 2379414
507 2379414
509 2379428
509 2379430
509 2379459
507 2379459
508 2379460
508 2379479
509 2379479
506 2379486
505 2379509
507 2379509
507 2379516
509 2379535
509 2379536
509 2379559
509 2379559
508 2379580
507 2379589
507 2379589
507 2379597
508 2379607
508 2379648
509 2379648
508 2379649
511 2379652
505 2379699
512 2379699
506 2379700
508 2379701
517 2379701
500 2379719
511 2379719
511 2379727
509 2379737
512 2379747
516 2379769
506 2379770
520 2379777
520 2379809
507 2379810
498 2379817
500 2379826
487 2379849
495 2379850
507 2379856
498 2379903
500 2379903
507 2379904
500 2379905
509 2379907
502 2380007
507 2380008
508 2380008
509 2380009
507 2380010
506 2380010
508 2380011
507 2380011
508 2380012
509 2380013
509 2380016
509 2380109
507 2380109
504 2380110
506 2380111
502 2380111
513 2380112
508 2380113
505 2380113
508 2380114
507 2380130
502 2380130
508 2380137
511 2380147
508 2380168
508 2380180
505 2380181
502 2380186
502 2380240
512 2380241
505 2380241
501 2380242
511 2380261
505 2380263
507 2380289
507 2380290
510 2380290
507 2380291
508 2380312
509 2380313
507 2380315
506 2380404
508 2380405
508 2380405
506 2380406
507 2380407
511 2380407
508 2380408
510 2380409
509 2380506
507 2380507
503 2380508
506 2380508
506 2380509
509 2380510
510 2380511
510 2380511
510 2380512
509 2380522
510 2380525
513 2380527
506 2380527
499 2380537
505 2380546
514 2380557
510 2380567
505 2380577
522 2380587
509 2380596
509 2380712
499 2380713
512 2380713
523 2380714
501 2380715
487 2380716
529 2380716
519 2380717
534 2380717
531 2380720
511 2380720
505 2380900
516 2380901
503 2380901
510 2380902
510 2380903
513 2380904
517 2380904
505 2380905
501 2380906
506 2380906
507 2380907
502 2380908
516 2380908
510 2380909
506 2380909
508 2380910
508 2380910
505 2380911
513 2380913
510 2380915
511 2380939
506 2380939
507 2380947
505 2380956
507 2380966
507 2380976
508 2380986
508 2380996
507 2381031
509 2381044
508 2381044
507 2381045
509 2381047
507 2381106
507 2381107
506 2381107
506 2381108
508 2381109
509 2381118
503 2381388
507 2381389
506 2381389
503 2381390
503 2381391
502 2381391
506 2381392
507 2381393
515 2381393
510 2381394
507 2381394
515 2381395
507 2381396
511 2381396
505 2381397
510 2381398
505 2381398
507 2381399
514 2381399
510 2381399
510 2381400
504 2381400
505 2381401
507 2381401
510 2381402
506 2381402
509 2381403
510 2381403
509 2381406
507 2381406
508 2381500
507 2381501
508 2381501
509 2381502
508 2381502
508 2381503
508 2381504
510 2381504
504 2381510
510 2381510
507 2381517
506 2381527
508 2381562
509 2381563
508 2381567
509 2381567
509 2381577
508 2381586
507 2381598
499 2381606
506 2381645
508 2381645
507 2381646
507 2381656
506 2381666
501 2381676
506 2381712
509 2381712
499 2381718
509 2381719
506 2381740
510 2381740
505 2381776
509 2381777
508 2381777
508 2381789
509 2381790
509 2381797
505 2381827
507 2381828
509 2381837
507 2381849
502 2381850
507 2381869
519 2381869
510 2381877
508 2381887
528 2381896
523 2381919
498 2381920
501 2381944
509 2381944
510 2381947
507 2382110
510 2382110
507 2382111
509 2382112
504 2382112
511 2382113
510 2382114
505 2382114
496 2382115
508 2382116
503 2382116
509 2382117
508 2382117
506 2382118
509 2382139
503 2382139
519 2382140
507 2382143
511 2382145
511 2382159
508 2382159
506 2382167
507 2382177
506 2382187
506 2382209
510 2382209
509 2382217
510 2382235
509 2382238
510 2382291
506 2382292
509 2382293
506 2382293
507 2382313
506 2382314
508 2382316
512 2382320
505 2382327
512 2382349
508 2382350
508 2382356
503 2382366
512 2382417
501 2382417
509 2382418
504 2382464
505 2382488
511 2382489
516 2382509
509 2382510
507 2382513
506 2382513
506 2382514
508 2382514
507 2382515
502 2382518
510 2382530
502 2382537
511 2382547
504 2382557
505 2382567
501 2382577
504 2382587
508 2382597
508 2382711
504 2382711
509 2382712
504 2382719
507 2382719
509 2382720
508 2382720
506 2382721
509 2382721
507 2382722
509 2382724
508 2382724
507 2382788
507 2382789
507 2382789
507 2382790
509 2382790
508 2382791
507 2382791
507 2382796
510 2382806
505 2382816
506 2382826
507 2382836
507 2382847
508 2382857
508 2382868
508 2382877
509 2382912
510 2382914
506 2382916
507 2382927
508 2383106
509 2383107
508 2383108
508 2383109
508 2383109
509 2383110
510 2383111
509 2383111
508 2383112
508 2383112
508 2383113
508 2383113
507 2383114
508 2383114
508 2383115
508 2383117
509 2383118
507 2383120
506 2383120
508 2383123
510 2383209
508 2383210
506 2383210
506 2383211
508 2383212
506 2383213
504 2383213
503 2383214
507 2383311
510 2383312
507 2383313
508 2383313
509 2383314
509 2383315
508 2383315
508 2383316
507 2383322
508 2383326
508 2383327
508 2383329
508 2383388
507 2383389
510 2383390
508 2383390
507 2383391
506 2383391
507 2383396
510 2383406
511 2383416
512 2383428
503 2383436
507 2383456
512 2383477
510 2383478
514 2383478
504 2383486
507 2383509
509 2383510
507 2383517
508 2383527
507 2383536
509 2383546
507 2383557
507 2383566
507 2383576
509 2383588
507 2383626
508 2383627
508 2383627
509 2383628
507 2383646
505 2383646
509 2383693
504 2383694
515 2383695
505 2383695
510 2383697
516 2383991
505 2383992
513 2383992
505 2383993
512 2383993
502 2383994
507 2383994
506 2383994
507 2383995
508 2383995
509 2383996
509 2383996
509 2383997
507 2383997
509 2383997
507 2383998
507 2383998
506 2383999
509 2383999
506 2383999
513 2384000
510 2384000
508 2384001
509 2384001
504 2384001
506 2384002
507 2384002
507 2384005
510 2384005
507 2384007
509 2384017
509 2384026
507 2384036
507 2384047
508 2384056
508 2384066
508 2384077
506 2384101
509 2384204
512 2384205
510 2384205
509 2384206
509 2384206
506 2384207
510 2384208
513 2384209
513 2384209
505 2384210
504 2384211
508 2384213
508 2384409
505 2384410
509 2384410
508 2384411
509 2384412
507 2384412
509 2384413
509 2384414
512 2384414
506 2384415
502 2384416
514 2384416
527 2384417
532 2384418
503 2384418
512 2384419
509 2384419
503 2384420
512 2384420
514 2384421
507 2384427
510 2384451
507 2384453
506 2384511
508 2384511
509 2384512
510 2384513
506 2384514
505 2384514
508 2384531
509 2384533
506 2384535
509 2384614
495 2384615
505 2384615
510 2384616
509 2384617
503 2384617
507 2384628
508 2384670
508 2384670
508 2384671
509 2384673
509 2384691
509 2384692
507 2384716
506 2384716
508 2384719
509 2384719
509 2384805
507 2384806
506 2384807
509 2384808
509 2384808
508 2384809
510 2384810
508 2384811
508 2384811
507 2384817
508 2384827
507 2384852
507 2384855
509 2384855
509 2384892
508 2384892
505 2384893
507 2384911
508 2384913
499 2385006
509 2385007
508 2385008
508 2385009
509 2385009
508 2385010
508 2385010
510 2385011
510 2385012
508 2385012
508 2385013
508 2385108
506 2385109
510 2385109
507 2385110
507 2385111
506 2385111
508 2385112
507 2385128
509 2385128
509 2385131
509 2385131
509 2385132
508 2385312
507 2385314
507 2385314
508 2385315
508 2385316
509 2385317
510 2385317
508 2385318
510 2385318
508 2385319
508 2385319
507 2385320
514 2385321
502 2385321
509 2385322
508 2385322
503 2385324
501 2385324
515 2385327
505 2385337
507 2385347
520 2385357
500 2385367
513 2385377
507 2385387
505 2385439
522 2385439
505 2385440
509 2385441
507 2385441
508 2385447
512 2385457
516 2385466
509 2385477
501 2385486
508 2385507
506 2385519
516 2385519
500 2385527
507 2385536
504 2385546
509 2385556
516 2385566
501 2385576
512 2385590
507 2385596
507 2385607
513 2385616
502 2385626
512 2385636
507 2385646
509 2385656
504 2385666
512 2385676
510 2385686
507 2385697
507 2385707
512 2385732
508 2385733
509 2385735
506 2385751
507 2385757
508 2385766
510 2385776
507 2385787
501 2385796
508 2385819
508 2385820
507 2385826
509 2385836
508 2385859
509 2385859
509 2385878
508 2385879
507 2385920
506 2385921
508 2385921
510 2385923
508 2385925
511 2385936
507 2385946
514 2385956
507 2385966
513 2385976
507 2385986
515 2385996
510 2386006
507 2386016
510 2386026
508 2386036
508 2386070
510 2386072
508 2386073
509 2386092
508 2386093
509 2386095
508 2386203
506 2386204
508 2386205
508 2386205
507 2386206
508 2386206
506 2386207
507 2386208
507 2386208
509 2386210
507 2386306
508 2386307
507 2386307
511 2386308
508 2386309
504 2386310
507 2386310
513 2386311
509 2386311
496 2386312
509 2386409
507 2386410
520 2386410
504 2386411
508 2386412
505 2386416
509 2386417
507 2386418
506 2386418
511 2386419
509 2386421
509 2386615
511 2386616
504 2386616
508 2386617
510 2386617
515 2386618
500 2386619
518 2386620
508 2386620
505 2386621
504 2386622
503 2386622
505 2386623
505 2386624
504 2386624
506 2386625
506 2386625
505 2386626
510 2386627
507 2386627
538 2386629
508 2386692
517 2386693
494 2386694
523 2386694
543 2386695
507 2386695
480 2386697
507 2386714
513 2386717
512 2386807
515 2386808
523 2386809
497 2386809
505 2386810
516 2386810
489 2386811
478 2386811
471 2386812
494 2386832
534 2386836
493 2386866
512 2386866
499 2386867
516 2386876
508 2386887
512 2386896
503 2386906
501 2386916
516 2386927
510 2386939
524 2386946
511 2386956
507 2386966
505 2386976
507 2386986
502 2386996
500 2387026
507 2387029
508 2387029
501 2387193
566 2387193
541 2387194
450 2387195
490 2387195
461 2387196
499 2387196
492 2387197
515 2387197
509 2387198
505 2387198
506 2387199
504 2387199
510 2387200
519 2387200
504 2387201
504 2387203
506 2387205
508 2387217
517 2387226
513 2387237
509 2387246
514 2387257
499 2387266
511 2387406
515 2387407
501 2387407
504 2387408
500 2387408
526 2387409
504 2387410
527 2387412
504 2387413
508 2387414
507 2387414
499 2387415
507 2387416
507 2387416
507 2387419
504 2387611
501 2387612
512 2387612
501 2387613
522 2387614
503 2387614
513 2387615
486 2387616
532 2387618
507 2387619
513 2387619
506 2387620
509 2387620
506 2387621
507 2387621
507 2387622
508 2387622
508 2387623
507 2387625
509 2387625
508 2387791
509 2387792
507 2387792
508 2387793
509 2387793
508 2387794
507 2387794
508 2387794
508 2387795
512 2387795
510 2387796
507 2387796
507 2387797
510 2387797
515 2387798
505 2387798
513 2387802
501 2387814
509 2387816
515 2387852
508 2387853
503 2387864
509 2387867
507 2387867
510 2387890
509 2387891
510 2387911
508 2387912
513 2387917
510 2387927
505 2387937
504 2387958
507 2387959
507 2388006
506 2388016
502 2388017
512 2388017
509 2388018
511 2388021
510 2388309
502 2388310
502 2388310
486 2388311
502 2388312
499 2388312
499 2388313
498 2388314
504 2388314
496 2388315
513 2388315
510 2388316
503 2388317
499 2388317
497 2388318
512 2388318
508 2388319
506 2388319
505 2388320
498 2388320
514 2388321
510 2388321
511 2388322
505 2388322
491 2388323
506 2388323
509 2388324
512 2388325
506 2388325
510 2388328
506 2388513
507 2388514
508 2388514
509 2388515
506 2388516
517 2388516
501 2388517
513 2388518
501 2388518
502 2388519
495 2388520
520 2388520
529 2388521
507 2388521
511 2388522
508 2388522
524 2388523
516 2388523
506 2388526
509 2388526
509 2388591
506 2388592
510 2388592
508 2388593
508 2388635
506 2388638
509 2388638
509 2388639
508 2388639
508 2388640
517 2388640
516 2388704
526 2388704
512 2388705
511 2388706
511 2388707
509 2388707
513 2388710
528 2388908
531 2388909
515 2388910
501 2388911
513 2388912
506 2388912
510 2388913
508 2388914
510 2388915
508 2388915
505 2388916
509 2388917
512 2388917
509 2388918
508 2388919
508 2388919
510 2388920
511 2388921
505 2388921
504 2388922
503 2388924
514 2388926
510 2388936
501 2388946
503 2388956
522 2388966
499 2388976
494 2388986
500 2388996
498 2389113
514 2389114
508 2389115
504 2389116
514 2389116
511 2389117
516 2389118
507 2389118
505 2389119
506 2389122
518 2389124
524 2389126
506 2389136
503 2389146
507 2389156
507 2389166
508 2389176
506 2389294
508 2389295
510 2389296
508 2389297
507 2389297
508 2389319
511 2389319
509 2389320
509 2389320
509 2389321
509 2389321
508 2389323
513 2389323
508 2389324
506 2389326
508 2389336
507 2389346
509 2389356
510 2389366
509 2389385
500 2389386
502 2389396
507 2389406
508 2389436
503 2389437
501 2389437
502 2389449
500 2389482
491 2389492
503 2389492
506 2389493
508 2389496
510 2389713
496 2389714
505 2389715
508 2389716
510 2389716
504 2389717
506 2389718
526 2389718
510 2389719
472 2389720
504 2389721
487 2389721
507 2389722
523 2389722
485 2389723
563 2389723
497 2389724
511 2389725
513 2389726
507 2389727
503 2389728
516 2389730
485 2389730
500 2389894
561 2389895
482 2389896
498 2389897
546 2389898
502 2389898
488 2389899
494 2389899
510 2389900
494 2389900
502 2389901
512 2389902
506 2389902
503 2389903
512 2389903
507 2389906
507 2389906
508 2389934
503 2389935
511 2389937
508 2389978
508 2389978
509 2389979
518 2389979
497 2389987
507 2389997
502 2390007
513 2390017
520 2390027
499 2390037
511 2390047
509 2390057
502 2390067
511 2390078
506 2390087
504 2390097
508 2390136
511 2390136
509 2390137
508 2390138
509 2390146
515 2390156
505 2390166
506 2390176
507 2390186
508 2390316
506 2390316
512 2390317
508 2390318
509 2390319
507 2390319
506 2390320
505 2390320
531 2390321
507 2390321
506 2390322
513 2390323
505 2390323
510 2390326
506 2390505
506 2390506
505 2390506
503 2390507
508 2390510
509 2390511
508 2390511
506 2390512
509 2390512
505 2390513
508 2390514
508 2390514
507 2390515
509 2390515
509 2390516
507 2390516
511 2390517
513 2390517
508 2390520
510 2390607
503 2390608
510 2390608
508 2390609
512 2390610
505 2390610
511 2390611
508 2390612
509 2390616
503 2390626
508 2390637
509 2390646
510 2390656
507 2390666
508 2390677
510 2390686
510 2390696
507 2390720
510 2390720
506 2390727
509 2390737
507 2390747
509 2390757
507 2390767
507 2390777
502 2390787
510 2390797
513 2390808
507 2390817
502 2390838
508 2390838
509 2390847
507 2390857
508 2390866
510 2390877
510 2390887
508 2390896
508 2390906
504 2390917
508 2390993
509 2390994
504 2390994
506 2390995
508 2390995
510 2390996
506 2390996
506 2390999
509 2391013
507 2391016
509 2391105
511 2391105
510 2391106
505 2391107
509 2391123
509 2391123
509 2391124
505 2391125
510 2391128
510 2391128
507 2391129
511 2391317
506 2391318
512 2391318
508 2391319
510 2391319
502 2391320
512 2391321
505 2391321
517 2391322
514 2391322
508 2391323
510 2391324
513 2391324
514 2391325
508 2391325
506 2391326
505 2391326
492 2391327
510 2391329
510 2391335
515 2391346
497 2391356
518 2391366
503 2391376
504 2391386
504 2391396
513 2391406
507 2391416
510 2391505
527 2391506
510 2391506
503 2391507
509 2391508
514 2391508
505 2391509
509 2391510
509 2391512
502 2391607
496 2391607
507 2391608
520 2391609
508 2391609
509 2391610
510 2391611
506 2391611
501 2391710
509 2391711
507 2391711
508 2391712
503 2391712
508 2391713
508 2391714
507 2391715
508 2391715
507 2391716
506 2391716
506 2391719
508 2391719
511 2391916
505 2391916
511 2391917
510 2391918
506 2391918
499 2391919
511 2391920
512 2391921
508 2391921
502 2391922
503 2391923
507 2391923
506 2391924
509 2391924
509 2391925
513 2391926
508 2391926
508 2391927
509 2391927
506 2391930
506 2391930
507 2391995
509 2391996
509 2391996
505 2391997
509 2391997
505 2391998
503 2392001
506 2392106
507 2392107
507 2392107
507 2392108
507 2392109
506 2392109
506 2392110
508 2392111
510 2392111
507 2392112
508 2392115
510 2392597
507 2392598
508 2392598
509 2392599
509 2392599
509 2392600
510 2392600
507 2392601
508 2392602
507 2392602
507 2392603
510 2392603
508 2392604
506 2392605
508 2392605
508 2392606
509 2392607
507 2392607
507 2392608
508 2392609
507 2392609
506 2392610
507 2392611
508 2392611
510 2392612
510 2392613
508 2392613
507 2392614
508 2392615
507 2392618
508 2392619
508 2392619
507 2392620
508 2392620
506 2392621
507 2392621
506 2392621
507 2392622
508 2392622
509 2392623
508 2392623
509 2392624
510 2392624
511 2392625
510 2392625
508 2392626
509 2392626
510 2392627
509 2392630
509 2392631
510 2392631
507 2392809
510 2392810
507 2392810
509 2392811
506 2392812
509 2392812
508 2392813
507 2392814
510 2392815
508 2392815
509 2392816
507 2392816
508 2392817
506 2392818
513 2392818
505 2392819
509 2392822
505 2392824
505 2392826
508 2392836
508 2392846
511 2392856
507 2392866
509 2392876
509 2392886
508 2392896
508 2393014
509 2393015
509 2393015
507 2393016
508 2393017
508 2393017
507 2393020
506 2393020
510 2393021
507 2393021
510 2393022
510 2393024
511 2393026
509 2393037
506 2393046
507 2393056
506 2393067
508 2393076
508 2393097
508 2393109
508 2393109
510 2393116
509 2393126
505 2393162
507 2393165
508 2393167
512 2393167
507 2393178
502 2393190
508 2393198
509 2393206
507 2393216
509 2393226
509 2393236
509 2393246
508 2393256
508 2393266
506 2393276
510 2393299
508 2393299
510 2393306
510 2393316
508 2393326
504 2393336
508 2393347
509 2393357
508 2393367
507 2393377
508 2393387
512 2393397
504 2393407
512 2393417
509 2393442
512 2393442
505 2393445
513 2393461
509 2393466
510 2393476
508 2393486
506 2393496
502 2393506
506 2393522
508 2393536
506 2393546
508 2393556
503 2393566
504 2393576
503 2393586
502 2393596
499 2393606
505 2393616
503 2393639
504 2393639
507 2393650
503 2393656
507 2393666
499 2393681
491 2393697
472 2393723
504 2393725
502 2393727
541 2393727
517 2393737
503 2393759
510 2393759
499 2393779
513 2393779
495 2393786
509 2393802
506 2393805
506 2394018
508 2394019
504 2394019
511 2394020
511 2394020
509 2394021
505 2394022
510 2394022
508 2394023
506 2394024
509 2394024
507 2394025
506 2394026
499 2394026
518 2394027
519 2394027
513 2394028
507 2394029
506 2394029
499 2394030
509 2394030
504 2394033
506 2394035
519 2394046
518 2394056
517 2394066
519 2394076
498 2394086
498 2394098
514 2394107
496 2394117
507 2394127
513 2394149
509 2394149
508 2394156
500 2394167
501 2394176
516 2394199
499 2394200
507 2394207
482 2394216
484 2394232
493 2394236
518 2394260
508 2394261
511 2394276
522 2394286
509 2394296
495 2394319
510 2394319
503 2394326
527 2394352
503 2394359
514 2394359
498 2394368
500 2394376
509 2394386
483 2394396
520 2394406
512 2394439
514 2394439
505 2394440
504 2394446
516 2394456
517 2394466
508 2394477
517 2394487
508 2394501
509 2394516
505 2394518
507 2394528
510 2394537
507 2394546
509 2394557
510 2394579
508 2394580
509 2394622
512 2394623
504 2394623
512 2394624
508 2394649
503 2394649
497 2394650
516 2394668
495 2394669
513 2394676
503 2394699
503 2394700
511 2394706
504 2394733
505 2394733
503 2394736
513 2394750
495 2394757
517 2394766
510 2394776
513 2394786
510 2394796
508 2394816
520 2394828
513 2394829
493 2394836
513 2394847
505 2394869
503 2394869
499 2394877
503 2394887
501 2394915
503 2394915
512 2394916
505 2394939
509 2394939
518 2394946
519 2394956
506 2394966
505 2394976
508 2394986
506 2394996
508 2395017
507 2395046
507 2395050
513 2395051
510 2395056
515 2395066
534 2395089
508 2395089
460 2395096
513 2395106
474 2395116
527 2395126
514 2395136
543 2395146
500 2395156
507 2395178
503 2395179
510 2395189
511 2395196
509 2395206
511 2395216
507 2395227
505 2395237
505 2395247
502 2395257
508 2395267
506 2395277
507 2395410
508 2395411
507 2395411
507 2395412
505 2395413
511 2395413
498 2395414
454 2395414
488 2395415
540 2395416
549 2395416
506 2395417
515 2395419
517 2395419
552 2395512
505 2395513
523 2395513
511 2395514
492 2395515
522 2395515
504 2395516
491 2395517
510 2395518
512 2395521
518 2395615
506 2395616
508 2395616
505 2395617
509 2395617
505 2395618
507 2395619
511 2395619
508 2395620
514 2395623
507 2395625
509 2395637
505 2395647
515 2395657
494 2395666
509 2395795
502 2395795
516 2395796
503 2395797
505 2395797
505 2395797
508 2395798
507 2395798
504 2395799
508 2395799
509 2395800
506 2395800
510 2395806
514 2395816
510 2395826
485 2395836
515 2395846
519 2395863
511 2395866
499 2396317
513 2396318
512 2396319
511 2396320
504 2396320
505 2396321
505 2396321
505 2396322
507 2396323
497 2396323
493 2396324
514 2396325
509 2396325
515 2396326
505 2396327
505 2396328
493 2396329
516 2396330
506 2396330
501 2396331
507 2396332
511 2396332
509 2396333
511 2396333
507 2396334
509 2396334
514 2396335
510 2396335
506 2396336
514 2396336
499 2396337
509 2396337
495 2396338
521 2396338
506 2396339
519 2396339
502 2396340
507 2396340
498 2396341
504 2396341
513 2396342
515 2396343
509 2396344
506 2396344
506 2396348
510 2396350
508 2396351
507 2396352
507 2396363
513 2396366
508 2396412
507 2396413
511 2396414
507 2396414
509 2396416
510 2396514
515 2396515
494 2396516
525 2396516
492 2396517
490 2396518
511 2396520
507 2396520
525 2396524
509 2396527
494 2396540
508 2396617
512 2396618
507 2396619
500 2396620
507 2396620
507 2396621
504 2396622
507 2396622
491 2396626
509 2396636
511 2396646
503 2396719
507 2396720
509 2396721
505 2396722
508 2396722
509 2396723
506 2396728
499 2396729
507 2396797
507 2396797
510 2396798
505 2396799
505 2396799
508 2396800
506 2396809
508 2396809
511 2396816
512 2396826
510 2396840
512 2396846
496 2396858
510 2396866
501 2396876
517 2396886
504 2396896
510 2396906
483 2396933
518 2396934
503 2396936
510 2396952
509 2396956
502 2396966
511 2396976
510 2396986
503 2396996
507 2397019
505 2397019
511 2397026
513 2397036
507 2397046
499 2397058
517 2397114
516 2397114
507 2397115
510 2397116
508 2397116
509 2397119
510 2397216
511 2397217
510 2397217
512 2397218
511 2397218
509 2397219
508 2397219
508 2397220
509 2397222
504 2397223
509 2397319
507 2397320
505 2397320
508 2397321
510 2397322
507 2397322
506 2397323
510 2397372
507 2397374
516 2397374
505 2397376
512 2397377
505 2397379
509 2397396
509 2397397
506 2397397
509 2397428
509 2397439
508 2397440
509 2397440
506 2397442
509 2397508
508 2397509
507 2397510
513 2397510
508 2397511
507 2397512
512 2397512
506 2397516
506 2397526
511 2397536
508 2397546
506 2397572
511 2397573
509 2397588
505 2397589
502 2397596
508 2397633
507 2397633
511 2397634
506 2397636
514 2397717
503 2397718
509 2397719
516 2397719
504 2397720
507 2397720
517 2397728
504 2397729
501 2397762
507 2397764
500 2397764
504 2397765
498 2398112
506 2398131
517 2398132
504 2398134
506 2398135
505 2398136
508 2398138
508 2398138
507 2398139
22012 2398140
507 2398142
508 2398214
509 2398214
506 2398215
507 2398216
506 2398216
508 2398217
508 2398217
508 2398218
508 2398221
510 2398221
510 2398320
507 2398320
507 2398321
508 2398321
508 2398322
509 2398323
508 2398323
509 2398324
509 2398324
511 2398329
508 2398329
508 2398362
507 2398366
508 2398366
508 2398369
508 2398397
507 2398397
509 2398398
507 2398406
508 2398416
507 2398426
509 2398436
509 2398448
508 2398456
508 2398491
509 2398491
508 2398507
506 2398508
508 2398516
509 2398528
507 2398528
508 2398590
508 2398591
509 2398608
509 2398609
508 2398614
510 2398615
510 2398616
511 2398619
505 2398627
500 2398637
507 2398646
508 2398658
510 2398667
502 2398676
515 2398687
508 2398697
501 2398706
504 2398716
511 2398726
507 2398736
510 2398746
510 2398758
504 2398775
508 2398776
508 2398786
508 2398796
504 2398806
511 2398816
506 2398826
509 2398836
510 2398846
509 2398856
508 2398866
510 2398881
510 2398918
504 2398918
506 2398919
502 2398920
507 2398926
509 2398936
507 2398946
509 2398955
506 2398966
516 2398976
504 2398987
508 2398997
507 2399099
509 2399099
505 2399100
510 2399101
507 2399167
508 2399168
507 2399168
509 2399169
512 2399169
505 2399170
506 2399172
512 2399172
509 2399173
507 2399173
508 2399174
508 2399175
505 2399175
506 2399178
507 2399186
507 2399196
508 2399206
506 2399216
509 2399226
511 2399237
509 2399246
509 2399256
507 2399266
509 2399276
509 2399286
509 2399296
508 2399308
506 2399316
506 2399326
509 2399336
507 2399346
507 2399356
507 2399367
507 2399389
507 2399390
508 2399397
507 2399406
508 2399426
509 2399427
509 2399448
507 2399449
508 2399456
509 2399475
508 2399485
509 2399495
508 2399506
508 2399516
516 2399530
509 2399540
506 2399546
509 2399556
509 2399566
507 2399576
508 2399586
505 2399596
509 2399606
509 2399616
509 2399638
506 2399638
506 2399646
508 2399657
508 2399666
507 2399676
510 2399686
507 2399696
513 2399706
508 2399716
510 2399726
505 2399743
508 2399745
509 2399763
509 2399771
509 2399787
508 2399788
508 2399796
511 2399806
507 2399816
508 2399826
507 2399836
507 2399846
507 2399856
506 2399866
506 2399885
508 2399886
508 2399903
506 2399920
506 2399921
507 2399926
509 2399936
509 2399946
510 2399956
507 2399966
507 2399976
509 2399986
507 2399996
504 2400109
512 2400110
503 2400111
511 2400112
505 2400112
495 2400113
510 2400114
509 2400114
507 2400115
507 2400116
509 2400117
509 2400119
510 2400212
509 2400212
513 2400215
507 2400216
512 2400216
504 2400217
509 2400218
501 2400219
509 2400221
513 2400417
499 2400417
506 2400418
509 2400419
513 2400419
514 2400420
509 2400421
507 2400424
509 2400424
508 2400425
509 2400426
509 2400426
509 2400427
507 2400427
507 2400428
509 2400428
512 2400429
511 2400429
508 2400430
504 2400430
510 2400436
511 2400446
511 2400459
507 2400459
503 2400466
510 2400502
516 2400506
507 2400507
511 2400509
508 2400597
504 2400598
509 2400598
507 2400609
508 2400610
503 2400610
507 2400611
510 2400611
505 2400612
509 2400616
512 2400617
506 2401019
509 2401020
516 2401020
507 2401021
507 2401022
512 2401022
513 2401023
509 2401023
511 2401024
504 2401025
507 2401025
504 2401026
508 2401026
506 2401027
500 2401027
507 2401028
494 2401029
507 2401029
508 2401030
507 2401030
509 2401031
503 2401031
533 2401032
498 2401032
509 2401033
501 2401033
508 2401034
512 2401034
511 2401035
510 2401035
510 2401036
506 2401036
504 2401037
508 2401037
508 2401038
507 2401038
511 2401038
508 2401039
500 2401041
497 2401041
499 2401042
508 2401118
519 2401119
510 2401119
517 2401120
507 2401120
512 2401121
511 2401121
505 2401122
506 2401124
509 2401223
506 2401224
504 2401224
513 2401225
510 2401226
516 2401227
517 2401227
503 2401228
509 2401229
504 2401232
502 2401300
496 2401301
511 2401301
512 2401302
513 2401302
500 2401303
504 2401303
513 2401310
513 2401321
505 2401329
513 2401336
498 2401346
509 2401356
507 2401379
507 2401379
511 2401386
507 2401396
506 2401406
537 2401416
534 2401429
515 2401436
487 2401458
503 2401458
513 2401466
514 2401476
521 2401486
514 2401496
507 2401506
497 2401528
506 2401529
502 2401536
513 2401545
516 2401555
506 2401571
506 2401620
509 2401621
505 2401621
513 2401622
504 2401629
504 2401629
509 2401636
519 2401646
505 2401656
516 2401666
512 2401676
504 2401723
505 2401723
514 2401724
515 2401727
501 2401800
505 2401800
500 2401801
512 2401802
514 2401804
512 2401805
507 2401805
508 2401808
509 2401911
492 2401912
510 2401912
511 2401913
509 2401914
506 2401914
507 2401915
508 2401916
506 2401916
506 2401917
506 2401920
509 2402014
509 2402014
509 2402015
507 2402016
505 2402016
507 2402017
509 2402018
511 2402018
501 2402019
512 2402022
509 2402322
508 2402323
507 2402323
508 2402324
509 2402324
508 2402325
507 2402328
505 2402329
508 2402329
509 2402330
509 2402331
508 2402331
515 2402332
506 2402333
507 2402333
497 2402334
513 2402334
526 2402335
511 2402335
509 2402336
505 2402336
506 2402337
506 2402337
503 2402338
512 2402339
508 2402339
502 2402340
513 2402340
505 2402343
504 2402343
509 2402344
505 2402344
489 2402402
497 2402403
512 2402403
509 2402404
506 2402405
508 2402405
511 2402408
508 2402435
507 2402449
508 2402450
507 2402468
507 2402469
506 2402476
507 2402485
507 2402496
508 2402516
497 2402528
504 2402529
527 2402536
507 2402546
510 2402567
503 2402582
509 2402583
509 2402585
513 2402597
500 2402606
505 2402626
509 2402638
513 2402639
494 2402658
504 2402659
505 2402707
508 2402708
510 2402710
505 2402711
507 2402713
508 2402715
506 2402748
510 2402749
507 2402749
513 2402756
515 2402767
517 2402776
502 2402786
511 2402796
513 2402818
500 2402819
507 2402826
515 2402877
494 2402878
509 2402881
506 2402882
499 2402883
511 2402899
511 2402900
524 2402906
509 2402916
515 2402926
509 2402948
506 2402949
505 2402956
508 2402966
510 2402976
503 2402998
508 2402999
517 2403006
504 2403045
512 2403046
511 2403047
508 2403058
512 2403058
506 2403078
506 2403078
506 2403087
512 2403108
507 2403109
523 2403128
506 2403129
504 2403136
507 2403146
505 2403179
511 2403180
511 2403186
498 2403223
510 2403224
510 2403224
506 2403238
508 2403239
510 2403246
506 2403268
507 2403269
507 2403288
507 2403289
509 2403330
508 2403331
508 2403332
507 2403352
510 2403353
507 2403355
507 2403367
510 2403369
507 2403375
512 2403400
511 2403401
510 2403440
506 2403440
509 2403441
510 2403448
508 2403449
507 2403455
507 2403478
506 2403479
507 2403498
506 2403499
509 2403506
509 2403528
507 2403529
506 2403536
509 2403560
508 2403560
508 2403578
507 2403579
508 2403597
508 2403608
508 2403609
508 2403616
506 2403638
507 2403638
506 2403659
508 2403659
506 2403691
508 2403693
507 2403695
508 2403750
509 2403750
508 2403753
506 2403753
507 2403756
508 2403756
508 2403769
510 2403770
508 2403801
510 2403803
507 2403803
506 2403820
506 2403821
507 2403829
506 2403855
508 2403856
510 2403869
511 2403870
511 2403876
512 2403907
510 2403929
501 2403929
508 2403951
507 2403956
504 2403957
507 2403957
505 2403980
502 2403980
517 2404012
511 2404012
529 2404056
509 2404056
508 2404057
499 2404058
510 2404060
510 2404060
515 2404091
514 2404093
506 2404095
501 2404108
505 2404108
507 2404116
509 2404138
505 2404138
507 2404188
510 2404188
513 2404189
509 2404192
507 2404192
503 2404256
511 2404256
505 2404257
506 2404257
507 2404258
508 2404258
509 2404324
507 2404324
510 2404325
512 2404326
506 2404326
518 2404327
510 2404327
506 2404330
506 2404512
501 2404513
516 2404513
500 2404514
500 2404514
505 2404515
505 2404516
510 2404517
506 2404517
510 2404518
506 2404519
510 2404519
510 2404520
504 2404521
507 2404521
506 2404522
507 2404523
505 2404541
515 2404543
513 2404545
510 2404598
502 2404598
505 2404601
502 2404601
507 2404604
506 2404609
508 2404609
508 2404616
505 2404678
512 2404679
506 2404681
507 2404681
507 2404684
508 2404693
509 2404693
509 2404696
509 2405112
509 2405113
508 2405113
508 2405114
505 2405114
509 2405115
508 2405116
508 2405116
523 2405117
508 2405118
509 2405118
507 2405119
509 2405119
505 2405120
500 2405120
508 2405121
511 2405122
507 2405122
506 2405123
506 2405123
508 2405124
508 2405124
509 2405125
506 2405126
507 2405126
506 2405127
509 2405127
507 2405128
506 2405129
509 2405129
510 2405130
507 2405131
506 2405131
507 2405135
507 2405135
511 2405136
507 2405137
507 2405137
507 2405140
507 2405140
509 2405141
506 2405214
505 2405215
508 2405215
510 2405216
508 2405217
506 2405217
509 2405218
511 2405219
507 2405220
507 2405222
505 2405222
508 2405316
508 2405317
508 2405317
509 2405318
511 2405318
507 2405319
513 2405320
509 2405320
506 2405331
508 2405334
509 2405334
503 2405522
507 2405523
508 2405523
507 2405524
507 2405525
507 2405525
508 2405526
507 2405527
504 2405527
506 2405528
508 2405528
505 2405529
508 2405530
512 2405530
509 2405531
506 2405531
509 2405532
510 2405532
511 2405538
503 2405538
506 2405572
507 2405576
511 2405576
507 2405577
509 2405588
509 2405608
506 2405608
510 2405624
505 2405646
505 2405661
510 2405702
509 2405703
508 2405703
504 2405704
507 2405705
510 2405705
507 2405729
509 2405729
511 2405739
509 2405739
511 2405746
510 2405756
506 2405779
506 2405779
508 2405799
510 2405800
506 2405806
509 2405820
509 2406219
509 2406219
509 2406220
506 2406221
507 2406221
510 2406222
508 2406223
506 2406223
507 2406224
509 2406225
510 2406225
509 2406226
509 2406227
505 2406227
509 2406228
509 2406228
506 2406229
507 2406230
506 2406230
506 2406231
506 2406231
507 2406232
506 2406232
511 2406233
508 2406233
512 2406234
510 2406235
507 2406235
508 2406236
507 2406236
506 2406237
504 2406237
507 2406238
504 2406238
508 2406239
509 2406239
507 2406240
507 2406240
510 2406241
509 2406243
508 2406243
509 2406246
507 2406256
508 2406278
510 2406278
508 2406297
508 2406308
508 2406308
504 2406346
505 2406352
509 2406356
508 2406356
508 2406357
507 2406386
507 2406386
506 2406387
511 2406423
508 2406424
504 2406429
507 2406429
509 2406436
508 2406458
505 2406459
510 2406465
512 2406477
510 2406486
507 2406523
506 2406523
506 2406526
504 2406617
511 2406618
504 2406618
508 2406619
507 2406620
508 2406622
509 2406623
508 2406624
507 2406624
508 2406627
508 2406627
506 2406720
507 2406721
506 2406721
509 2406722
513 2406723
510 2406723
507 2406724
505 2406725
505 2406727
507 2406729
509 2406801
507 2406802
507 2406803
508 2406803
511 2406804
509 2406805
508 2406807
507 2406809
506 2406828
507 2406829
507 2406836
503 2406898
512 2406898
507 2406899
506 2406903
508 2406904
510 2407016
509 2407017
509 2407017
505 2407018
506 2407019
510 2407021
510 2407022
504 2407028
508 2407028
510 2407031
508 2407031
506 2407032
505 2407118
510 2407119
506 2407119
512 2407120
513 2407121
506 2407122
505 2407122
517 2407123
507 2407124
513 2407124
514 2407127
513 2407220
504 2407221
505 2407221
505 2407222
508 2407224
503 2407225
505 2407225
504 2407228
507 2407229
505 2407426
508 2407427
507 2407427
509 2407428
506 2407429
507 2407429
508 2407430
507 2407430
505 2407431
503 2407431
508 2407432
507 2407432
510 2407438
509 2407439
507 2407439
508 2407440
509 2407441
507 2407441
508 2407442
512 2407442
508 2407443
509 2407445
509 2407445
510 2407546
507 2407547
510 2407548
508 2407548
509 2407551
507 2407551
510 2407552
506 2407553
509 2407553
509 2407554
508 2407557
507 2407566
507 2407576
508 2407598
512 2407598
508 2407619
506 2407619
506 2407636
508 2407646
508 2407681
507 2407683
507 2407685
508 2407688
508 2407709
508 2407709
509 2407719
508 2407726
507 2407736
510 2407758
511 2407758
510 2407791
508 2407793
508 2407795
510 2407808
506 2407808
510 2407841
509 2407843
508 2407843
506 2407924
508 2407924
505 2407925
508 2407925
509 2407926
507 2407926
506 2407927
506 2407927
508 2407938
509 2407939
506 2407971
508 2407973
508 2407973
511 2408002
508 2408002
506 2408005
509 2408025
509 2408115
509 2408116
507 2408116
507 2408117
508 2408118
510 2408118
508 2408119
508 2408119
507 2408120
508 2408121
508 2408127
509 2408165
509 2408165
510 2408168
509 2408168
510 2408502
507 2408502
507 2408503
509 2408504
508 2408504
508 2408505
508 2408505
507 2408506
505 2408506
509 2408507
507 2408507
509 2408508
507 2408527
513 2408529
507 2408529
510 2408530
509 2408531
510 2408532
510 2408532
507 2408533
507 2408534
505 2408534
511 2408535
511 2408535
512 2408536
507 2408536
507 2408537
507 2408538
500 2408538
500 2408539
505 2408540
504 2408540
507 2408541
514 2408544
501 2408544
507 2408545
509 2408548
507 2408549
503 2408581
512 2408581
508 2408584
511 2408902
509 2408903
507 2408903
507 2408904
505 2408905
503 2408905
507 2408906
507 2408907
509 2408907
506 2408908
514 2408908
503 2408909
507 2408909
506 2408910
508 2408911
506 2408912
507 2408912
509 2408913
506 2408913
507 2408914
508 2408914
507 2408915
508 2408915
508 2408916
508 2408916
507 2408917
506 2408917
508 2408918
508 2408918
509 2408919
509 2408919
509 2408922
506 2408922
507 2408923
507 2409018
507 2409019
507 2409019
507 2409020
508 2409021
508 2409021
510 2409022
510 2409023
508 2409025
507 2409120
508 2409120
508 2409121
509 2409122
508 2409122
509 2409123
508 2409123
511 2409124
507 2409124
506 2409125
528 2409128
501 2409157
510 2409197
518 2409198
508 2409200
504 2409200
511 2409201
509 2409314
507 2409314
506 2409315
507 2409316
508 2409316
506 2409317
507 2409317
508 2409318
515 2409318
505 2409319
506 2409322
505 2409322
526 2409325
507 2409351
508 2409353
510 2409353
514 2409519
509 2409520
506 2409521
504 2409521
510 2409522
505 2409523
507 2409524
511 2409524
506 2409525
508 2409526
508 2409527
509 2409527
508 2409528
509 2409529
506 2409529
508 2409530
501 2409533
509 2409534
498 2409727
507 2409728
513 2409728
503 2409729
508 2409730
505 2409730
507 2409731
497 2409732
508 2409732
509 2409733
507 2409733
512 2409734
510 2409734
508 2409735
512 2409735
505 2409736
506 2409736
507 2409737
506 2409738
507 2409743
509 2409806
509 2409808
508 2409809
506 2409809
506 2409810
509 2409810
511 2409916
507 2409916
506 2409917
512 2409918
508 2409918
506 2409919
506 2409919
509 2409920
509 2409921
510 2409935
506 2409935
509 2409937
506 2409938
510 2410121
509 2410122
508 2410122
510 2410123
510 2410124
505 2410125
513 2410125
507 2410126
505 2410127
507 2410128
509 2410128
503 2410129
506 2410129
507 2410130
506 2410130
507 2410131
505 2410131
509 2410132
508 2410144
508 2410144
501 2410147
512 2410223
504 2410224
509 2410225
507 2410225
505 2410226
505 2410226
507 2410227
508 2410230
501 2410325
508 2410326
507 2410327
512 2410328
509 2410328
509 2410329
505 2410330
511 2410331
504 2410331
511 2410332
506 2410333
511 2410348
517 2410349
512 2410378
506 2410379
501 2410398
514 2410399
503 2410432
516 2410433
509 2410435
515 2410461
509 2410462
506 2410464
511 2410480
508 2410480
509 2410481
508 2410510
506 2410512
507 2410517
508 2410528
507 2410529
506 2410535
510 2410558
509 2410559
508 2410578
507 2410579
509 2410586
508 2410608
504 2410609
507 2410625
508 2410635
505 2410670
503 2410673
510 2410678
506 2410679
511 2410686
509 2410695
507 2410705
506 2410715
509 2410725
502 2410735
506 2410745
509 2410755
507 2410771
510 2410775
507 2410787
508 2410796
504 2410805
509 2410815
506 2410826
508 2410835
513 2410845
514 2410855
510 2410872
506 2410874
506 2410903
508 2410903
506 2410906
512 2410925
503 2410925
513 2410935
514 2410945
504 2410955
514 2410966
507 2410976
510 2410986
516 2410995
503 2411005
488 2411028
531 2411029
516 2411041
518 2411050
506 2411055
527 2411065
521 2411075
503 2411085
515 2411095
513 2411106
502 2411115
507 2411125
509 2411135
505 2411225
503 2411226
511 2411227
508 2411228
508 2411229
505 2411230
517 2411231
504 2411231
502 2411232
506 2411234
515 2411405
508 2411405
500 2411406
501 2411406
507 2411407
506 2411407
509 2411408
510 2411408
507 2411409
509 2411409
510 2411410
512 2411410
506 2411411
518 2411411
506 2411412
511 2411412
508 2411429
507 2411430
510 2411447
514 2411448
505 2411824
506 2411824
509 2411825
510 2411826
505 2411826
519 2411827
510 2411828
508 2411828
509 2411829
510 2411830
512 2411830
506 2411831
510 2411831
509 2411831
508 2411832
510 2411832
507 2411833
509 2411833
506 2411833
511 2411834
508 2411834
509 2411835
506 2411835
509 2411835
508 2411836
506 2411836
510 2411837
509 2411837
508 2411837
507 2411838
508 2411838
505 2411839
508 2411839
508 2411839
506 2411840
509 2411840
508 2411842
507 2411842
508 2411843
510 2411845
509 2411856
509 2411878
509 2411878
508 2411898
506 2411898
507 2411906
509 2411916
509 2411926
508 2411953
508 2411953
508 2411956
510 2412020
511 2412021
507 2412021
504 2412022
509 2412022
512 2412040
521 2412042
502 2412044
505 2412059
504 2412059
504 2412079
512 2412080
508 2412086
509 2412106
508 2412116
507 2412126
511 2412145
508 2412145
505 2412226
505 2412229
510 2412230
507 2412231
505 2412232
503 2412233
508 2412299
510 2412299
509 2412302
513 2412328
502 2412328
506 2412329
505 2412330
508 2412331
511 2412331
510 2412332
510 2412333
507 2412333
500 2412336
507 2412412
501 2412412
505 2412413
509 2412414
495 2412414
521 2412415
508 2412417
506 2412420
519 2412515
506 2412515
517 2412516
505 2412517
505 2412517
504 2412518
512 2412519
506 2412519
504 2412520
502 2412521
508 2412720
513 2412720
515 2412721
500 2412721
504 2412722
509 2412722
508 2412723
505 2412723
507 2412724
511 2412724
511 2412724
507 2412725
511 2412725
509 2412726
506 2412726
506 2412727
507 2412727
504 2412728
507 2412728
509 2412728
505 2412773
