510 1887036
505 1887040
508 1887040
509 1887040
509 1887041
509 1887041
507 1887041
509 1887041
511 1887042
507 1887042
507 1887042
507 1887042
508 1887042
509 1887043
510 1887043
511 1887043
509 1887043
508 1887043
510 1887044
505 1887044
508 1887044
508 1887044
509 1887044
509 1887044
510 1887049
510 1887049
512 1887049
508 1887050
505 1887050
508 1887050
509 1887050
510 1887050
508 1887050
507 1887051
510 1887051
509 1887051
509 1887051
509 1887051
508 1887051
509 1887052
509 1887052
509 1887052
507 1887052
509 1887052
508 1887052
509 1887053
509 1887053
510 1887055
508 1887055
509 1887055
508 1887055
508 1887055
509 1887055
511 1887056
508 1887058
512 1887058
510 1887058
509 1887058
510 1887058
508 1887058
512 1887059
505 1887059
512 1887059
512 1887059
507 1887068
512 1887069
510 1887097
507 1887119
510 1887127
507 1887127
508 1887137
506 1887189
509 1887189
510 1887220
509 1887227
509 1887248
508 1887250
510 1887257
507 1887267
508 1887277
507 1887287
507 1887295
509 1887307
509 1887317
509 1887325
514 1887349
508 1887349
504 1887357
512 1887392
511 1887397
509 1887397
508 1887399
510 1887408
508 1887417
515 1887427
509 1887435
507 1887447
508 1887457
509 1887465
508 1887476
511 1887487
505 1887495
509 1887519
512 1887519
509 1887526
507 1887535
508 1887547
508 1887557
511 1887565
510 1887577
507 1887587
511 1887595
507 1887607
498 1887617
504 1887625
514 1887637
515 1887647
521 1887655
502 1887679
524 1887679
485 1887687
500 1887695
528 1887707
503 1887716
493 1887726
507 1887737
508 1887747
513 1887756
510 1887767
508 1887777
513 1887786
511 1887797
510 1887807
503 1887815
508 1887827
508 1887837
510 1887845
508 1887857
509 1887867
507 1887875
513 1887887
509 1887896
500 1887905
507 1887916
505 1887927
506 1887935
507 1887947
508 1887957
509 1887966
517 1887977
514 1887987
504 1887995
508 1888007
508 1888017
506 1888025
512 1888050
513 1888050
506 1888056
510 1888065
509 1888076
511 1888086
507 1888095
511 1888106
519 1888117
522 1888125
497 1888137
521 1888147
514 1888174
506 1888176
508 1888187
508 1888198
518 1888231
507 1888233
502 1888237
507 1888237
506 1888246
514 1888256
508 1888265
511 1888276
507 1888287
508 1888295
507 1888307
507 1888317
511 1888325
515 1888337
510 1888347
512 1888355
508 1888366
509 1888377
507 1888398
510 1888399
510 1888407
509 1888418
513 1888426
509 1888436
515 1888446
508 1888457
504 1888467
508 1888475
512 1888487
509 1888497
509 1888505
507 1888517
510 1888527
513 1888535
510 1888559
507 1888559
508 1888567
511 1888575
507 1888587
509 1888597
508 1888605
508 1888617
513 1888627
508 1888635
511 1888647
509 1888657
508 1888665
511 1888677
510 1888700
508 1888700
511 1888705
512 1888717
509 1888727
510 1888735
507 1888747
511 1888757
510 1888765
510 1888777
508 1888786
508 1888795
509 1888807
509 1888829
506 1888829
508 1888835
511 1888847
510 1888869
510 1888869
509 1888875
511 1888887
510 1888897
510 1888915
509 1888927
506 1888937
509 1888945
509 1888957
506 1888967
511 1888975
509 1888986
509 1888997
510 1889005
508 1889030
508 1889030
510 1889037
507 1889070
509 1889072
507 1889078
510 1889078
510 1889087
512 1889097
508 1889107
507 1889115
507 1889127
508 1889137
512 1889145
505 1889157
509 1889167
509 1889175
510 1889187
509 1889197
507 1889205
509 1889217
508 1889227
507 1889235
507 1889247
510 1889257
510 1889265
510 1889277
505 1889287
508 1889294
506 1889306
509 1889317
508 1889541
507 1889541
511 1889541
509 1889542
514 1889542
507 1889542
505 1889543
508 1889543
511 1889543
508 1889543
510 1889544
510 1889544
508 1889544
508 1889545
508 1889545
510 1889545
506 1889545
511 1889545
509 1889546
506 1889546
508 1889546
509 1889546
510 1889549
509 1889569
508 1889569
508 1889577
506 1889599
511 1889599
510 1889607
508 1889768
510 1889768
511 1889768
510 1889768
511 1889769
507 1889769
512 1889769
507 1889769
508 1889769
508 1889769
508 1889770
508 1889770
512 1889770
511 1889770
509 1889770
509 1889777
510 1889799
507 1889799
512 1889805
507 1889816
512 1889839
507 1889839
508 1890062
508 1890063
513 1890063
510 1890063
506 1890064
511 1890064
510 1890064
509 1890065
504 1890065
512 1890065
512 1890065
510 1890066
506 1890066
512 1890066
515 1890066
508 1890066
503 1890067
510 1890067
512 1890067
503 1890067
512 1890067
507 1890068
506 1890070
503 1890077
504 1890087
504 1890097
507 1890107
512 1890266
507 1890267
510 1890267
512 1890267
505 1890267
508 1890267
509 1890268
511 1890268
508 1890268
511 1890268
512 1890268
508 1890268
507 1890291
511 1890291
516 1890293
505 1890294
513 1890296
511 1890296
508 1890309
510 1890309
509 1890316
502 1890559
502 1890560
515 1890560
499 1890561
518 1890561
509 1890561
512 1890561
517 1890562
514 1890562
511 1890562
520 1890563
520 1890563
508 1890563
513 1890563
504 1890564
516 1890564
506 1890564
506 1890564
506 1890566
510 1890566
510 1890566
508 1890566
510 1890567
508 1890580
510 1890580
507 1890586
509 1890770
507 1890770
508 1890770
507 1890771
507 1890771
511 1890771
515 1890771
509 1890772
520 1890772
516 1890772
499 1890772
511 1890773
511 1890773
515 1890773
508 1890773
490 1890773
509 1890774
520 1890774
510 1890789
504 1890789
508 1890797
509 1891552
510 1891552
506 1891553
509 1891553
512 1891553
511 1891553
497 1891554
483 1891554
486 1891554
501 1891554
496 1891555
512 1891555
509 1891555
512 1891555
514 1891556
516 1891556
511 1891556
508 1891557
508 1891557
510 1891557
508 1891558
511 1891558
509 1891558
512 1891559
510 1891559
511 1891559
512 1891559
511 1891560
512 1891560
496 1891560
496 1891560
506 1891560
525 1891560
509 1891561
492 1891561
509 1891561
519 1891561
523 1891561
510 1891561
507 1891562
510 1891562
508 1891562
510 1891562
508 1891562
507 1891563
505 1891563
512 1891565
508 1891565
512 1891565
507 1891566
508 1891566
507 1891566
512 1891567
508 1891567
508 1891567
506 1891568
514 1891568
513 1891568
512 1891568
512 1891569
507 1891569
505 1891569
510 1891569
508 1891570
506 1891570
499 1891570
506 1891570
505 1891570
493 1891570
509 1891571
516 1891571
504 1891571
509 1891571
511 1891571
508 1891574
508 1891574
511 1891589
509 1891589
510 1891597
511 1891606
505 1891617
505 1891769
510 1891769
508 1891769
507 1891770
507 1891770
511 1891770
509 1891770
510 1891770
508 1891771
507 1891771
507 1891771
506 1891771
509 1891771
508 1891772
510 1891772
509 1891776
511 1891786
510 1892041
508 1892041
512 1892042
506 1892042
507 1892042
512 1892042
515 1892043
504 1892043
505 1892043
510 1892044
506 1892044
513 1892044
506 1892044
510 1892045
512 1892045
511 1892045
508 1892045
512 1892046
511 1892046
511 1892046
517 1892046
507 1892047
509 1892047
512 1892047
509 1892059
508 1892059
510 1892067
507 1892558
510 1892558
512 1892559
506 1892559
510 1892560
506 1892560
504 1892560
509 1892561
509 1892561
508 1892561
513 1892561
507 1892562
508 1892562
510 1892562
509 1892563
510 1892563
514 1892563
513 1892563
510 1892564
507 1892564
506 1892564
512 1892564
503 1892564
508 1892565
510 1892565
506 1892565
510 1892565
507 1892566
509 1892566
509 1892566
511 1892566
512 1892566
504 1892567
508 1892567
507 1892567
500 1892567
508 1892567
504 1892567
508 1892568
513 1892568
502 1892568
505 1892568
511 1892569
503 1892569
511 1892569
509 1892569
505 1892569
504 1892570
508 1892570
510 1892572
510 1892577
510 1892599
503 1892599
507 1892606
511 1892627
504 1892750
507 1892750
506 1892750
512 1892751
507 1892751
513 1892751
508 1892751
511 1892752
511 1892752
507 1892752
507 1892752
510 1892759
512 1892759
515 1892766
512 1893772
505 1893773
507 1893773
508 1893773
504 1893773
511 1893774
507 1893774
511 1893774
509 1893774
508 1893775
511 1893775
508 1893775
510 1893775
511 1893776
508 1893776
506 1893776
509 1893777
507 1893777
508 1893777
510 1893777
509 1893777
508 1893778
510 1893778
509 1893778
507 1893778
508 1893778
506 1893779
510 1893779
510 1893779
512 1893779
508 1893779
512 1893780
511 1893780
508 1893780
511 1893780
508 1893780
510 1893781
511 1893781
509 1893781
511 1893781
513 1893782
511 1893782
506 1893782
509 1893782
506 1893782
515 1893783
508 1893783
509 1893783
511 1893783
514 1893784
499 1893784
504 1893784
511 1893784
516 1893784
514 1893785
515 1893785
516 1893785
508 1893785
515 1893785
511 1893785
507 1893786
509 1893786
511 1893786
515 1893786
504 1893786
506 1893786
504 1893787
507 1893788
507 1893788
510 1893788
507 1893788
510 1893788
510 1893789
507 1893789
509 1893789
506 1893789
508 1893789
513 1893789
509 1893799
507 1893799
505 1893799
508 1893800
508 1893800
506 1893800
510 1893800
508 1893801
512 1893801
509 1893801
510 1893801
506 1893802
510 1893802
509 1893802
512 1893802
510 1893803
511 1893803
519 1893803
491 1893803
493 1893804
508 1893805
512 1893805
520 1893806
528 1893819
502 1893819
512 1893839
507 1893839
507 1893847
499 1893857
501 1894052
513 1894052
507 1894053
511 1894053
505 1894054
512 1894054
512 1894054
509 1894055
509 1894055
506 1894055
506 1894056
509 1894056
508 1894056
515 1894057
508 1894057
515 1894057
509 1894057
499 1894058
503 1894060
516 1894060
507 1894079
510 1894079
504 1894270
511 1894271
510 1894271
515 1894271
507 1894271
507 1894271
510 1894271
506 1894272
511 1894272
506 1894272
514 1894272
509 1894272
514 1894273
508 1894273
513 1894273
510 1894273
506 1894273
502 1894274
504 1894291
509 1894293
512 1894295
511 1894539
519 1894540
514 1894540
504 1894541
512 1894541
503 1894541
505 1894541
509 1894542
504 1894542
509 1894542
509 1894543
507 1894543
507 1894543
511 1894544
513 1894544
507 1894544
507 1894544
510 1894545
510 1894564
508 1894564
506 1894565
507 1894565
511 1894565
507 1894565
508 1894566
505 1894568
511 1894568
508 1894591
507 1894593
505 1894595
507 1894607
514 1894629
508 1894629
509 1895062
510 1895063
508 1895063
510 1895063
508 1895064
506 1895064
508 1895064
508 1895065
509 1895065
509 1895065
511 1895066
508 1895066
508 1895066
508 1895067
504 1895067
508 1895067
508 1895067
509 1895068
508 1895068
507 1895068
509 1895068
508 1895069
509 1895069
512 1895069
503 1895069
515 1895070
510 1895070
509 1895070
503 1895070
511 1895071
504 1895071
511 1895071
512 1895071
503 1895072
502 1895072
514 1895072
514 1895073
510 1895073
517 1895073
511 1895073
516 1895073
503 1895074
505 1895076
495 1895076
511 1895089
512 1895089
512 1895096
512 1895120
504 1895120
507 1895139
512 1895140
513 1895265
510 1895265
507 1895265
512 1895266
504 1895266
506 1895266
512 1895266
507 1895266
516 1895266
506 1895267
513 1895267
510 1895282
511 1895284
510 1895284
511 1895300
512 1895300
511 1895332
510 1895334
512 1895334
511 1895552
508 1895552
508 1895553
510 1895553
516 1895553
512 1895554
510 1895554
511 1895554
511 1895555
507 1895555
507 1895555
509 1895555
506 1895556
509 1895556
506 1895556
508 1895557
514 1895557
510 1895557
508 1895557
504 1895558
513 1895560
509 1895560
503 1895580
508 1895581
512 1895599
506 1895599
512 1895606
502 1895616
513 1895763
509 1895763
510 1895764
511 1895764
512 1895764
508 1895764
508 1895764
512 1895765
507 1895773
514 1895774
508 1895774
507 1895774
510 1895774
507 1895774
507 1895777
510 1895789
512 1895789
508 1895809
508 1895809
508 1895829
506 1895829
511 1895837
509 1896268
510 1896268
508 1896268
509 1896269
508 1896269
508 1896269
507 1896269
508 1896269
509 1896270
508 1896270
509 1896270
510 1896270
511 1896270
509 1896270
509 1896271
509 1896271
506 1896271
509 1896271
509 1896271
509 1896272
511 1896272
512 1896272
510 1896272
509 1896272
508 1896272
511 1896273
509 1896273
509 1896273
510 1896273
510 1896273
520 1896274
511 1896274
508 1896274
510 1896274
506 1896274
507 1896275
507 1896275
508 1896275
510 1896275
509 1896275
511 1896276
510 1896276
507 1896276
496 1896278
506 1896299
508 1896299
507 1896319
513 1896319
507 1896339
510 1896339
502 1896357
511 1896537
516 1896537
512 1896537
514 1896537
509 1896538
507 1896538
510 1896538
506 1896538
508 1896538
506 1896539
511 1896539
510 1896539
517 1896539
505 1896539
513 1896540
511 1896540
510 1896540
506 1896540
498 1896546
512 1896569
509 1896569
505 1896766
510 1896766
505 1896766
507 1896766
510 1896767
507 1896767
509 1896767
509 1896767
509 1896767
506 1896767
505 1896767
511 1896768
512 1896768
511 1896768
507 1896768
498 1896768
505 1896774
509 1896774
503 1896775
510 1896779
507 1896779
509 1896786
510 1897061
510 1897061
508 1897062
507 1897062
509 1897063
508 1897063
509 1897063
509 1897063
510 1897064
510 1897064
510 1897065
508 1897065
507 1897065
509 1897065
510 1897066
508 1897066
508 1897066
507 1897067
509 1897067
511 1897067
510 1897067
506 1897068
507 1897068
510 1897068
513 1897068
507 1897069
507 1897092
511 1897092
513 1897094
508 1897109
508 1897109
508 1897129
507 1897129
507 1897149
508 1897149
509 1897264
508 1897264
511 1897264
508 1897265
510 1897265
512 1897265
510 1897265
507 1897266
511 1897266
511 1897278
512 1897296
511 1897296
509 1897298
507 1897298
508 1897309
509 1897309
513 1897317
508 1897558
498 1897558
508 1897559
515 1897559
511 1897559
503 1897560
506 1897560
508 1897560
508 1897561
511 1897561
503 1897561
509 1897561
509 1897562
510 1897562
508 1897562
506 1897563
509 1897563
506 1897563
513 1897563
508 1897564
509 1897564
507 1897564
505 1897564
507 1897565
508 1897567
506 1897590
508 1897590
508 1897748
508 1897748
510 1897748
511 1897749
511 1897749
509 1897749
508 1897749
509 1897749
507 1897749
508 1897750
510 1897750
507 1897750
514 1897750
516 1897750
511 1897750
509 1897757
507 1897779
508 1897779
509 1898058
506 1898058
509 1898058
510 1898059
511 1898059
509 1898059
506 1898060
511 1898060
508 1898060
509 1898061
506 1898061
510 1898061
513 1898062
513 1898062
514 1898062
506 1898062
510 1898063
512 1898063
509 1898063
507 1898064
511 1898064
506 1898064
507 1898064
508 1898065
512 1898065
509 1898067
510 1898067
503 1898067
512 1898079
508 1898079
507 1898097
511 1898106
508 1898128
515 1898128
510 1898261
509 1898261
508 1898261
512 1898262
510 1898262
506 1898262
508 1898262
509 1898262
509 1898262
504 1898263
507 1898263
509 1898263
505 1898263
506 1898263
510 1898292
511 1898296
511 1898296
508 1898298
506 1898306
508 1898329
508 1898329
509 1898763
510 1898763
510 1898763
509 1898763
514 1898763
509 1898763
506 1898763
507 1898764
509 1898764
509 1898764
511 1898764
510 1898764
509 1898764
511 1898765
511 1898765
508 1898765
507 1898765
510 1898765
508 1898765
510 1898766
509 1898766
508 1898766
508 1898766
507 1898766
510 1898766
509 1898767
509 1898767
507 1898767
510 1898767
509 1898767
511 1898767
506 1898767
511 1898768
511 1898768
513 1898768
508 1898768
512 1898768
501 1898768
509 1898770
517 1898770
506 1898770
499 1898772
524 1898772
503 1898789
507 1898789
527 1898797
512 1898819
504 1898819
517 1898839
506 1898839
502 1899262
507 1899262
503 1899262
497 1899262
512 1899263
517 1899263
512 1899263
511 1899263
510 1899263
513 1899263
507 1899264
507 1899264
507 1899264
507 1899264
509 1899264
504 1899264
506 1899265
511 1899265
508 1899265
513 1899265
505 1899265
506 1899265
512 1899266
508 1899266
512 1899266
512 1899266
508 1899266
509 1899266
508 1899267
507 1899267
508 1899267
506 1899267
512 1899267
508 1899267
508 1899268
506 1899268
507 1899268
515 1899268
510 1899271
506 1899271
508 1899271
513 1899274
519 1899276
514 1899297
510 1899558
509 1899558
511 1899559
509 1899559
507 1899559
508 1899560
508 1899560
508 1899561
508 1899561
509 1899561
508 1899562
509 1899562
508 1899562
511 1899562
506 1899563
506 1899563
509 1899563
509 1899563
508 1899564
508 1899564
512 1899564
509 1899564
506 1899564
509 1899565
509 1899565
509 1899565
511 1899565
501 1899568
508 1899577
512 1899599
504 1899599
505 1899607
509 1899629
508 1899629
512 1899747
512 1899747
507 1899747
505 1899747
512 1899748
530 1899748
503 1899748
508 1899748
507 1899748
507 1899748
508 1899749
512 1899765
510 1899766
509 1899766
509 1899789
510 1899789
508 1899797
511 1899819
510 1899819
511 1899827
506 1899838
508 1899847
510 1899890
509 1899890
509 1900771
508 1900771
512 1900771
510 1900771
510 1900771
509 1900772
511 1900772
508 1900772
514 1900772
509 1900772
509 1900772
510 1900773
511 1900773
500 1900773
509 1900773
511 1900773
506 1900773
510 1900774
510 1900774
509 1900774
509 1900774
507 1900774
512 1900774
513 1900774
509 1900775
510 1900775
511 1900775
510 1900775
504 1900775
509 1900776
510 1900776
508 1900776
509 1900776
508 1900776
508 1900776
511 1900777
509 1900777
510 1900777
507 1900777
508 1900777
511 1900777
509 1900778
508 1900778
509 1900778
511 1900778
509 1900778
508 1900778
508 1900778
509 1900779
509 1900779
511 1900779
509 1900779
509 1900779
509 1900779
511 1900780
508 1900780
507 1900780
507 1900780
507 1900780
509 1900780
509 1900781
509 1900781
510 1900781
512 1900781
506 1900781
510 1900781
508 1900782
510 1900782
508 1900782
511 1900782
510 1900782
509 1900783
509 1900783
508 1900783
508 1900783
508 1900783
507 1900784
507 1900784
510 1900800
509 1900800
511 1900800
511 1900801
510 1900801
507 1900801
508 1900801
510 1900801
509 1900802
509 1900804
508 1900804
508 1900826
511 1900826
509 1900828
510 1900828
507 1901264
507 1901265
507 1901265
511 1901265
506 1901265
508 1901265
510 1901265
510 1901266
509 1901266
508 1901266
507 1901266
510 1901266
509 1901266
508 1901267
510 1901267
510 1901267
508 1901267
510 1901267
508 1901267
509 1901268
509 1901268
509 1901268
509 1901268
510 1901268
512 1901268
502 1901268
503 1901269
515 1901269
511 1901269
505 1901269
513 1901269
514 1901269
507 1901270
508 1901270
515 1901270
509 1901270
505 1901270
507 1901270
510 1901271
510 1901271
511 1901271
511 1901271
510 1901277
508 1901304
507 1901304
511 1901305
507 1901306
506 1901321
510 1901324
509 1901324
507 1901534
510 1901534
511 1901534
504 1901535
509 1901535
509 1901535
514 1901535
503 1901536
514 1901536
509 1901536
504 1901536
508 1901537
512 1901537
506 1901537
507 1901537
512 1901538
508 1901538
507 1901538
505 1901538
507 1901551
510 1901551
510 1901553
507 1901569
508 1901570
509 1901588
503 1901589
507 1901596
516 1901750
508 1901751
509 1901751
511 1901751
496 1901751
502 1901751
508 1901760
510 1901760
519 1901760
512 1901760
510 1901761
508 1901761
506 1901761
509 1901761
507 1901761
508 1901763
510 1901779
506 1901779
511 1901786
510 1901796
509 1901806
513 1902053
510 1902053
512 1902054
506 1902054
511 1902055
509 1902055
509 1902055
503 1902056
511 1902056
508 1902056
515 1902057
508 1902057
506 1902057
512 1902057
507 1902058
510 1902058
510 1902058
509 1902058
511 1902059
509 1902059
509 1902059
507 1902059
508 1902060
511 1902061
510 1902061
509 1902066
505 1902077
503 1902099
513 1902099
506 1902107
503 1902281
517 1902281
499 1902281
509 1902282
503 1902282
518 1902282
521 1902282
510 1902282
505 1902282
512 1902283
507 1902283
504 1902283
524 1902283
511 1902283
523 1902284
521 1902289
504 1902289
516 1902296
518 1902766
505 1902766
517 1902766
518 1902766
507 1902767
517 1902767
503 1902767
512 1902767
508 1902767
507 1902767
510 1902768
507 1902768
510 1902768
507 1902768
512 1902768
507 1902768
511 1902769
509 1902769
511 1902769
508 1902769
508 1902769
508 1902769
508 1902769
510 1902770
509 1902770
507 1902770
509 1902770
508 1902770
507 1902770
509 1902771
509 1902771
509 1902771
507 1902771
510 1902771
507 1902771
510 1902772
509 1902772
508 1902772
510 1902772
508 1902772
509 1902772
511 1902772
509 1902773
510 1902773
511 1902773
508 1902773
508 1902773
509 1902781
509 1902793
509 1902797
509 1902819
509 1902819
509 1902827
510 1902846
509 1902846
509 1902869
510 1902869
512 1902876
509 1903265
510 1903265
508 1903265
510 1903265
511 1903266
511 1903266
508 1903266
511 1903266
511 1903266
510 1903266
509 1903267
509 1903267
509 1903267
513 1903267
508 1903267
507 1903267
508 1903268
507 1903268
511 1903268
509 1903268
511 1903268
507 1903268
509 1903269
510 1903269
509 1903269
508 1903269
509 1903269
507 1903270
507 1903270
505 1903270
507 1903270
514 1903270
513 1903270
510 1903271
509 1903271
509 1903271
510 1903271
509 1903279
508 1903279
513 1903298
510 1903298
512 1903535
508 1903535
508 1903535
510 1903535
507 1903536
510 1903536
510 1903536
508 1903536
511 1903536
512 1903536
509 1903537
507 1903537
510 1903537
507 1903537
507 1903537
508 1903537
510 1903537
509 1903538
513 1903538
508 1903538
508 1903538
509 1903538
508 1903544
510 1903544
509 1903547
510 1903557
510 1905047
510 1905048
508 1905048
511 1905049
512 1905049
508 1905049
507 1905049
511 1905050
508 1905050
510 1905050
512 1905051
508 1905051
509 1905051
511 1905051
510 1905052
508 1905052
508 1905052
510 1905052
508 1905053
511 1905053
512 1905053
507 1905053
505 1905053
511 1905054
510 1905054
510 1905054
510 1905054
510 1905054
511 1905055
505 1905055
506 1905055
505 1905055
512 1905055
507 1905056
509 1905056
511 1905056
506 1905056
508 1905056
509 1905057
502 1905057
507 1905057
507 1905057
510 1905057
509 1905058
509 1905058
511 1905058
509 1905059
512 1905059
509 1905059
505 1905059
507 1905059
510 1905059
508 1905060
508 1905060
512 1905060
507 1905060
511 1905060
510 1905060
507 1905061
513 1905061
504 1905061
509 1905061
508 1905061
507 1905061
508 1905061
509 1905062
511 1905062
507 1905062
506 1905062
505 1905062
510 1905062
509 1905063
509 1905063
510 1905063
508 1905063
509 1905063
508 1905063
507 1905064
508 1905064
512 1905064
507 1905064
508 1905064
508 1905064
509 1905064
508 1905065
509 1905065
509 1905065
510 1905065
509 1905065
508 1905065
507 1905066
508 1905066
510 1905066
508 1905066
508 1905066
508 1905066
507 1905067
510 1905067
508 1905067
509 1905067
510 1905067
511 1905067
511 1905068
507 1905068
509 1905068
508 1905068
509 1905068
509 1905068
511 1905069
510 1905069
508 1905069
510 1905069
510 1905069
507 1905070
507 1905070
508 1905070
510 1905070
510 1905070
507 1905071
509 1905071
510 1905071
509 1905071
508 1905071
510 1905259
511 1905259
509 1905259
496 1905260
508 1905260
497 1905260
508 1905261
507 1905261
512 1905261
513 1905261
509 1905262
509 1905262
509 1905262
509 1905263
510 1905263
506 1905263
510 1905263
507 1905263
508 1905264
509 1905264
510 1905264
508 1905264
508 1905265
509 1905265
511 1905267
510 1905267
506 1905267
507 1905267
509 1905267
506 1905268
512 1905268
504 1905268
516 1905268
512 1905268
502 1905269
506 1905269
508 1905269
518 1905269
519 1905269
502 1905269
514 1905270
504 1905270
510 1905270
513 1905270
510 1905270
508 1905276
506 1905286
507 1905296
506 1905306
512 1905536
519 1905537
501 1905537
530 1905537
505 1905538
492 1905538
510 1905538
510 1905539
516 1905539
507 1905539
512 1905539
512 1905540
513 1905540
515 1905540
509 1905540
505 1905541
505 1905541
509 1905541
507 1905541
505 1905541
511 1905541
508 1905542
508 1905549
512 1905549
508 1905569
505 1905569
502 1906052
516 1906053
524 1906053
507 1906053
495 1906054
501 1906054
521 1906055
519 1906055
505 1906055
513 1906056
507 1906056
509 1906056
505 1906057
510 1906057
510 1906057
507 1906058
510 1906058
508 1906058
505 1906058
509 1906059
508 1906059
508 1906059
510 1906059
509 1906060
510 1906060
505 1906060
509 1906060
518 1906061
516 1906061
510 1906061
509 1906061
504 1906061
510 1906062
511 1906062
511 1906062
510 1906062
510 1906062
511 1906062
502 1906063
513 1906063
510 1906063
509 1906063
508 1906063
508 1906064
508 1906064
509 1906064
512 1906064
507 1906066
510 1906066
512 1906076
510 1906086
510 1906096
505 1906106
508 1906270
510 1906270
508 1906270
509 1906271
508 1906271
510 1906271
510 1906271
511 1906271
510 1906271
508 1906272
510 1906272
508 1906280
507 1906280
511 1906281
510 1906281
510 1906281
509 1906289
508 1906289
512 1906296
507 1906782
506 1906791
508 1906791
511 1906791
511 1906791
512 1906792
515 1906792
510 1906792
507 1906792
510 1906792
503 1906792
509 1906793
509 1906793
508 1906793
507 1906793
514 1906793
508 1906794
508 1906794
512 1906794
510 1906794
506 1906795
512 1906795
509 1906795
511 1906795
512 1906796
506 1906796
509 1906796
508 1906796
509 1906797
510 1906797
508 1906797
510 1906797
507 1906797
506 1906798
510 1906798
510 1906798
509 1906798
507 1906798
508 1906798
509 1906799
509 1906799
508 1906799
510 1906799
509 1906799
506 1906800
507 1906800
510 1906800
506 1906802
508 1906802
509 1906806
510 1906816
509 1906826
510 1906836
509 1907071
506 1907072
506 1907072
507 1907074
509 1907075
509 1907075
506 1907075
510 1907076
509 1907076
508 1907076
507 1907077
506 1907077
509 1907077
509 1907077
510 1907077
507 1907078
510 1907078
512 1907078
509 1907078
508 1907079
505 1907079
508 1907079
510 1907079
507 1907082
508 1907087
507 1907097
512 1907119
508 1907119
506 1907139
506 1907139
506 1907544
509 1907545
508 1907545
511 1907545
514 1907546
510 1907546
506 1907547
508 1907547
506 1907547
508 1907547
508 1907548
510 1907548
508 1907548
509 1907548
508 1907549
509 1907549
509 1907550
506 1907550
510 1907550
510 1907550
510 1907551
507 1907551
509 1907551
508 1907551
512 1907552
508 1907552
509 1907552
507 1907552
509 1907552
507 1907553
509 1907553
509 1907553
510 1907553
512 1907553
508 1907554
508 1907554
509 1907554
508 1907554
509 1907554
510 1907557
511 1907557
511 1907566
512 1907589
509 1907589
506 1907596
509 1907606
511 1907762
509 1907762
509 1907763
506 1907763
508 1907763
512 1907763
509 1907763
507 1907764
508 1907764
510 1907764
508 1907764
509 1907764
510 1907764
499 1907765
508 1907765
511 1907767
511 1907776
495 1907812
534 1907816
502 1907816
514 1907818
487 1907827
527 1907836
506 1907846
528 1907854
502 1907866
512 1907876
510 1908032
497 1908032
520 1908032
507 1908032
513 1908033
508 1908033
512 1908033
508 1908033
507 1908033
514 1908034
508 1908034
510 1908034
511 1908034
506 1908034
508 1908039
506 1908039
513 1908046
508 1908257
511 1908257
506 1908257
507 1908257
509 1908258
510 1908258
509 1908258
508 1908258
513 1908258
510 1908259
509 1908259
507 1908259
509 1908259
508 1908259
504 1908259
510 1908259
515 1908260
510 1908260
507 1908260
512 1908260
511 1908272
510 1908296
509 1908297
510 1908308
509 1908308
513 1908315
502 1908326
508 1908336
508 1908744
511 1908744
512 1908744
508 1908744
511 1908745
510 1908745
511 1908745
509 1908745
507 1908745
508 1908745
508 1908746
507 1908746
508 1908746
509 1908746
509 1908746
507 1908746
510 1908747
509 1908747
507 1908747
511 1908747
506 1908747
510 1908747
510 1908747
511 1908748
509 1908748
510 1908748
506 1908748
505 1908748
507 1908748
507 1908749
512 1908749
508 1908749
510 1908749
510 1908749
510 1908749
509 1908750
509 1908750
510 1908750
509 1908750
509 1908765
509 1908765
511 1908767
508 1908774
512 1909268
509 1909268
508 1909268
517 1909268
508 1909269
507 1909269
509 1909269
505 1909269
507 1909269
510 1909269
507 1909270
506 1909270
505 1909270
507 1909270
507 1909270
510 1909270
508 1909271
509 1909271
508 1909271
507 1909271
511 1909271
510 1909271
511 1909272
508 1909272
509 1909272
508 1909272
509 1909272
509 1909272
510 1909273
507 1909273
508 1909273
507 1909273
508 1909273
510 1909273
512 1909274
511 1909274
506 1909274
511 1909274
509 1909274
505 1909275
507 1909275
506 1909275
508 1909275
511 1909275
518 1909275
511 1909276
511 1909276
510 1909276
507 1909292
509 1909292
506 1909297
508 1909297
512 1909765
509 1909765
513 1909766
512 1909766
511 1909766
510 1909767
510 1909767
506 1909767
510 1909768
508 1909768
509 1909768
510 1909768
511 1909769
511 1909769
510 1909769
509 1909769
509 1909770
508 1909770
509 1909771
510 1909771
507 1909771
510 1909771
510 1909772
507 1909772
510 1909772
508 1909772
511 1909772
508 1909773
509 1909773
508 1909773
510 1909774
510 1909774
507 1909774
507 1909774
507 1909775
509 1909775
508 1909775
509 1909776
508 1909776
510 1909776
511 1909777
510 1909777
508 1909777
509 1909777
507 1909778
510 1909778
511 1909780
509 1909808
509 1909822
509 1909826
510 1909826
507 1909829
508 1909836
509 1909900
508 1909900
508 1909902
510 1909904
507 1909904
511 1909906
508 1909919
508 1909919
507 1909926
511 1910262
503 1910262
504 1910262
511 1910262
508 1910263
510 1910263
509 1910263
510 1910263
508 1910263
508 1910263
511 1910264
507 1910264
507 1910264
506 1910264
510 1910264
506 1910264
509 1910265
509 1910265
508 1910265
505 1910265
509 1910265
510 1910266
512 1910266
508 1910266
508 1910266
509 1910266
509 1910266
507 1910267
510 1910267
509 1910267
509 1910267
509 1910267
513 1910267
505 1910270
512 1910276
510 1910286
509 1910309
510 1910309
510 1910329
510 1910329
507 1910543
510 1910543
509 1910544
509 1910544
509 1910545
509 1910545
509 1910546
509 1910546
510 1910547
510 1910547
510 1910547
510 1910548
511 1910548
510 1910548
510 1910548
509 1910549
509 1910549
510 1910549
508 1910549
511 1910550
510 1910571
509 1910571
509 1910576
509 1910576
510 1910761
508 1910761
509 1910761
507 1910761
510 1910762
511 1910762
511 1910762
509 1910762
507 1910762
508 1910763
509 1910763
509 1910763
509 1910763
509 1910763
509 1910764
510 1910764
510 1910764
505 1910764
510 1910766
509 1910776
510 1910799
510 1910799
508 1910806
510 1910842
510 1910844
507 1910846
508 1910848
508 1910856
508 1911265
508 1911265
509 1911265
508 1911265
510 1911266
510 1911266
509 1911266
507 1911266
508 1911266
508 1911266
509 1911266
510 1911267
510 1911267
510 1911267
513 1911267
511 1911267
507 1911267
508 1911268
510 1911268
509 1911268
507 1911268
509 1911268
509 1911268
511 1911269
510 1911269
506 1911269
509 1911269
510 1911269
509 1911269
507 1911269
508 1911270
508 1911270
508 1911270
509 1911270
507 1911270
507 1911270
509 1911271
507 1911271
508 1911271
509 1911271
508 1911280
510 1911284
508 1911296
510 1911306
510 1911328
511 1911328
509 1911348
509 1911348
511 1911762
510 1911762
509 1911762
508 1911762
509 1911763
506 1911763
509 1911763
507 1911763
507 1911764
508 1911764
510 1911764
507 1911764
511 1911764
507 1911765
507 1911765
509 1911765
508 1911765
510 1911765
508 1911765
510 1911766
509 1911766
512 1911766
509 1911766
508 1911766
508 1911766
506 1911767
508 1911767
508 1911767
509 1911767
509 1911768
509 1911768
510 1911768
508 1911768
507 1911768
509 1911769
507 1911769
510 1911769
509 1911769
509 1911769
510 1911771
507 1911771
508 1911776
507 1911786
511 1911796
509 1911806
508 1912043
509 1912044
509 1912044
510 1912044
511 1912045
509 1912045
506 1912045
508 1912046
508 1912046
509 1912046
509 1912047
508 1912047
509 1912048
508 1912048
509 1912048
509 1912048
509 1912049
509 1912050
510 1912050
510 1912050
510 1912050
510 1912051
509 1912051
509 1912053
508 1912055
508 1912066
508 1912298
509 1912298
509 1912299
508 1912299
509 1912299
511 1912299
508 1912300
507 1912300
508 1912300
510 1912300
510 1912301
509 1912301
508 1912301
510 1912301
512 1912301
508 1912302
507 1912302
507 1912302
506 1912328
509 1912328
508 1912330
509 1912330
509 1912332
511 1912532
508 1912532
509 1912532
509 1912533
510 1912533
508 1912533
508 1912533
507 1912534
509 1912534
510 1912534
510 1912534
508 1912534
509 1912535
510 1912535
510 1912535
509 1912535
510 1912536
509 1912536
508 1912536
508 1912536
508 1912536
507 1912537
510 1912537
510 1912549
510 1912549
510 1912556
511 1912759
510 1912759
508 1912759
508 1912759
507 1912760
507 1912760
507 1912760
510 1912760
509 1912760
510 1912760
510 1912761
511 1912761
509 1912761
511 1912761
508 1912761
510 1912761
508 1912761
509 1912762
509 1912762
508 1912768
511 1912789
510 1912789
507 1912836
506 1912836
510 1912838
510 1912838
509 1912862
510 1912866
508 1912866
511 1912868
509 1912876
507 1912886
507 1912922
510 1912926
507 1912926
509 1912928
508 1912936
508 1912946
509 1913258
510 1913259
507 1913259
509 1913259
509 1913260
508 1913260
511 1913260
509 1913260
509 1913260
507 1913261
511 1913261
506 1913261
508 1913261
508 1913261
508 1913262
511 1913262
510 1913262
507 1913262
508 1913263
508 1913263
509 1913263
505 1913263
508 1913263
509 1913264
507 1913264
511 1913264
509 1913265
509 1913265
512 1913265
508 1913265
508 1913266
509 1913291
509 1913291
508 1913297
510 1913297
508 1914052
512 1914052
510 1914052
509 1914053
506 1914053
509 1914053
509 1914054
509 1914054
511 1914054
509 1914055
509 1914055
511 1914055
510 1914055
507 1914056
507 1914056
507 1914056
509 1914056
508 1914057
508 1914057
509 1914057
510 1914057
511 1914058
508 1914058
508 1914058
507 1914059
507 1914059
509 1914059
509 1914059
509 1914059
510 1914060
510 1914060
508 1914060
508 1914060
508 1914060
508 1914061
508 1914061
508 1914061
510 1914061
508 1914061
509 1914062
509 1914062
510 1914062
508 1914062
508 1914062
508 1914062
508 1914063
510 1914063
510 1914063
511 1914063
508 1914064
508 1914064
507 1914064
508 1914064
509 1914064
508 1914065
509 1914065
510 1914065
510 1914066
510 1914066
509 1914066
509 1914067
508 1914067
508 1914067
509 1914067
509 1914067
507 1914067
511 1914068
509 1914068
508 1914068
507 1914068
507 1914068
508 1914069
508 1914069
509 1914071
510 1914071
510 1914089
508 1914089
508 1914255
508 1914255
511 1914255
507 1914255
509 1914256
510 1914256
510 1914256
509 1914256
510 1914256
508 1914257
507 1914257
510 1914257
509 1914257
510 1914257
508 1914258
509 1914258
509 1914268
509 1914268
507 1914288
508 1914288
511 1914539
510 1914539
509 1914539
509 1914540
510 1914540
509 1914540
510 1914541
509 1914541
508 1914541
509 1914542
508 1914542
509 1914542
511 1914542
509 1914543
509 1914543
512 1914543
509 1914543
509 1914544
506 1914544
509 1914544
508 1914544
510 1914544
510 1914545
510 1914545
513 1914547
509 1914549
509 1914556
509 1914760
508 1914760
509 1914760
506 1914761
508 1914761
509 1914761
512 1914761
511 1914763
507 1914763
509 1914763
508 1914763
508 1914764
509 1914764
508 1914764
509 1914764
511 1914765
509 1914765
508 1914765
506 1914769
506 1914769
509 1914776
508 1915257
509 1915257
509 1915257
509 1915258
509 1915258
509 1915258
509 1915259
508 1915259
512 1915259
509 1915260
511 1915260
508 1915260
509 1915260
511 1915261
507 1915261
508 1915261
510 1915261
509 1915261
510 1915262
510 1915262
511 1915262
510 1915262
511 1915262
510 1915263
508 1915263
507 1915263
509 1915263
510 1915263
508 1915263
510 1915264
511 1915264
511 1915264
509 1915264
508 1915264
509 1915265
509 1915265
510 1915265
509 1915265
507 1915265
509 1915266
512 1915266
508 1915266
507 1915266
508 1915266
509 1915267
511 1915267
508 1915267
510 1915267
510 1915269
509 1915276
511 1915286
508 1915296
507 1915306
509 1915753
510 1915753
510 1915753
509 1915753
509 1915754
508 1915754
510 1915754
508 1915754
507 1915755
508 1915755
508 1915755
509 1915755
509 1915755
509 1915756
511 1915756
511 1915756
509 1915756
509 1915757
508 1915757
507 1915757
508 1915757
509 1915758
508 1915758
509 1915758
508 1915758
511 1915758
509 1915759
508 1915759
507 1915759
508 1915759
508 1915759
509 1915760
508 1915760
511 1915760
508 1915760
507 1915760
509 1915761
509 1915761
511 1915761
508 1915761
509 1915761
508 1915762
511 1915762
509 1915768
509 1915768
507 1915776
507 1916040
518 1916041
505 1916042
512 1916042
519 1916042
511 1916043
509 1916043
505 1916044
505 1916044
504 1916044
507 1916045
511 1916045
509 1916045
509 1916045
509 1916046
509 1916046
507 1916046
508 1916047
508 1916047
508 1916047
510 1916047
509 1916048
510 1916048
510 1916048
508 1916048
506 1916048
507 1916050
506 1916082
512 1916086
513 1916086
501 1916088
502 1916096
507 1916119
517 1916119
512 1916139
504 1916139
509 1916146
512 1916258
506 1916259
511 1916259
510 1916259
512 1916259
513 1916259
507 1916259
506 1916268
508 1916268
508 1916269
509 1916269
508 1916271
508 1916278
510 1916286
511 1916296
511 1916529
518 1916530
498 1916530
516 1916530
508 1916531
512 1916531
510 1916531
506 1916531
516 1916532
517 1916532
510 1916532
511 1916533
497 1916533
513 1916533
511 1916533
509 1916534
512 1916534
509 1916534
508 1916534
508 1916535
508 1916535
510 1916535
509 1916537
509 1916558
508 1916559
515 1916578
515 1916579
507 1916586
511 1916596
504 1916755
509 1916756
508 1916756
509 1916756
511 1916757
509 1916757
508 1916757
515 1916758
506 1916758
510 1916758
506 1916758
510 1916759
510 1916759
509 1916759
509 1916759
506 1916760
514 1916766
509 1916775
505 1917050
512 1917051
506 1917051
510 1917051
505 1917051
511 1917051
508 1917051
511 1917052
520 1917052
509 1917052
502 1917052
509 1917052
511 1917052
513 1917053
504 1917053
508 1917053
509 1917053
514 1917053
497 1917053
514 1917054
499 1917054
500 1917054
512 1917054
517 1917059
506 1917060
499 1917060
482 1917060
507 1917062
510 1917066
524 1917088
504 1917088
507 1917095
512 1917106
511 1917253
511 1917253
513 1917253
510 1917253
505 1917254
510 1917254
509 1917254
510 1917254
508 1917254
506 1917255
512 1917255
511 1917255
509 1917257
507 1917259
507 1917266
509 1917548
509 1917548
509 1917549
509 1917549
512 1917550
509 1917550
511 1917550
506 1917551
509 1917551
508 1917551
507 1917552
511 1917552
509 1917552
511 1917552
512 1917553
509 1917553
506 1917553
507 1917553
510 1917554
512 1917554
505 1917554
506 1917555
508 1917555
510 1917555
507 1917555
506 1917556
507 1917556
509 1917556
510 1917558
506 1917566
508 1917576
510 1917586
510 1917596
508 1917750
509 1917781
507 1917781
510 1917781
508 1917781
508 1917781
508 1917782
510 1917782
508 1917782
509 1917782
508 1917782
507 1917783
509 1917783
507 1917783
509 1917783
508 1917785
509 1917785
520 1917785
509 1917785
509 1917796
508 1917806
507 1917816
508 1917825
510 1917836
510 1917845
509 1917865
508 1918047
511 1918047
509 1918048
506 1918049
508 1918049
509 1918049
505 1918050
506 1918050
508 1918050
510 1918051
511 1918051
509 1918051
508 1918051
508 1918052
509 1918052
508 1918052
510 1918052
510 1918059
508 1918059
511 1918066
509 1918265
508 1918265
511 1918265
510 1918266
508 1918266
508 1918266
507 1918266
509 1918267
509 1918267
509 1918267
509 1918267
509 1918268
509 1918268
508 1918268
509 1918268
510 1918268
508 1918268
510 1918269
512 1918269
509 1918269
506 1918288
507 1918288
505 1918296
511 1918545
507 1918546
510 1918546
508 1918547
510 1918547
509 1918547
509 1918548
507 1918548
508 1918548
508 1918549
510 1918549
512 1918550
510 1918550
510 1918550
509 1918551
509 1918551
507 1918551
507 1918551
508 1918552
508 1918552
509 1918552
511 1918552
508 1918552
508 1918552
510 1918553
509 1918555
508 1918566
509 1918575
510 1918585
508 1918596
509 1918764
508 1918764
512 1918765
508 1918765
508 1918765
508 1918766
513 1918766
509 1918766
510 1918766
511 1918767
512 1918788
510 1918789
506 1918789
507 1918789
510 1918790
507 1918791
509 1918791
511 1918792
508 1918796
509 1918806
508 1918815
508 1918826
510 1919262
507 1919262
507 1919262
512 1919263
511 1919263
506 1919263
506 1919263
509 1919263
518 1919264
520 1919264
509 1919264
512 1919264
508 1919264
507 1919264
509 1919265
509 1919265
513 1919265
509 1919265
507 1919265
507 1919265
506 1919266
508 1919266
509 1919266
510 1919266
510 1919266
511 1919266
512 1919267
507 1919267
509 1919267
508 1919267
509 1919267
508 1919268
511 1919268
499 1919268
509 1919268
522 1919268
516 1919268
511 1919269
502 1919269
513 1919269
512 1919269
501 1919269
505 1919271
506 1919271
510 1919275
505 1919285
509 1919295
508 1919306
512 1919752
508 1919753
505 1919753
544 1919753
505 1919753
510 1919754
514 1919754
516 1919754
520 1919755
502 1919755
518 1919755
508 1919755
510 1919756
506 1919756
509 1919756
507 1919763
509 1919763
507 1919763
508 1919763
509 1919764
509 1919764
510 1919764
507 1919764
511 1919764
505 1919765
508 1919765
510 1919765
523 1919765
517 1919765
504 1919766
491 1919766
511 1919766
513 1919766
499 1919767
501 1919767
510 1919767
505 1919767
509 1919767
508 1919768
511 1919768
511 1919768
512 1919768
507 1919768
509 1919770
505 1919770
511 1919776
512 1919786
510 1919796
509 1919806
510 1920545
511 1920545
506 1920546
510 1920546
505 1920546
514 1920547
511 1920547
510 1920548
507 1920548
513 1920548
503 1920549
506 1920549
512 1920549
513 1920549
507 1920550
512 1920550
508 1920550
507 1920550
512 1920551
508 1920551
510 1920551
510 1920551
508 1920552
508 1920552
508 1920552
509 1920552
509 1920553
510 1920553
510 1920553
510 1920553
510 1920553
506 1920553
508 1920554
508 1920554
508 1920554
508 1920554
508 1920554
509 1920555
512 1920555
508 1920555
505 1920555
507 1920555
509 1920555
508 1920556
507 1920556
509 1920556
510 1920556
509 1920556
508 1920557
507 1920557
508 1920557
509 1920557
509 1920557
507 1920557
508 1920558
507 1920558
511 1920558
512 1920558
509 1920558
508 1920559
514 1920559
507 1920559
509 1920559
512 1920559
508 1920560
512 1920560
508 1920560
512 1920560
510 1920560
508 1920560
508 1920561
511 1920563
507 1920563
507 1920563
508 1920565
510 1920576
509 1920762
507 1920762
510 1920762
508 1920762
509 1920763
509 1920763
510 1920763
507 1920763
507 1920763
511 1920763
509 1920764
509 1920764
508 1920764
510 1920764
507 1920764
507 1920764
510 1920765
511 1920765
510 1920767
506 1920776
508 1920786
508 1920796
510 1920806
511 1921039
509 1921040
508 1921040
512 1921040
509 1921041
509 1921041
506 1921041
509 1921041
510 1921042
505 1921042
510 1921042
507 1921042
509 1921043
509 1921043
508 1921043
508 1921044
510 1921044
510 1921044
512 1921045
507 1921045
506 1921045
510 1921047
510 1921049
508 1921055
507 1921257
509 1921257
508 1921257
510 1921257
509 1921273
510 1921273
508 1921274
508 1921274
508 1921274
507 1921274
507 1921274
509 1921275
508 1921275
508 1921275
510 1921275
509 1921275
511 1921275
507 1921276
508 1921276
507 1921278
509 1921278
508 1921278
510 1921285
509 1921296
510 1921306
511 1921316
508 1921324
507 1921336
512 1921358
509 1921358
508 1921529
508 1921529
510 1921529
511 1921529
511 1921530
509 1921530
507 1921530
508 1921530
507 1921530
510 1921530
508 1921531
507 1921531
509 1921531
512 1921531
509 1921531
507 1921532
507 1921536
508 1921546
511 1921754
506 1921754
509 1921754
510 1921754
510 1921755
510 1921755
509 1921755
508 1921755
511 1921755
510 1921756
509 1921756
510 1921756
509 1921756
508 1921756
510 1921756
509 1921756
509 1921777
510 1921799
508 1921799
509 1921799
509 1921799
510 1921802
509 1921802
510 1921802
508 1921802
509 1921805
508 1921816
508 1921826
510 1921836
510 1921858
511 1921858
510 1921865
513 1921875
509 1922062
507 1922063
506 1922063
508 1922063
508 1922063
508 1922063
505 1922063
522 1922064
508 1922064
510 1922064
491 1922064
484 1922064
494 1922064
502 1922064
506 1922065
519 1922065
508 1922065
508 1922065
508 1922105
504 1922105
510 1922106
506 1922106
508 1922106
512 1922116
511 1922126
509 1922136
511 1922146
510 1922163
509 1922165
505 1922176
512 1922186
511 1922195
506 1922205
505 1922357
503 1922358
506 1922358
507 1922358
504 1922358
507 1922358
511 1922358
511 1922359
506 1922359
507 1922359
508 1922359
512 1922359
511 1922359
511 1922360
508 1922382
508 1922382
509 1922386
511 1922395
507 1922405
512 1922441
507 1922448
511 1922448
508 1922448
509 1922455
509 1922465
511 1922857
504 1922857
506 1922857
507 1922858
511 1922858
516 1922858
506 1922859
512 1922859
509 1922859
507 1922859
508 1922860
511 1922860
507 1922860
509 1922860
511 1922860
509 1922861
507 1922861
507 1922861
509 1922861
507 1922861
506 1922861
510 1922862
508 1922862
509 1922862
510 1922862
508 1922862
507 1922863
509 1922863
507 1922863
510 1922863
509 1922864
509 1922864
510 1922864
512 1922864
507 1922864
507 1922865
510 1922865
509 1922865
510 1922867
509 1922869
506 1922888
510 1922888
512 1923127
511 1923127
510 1923127
507 1923128
507 1923128
506 1923128
509 1923128
509 1923129
508 1923129
512 1923129
509 1923129
507 1923130
506 1923130
506 1923130
509 1923130
509 1923131
510 1923131
509 1923131
510 1923131
510 1923131
509 1923132
508 1923132
507 1923132
508 1923136
509 1923146
509 1923354
509 1923354
512 1923354
509 1923354
509 1923354
508 1923355
509 1923355
509 1923355
507 1923355
509 1923355
510 1923355
511 1923356
511 1923356
509 1923356
509 1923356
510 1923356
509 1923356
510 1923357
508 1923357
509 1923357
511 1923369
510 1923369
509 1923376
509 1923398
508 1923398
510 1923406
508 1923416
508 1923424
508 1923448
509 1923448
509 1923456
508 1923473
509 1923531
509 1923531
506 1923531
509 1923531
509 1923532
511 1923532
511 1923534
510 1923558
510 1923558
509 1923624
510 1923624
507 1923624
508 1923624
506 1923625
507 1923625
510 1923625
511 1923639
510 1923646
507 1923659
510 1923666
507 1923676
509 1923853
509 1923853
509 1923853
508 1923854
510 1923854
509 1923854
509 1923854
508 1923854
508 1923854
508 1923854
509 1923855
509 1923855
509 1923855
509 1923855
509 1923855
507 1923868
508 1923869
509 1923869
510 1923884
510 1923885
508 1923895
511 1923914
509 1923914
509 1923925
507 1923949
507 1923949
509 1923955
511 1923978
511 1923978
509 1923986
508 1923998
509 1924019
508 1924019
509 1924026
509 1924357
510 1924357
509 1924358
510 1924358
510 1924358
510 1924358
511 1924358
510 1924359
508 1924359
508 1924359
508 1924359
508 1924359
509 1924359
509 1924360
509 1924360
510 1924360
512 1924360
506 1924360
509 1924360
507 1924361
509 1924361
509 1924361
507 1924362
509 1924362
510 1924362
509 1924362
510 1924362
508 1924362
510 1924363
509 1924363
509 1924363
510 1924363
507 1924381
508 1924383
511 1924387
510 1924387
508 1924396
509 1924431
509 1924431
508 1924435
507 1924437
508 1924458
509 1924458
509 1924466
510 1924476
510 1924486
507 1924495
510 1924516
507 1924526
510 1924637
509 1924637
510 1924637
509 1924638
509 1924638
508 1924638
508 1924639
509 1924639
509 1924639
508 1924639
509 1924639
510 1924645
510 1924655
509 1924855
508 1924855
509 1924855
508 1924856
508 1924856
509 1924856
510 1924856
508 1924856
508 1924856
512 1924857
509 1924857
508 1924857
508 1924857
507 1924857
509 1924857
508 1924858
511 1924858
509 1924858
512 1924858
512 1924858
507 1924867
507 1924888
507 1924888
508 1924894
509 1924905
508 1924915
510 1924923
509 1924968
509 1924971
508 1924974
508 1924974
508 1924988
508 1924988
509 1924996
508 1925006
508 1925015
511 1925026
510 1925036
510 1925136
507 1925136
510 1925136
510 1925137
511 1925137
509 1925137
508 1925137
510 1925138
508 1925138
508 1925138
507 1925171
509 1925171
508 1925176
508 1925176
510 1925355
508 1925355
507 1925355
509 1925356
510 1925356
508 1925356
508 1925356
509 1925356
508 1925356
509 1925357
508 1925357
510 1925357
510 1925357
508 1925357
507 1925357
507 1925358
511 1925358
508 1925364
509 1925376
510 1925386
509 1925396
511 1925406
507 1925426
508 1925429
509 1925436
510 1925482
508 1925482
510 1925482
508 1925482
509 1925485
510 1925495
511 1925505
510 1925515
508 1925525
510 1925534
508 1925545
510 1925555
506 1925564
509 1925575
511 1925585
508 1925869
509 1925869
508 1925869
509 1925869
509 1925870
509 1925870
507 1925870
510 1925870
510 1925870
508 1925870
508 1925871
507 1925871
510 1925871
506 1925871
508 1925871
510 1925871
508 1925871
510 1925872
509 1925872
509 1925872
508 1925872
510 1925872
509 1925872
509 1925873
511 1925873
506 1925873
509 1925873
511 1925873
509 1925875
509 1925898
509 1925898
507 1925905
508 1925916
508 1925925
511 1925934
507 1925947
512 1925968
508 1925968
507 1925975
509 1925995
508 1926008
508 1926008
509 1926124
510 1926124
509 1926124
512 1926124
507 1926125
507 1926125
508 1926125
509 1926125
509 1926125
509 1926127
508 1926129
508 1926136
510 1926149
509 1926156
509 1926166
508 1926352
510 1926352
509 1926352
508 1926352
509 1926353
508 1926353
509 1926353
506 1926353
509 1926353
506 1926353
510 1926354
510 1926354
509 1926354
508 1926354
509 1926354
510 1926354
508 1926355
508 1926355
508 1926367
507 1926370
508 1926376
508 1926393
507 1926408
509 1926408
508 1926428
509 1926428
508 1926647
504 1926647
507 1926648
509 1926648
509 1926649
507 1926649
510 1926649
509 1926650
510 1926650
508 1926650
508 1926651
509 1926651
509 1926651
510 1926652
508 1926652
509 1926652
509 1926652
509 1926653
508 1926653
508 1926653
507 1926653
507 1926653
510 1926656
506 1926666
509 1926849
510 1926849
510 1926849
511 1926850
508 1926850
508 1926850
507 1926850
511 1926850
508 1926850
509 1926851
507 1926851
509 1926851
509 1926851
508 1926851
507 1926851
510 1926852
508 1926852
510 1926867
509 1926868
508 1926875
507 1926885
509 1926896
509 1926918
508 1926918
508 1926943
509 1926943
509 1926945
510 1926955
509 1926978
508 1926978
511 1926985
509 1926995
508 1927012
511 1927014
509 1927025
510 1927041
508 1927070
509 1927072
507 1927077
509 1927077
509 1927086
507 1927096
510 1927145
509 1927145
509 1927151
510 1927151
511 1927153
509 1927168
510 1927168
510 1927176
509 1927211
506 1927211
507 1927213
508 1927240
509 1927242
508 1927246
510 1927246
510 1927256
506 1927278
508 1927278
508 1927349
511 1927349
508 1927349
509 1927350
511 1927350
508 1927350
509 1927350
508 1927356
507 1927379
507 1927379
510 1927385
508 1927406
510 1927418
509 1927418
510 1927462
509 1927464
510 1927464
509 1927464
508 1927478
511 1927478
507 1927497
509 1927508
507 1927508
510 1927526
510 1927645
510 1927645
510 1927645
506 1927646
509 1927646
507 1927646
510 1927646
511 1927646
510 1927647
510 1927647
512 1927647
509 1927647
506 1927655
508 1927667
507 1927849
509 1927849
510 1927849
506 1927849
509 1927850
510 1927850
509 1927850
510 1927850
509 1927850
509 1927850
508 1927851
508 1927851
510 1927851
509 1927851
510 1927851
507 1927851
506 1927852
507 1927852
509 1927858
509 1927879
507 1927879
507 1927886
510 1927896
508 1927906
509 1927914
508 1927926
507 1927936
508 1927944
510 1927956
509 1927966
509 1927974
508 1927986
510 1927996
511 1928004
509 1928016
508 1928026
508 1928046
508 1928048
508 1928056
509 1928066
509 1928088
511 1928088
508 1928096
508 1928104
506 1928115
508 1928125
508 1928133
509 1928145
509 1928155
508 1928163
509 1928176
512 1928186
509 1928194
507 1928206
507 1928216
506 1928224
507 1928236
507 1928256
511 1928264
509 1928276
511 1928286
510 1928294
509 1928306
510 1928316
507 1928324
511 1928336
508 1928345
510 1928354
508 1928366
510 1928375
510 1928384
506 1928396
507 1928405
508 1928414
509 1928425
509 1928435
509 1928468
510 1928471
509 1928473
508 1928488
509 1928488
508 1928493
507 1928505
510 1928515
508 1928523
510 1928535
510 1928545
508 1928554
509 1928566
509 1928576
506 1928584
510 1928596
509 1928606
511 1928614
508 1928626
509 1928636
509 1928644
509 1928656
510 1928666
505 1928674
509 1928698
508 1928698
511 1928706
510 1928714
509 1928726
509 1928735
511 1928744
510 1928755
507 1928766
508 1928773
508 1928785
509 1928795
510 1928803
511 1928828
511 1928828
511 1928842
509 1928844
509 1928855
509 1928865
508 1928886
509 1928888
509 1928895
509 1928905
510 1928916
509 1928926
511 1928960
509 1928965
509 1928965
509 1928967
511 1928986
510 1928995
508 1929005
508 1929014
507 1929025
510 1929035
509 1929056
508 1929058
508 1929066
508 1929088
507 1929088
509 1929095
508 1929105
509 1929114
511 1929125
508 1929144
510 1929158
510 1929158
513 1929166
504 1929186
503 1929196
507 1929198
500 1929205
514 1929228
514 1929228
515 1929235
510 1929245
509 1929254
514 1929265
510 1929275
510 1929284
510 1929295
510 1929306
508 1929327
508 1929328
509 1929337
510 1929345
507 1929356
511 1929365
509 1929374
510 1929385
510 1929395
504 1929416
507 1929418
509 1929425
508 1929435
512 1929445
505 1929455
508 1929464
510 1929475
519 1929485
512 1929494
510 1929506
514 1929528
509 1929528
508 1929537
510 1929545
508 1929568
509 1929568
511 1929574
509 1929598
510 1929598
508 1929605
510 1929614
508 1929625
508 1929647
510 1929647
509 1929667
510 1929668
503 1929701
498 1929703
516 1929703
523 1929714
501 1929738
524 1929738
498 1929758
514 1929758
508 1929764
512 1929775
518 1929785
515 1929806
511 1929809
503 1929815
506 1929825
508 1929835
507 1929845
507 1929867
511 1929869
507 1929876
507 1929898
508 1929899
508 1929905
509 1929928
509 1929928
510 1929934
506 1929945
515 1929968
511 1929968
508 1929974
505 1929985
506 1929995
508 1930004
513 1930015
509 1930038
506 1930038
508 1930044
508 1930055
508 1930065
508 1930074
511 1930086
508 1930095
509 1930104
506 1930128
511 1930128
511 1930157
508 1930157
510 1930157
507 1930164
510 1930175
508 1930185
506 1930194
510 1930205
507 1930215
505 1930224
504 1930235
520 1930245
503 1930267
514 1930268
511 1930275
512 1930298
506 1930299
509 1930305
507 1930315
516 1930324
515 1930335
510 1930345
505 1930354
485 1930365
524 1930375
495 1930384
501 1930408
492 1930408
489 1930416
494 1930424
513 1930435
510 1930445
508 1930454
514 1930488
515 1930488
510 1930495
507 1930504
513 1930515
514 1930551
509 1930553
508 1930553
508 1930568
510 1930568
508 1930575
510 1930584
509 1930595
510 1930618
510 1930618
506 1930623
508 1930635
509 1930645
509 1930654
508 1930678
509 1930678
510 1930685
512 1930706
510 1930709
507 1930715
507 1930726
509 1930735
509 1930745
504 1930753
514 1930765
508 1930775
510 1930783
512 1930795
510 1930805
508 1930813
509 1930825
509 1930835
508 1930843
508 1930855
508 1930865
510 1930873
510 1930885
508 1930895
510 1930904
510 1930916
508 1930926
510 1930934
508 1930946
508 1930956
511 1930964
511 1930976
509 1930986
509 1930994
510 1931018
507 1931018
510 1931038
509 1931038
511 1931044
511 1931056
511 1931066
506 1931074
508 1931086
509 1931096
508 1931104
510 1931116
506 1931126
510 1931146
511 1931149
510 1931155
509 1931166
509 1931175
506 1931186
506 1931219
505 1931222
509 1931224
508 1931235
510 1931255
510 1931258
512 1931265
509 1931275
508 1931286
509 1931296
508 1931304
511 1931316
507 1931351
509 1931351
511 1931355
510 1931357
507 1931366
506 1931376
510 1931386
508 1931451
509 1931451
506 1931451
507 1931451
509 1931451
509 1931452
509 1931454
506 1931476
509 1931478
508 1931485
510 1931495
510 1931518
511 1931518
509 1931525
509 1931534
509 1931545
508 1931555
508 1931563
508 1931575
510 1931585
510 1931593
509 1931617
508 1931617
511 1931625
510 1931633
508 1931645
508 1931656
508 1931664
510 1931676
510 1931686
508 1931694
509 1931706
513 1931716
509 1931724
510 1931736
508 1931746
510 1931754
510 1931766
511 1931776
508 1931784
512 1931795
510 1931812
507 1931815
505 1931825
509 1931850
508 1931850
509 1931879
508 1931881
509 1931886
510 1931886
508 1931895
512 1931918
507 1931918
509 1931927
509 1931933
512 1931958
507 1931958
508 1931976
508 1931984
509 1931995
509 1932005
508 1932014
509 1932025
510 1932055
510 1932055
508 1932056
510 1932064
509 1932078
511 1932085
509 1932094
509 1932105
509 1932115
509 1932124
511 1932135
508 1932146
509 1932154
505 1932165
506 1932175
512 1932184
508 1932195
514 1932205
512 1932214
515 1932225
507 1932248
504 1932248
511 1932266
512 1932268
512 1932275
509 1932286
509 1932295
506 1932305
508 1932314
509 1932348
507 1932349
510 1932358
507 1932358
512 1932364
509 1932375
504 1932397
510 1932398
505 1932416
508 1932418
510 1932425
510 1932435
510 1932445
508 1932455
508 1932464
512 1932488
513 1932488
524 1932495
484 1932504
515 1932528
505 1932528
502 1932535
499 1932557
507 1932558
510 1932566
511 1932575
504 1932585
502 1932595
510 1932604
510 1932628
510 1932629
509 1932648
513 1932648
510 1932654
509 1932690
509 1932692
508 1932696
509 1932696
507 1932715
510 1932725
510 1932746
510 1932760
511 1932760
510 1932765
505 1932788
510 1932788
511 1932795
514 1932805
508 1932814
507 1932827
512 1932835
510 1932844
507 1932868
508 1932868
508 1932888
509 1932888
510 1932894
510 1932905
511 1932915
510 1932924
509 1932935
506 1932945
509 1932954
498 1932978
504 1932978
510 1932998
520 1932998
506 1933004
516 1933015
499 1933025
508 1933034
507 1933045
507 1933068
509 1933068
506 1933074
505 1933085
507 1933095
512 1933116
510 1933118
509 1933138
508 1933138
507 1933158
512 1933158
505 1933165
509 1933175
508 1933184
510 1933195
509 1933205
508 1933227
513 1933229
508 1933235
504 1933246
505 1933255
506 1933265
512 1933274
508 1933298
512 1933299
514 1933305
504 1933327
509 1933328
509 1933346
510 1933356
509 1933365
