510 2021119
506 2021121
507 2021121
510 2021121
513 2021121
506 2021121
509 2021121
506 2021121
508 2021121
513 2021123
507 2021123
508 2021123
507 2021123
509 2021123
508 2021124
508 2021124
511 2021124
508 2021124
509 2021130
508 2021131
510 2021131
508 2021131
509 2021131
507 2021132
509 2021132
508 2021134
508 2021134
509 2021134
506 2021134
515 2021134
508 2021135
508 2021135
510 2021135
510 2021135
509 2021135
509 2021135
508 2021136
509 2021136
509 2021136
507 2021136
509 2021136
508 2021136
510 2021137
509 2021137
507 2021137
509 2021137
508 2021137
510 2021137
509 2021138
509 2021138
510 2021138
510 2021138
508 2021138
508 2021139
509 2021139
508 2021139
510 2021139
509 2021139
508 2021140
511 2021140
509 2021140
508 2021140
510 2021140
507 2021140
509 2021141
509 2021141
509 2021141
509 2021141
508 2021141
509 2021141
509 2021142
510 2021142
511 2021142
509 2021142
510 2021142
507 2021142
507 2021143
510 2021143
509 2021143
510 2021143
512 2021143
510 2021144
511 2021144
510 2021322
507 2021322
509 2021323
506 2021323
510 2021323
510 2021323
510 2021324
511 2021326
513 2021326
508 2021326
509 2021326
508 2021326
507 2021327
509 2021327
509 2021327
511 2021327
507 2021327
510 2021327
509 2021328
510 2021328
509 2021328
511 2021328
510 2021328
509 2021329
509 2021367
508 2021369
508 2021371
509 2021373
507 2021375
510 2021375
510 2021377
510 2021384
509 2021391
509 2021415
509 2021415
509 2021423
507 2021453
506 2021462
507 2021500
509 2021500
510 2021504
508 2021511
508 2021514
510 2021546
507 2021546
507 2021551
513 2021575
507 2021575
512 2021581
511 2021593
506 2021601
511 2021613
510 2021623
509 2021632
509 2021641
507 2021666
507 2021666
509 2021699
510 2021703
509 2021703
511 2021705
512 2021712
509 2021723
510 2021732
508 2021766
500 2021768
511 2021773
529 2021773
509 2021783
509 2021805
512 2021805
504 2021812
504 2021822
509 2021832
512 2021853
509 2021855
511 2021862
509 2021873
512 2021884
510 2021893
508 2021903
508 2021913
508 2021921
509 2021933
511 2021943
509 2021953
508 2021961
510 2021973
512 2021983
508 2022018
509 2022018
505 2022021
509 2022024
507 2022033
509 2022043
511 2022065
508 2022065
510 2022073
510 2022083
506 2022093
508 2022126
510 2022128
511 2022133
510 2022133
511 2022142
507 2022153
510 2022162
511 2022172
510 2022182
507 2022201
505 2022215
508 2022215
507 2022222
509 2022233
508 2022283
513 2022285
513 2022287
510 2022287
505 2022289
509 2022308
508 2022308
508 2022313
508 2022335
508 2022335
508 2022343
511 2022363
510 2022371
510 2022395
507 2022395
510 2022403
510 2022413
509 2022421
510 2022433
508 2022443
509 2022452
509 2022461
508 2022472
507 2022482
509 2022492
508 2022500
509 2022512
510 2022535
508 2022535
511 2022542
507 2022551
510 2022562
507 2022572
511 2022615
509 2022615
508 2022626
509 2022630
509 2022634
510 2022634
510 2022643
509 2022664
508 2022666
509 2022673
508 2022695
509 2022695
508 2022703
508 2022754
508 2022754
513 2022756
507 2022756
507 2022758
511 2022763
507 2022771
507 2022783
510 2022793
509 2022803
511 2022811
507 2022823
509 2022833
508 2022842
508 2022851
508 2022863
508 2022872
507 2022895
512 2022895
508 2022900
509 2022912
508 2022922
508 2022932
507 2022940
508 2022952
508 2022962
506 2022972
508 2022980
510 2022993
512 2023003
510 2023013
507 2023021
507 2023033
506 2023043
510 2023053
513 2023061
509 2023073
509 2023083
503 2023093
510 2023101
509 2023121
505 2023135
514 2023135
511 2023143
504 2023151
510 2023163
508 2023185
506 2023185
511 2023193
509 2023201
504 2023213
508 2023222
507 2023245
507 2023245
510 2023251
504 2023273
508 2023282
511 2023292
505 2023300
503 2023323
516 2023333
505 2023345
509 2023345
511 2023350
512 2023362
509 2023373
507 2023408
510 2023410
513 2023413
509 2023413
511 2023423
508 2023445
507 2023445
506 2023465
509 2023465
512 2023473
507 2023483
510 2023493
509 2023501
509 2023525
510 2023525
508 2023533
512 2023543
507 2023551
513 2023563
510 2023572
507 2023595
507 2023595
511 2023601
509 2023613
507 2023622
508 2023632
508 2023640
510 2023652
513 2023662
506 2023697
509 2023700
509 2023702
509 2023712
508 2023712
507 2023722
513 2023732
509 2023740
513 2023765
507 2023765
504 2023786
509 2023786
509 2023793
510 2023801
509 2023823
511 2023844
506 2023858
509 2023858
506 2023861
512 2023864
509 2023873
510 2023883
512 2023916
510 2023916
508 2023925
510 2023925
512 2023932
513 2023942
506 2023963
509 2023965
506 2023972
510 2023983
509 2023993
509 2024012
509 2024022
509 2024032
504 2024040
499 2024065
501 2024065
505 2024087
509 2024087
508 2024105
509 2024105
509 2024110
508 2024123
506 2024133
510 2024143
514 2024151
504 2024176
507 2024176
514 2024183
513 2024193
512 2024214
511 2024216
511 2024223
511 2024233
511 2024243
522 2024253
507 2024283
508 2024296
512 2024296
511 2024303
513 2024305
510 2024312
506 2024348
511 2024352
501 2024352
507 2024354
508 2024363
512 2024385
509 2024385
510 2024392
510 2024402
503 2024433
506 2024445
506 2024445
504 2024453
508 2024455
510 2024462
508 2024485
506 2024485
512 2024518
511 2024519
507 2024524
506 2024524
508 2024533
508 2024543
509 2024577
509 2024581
512 2024581
517 2024624
505 2024624
510 2024626
508 2024626
506 2024628
513 2024657
510 2024663
506 2024663
509 2024663
513 2024699
511 2024701
507 2024701
506 2024716
511 2024716
514 2024722
512 2024755
510 2024755
508 2024785
508 2024785
504 2024791
508 2024817
507 2024819
508 2024823
512 2024823
508 2024832
507 2024855
504 2024855
508 2024876
506 2024876
506 2024896
507 2024896
510 2024914
508 2024916
511 2024923
507 2024933
515 2024955
506 2024955
506 2024963
506 2024973
503 2024983
508 2024991
511 2025003
509 2025013
512 2025023
511 2025031
512 2025042
512 2025053
511 2025062
510 2025071
515 2025082
507 2025105
515 2025105
510 2025112
509 2025120
514 2025132
508 2025142
501 2025152
508 2025160
510 2025173
502 2025195
516 2025195
500 2025215
518 2025215
506 2025246
518 2025249
506 2025251
506 2025266
504 2025266
509 2025285
512 2025285
505 2025291
508 2025314
509 2025339
507 2025341
510 2025341
505 2025355
513 2025355
512 2025363
502 2025373
504 2025409
510 2025411
512 2025413
510 2025413
510 2025423
503 2025459
513 2025461
513 2025461
513 2025483
501 2025485
505 2025492
516 2025502
507 2025525
509 2025526
511 2025545
506 2025545
503 2025565
510 2025565
516 2025596
503 2025596
503 2025643
508 2025645
515 2025647
505 2025647
508 2025649
507 2025656
507 2025656
503 2025663
509 2025673
509 2025713
507 2025733
508 2025733
506 2025735
507 2025735
507 2025744
512 2025807
503 2025809
508 2025815
503 2025815
509 2025817
509 2025817
512 2025819
508 2025821
510 2025843
510 2025863
514 2025892
511 2025892
513 2025892
503 2025894
514 2025905
506 2025905
506 2025940
509 2025948
512 2025948
523 2025950
502 2026026
511 2026026
513 2026035
503 2026036
504 2026036
511 2026036
501 2026036
504 2026036
508 2026037
507 2026183
510 2026186
503 2026186
503 2026186
507 2026186
509 2026187
509 2026187
503 2026187
496 2026187
505 2026187
502 2026187
506 2026188
515 2026188
507 2026320
507 2026320
508 2026320
509 2026320
507 2026320
524 2026321
523 2026321
504 2026321
506 2026321
515 2026321
514 2026321
511 2026322
507 2026322
509 2026329
514 2026329
504 2026330
507 2026463
512 2026463
512 2026464
501 2026464
508 2026464
508 2026464
498 2026464
506 2026466
512 2026477
509 2026477
507 2026480
514 2026482
509 2026482
509 2026482
509 2026531
510 2026531
511 2026531
513 2026531
512 2026535
507 2026535
510 2026537
511 2026555
505 2026555
513 2026562
513 2026607
509 2026609
507 2026611
509 2026625
511 2026625
504 2026658
508 2026658
510 2026660
516 2026660
508 2026681
504 2026681
505 2026730
521 2026730
475 2026730
502 2026752
546 2026752
495 2026754
542 2026754
506 2026766
504 2026766
495 2026773
521 2026783
500 2026819
515 2026821
512 2026821
496 2026835
512 2026835
505 2026855
507 2026855
511 2026883
517 2026904
497 2026906
511 2026926
515 2026926
504 2026933
505 2026956
508 2026956
517 2026977
509 2026979
511 2026981
508 2026995
512 2026995
513 2027082
508 2027083
514 2027083
502 2027083
505 2027087
503 2027087
510 2027089
505 2027125
517 2027125
497 2027125
508 2027127
513 2027129
508 2027135
513 2027135
513 2027213
511 2027213
505 2027213
509 2027215
510 2027226
510 2027226
506 2027226
509 2027296
509 2027296
509 2027298
510 2027300
513 2027302
505 2027302
506 2027302
507 2027304
496 2027304
515 2027364
502 2027364
513 2027364
517 2027365
518 2027365
514 2027365
515 2027385
507 2027385
496 2027422
503 2027422
525 2027422
491 2027424
515 2027456
516 2027458
497 2027491
509 2027491
508 2027493
521 2027493
511 2027556
520 2027556
505 2027623
508 2027625
502 2027627
506 2027627
514 2027627
511 2027629
509 2027631
513 2027631
506 2027633
509 2027633
507 2027635
510 2027635
508 2027647
507 2027649
511 2027651
503 2027665
527 2027665
505 2027722
501 2027736
502 2027738
515 2027738
505 2027738
511 2027738
519 2027755
509 2027755
510 2027787
506 2027789
518 2027791
500 2027803
510 2027805
512 2027812
507 2027822
508 2027832
507 2027855
502 2027855
510 2027876
512 2027876
505 2027883
515 2027891
518 2027928
514 2027930
510 2027932
509 2027946
507 2027946
508 2027963
512 2027966
509 2027973
506 2027995
510 2027995
511 2028015
512 2028015
512 2028033
511 2028045
513 2028045
504 2028065
511 2028065
513 2028085
514 2028087
515 2028102
509 2028112
509 2028135
514 2028135
488 2028155
509 2028155
506 2028175
507 2028175
507 2028175
509 2028190
515 2028190
508 2028225
503 2028225
508 2028248
502 2028253
508 2028253
508 2028255
506 2028263
507 2028273
508 2028283
508 2028292
510 2028304
505 2028313
520 2028323
510 2028331
507 2028368
504 2028368
508 2028373
508 2028373
512 2028383
510 2028391
508 2028412
513 2028435
506 2028435
507 2028442
515 2028450
510 2028462
509 2028472
507 2028482
509 2028562
515 2028562
511 2028562
510 2028562
509 2028562
506 2028563
517 2028563
513 2028563
511 2028572
513 2028582
510 2028592
509 2028600
512 2028612
510 2028622
507 2028633
505 2028641
514 2028653
507 2028663
512 2028673
512 2028681
504 2028693
511 2028703
509 2028725
512 2028725
513 2028731
511 2028755
513 2028755
514 2028788
510 2028788
511 2028794
505 2028794
511 2028800
509 2028812
509 2028822
512 2028832
510 2028840
512 2028852
506 2028862
508 2028872
510 2028880
513 2028892
512 2028902
508 2028925
514 2028925
507 2028930
509 2028942
508 2028965
510 2028965
499 2028972
514 2028980
512 2028992
512 2029003
508 2029013
508 2029021
513 2029033
512 2029043
512 2029053
506 2029061
510 2029073
510 2029083
510 2029093
508 2029101
513 2029113
503 2029123
511 2029133
508 2029141
509 2029152
510 2029162
507 2029172
508 2029180
501 2029193
509 2029225
510 2029225
508 2029245
518 2029245
508 2029263
505 2029275
508 2029285
512 2029285
517 2029292
509 2029327
511 2029329
505 2029333
510 2029333
501 2029355
508 2029355
509 2029362
511 2029372
506 2029383
508 2029393
501 2029401
506 2029438
510 2029438
506 2029440
508 2029455
506 2029455
518 2029463
516 2029473
511 2029483
502 2029492
516 2029501
506 2029525
515 2029525
507 2029532
500 2029542
509 2029550
513 2029562
508 2029572
513 2029595
506 2029595
511 2029600
507 2029612
504 2029622
509 2029632
513 2029640
506 2029652
507 2029662
508 2029695
506 2029695
509 2029711
504 2029727
505 2029729
502 2029733
507 2029733
513 2029768
506 2029768
511 2029773
516 2029773
511 2029795
504 2029795
506 2029815
505 2029815
511 2029833
506 2029835
504 2029843
509 2029853
506 2029863
514 2029873
509 2029896
509 2029896
508 2029915
504 2029915
510 2029930
508 2029942
511 2029952
512 2029962
509 2029970
513 2029982
507 2029993
511 2030002
512 2030010
508 2030022
512 2030032
511 2030042
499 2030050
513 2030062
514 2030072
509 2030082
515 2030090
505 2030102
509 2030112
510 2030122
509 2030131
512 2030143
509 2030153
507 2030163
504 2030171
513 2030183
511 2030193
509 2030203
505 2030211
512 2030235
506 2030235
512 2030243
513 2030252
510 2030261
509 2030272
510 2030295
507 2030295
507 2030302
509 2030323
509 2030325
509 2030332
509 2030343
509 2030365
511 2030365
509 2030372
512 2030395
507 2030395
511 2030402
506 2030410
514 2030422
511 2030432
510 2030442
503 2030450
511 2030462
506 2030472
508 2030494
506 2030494
511 2030501
511 2030513
508 2030523
516 2030533
512 2030567
509 2030572
510 2030572
515 2030574
506 2030583
510 2030605
510 2030605
513 2030613
504 2030648
507 2030650
506 2030650
499 2030662
499 2030675
517 2030675
512 2030682
510 2030702
516 2030731
509 2030749
510 2030753
502 2030753
505 2030753
514 2030762
506 2030796
512 2030802
509 2030802
509 2030804
514 2030812
512 2030822
500 2030833
506 2030843
504 2030879
500 2030881
509 2030883
506 2030883
503 2030893
504 2030915
505 2030915
503 2030936
504 2030936
517 2030942
506 2030951
502 2030962
516 2030972
514 2030983
509 2031005
514 2031005
502 2031012
512 2031021
502 2031032
500 2031042
514 2031052
515 2031073
513 2031075
492 2031082
499 2031092
495 2031115
521 2031116
517 2031122
508 2031144
480 2031144
484 2031217
530 2031219
516 2031221
512 2031221
517 2031223
511 2031223
522 2031235
517 2031235
503 2031255
520 2031255
516 2031314
502 2031316
505 2031316
507 2031318
503 2031320
516 2031354
513 2031354
498 2031356
519 2031356
524 2031356
530 2031356
514 2031400
493 2031402
504 2031402
496 2031404
520 2031443
496 2031626
518 2031626
526 2031691
522 2031743
502 2031827
492 2031829
505 2031831
505 2031831
518 2031831
499 2031833
516 2031915
502 2031915
508 2031917
509 2031919
505 2031921
495 2031921
518 2031921
501 2031930
522 2031930
508 2031930
503 2031932
494 2031932
492 2031983
521 2031983
530 2031985
490 2031985
501 2031987
515 2031987
512 2031987
488 2031987
566 2031987
515 2031988
520 2031988
507 2031988
500 2031990
511 2031990
508 2031990
508 2031990
497 2031990
515 2031990
516 2031991
504 2031991
496 2032005
509 2032005
529 2032013
501 2032056
516 2032056
517 2032056
511 2032058
514 2032060
507 2032082
509 2032082
508 2032082
496 2032082
498 2032083
514 2032083
507 2032128
528 2032130
506 2032130
524 2032165
511 2032165
501 2032167
514 2032167
511 2032172
509 2032204
517 2032206
506 2032208
512 2032215
513 2032215
507 2032217
503 2032222
512 2032222
512 2032224
516 2032224
511 2032226
506 2032226
511 2032228
510 2032233
510 2032233
502 2032233
508 2032235
509 2032251
512 2032264
506 2032264
510 2032285
511 2032285
511 2032293
502 2032301
501 2032319
489 2032322
514 2032359
515 2032361
505 2032365
506 2032365
504 2032372
509 2032382
509 2032392
514 2032401
502 2032425
509 2032425
509 2032432
508 2032442
506 2032463
512 2032465
514 2032472
504 2032482
511 2032493
509 2032502
508 2032512
507 2032535
505 2032535
508 2032540
506 2032552
506 2032562
512 2032584
508 2032586
506 2032592
509 2032625
509 2032625
509 2032632
506 2032640
506 2032666
509 2032666
514 2032673
516 2032695
512 2032695
508 2032713
509 2032716
511 2032723
510 2032733
513 2032755
510 2032755
510 2032763
509 2032785
507 2032785
507 2032793
508 2032801
508 2032825
510 2032825
506 2032833
508 2032842
511 2032851
510 2032862
510 2032872
509 2032882
514 2032891
506 2032915
508 2032915
506 2032922
508 2032932
508 2032940
510 2032952
506 2032962
508 2032972
509 2032980
516 2032992
503 2033002
511 2033034
502 2033073
517 2033075
515 2033077
516 2033077
514 2033079
514 2033087
511 2033089
513 2033091
512 2033102
507 2033117
508 2033122
510 2033130
507 2033142
510 2033152
510 2033162
503 2033171
512 2033182
512 2033192
514 2033213
510 2033223
516 2033225
507 2033232
512 2033242
512 2033253
510 2033262
505 2033272
510 2033282
505 2033290
512 2033314
506 2033314
512 2033334
516 2033334
512 2033344
505 2033363
505 2033365
511 2033372
507 2033395
503 2033395
507 2033415
504 2033415
504 2033424
509 2033433
508 2033443
507 2033451
511 2033463
509 2033472
505 2033482
510 2033491
513 2033502
507 2033552
510 2033552
512 2033552
513 2033554
507 2033565
511 2033581
510 2033584
516 2033594
512 2033594
509 2033605
503 2033612
505 2033622
512 2033667
509 2033669
511 2033673
503 2033673
509 2033682
511 2033704
502 2033704
514 2033738
501 2033741
509 2033743
508 2033743
518 2033753
497 2033775
509 2033775
513 2033783
508 2033793
499 2033803
513 2033813
510 2033821
506 2033833
511 2033843
506 2033852
505 2033861
513 2033873
510 2033882
506 2033892
510 2033901
508 2033912
516 2033922
503 2033945
507 2033945
506 2033950
517 2033962
514 2033974
509 2033994
505 2033994
510 2034000
510 2034012
513 2034042
513 2034042
509 2034043
513 2034052
489 2034072
498 2034075
498 2034082
512 2034092
494 2034102
508 2034112
510 2034123
515 2034133
508 2034141
502 2034153
521 2034163
511 2034173
513 2034181
505 2034205
502 2034205
509 2034212
506 2034223
509 2034231
509 2034255
508 2034255
509 2034262
505 2034272
504 2034281
508 2034292
510 2034303
510 2034335
511 2034335
510 2034343
512 2034345
508 2034352
509 2034362
513 2034373
502 2034382
507 2034392
506 2034412
508 2034420
514 2034445
510 2034445
506 2034464
505 2034464
512 2034472
506 2034493
510 2034496
512 2034503
509 2034513
509 2034523
508 2034533
509 2034543
506 2034553
512 2034561
514 2034573
511 2034595
508 2034595
510 2034603
511 2034623
508 2034625
507 2034632
508 2034642
509 2034653
507 2034675
511 2034675
505 2034696
507 2034696
507 2034702
513 2034710
511 2034722
505 2034744
508 2034744
511 2034752
513 2034773
505 2034775
509 2034782
509 2034825
505 2034825
508 2034827
507 2034847
507 2034847
509 2034852
507 2034852
505 2034863
513 2034873
506 2034881
506 2034905
507 2034905
509 2034913
507 2034923
513 2034931
509 2034943
512 2034953
507 2034963
507 2034971
511 2034983
508 2034993
509 2035015
507 2035015
510 2035020
512 2035032
507 2035042
513 2035053
513 2035073
509 2035075
506 2035082
503 2035105
509 2035105
510 2035112
507 2035122
509 2035142
505 2035172
510 2035186
512 2035199
511 2035199
508 2035199
506 2035214
510 2035214
511 2035222
507 2035230
508 2035256
510 2035256
510 2035273
511 2035286
506 2035286
507 2035311
508 2035353
509 2035373
515 2035404
511 2035404
502 2035404
508 2035406
510 2035406
507 2035420
509 2035420
508 2035420
508 2035420
509 2035421
510 2035423
509 2035432
513 2035455
516 2035455
509 2035471
502 2035485
505 2035485
511 2035492
508 2035513
508 2035522
505 2035525
502 2035544
511 2035544
511 2035552
501 2035563
510 2035589
506 2035589
512 2035593
505 2035614
512 2035623
513 2035626
511 2035633
513 2035655
510 2035655
508 2035663
506 2035685
510 2035685
508 2035693
504 2035703
511 2035711
503 2035722
508 2035732
508 2035742
511 2035763
509 2035765
507 2035785
509 2035785
511 2035792
509 2035802
507 2035825
508 2035825
508 2035832
509 2035842
508 2035880
508 2035897
511 2035897
508 2035903
509 2035903
509 2035924
508 2035924
510 2035955
506 2035957
509 2035962
506 2035962
510 2035998
511 2036000
513 2036000
511 2036023
511 2036026
513 2036035
507 2036035
511 2036068
507 2036070
507 2036070
507 2036081
511 2036095
513 2036095
510 2036102
519 2036112
500 2036121
508 2036132
508 2036142
503 2036152
510 2036160
507 2036185
515 2036185
509 2036192
511 2036213
502 2036223
508 2036225
512 2036245
508 2036245
511 2036252
508 2036262
510 2036272
508 2036293
509 2036317
508 2036317
507 2036321
506 2036323
509 2036332
508 2036343
508 2036365
508 2036365
510 2036398
510 2036400
509 2036400
507 2036413
508 2036437
510 2036439
509 2036441
510 2036453
507 2036465
511 2036465
510 2036483
507 2036485
508 2036493
508 2036502
505 2036525
504 2036525
509 2036532
507 2036542
505 2036552
515 2036560
510 2036572
509 2036594
507 2036594
509 2036615
503 2036615
509 2036651
518 2036662
509 2036694
509 2036694
507 2036694
508 2036696
507 2036698
510 2036722
512 2036738
507 2036738
511 2036750
511 2036750
509 2036752
509 2036763
509 2036793
506 2036807
512 2036809
512 2036811
510 2036823
505 2036825
513 2036832
506 2036842
500 2036853
513 2036862
509 2036872
507 2036895
518 2036895
507 2036900
500 2036912
507 2036932
503 2036945
509 2036945
508 2036963
510 2036966
512 2036972
510 2036993
508 2037004
503 2037004
507 2037025
511 2037025
512 2037032
508 2037042
507 2037062
507 2037065
509 2037072
506 2037082
508 2037105
507 2037106
507 2037113
508 2037175
506 2037175
507 2037206
510 2037206
507 2037208
512 2037213
509 2037213
513 2037213
510 2037215
514 2037235
508 2037235
505 2037255
506 2037255
507 2037262
512 2037272
508 2037282
512 2037290
506 2037302
510 2037323
519 2037335
507 2037335
510 2037340
509 2037365
510 2037365
511 2037372
505 2037382
509 2037402
509 2037404
511 2037412
509 2037422
507 2037432
508 2037442
511 2037452
509 2037462
508 2037471
509 2037483
505 2037546
510 2037546
507 2037548
506 2037553
510 2037553
509 2037553
512 2037555
510 2037562
509 2037572
510 2037582
508 2037617
509 2037619
509 2037623
507 2037623
508 2037632
508 2037642
511 2037665
509 2037665
508 2037672
508 2037680
510 2037705
503 2037719
505 2037722
512 2037722
507 2037732
510 2037742
509 2037752
512 2037762
511 2037772
511 2037780
504 2037804
507 2037804
508 2037812
510 2037822
509 2037830
510 2037843
507 2037853
513 2037863
508 2037871
510 2037894
508 2037905
509 2037905
509 2037912
506 2037920
510 2037933
509 2037942
511 2037952
510 2037960
507 2037972
507 2037982
513 2037992
505 2038007
507 2038037
510 2038039
511 2038043
517 2038043
518 2038053
503 2038075
511 2038075
511 2038095
506 2038095
507 2038102
511 2038120
509 2038144
507 2038144
506 2038152
512 2038162
511 2038170
509 2038182
508 2038192
508 2038202
511 2038210
510 2038235
510 2038235
509 2038243
509 2038252
515 2038261
513 2038273
513 2038282
510 2038292
515 2038301
509 2038312
505 2038322
508 2038345
505 2038345
503 2038350
507 2038362
507 2038372
510 2038382
508 2038403
506 2038405
511 2038412
510 2038422
510 2038433
506 2038442
509 2038462
512 2038475
509 2038475
508 2038480
509 2038492
509 2038542
511 2038584
509 2038586
507 2038588
507 2038590
507 2038590
509 2038590
509 2038592
507 2038592
509 2038605
509 2038605
508 2038613
507 2038622
508 2038645
508 2038645
508 2038652
509 2038673
509 2038675
507 2038683
510 2038692
508 2038715
505 2038715
507 2038722
506 2038732
507 2038742
508 2038763
509 2038765
511 2038772
508 2038782
510 2038834
510 2038834
507 2038834
506 2038837
506 2038837
507 2038842
505 2038862
510 2038885
511 2038885
504 2038892
505 2038902
508 2038912
511 2038920
513 2038932
508 2038942
504 2038952
503 2038960
505 2038973
513 2038983
512 2038993
507 2039013
515 2039016
507 2039022
509 2039032
511 2039043
509 2039052
504 2039062
508 2039072
508 2039081
509 2039092
505 2039102
504 2039112
508 2039120
509 2039132
508 2039142
510 2039152
508 2039160
506 2039172
504 2039196
505 2039196
502 2039202
504 2039212
509 2039222
510 2039244
506 2039244
513 2039252
511 2039260
507 2039272
511 2039307
517 2039311
508 2039311
512 2039313
512 2039320
507 2039344
513 2039344
510 2039365
511 2039365
504 2039372
506 2039383
509 2039392
507 2039415
512 2039415
507 2039433
513 2039435
515 2039442
506 2039452
517 2039463
505 2039472
509 2039482
514 2039504
519 2039512
499 2039559
496 2039562
497 2039562
504 2039564
509 2039575
515 2039575
497 2039582
496 2039590
492 2039627
507 2039627
518 2039633
484 2039633
501 2039642
485 2039663
503 2039666
503 2039672
514 2039694
524 2039694
518 2039723
509 2039738
504 2039742
522 2039742
518 2039744
514 2039753
519 2039762
502 2039773
510 2039782
506 2039801
501 2039815
502 2039815
502 2039822
512 2039833
514 2039840
517 2039852
505 2039908
523 2039909
501 2039909
513 2039909
510 2039914
511 2039923
505 2039925
506 2039971
512 2039971
505 2039973
506 2039973
511 2039985
510 2039985
506 2039990
509 2040015
511 2040015
507 2040063
507 2040063
507 2040065
509 2040065
510 2040067
506 2040070
510 2040082
515 2040092
509 2040128
508 2040131
509 2040134
509 2040134
508 2040142
509 2040152
509 2040173
509 2040185
513 2040185
508 2040192
508 2040202
511 2040223
511 2040225
513 2040245
507 2040245
508 2040252
509 2040262
509 2040272
512 2040282
503 2040292
509 2040300
505 2040312
512 2040322
513 2040332
512 2040362
511 2040365
501 2040372
502 2040382
503 2040393
504 2040402
505 2040419
512 2040421
512 2040432
517 2040454
506 2040454
516 2040462
508 2040472
496 2040493
495 2040495
507 2040502
515 2040525
504 2040525
481 2040545
499 2040545
518 2040553
504 2040562
511 2040572
514 2040580
493 2040592
506 2040602
519 2040612
486 2040620
527 2040632
501 2040669
501 2040673
501 2040673
489 2040673
490 2040680
521 2040692
489 2040715
519 2040715
527 2040734
493 2040734
498 2040765
512 2040767
490 2040769
486 2040805
512 2040805
499 2040823
523 2040839
528 2040842
530 2040843
496 2040843
504 2040882
512 2040882
491 2040884
510 2040884
508 2040917
508 2040919
501 2040923
519 2040923
513 2040932
511 2040942
503 2040978
501 2040980
512 2040980
506 2041036
505 2041036
512 2041038
507 2041041
503 2041041
502 2041044
505 2041044
507 2041052
504 2041062
514 2041072
505 2041082
511 2041092
510 2041120
516 2041120
512 2041132
514 2041135
512 2041142
506 2041164
508 2041164
506 2041172
518 2041182
509 2041192
504 2041202
510 2041210
509 2041235
507 2041235
504 2041242
506 2041253
510 2041260
508 2041273
507 2041308
510 2041312
512 2041312
507 2041316
507 2041322
509 2041351
508 2041351
508 2041351
510 2041374
510 2041374
510 2041406
512 2041430
509 2041430
506 2041452
509 2041452
509 2041452
508 2041454
508 2041477
510 2041477
509 2041479
509 2041494
509 2041494
508 2041514
512 2041514
507 2041522
509 2041544
507 2041544
506 2041564
505 2041564
510 2041586
508 2041586
507 2041603
505 2041605
507 2041613
509 2041635
508 2041635
510 2041650
509 2041652
509 2041675
510 2041675
504 2041682
510 2041705
506 2041705
511 2041712
508 2041735
507 2041735
511 2041742
505 2041750
512 2041775
511 2041775
509 2041783
507 2041792
512 2041800
510 2041833
509 2041844
510 2041844
509 2041852
512 2041860
510 2041872
508 2041894
507 2041894
508 2041902
509 2041910
507 2041922
510 2041932
506 2041942
514 2041963
507 2041966
510 2041973
505 2041983
514 2041997
509 2042003
503 2042013
508 2042033
500 2042043
508 2042045
512 2042052
505 2042062
508 2042073
510 2042082
512 2042105
507 2042105
510 2042112
504 2042146
513 2042152
515 2042152
507 2042154
511 2042162
507 2042173
505 2042182
502 2042192
511 2042215
509 2042215
517 2042220
508 2042244
512 2042244
515 2042252
500 2042262
510 2042270
507 2042282
514 2042292
510 2042315
511 2042315
508 2042323
508 2042344
505 2042344
509 2042352
506 2042375
509 2042375
510 2042380
508 2042393
509 2042402
507 2042412
512 2042420
509 2042445
506 2042445
510 2042452
507 2042462
509 2042483
510 2042485
509 2042493
508 2042502
508 2042512
507 2042520
506 2042532
510 2042542
509 2042552
511 2042585
507 2042587
509 2042592
508 2042602
509 2042612
510 2042634
509 2042634
510 2042642
510 2042652
509 2042662
512 2042672
509 2042682
508 2042692
510 2042712
508 2042715
507 2042721
509 2042745
510 2042745
507 2042752
509 2042783
511 2042799
508 2042813
509 2042813
509 2042813
508 2042813
508 2042820
510 2042845
508 2042845
510 2042852
511 2042888
510 2042890
512 2042892
508 2042895
507 2042915
507 2042915
508 2042922
507 2042956
510 2042962
509 2042962
494 2042964
508 2042984
511 2042984
508 2043004
506 2043004
506 2043012
507 2043034
508 2043034
509 2043042
508 2043050
513 2043062
511 2043098
509 2043101
508 2043103
510 2043103
509 2043111
509 2043123
509 2043153
511 2043168
497 2043170
511 2043170
507 2043183
510 2043195
511 2043195
510 2043215
511 2043215
510 2043229
510 2043232
509 2043242
511 2043252
508 2043262
509 2043272
508 2043282
506 2043292
509 2043310
511 2043322
508 2043332
508 2043342
510 2043350
509 2043362
507 2043372
508 2043408
507 2043410
508 2043412
509 2043412
508 2043422
507 2043432
510 2043442
507 2043464
508 2043464
507 2043485
506 2043485
511 2043492
513 2043501
510 2043525
508 2043525
511 2043532
509 2043542
510 2043551
508 2043562
508 2043572
509 2043582
512 2043590
508 2043603
511 2043664
513 2043664
506 2043666
506 2043666
506 2043668
510 2043686
509 2043692
510 2043692
509 2043694
508 2043702
510 2043725
509 2043725
507 2043732
504 2043741
510 2043752
507 2043760
508 2043772
511 2043782
509 2043792
509 2043800
509 2043812
507 2043822
510 2043832
510 2043853
510 2043855
506 2043863
509 2043898
510 2043902
511 2043902
508 2043905
508 2043912
504 2043922
507 2043932
508 2043942
510 2043952
509 2043962
510 2043970
510 2044018
510 2044022
506 2044022
506 2044024
508 2044032
507 2044042
508 2044052
508 2044062
549 2044070
507 2044082
512 2044092
507 2044121
508 2044121
510 2044122
508 2044130
509 2044154
509 2044154
509 2044162
508 2044172
514 2044180
508 2044193
509 2044203
507 2044213
509 2044221
509 2044233
511 2044242
513 2044252
508 2044261
511 2044285
507 2044285
507 2044292
506 2044302
509 2044310
512 2044322
509 2044332
511 2044342
509 2044350
507 2044362
507 2044372
506 2044382
510 2044390
514 2044415
515 2044415
511 2044422
509 2044432
509 2044440
502 2044452
508 2044462
504 2044472
515 2044480
512 2044504
508 2044504
508 2044538
504 2044540
511 2044542
506 2044542
511 2044550
508 2044575
510 2044575
514 2044582
506 2044617
510 2044619
515 2044620
512 2044635
516 2044635
510 2044642
508 2044652
502 2044660
505 2044685
509 2044685
510 2044698
507 2044727
509 2044729
506 2044733
512 2044733
505 2044742
506 2044752
504 2044760
509 2044772
510 2044782
514 2044802
512 2044810
511 2044822
513 2044832
506 2044842
512 2044862
517 2044865
504 2044872
508 2044882
512 2044917
511 2044917
503 2044921
510 2044935
512 2044935
506 2044942
509 2044951
509 2044962
509 2044972
510 2044995
507 2044995
512 2045000
504 2045012
510 2045022
508 2045032
507 2045040
509 2045052
509 2045062
509 2045072
508 2045080
507 2045092
506 2045102
512 2045119
509 2045121
506 2045132
508 2045142
507 2045152
508 2045172
512 2045175
510 2045182
510 2045204
508 2045204
508 2045212
506 2045222
508 2045232
508 2045242
514 2045262
507 2045264
508 2045272
506 2045282
509 2045292
510 2045302
507 2045313
512 2045335
506 2045335
507 2045341
506 2045352
516 2045375
513 2045375
511 2045382
512 2045390
512 2045402
511 2045412
507 2045422
508 2045430
507 2045442
503 2045452
503 2045462
506 2045483
507 2045485
503 2045492
506 2045502
513 2045513
514 2045522
506 2045542
503 2045577
521 2045577
518 2045579
506 2045594
509 2045594
505 2045614
503 2045614
510 2045647
505 2045647
514 2045651
513 2045653
511 2045672
499 2045693
509 2045722
507 2045722
508 2045722
510 2045724
508 2045747
507 2045749
506 2045751
508 2045777
511 2045782
505 2045782
507 2045782
509 2045792
512 2045815
511 2045815
508 2045833
510 2045835
510 2045842
514 2045852
510 2045863
512 2045872
505 2045882
508 2045900
513 2045902
507 2045923
508 2045925
510 2045932
511 2045954
508 2045954
502 2045962
504 2045972
510 2045982
506 2045992
510 2046000
509 2046024
512 2046024
512 2046044
509 2046044
508 2046051
507 2046073
510 2046075
512 2046095
508 2046095
508 2046106
509 2046119
508 2046122
509 2046145
512 2046145
509 2046178
512 2046182
509 2046182
508 2046184
509 2046192
508 2046212
510 2046234
507 2046234
509 2046268
508 2046270
509 2046270
510 2046313
511 2046313
512 2046315
509 2046315
508 2046317
513 2046322
507 2046332
508 2046354
509 2046354
508 2046360
512 2046372
511 2046382
508 2046392
513 2046400
509 2046424
504 2046424
510 2046445
510 2046445
505 2046453
505 2046461
506 2046485
512 2046485
509 2046493
513 2046509
519 2046511
504 2046522
510 2046532
516 2046542
499 2046550
519 2046562
505 2046572
503 2046582
499 2046590
512 2046602
507 2046612
518 2046622
507 2046630
514 2046655
504 2046655
510 2046662
509 2046672
507 2046680
502 2046692
508 2046729
509 2046731
508 2046731
512 2046747
505 2046747
508 2046752
513 2046775
509 2046775
504 2046795
508 2046795
500 2046813
504 2046815
514 2046822
510 2046845
504 2046845
505 2046866
511 2046866
510 2046872
513 2046882
509 2046933
510 2046933
509 2046935
510 2046935
511 2046937
512 2046942
502 2046952
512 2046987
510 2046989
507 2046989
508 2047006
506 2047024
499 2047024
509 2047031
512 2047041
498 2047052
507 2047061
515 2047084
509 2047087
508 2047092
506 2047115
508 2047115
509 2047122
506 2047132
513 2047154
514 2047154
512 2047162
503 2047182
512 2047185
515 2047192
511 2047215
510 2047215
496 2047222
512 2047232
511 2047254
508 2047254
510 2047262
507 2047283
505 2047285
508 2047292
505 2047327
511 2047329
510 2047331
512 2047356
512 2047358
502 2047362
508 2047362
509 2047382
503 2047394
509 2047394
507 2047404
513 2047424
506 2047424
512 2047470
508 2047472
507 2047472
509 2047474
508 2047485
516 2047485
507 2047505
508 2047505
510 2047510
516 2047535
510 2047535
505 2047554
512 2047554
509 2047562
509 2047570
509 2047582
509 2047592
506 2047602
510 2047623
508 2047625
507 2047644
508 2047644
507 2047664
510 2047664
513 2047672
511 2047694
508 2047694
509 2047702
509 2047712
510 2047720
507 2047732
514 2047742
509 2047761
511 2047782
505 2047784
516 2047792
507 2047801
512 2047812
509 2047821
512 2047832
510 2047855
507 2047855
509 2047861
504 2047912
510 2047912
510 2047912
511 2047914
511 2047925
508 2047925
506 2047945
510 2047945
501 2047964
514 2047964
514 2047972
507 2047982
509 2047990
509 2048002
507 2048012
506 2048022
510 2048030
507 2048042
510 2048052
507 2048062
509 2048082
513 2048087
510 2048092
502 2048102
504 2048136
505 2048142
508 2048142
512 2048142
513 2048151
509 2048161
512 2048170
501 2048181
505 2048191
512 2048215
508 2048215
508 2048220
507 2048232
510 2048242
511 2048252
510 2048260
506 2048272
508 2048294
512 2048294
506 2048302
507 2048310
511 2048323
507 2048332
508 2048342
510 2048362
510 2048365
510 2048372
508 2048403
509 2048404
510 2048404
507 2048412
508 2048434
512 2048434
506 2048442
510 2048452
507 2048460
508 2048472
512 2048482
507 2048492
510 2048510
509 2048521
512 2048531
509 2048541
510 2048549
507 2048561
507 2048571
508 2048581
507 2048590
507 2048615
511 2048615
507 2048635
509 2048635
510 2048642
511 2048650
512 2048663
510 2048672
508 2048682
509 2048690
509 2048702
505 2048712
506 2048722
511 2048730
510 2048742
508 2048752
506 2048762
507 2048770
506 2048782
510 2048833
509 2048833
506 2048835
510 2048835
510 2048837
509 2048840
506 2048852
512 2048862
507 2048871
506 2048880
510 2048892
510 2048902
509 2048955
508 2048955
507 2048955
510 2048958
509 2048960
508 2048962
506 2048972
506 2049008
513 2049012
511 2049012
509 2049014
507 2049035
510 2049035
511 2049055
510 2049055
508 2049062
506 2049072
511 2049082
507 2049092
507 2049100
504 2049112
507 2049122
509 2049132
510 2049140
508 2049164
509 2049164
507 2049172
508 2049182
509 2049190
508 2049202
510 2049212
509 2049222
509 2049230
510 2049242
509 2049262
511 2049271
512 2049280
511 2049291
511 2049301
509 2049324
508 2049324
510 2049331
506 2049342
512 2049352
505 2049375
509 2049375
513 2049380
511 2049392
508 2049415
508 2049415
507 2049422
512 2049442
507 2049445
511 2049452
509 2049462
511 2049473
507 2049482
511 2049504
506 2049504
511 2049512
511 2049546
510 2049552
510 2049552
509 2049552
510 2049562
509 2049572
509 2049580
506 2049592
511 2049602
509 2049611
507 2049632
509 2049634
508 2049642
506 2049651
512 2049662
508 2049671
507 2049681
510 2049718
508 2049720
507 2049722
510 2049724
509 2049732
510 2049742
509 2049750
509 2049775
507 2049775
508 2049782
511 2049792
506 2049800
511 2049812
510 2049822
509 2049832
511 2049840
510 2049864
503 2049864
535 2049872
503 2049882
524 2049902
497 2049905
509 2049912
506 2049922
511 2049944
507 2049944
507 2049952
506 2049962
511 2049972
506 2050002
508 2050004
509 2050011
510 2050022
511 2050033
509 2050054
505 2050054
537 2050061
592 2050085
448 2050088
512 2050113
525 2050123
505 2050164
521 2050164
504 2050166
507 2050166
510 2050168
510 2050182
512 2050198
506 2050200
514 2050200
506 2050210
509 2050223
508 2050245
509 2050245
507 2050283
509 2050313
511 2050315
508 2050336
507 2050338
511 2050342
506 2050342
511 2050344
510 2050344
508 2050344
508 2050351
510 2050373
509 2050417
508 2050417
510 2050417
510 2050417
509 2050417
505 2050418
510 2050420
507 2050442
508 2050444
504 2050451
510 2050462
510 2050473
511 2050482
510 2050505
511 2050505
509 2050512
509 2050520
507 2050532
507 2050555
507 2050555
509 2050574
509 2050574
511 2050580
509 2050592
507 2050602
510 2050612
508 2050620
509 2050632
510 2050652
509 2050662
508 2050670
511 2050682
509 2050692
509 2050728
507 2050730
508 2050732
511 2050732
508 2050754
509 2050754
509 2050761
510 2050771
509 2050781
509 2050791
507 2050814
509 2050814
509 2050833
509 2050835
510 2050855
508 2050855
509 2050862
510 2050872
507 2050882
508 2050905
509 2050905
509 2050925
507 2050925
509 2050956
509 2050960
508 2050960
511 2050974
508 2050974
509 2050994
508 2050994
508 2051000
506 2051024
507 2051024
511 2051044
508 2051044
511 2051052
509 2051060
507 2051072
508 2051094
509 2051094
508 2051114
508 2051114
506 2051120
507 2051132
512 2051166
510 2051168
509 2051170
508 2051182
510 2051184
507 2051191
507 2051201
511 2051238
509 2051238
509 2051240
510 2051255
505 2051255
508 2051262
513 2051272
510 2051282
508 2051292
509 2051325
509 2051325
508 2051330
510 2051362
507 2051378
508 2051380
510 2051380
507 2051394
509 2051394
510 2051428
512 2051432
510 2051432
509 2051432
509 2051442
509 2051462
511 2051465
507 2051484
509 2051484
511 2051492
511 2051512
511 2051534
510 2051534
510 2051556
509 2051561
510 2051561
507 2051563
507 2051593
508 2051608
511 2051610
509 2051610
512 2051625
510 2051625
506 2051632
508 2051655
506 2051655
507 2051662
509 2051670
508 2051708
509 2051712
515 2051712
509 2051714
509 2051722
507 2051732
509 2051742
509 2051764
508 2051764
508 2051782
508 2051785
510 2051797
510 2051802
509 2051812
509 2051834
511 2051834
507 2051867
511 2051871
512 2051871
509 2051873
510 2051882
508 2051902
510 2051911
511 2051919
508 2051931
509 2051941
508 2051975
508 2051975
509 2051995
509 2052002
508 2052002
508 2052002
507 2052025
507 2052025
507 2052045
511 2052045
508 2052050
510 2052062
509 2052072
511 2052094
509 2052094
508 2052112
506 2052122
508 2052123
509 2052132
510 2052142
509 2052152
503 2052162
515 2052172
508 2052208
515 2052210
508 2052212
513 2052212
510 2052234
509 2052234
508 2052242
510 2052264
511 2052264
509 2052272
510 2052281
511 2052304
509 2052304
509 2052343
509 2052346
508 2052374
510 2052374
511 2052374
510 2052376
509 2052385
507 2052418
511 2052420
510 2052420
508 2052438
509 2052442
510 2052442
512 2052444
509 2052463
508 2052465
506 2052472
509 2052482
508 2052512
508 2052512
508 2052537
508 2052537
510 2052552
510 2052552
507 2052552
507 2052574
511 2052574
507 2052605
509 2052607
508 2052612
510 2052612
508 2052621
512 2052631
506 2052642
507 2052664
509 2052664
508 2052671
509 2052680
514 2052691
508 2052715
510 2052715
516 2052733
509 2052743
505 2052745
510 2052752
508 2052762
508 2052773
510 2052782
512 2052792
520 2052815
504 2052815
512 2052833
508 2052835
505 2052842
512 2052852
507 2052874
505 2052874
511 2052882
516 2052902
509 2052912
506 2052920
512 2052944
507 2052944
509 2052952
509 2052974
507 2052974
509 2052979
505 2053017
510 2053019
511 2053019
506 2053034
506 2053034
510 2053041
508 2053061
508 2053090
509 2053090
510 2053098
509 2053105
509 2053105
507 2053112
508 2053122
509 2053132
509 2053153
509 2053155
508 2053175
509 2053175
509 2053182
512 2053192
509 2053202
507 2053224
507 2053224
509 2053244
510 2053244
509 2053276
507 2053282
511 2053282
509 2053282
507 2053292
506 2053314
510 2053314
511 2053332
509 2053335
509 2053342
509 2053352
507 2053374
511 2053374
507 2053381
509 2053392
508 2053402
508 2053410
507 2053421
510 2053444
510 2053444
509 2053463
515 2053486
509 2053490
510 2053490
510 2053505
513 2053505
507 2053512
510 2053520
509 2053532
507 2053542
510 2053552
512 2053560
508 2053572
506 2053582
509 2053592
509 2053612
509 2053615
508 2053644
507 2053644
509 2053652
510 2053663
506 2053672
508 2053682
507 2053716
509 2053718
509 2053722
508 2053722
511 2053734
509 2053754
508 2053754
505 2053772
510 2053774
507 2053781
508 2053833
508 2053833
509 2053835
509 2053835
510 2053838
509 2053849
506 2053859
509 2053861
506 2053872
510 2053880
511 2053892
508 2053914
508 2053914
510 2053922
512 2053930
509 2053942
507 2053952
507 2053962
508 2053982
511 2053985
507 2054033
506 2054033
512 2054035
511 2054035
509 2054049
509 2054049
508 2054051
510 2054060
509 2054085
510 2054085
506 2054092
507 2054101
510 2054109
507 2054121
509 2054156
507 2054158
508 2054160
507 2054162
510 2054171
509 2054181
509 2054191
510 2054199
513 2054212
509 2054222
508 2054232
509 2054240
507 2054252
508 2054262
509 2054285
510 2054285
511 2054290
509 2054302
508 2054312
506 2054322
512 2054330
507 2054342
509 2054352
511 2054362
509 2054370
508 2054394
510 2054394
509 2054414
508 2054414
510 2054421
509 2054439
507 2054451
507 2054461
511 2054471
508 2054483
516 2054491
510 2054501
506 2054511
512 2054519
508 2054531
512 2054541
511 2054551
512 2054559
510 2054585
513 2054585
510 2054605
511 2054605
507 2054625
511 2054625
509 2054630
509 2054654
506 2054654
507 2054674
512 2054674
506 2054694
509 2054694
506 2054700
512 2054724
513 2054724
504 2054757
511 2054759
508 2054761
511 2054772
512 2054775
508 2054794
507 2054794
508 2054802
509 2054824
511 2054824
508 2054832
510 2054842
511 2054864
510 2054864
507 2054882
510 2054884
509 2054891
508 2054901
507 2054930
506 2054931
510 2054931
511 2054941
511 2054951
508 2054962
507 2054995
507 2054999
508 2055003
508 2055003
510 2055012
512 2055020
512 2055045
510 2055045
508 2055064
506 2055064
507 2055072
507 2055094
510 2055094
508 2055102
511 2055112
505 2055122
512 2055130
508 2055141
507 2055161
509 2055171
509 2055179
508 2055204
509 2055204
510 2055212
509 2055222
511 2055229
511 2055241
509 2055251
508 2055261
509 2055269
509 2055281
511 2055291
509 2055301
504 2055309
507 2055321
509 2055331
509 2055355
507 2055355
509 2055360
507 2055372
509 2055382
509 2055392
508 2055400
504 2055412
509 2055422
509 2055432
507 2055440
510 2055452
509 2055462
509 2055472
511 2055480
509 2055492
510 2055514
507 2055514
511 2055522
507 2055530
507 2055541
508 2055551
509 2055561
511 2055569
511 2055594
508 2055594
509 2055601
510 2055624
509 2055624
508 2055630
508 2055641
508 2055651
509 2055661
509 2055669
512 2055681
511 2055691
511 2055701
507 2055723
509 2055725
511 2055732
508 2055742
511 2055759
510 2055762
509 2055772
510 2055782
510 2055792
508 2055802
507 2055812
509 2055834
510 2055834
509 2055840
506 2055864
506 2055864
511 2055884
509 2055884
508 2055904
510 2055904
509 2055920
510 2055932
509 2055941
509 2055951
507 2055972
510 2055974
508 2056005
509 2056005
508 2056015
510 2056015
508 2056076
510 2056078
507 2056083
508 2056083
510 2056083
513 2056085
509 2056085
505 2056105
507 2056105
512 2056124
507 2056124
510 2056132
510 2056142
510 2056152
512 2056173
508 2056175
509 2056182
508 2056204
507 2056204
508 2056214
509 2056225
509 2056232
510 2056242
511 2056250
511 2056262
507 2056271
510 2056281
506 2056290
508 2056301
509 2056311
507 2056321
509 2056329
510 2056341
507 2056351
506 2056373
506 2056396
507 2056398
510 2056402
509 2056402
509 2056411
508 2056421
510 2056431
512 2056441
511 2056451
508 2056460
512 2056472
511 2056482
512 2056548
508 2056550
508 2056552
507 2056554
509 2056554
508 2056556
509 2056556
507 2056574
510 2056574
509 2056594
510 2056594
511 2056602
509 2056612
510 2056622
508 2056640
507 2056664
508 2056664
507 2056672
510 2056714
507 2056714
508 2056722
512 2056725
512 2056734
507 2056734
507 2056741
508 2056764
508 2056764
512 2056782
508 2056784
511 2056791
510 2056801
512 2056812
510 2056843
510 2056857
510 2056859
508 2056861
508 2056870
510 2056884
510 2056884
508 2056904
512 2056904
510 2056924
510 2056924
512 2056930
507 2056942
509 2056952
507 2056962
509 2056970
508 2056982
511 2057011
510 2057012
508 2057012
506 2057021
507 2057030
509 2057041
507 2057051
510 2057061
507 2057069
509 2057081
505 2057112
508 2057128
506 2057130
507 2057131
509 2057158
509 2057160
510 2057161
509 2057174
510 2057174
508 2057181
506 2057191
507 2057201
507 2057212
509 2057220
509 2057232
511 2057242
507 2057252
509 2057272
508 2057275
511 2057282
508 2057292
509 2057312
508 2057322
509 2057332
512 2057342
508 2057362
512 2057364
511 2057384
507 2057384
506 2057402
509 2057415
510 2057415
508 2057421
510 2057430
511 2057441
511 2057451
511 2057486
509 2057488
509 2057490
509 2057504
510 2057504
511 2057510
510 2057521
509 2057556
509 2057558
512 2057562
509 2057562
507 2057596
506 2057596
510 2057617
507 2057619
510 2057623
509 2057623
507 2057632
510 2057696
511 2057696
507 2057698
508 2057700
510 2057700
509 2057704
510 2057714
509 2057714
509 2057725
509 2057732
508 2057765
506 2057769
507 2057769
510 2057784
507 2057784
509 2057791
513 2057812
511 2057814
510 2057822
510 2057831
508 2057854
507 2057854
510 2057861
506 2057871
509 2057898
508 2057899
510 2057925
509 2057931
514 2057931
510 2057933
508 2057941
507 2057952
508 2058003
511 2058003
511 2058007
508 2058008
511 2058008
518 2058012
508 2058022
507 2058054
509 2058054
507 2058062
508 2058084
510 2058084
509 2058090
510 2058112
510 2058122
506 2058134
531 2058134
507 2058140
510 2058152
508 2058161
507 2058184
509 2058184
508 2058190
510 2058201
508 2058211
506 2058221
514 2058229
512 2058254
509 2058254
499 2058274
509 2058274
503 2058323
510 2058323
510 2058323
507 2058325
506 2058325
506 2058373
507 2058373
509 2058375
510 2058375
509 2058377
506 2058382
509 2058603
507 2058604
508 2058605
508 2058605
509 2058605
510 2058606
509 2058606
509 2058606
509 2058606
508 2058606
508 2058606
509 2058607
507 2058607
509 2058607
507 2058607
509 2058607
507 2058607
511 2058607
511 2058608
508 2058608
505 2058608
510 2058612
510 2058636
508 2058644
507 2058644
510 2058654
511 2058654
510 2058661
510 2058681
506 2058694
510 2058694
507 2058700
509 2058722
510 2058732
507 2058742
511 2058750
511 2058762
512 2058784
508 2058784
508 2058802
510 2058812
510 2058815
507 2058822
507 2058832
511 2058853
508 2058864
507 2058864
508 2058884
509 2058884
509 2058891
508 2058912
506 2058914
511 2058921
512 2058932
507 2058942
511 2058951
508 2058966
508 2058972
508 2058979
508 2058991
511 2059001
508 2059011
509 2059019
510 2059031
513 2059041
508 2059051
509 2059059
508 2059071
507 2059081
507 2059092
509 2059113
507 2059116
511 2059122
511 2059132
511 2059142
507 2059152
509 2059162
509 2059173
508 2059190
508 2059211
507 2059212
509 2059224
511 2059224
510 2059232
508 2059240
508 2059251
506 2059262
511 2059271
509 2059280
509 2059291
510 2059308
509 2059311
508 2059334
508 2059334
507 2059341
512 2059352
507 2059361
509 2059369
509 2059381
508 2059404
505 2059404
510 2059411
506 2059419
509 2059431
509 2059441
508 2059465
508 2059465
507 2059482
507 2059485
506 2059492
509 2059502
510 2059513
508 2059522
509 2059532
508 2059542
511 2059550
508 2059562
511 2059572
509 2059582
510 2059590
507 2059602
511 2059612
511 2059622
507 2059640
511 2059664
507 2059664
510 2059672
507 2059682
511 2059689
508 2059714
507 2059714
510 2059721
507 2059731
508 2059739
508 2059751
509 2059761
508 2059783
513 2059783
509 2059789
505 2059801
511 2059811
509 2059832
510 2059856
508 2059860
510 2059860
508 2059875
512 2059875
508 2059882
505 2059902
508 2059904
510 2059913
511 2059922
514 2059932
508 2059942
510 2059952
512 2059974
510 2059974
510 2060005
508 2060007
505 2060012
507 2060012
510 2060022
503 2060032
503 2060041
512 2060051
506 2060074
506 2060074
509 2060080
510 2060104
507 2060104
507 2060113
506 2060134
509 2060134
510 2060152
505 2060154
508 2060161
508 2060171
509 2060182
507 2060205
509 2060205
509 2060225
507 2060225
505 2060232
511 2060240
509 2060264
509 2060264
508 2060272
509 2060294
508 2060294
512 2060300
508 2060312
511 2060322
512 2060344
509 2060344
503 2060360
511 2060371
512 2060382
505 2060404
506 2060404
505 2060410
509 2060434
509 2060434
510 2060441
510 2060451
507 2060472
510 2060474
510 2060481
507 2060491
505 2060502
521 2060511
509 2060521
512 2060544
512 2060544
504 2060549
502 2060574
519 2060574
507 2060582
502 2060592
506 2060600
516 2060612
503 2060632
500 2060644
504 2060644
513 2060650
509 2060662
517 2060672
512 2060682
489 2060690
516 2060712
516 2060724
510 2060724
510 2060731
500 2060740
503 2060751
524 2060761
504 2060771
510 2060779
504 2060791
518 2060801
509 2060811
510 2060820
506 2060844
502 2060844
513 2060851
514 2060861
527 2060869
502 2060893
507 2060893
493 2060901
519 2060911
506 2060919
509 2060943
510 2060943
510 2060952
511 2060974
527 2060974
482 2060980
507 2060992
488 2061002
534 2061012
473 2061020
522 2061032
516 2061042
502 2061052
515 2061060
513 2061072
505 2061082
504 2061091
503 2061100
509 2061111
514 2061131
506 2061142
501 2061150
501 2061161
506 2061171
498 2061181
519 2061189
518 2061201
499 2061211
512 2061221
506 2061242
509 2061244
504 2061251
512 2061274
510 2061274
510 2061289
507 2061291
508 2061301
470 2061311
517 2061322
538 2061332
526 2061342
514 2061352
515 2061362
533 2061384
493 2061384
514 2061404
529 2061404
530 2061412
517 2061422
509 2061444
508 2061444
511 2061452
507 2061485
507 2061488
500 2061490
508 2061504
504 2061504
504 2061511
512 2061520
515 2061531
511 2061541
505 2061551
511 2061559
506 2061571
514 2061581
507 2061591
504 2061612
500 2061614
502 2061621
513 2061656
507 2061658
499 2061660
505 2061662
515 2061671
506 2061681
509 2061700
506 2061702
511 2061712
515 2061722
509 2061732
514 2061754
509 2061754
508 2061774
516 2061774
509 2061782
506 2061790
516 2061809
504 2061812
505 2061821
498 2061842
521 2061864
496 2061864
517 2061884
499 2061884
502 2061894
509 2061913
511 2061915
507 2061921
509 2061931
516 2061954
508 2061954
504 2061961
510 2061990
513 2061990
504 2061990
510 2062014
511 2062014
510 2062019
507 2062031
501 2062054
508 2062054
518 2062061
505 2062083
506 2062085
500 2062117
502 2062117
510 2062122
507 2062122
514 2062132
505 2062142
505 2062152
511 2062162
509 2062196
502 2062202
508 2062202
510 2062202
509 2062218
509 2062221
512 2062232
507 2062254
511 2062254
506 2062262
508 2062284
510 2062284
509 2062289
506 2062301
507 2062311
509 2062321
509 2062329
508 2062341
510 2062351
509 2062361
510 2062369
510 2062394
509 2062394
508 2062401
508 2062411
508 2062419
508 2062431
508 2062441
509 2062465
508 2062465
510 2062470
509 2062492
508 2062504
508 2062504
509 2062512
509 2062532
510 2062535
506 2062554
509 2062554
512 2062562
508 2062584
506 2062584
508 2062601
508 2062611
510 2062621
510 2062629
507 2062674
508 2062674
511 2062716
508 2062716
508 2062721
506 2062722
512 2062730
510 2062731
508 2062731
510 2062744
510 2062744
510 2062751
510 2062774
509 2062774
508 2062791
510 2062794
509 2062813
508 2062813
510 2062829
510 2062871
511 2062871
508 2062872
508 2062874
507 2062884
509 2062884
508 2062892
509 2062914
511 2062914
511 2062932
512 2062954
513 2062954
510 2062962
508 2062970
508 2062981
506 2063004
509 2063004
508 2063024
507 2063024
509 2063025
510 2063052
509 2063054
507 2063054
508 2063074
508 2063074
508 2063094
510 2063094
506 2063099
508 2063124
511 2063124
510 2063172
505 2063172
509 2063174
507 2063174
509 2063176
510 2063179
509 2063215
509 2063215
509 2063238
509 2063238
505 2063240
508 2063264
511 2063264
508 2063313
511 2063313
510 2063315
509 2063315
513 2063317
511 2063334
507 2063334
511 2063352
506 2063354
512 2063374
506 2063374
508 2063396
506 2063396
511 2063401
505 2063411
508 2063421
508 2063443
511 2063443
509 2063461
510 2063464
511 2063471
510 2063481
508 2063503
511 2063503
507 2063537
505 2063541
507 2063541
509 2063543
507 2063563
509 2063563
506 2063571
511 2063582
509 2063604
509 2063604
508 2063635
509 2063639
507 2063643
510 2063643
508 2063677
509 2063679
510 2063679
509 2063701
507 2063701
507 2063701
510 2063711
510 2063721
509 2063739
511 2063764
508 2063764
509 2063771
512 2063792
507 2063794
500 2063794
510 2063810
507 2063852
512 2063902
510 2063902
508 2063904
511 2063904
509 2063906
510 2063931
508 2063932
508 2063932
507 2063932
510 2063934
509 2063944
507 2063944
512 2063955
509 2063955
510 2063974
508 2063974
509 2064005
509 2064005
507 2064012
510 2064022
510 2064042
506 2064045
507 2064082
512 2064126
508 2064126
511 2064128
508 2064130
505 2064130
506 2064132
507 2064144
509 2064144
507 2064154
510 2064154
515 2064184
509 2064184
506 2064203
507 2064203
504 2064211
509 2064222
508 2064232
510 2064234
506 2064241
513 2064274
505 2064274
507 2064283
512 2064283
509 2064316
508 2064316
512 2064322
498 2064322
508 2064343
513 2064360
508 2064377
506 2064377
511 2064382
509 2064382
511 2064417
511 2064419
509 2064419
511 2064442
510 2064457
510 2064457
506 2064459
509 2064473
508 2064484
508 2064484
509 2064514
509 2064514
508 2064521
509 2064555
509 2064557
508 2064559
509 2064574
508 2064574
508 2064579
508 2064602
507 2064602
510 2064605
510 2064624
506 2064624
509 2064645
510 2064645
509 2064651
508 2064726
507 2064728
507 2064734
512 2064734
508 2064734
509 2064734
505 2064735
510 2064793
508 2064793
508 2064795
510 2064795
507 2064802
509 2064804
512 2064804
509 2064812
508 2064834
508 2064834
510 2064883
509 2064883
507 2064885
508 2064885
510 2064887
509 2064904
508 2064912
506 2064914
508 2064921
509 2064931
511 2064966
507 2064968
508 2064970
509 2064984
510 2064984
512 2064991
507 2065014
510 2065014
510 2065021
508 2065031
508 2065041
504 2065050
509 2065061
511 2065071
508 2065082
509 2065093
509 2065107
509 2065112
509 2065122
509 2065130
511 2065154
509 2065154
507 2065187
509 2065189
509 2065189
509 2065201
510 2065211
510 2065222
509 2065231
509 2065252
509 2065254
510 2065261
510 2065271
510 2065282
508 2065291
507 2065301
508 2065318
507 2065320
511 2065331
510 2065341
511 2065351
509 2065359
508 2065383
507 2065383
509 2065391
508 2065401
508 2065409
511 2065421
510 2065431
510 2065441
511 2065449
507 2065462
507 2065484
509 2065484
509 2065492
509 2065500
508 2065512
512 2065522
507 2065532
513 2065540
508 2065552
509 2065562
512 2065572
511 2065580
509 2065604
508 2065604
509 2065611
505 2065621
510 2065629
509 2065641
508 2065651
507 2065661
511 2065669
508 2065681
509 2065691
509 2065701
503 2065709
508 2065721
511 2065731
510 2065741
505 2065749
514 2065761
508 2065771
510 2065781
512 2065789
506 2065801
510 2065811
510 2065821
506 2065829
508 2065842
508 2065852
507 2065862
509 2065882
511 2065885
508 2065894
509 2065902
509 2065912
509 2065932
509 2065934
510 2065941
508 2065951
508 2065962
510 2065972
506 2065981
510 2066033
505 2066033
507 2066035
508 2066035
507 2066037
508 2066041
506 2066051
509 2066074
507 2066074
509 2066081
507 2066091
510 2066114
506 2066114
510 2066119
512 2066143
510 2066143
507 2066163
509 2066163
508 2066171
511 2066179
512 2066191
506 2066208
506 2066211
508 2066234
510 2066234
509 2066242
510 2066272
505 2066284
508 2066284
511 2066300
506 2066322
513 2066337
507 2066364
509 2066364
509 2066364
509 2066364
509 2066372
511 2066374
514 2066381
508 2066391
506 2066402
506 2066424
509 2066424
510 2066457
512 2066461
509 2066461
510 2066463
515 2066471
508 2066481
508 2066517
507 2066519
509 2066521
509 2066523
509 2066531
509 2066553
509 2066553
512 2066559
509 2066571
504 2066581
508 2066592
507 2066600
509 2066612
509 2066622
508 2066632
507 2066640
511 2066652
508 2066662
507 2066704
509 2066704
511 2066705
508 2066705
509 2066710
508 2066732
508 2066744
508 2066744
510 2066751
507 2066759
508 2066771
509 2066794
511 2066794
507 2066801
512 2066809
515 2066821
511 2066831
513 2066841
506 2066849
508 2066861
513 2066881
515 2066894
510 2066894
508 2066899
513 2066911
508 2066921
510 2066931
508 2066939
511 2066951
507 2066962
492 2066972
503 2066980
520 2066992
416 2067002
546 2067012
488 2067032
463 2067034
494 2067052
511 2067062
534 2067071
504 2067081
506 2067104
513 2067104
516 2067111
514 2067119
508 2067131
505 2067141
504 2067151
504 2067159
506 2067171
508 2067181
502 2067191
514 2067199
505 2067211
513 2067221
500 2067231
507 2067239
504 2067251
510 2067261
511 2067284
510 2067284
504 2067289
508 2067301
515 2067311
509 2067333
511 2067333
502 2067340
506 2067352
509 2067362
510 2067372
508 2067380
509 2067392
511 2067402
509 2067412
504 2067432
513 2067434
508 2067449
498 2067451
515 2067474
518 2067474
498 2067479
502 2067491
512 2067503
512 2067511
506 2067519
505 2067531
506 2067541
505 2067564
512 2067564
508 2067569
512 2067581
502 2067592
515 2067601
507 2067609
506 2067621
504 2067631
504 2067641
514 2067649
511 2067673
521 2067673
508 2067681
513 2067691
512 2067699
512 2067711
513 2067722
506 2067744
526 2067744
513 2067750
493 2067762
544 2067782
508 2067791
505 2067800
508 2067812
511 2067821
506 2067832
510 2067852
511 2067854
509 2067861
506 2067871
505 2067882
505 2067904
510 2067904
507 2067911
508 2067932
504 2067942
510 2067944
509 2067951
508 2067974
510 2067974
508 2067981
511 2068004
509 2068004
510 2068011
509 2068021
511 2068040
509 2068053
509 2068053
509 2068061
509 2068083
511 2068083
507 2068090
508 2068102
506 2068111
511 2068122
509 2068144
510 2068144
511 2068162
509 2068174
507 2068174
506 2068182
508 2068190
509 2068202
510 2068211
506 2068221
509 2068242
508 2068244
510 2068251
507 2068274
506 2068274
508 2068281
506 2068292
510 2068314
507 2068314
511 2068321
511 2068329
508 2068341
508 2068351
510 2068361
508 2068369
506 2068381
512 2068417
509 2068421
510 2068421
509 2068423
509 2068431
510 2068453
510 2068453
509 2068461
509 2068470
510 2068482
509 2068505
508 2068505
509 2068512
507 2068520
507 2068554
510 2068554
509 2068598
510 2068600
508 2068600
509 2068623
510 2068624
510 2068631
508 2068633
506 2068635
510 2068641
508 2068664
509 2068664
509 2068684
508 2068684
508 2068691
509 2068714
508 2068714
507 2068773
507 2068773
509 2068773
509 2068775
509 2068777
512 2068792
510 2068794
511 2068803
508 2068803
508 2068811
506 2068861
506 2068861
510 2068863
509 2068863
508 2068874
511 2068874
511 2068882
509 2068922
508 2068955
506 2068955
508 2068957
508 2068959
510 2068961
508 2068961
509 2069025
512 2069025
509 2069029
506 2069029
507 2069031
505 2069031
506 2069031
510 2069071
507 2069071
508 2069071
510 2069073
509 2069084
509 2069084
511 2069092
509 2069114
511 2069114
508 2069121
508 2069156
507 2069156
508 2069158
510 2069183
508 2069183
508 2069191
510 2069201
511 2069334
508 2069334
507 2069335
508 2069336
508 2069336
508 2069336
506 2069337
508 2069337
508 2069337
509 2069337
509 2069338
509 2069338
512 2069369
513 2069372
511 2069372
509 2069372
507 2069384
509 2069384
510 2069391
510 2069425
511 2069425
508 2069434
512 2069434
510 2069454
511 2069454
507 2069461
509 2069497
508 2069498
508 2069816
507 2069816
510 2069816
509 2069816
502 2069816
509 2069817
499 2069817
505 2069817
508 2069817
509 2069817
512 2069817
507 2069818
507 2069818
510 2069818
508 2069818
506 2069818
510 2069818
510 2069819
509 2069819
511 2069819
508 2069819
507 2069819
510 2069819
508 2069820
468 2069820
510 2069820
510 2069820
508 2069820
510 2069821
511 2069821
509 2069821
510 2069836
514 2069836
506 2069847
512 2069854
508 2069854
510 2069861
510 2069871
515 2069893
509 2069893
505 2069925
511 2069927
508 2069932
493 2069932
508 2069951
509 2069963
509 2069963
508 2069972
509 2069982
511 2069992
507 2070001
509 2070024
507 2070024
508 2070031
511 2070067
509 2070070
510 2070070
509 2070108
512 2070110
512 2070110
511 2070126
509 2070128
511 2070132
509 2070132
509 2070177
510 2070179
509 2070179
509 2070207
511 2070207
508 2070211
508 2070211
510 2070213
508 2070221
508 2070244
509 2070244
508 2070263
510 2070263
510 2070284
511 2070284
509 2070291
510 2070313
508 2070313
510 2070331
506 2070334
509 2070354
510 2070354
509 2070375
509 2070375
508 2070394
507 2070395
509 2070401
511 2070424
507 2070424
506 2070444
510 2070459
510 2070463
511 2070463
508 2070471
505 2070482
508 2070491
507 2070499
508 2070524
511 2070524
512 2070531
510 2070541
509 2070559
508 2070572
505 2070581
509 2070591
508 2070599
506 2070622
510 2070634
511 2070634
512 2070641
511 2070659
509 2070673
507 2070673
507 2070681
510 2070703
510 2070703
511 2070709
509 2070722
509 2070732
512 2070742
510 2070750
507 2070762
508 2070771
509 2070794
511 2070794
510 2070799
508 2070811
509 2070832
509 2070844
509 2070844
509 2070868
508 2070868
509 2070870
507 2070894
512 2070894
509 2070901
511 2070911
511 2070921
510 2070931
506 2070941
509 2070949
511 2070961
509 2070971
508 2071006
511 2071008
507 2071012
510 2071019
510 2071033
511 2071033
509 2071054
511 2071054
507 2071070
512 2071083
510 2071083
512 2071092
510 2071101
511 2071110
509 2071134
509 2071134
508 2071162
506 2071164
508 2071164
508 2071171
509 2071182
506 2071204
512 2071204
509 2071211
512 2071219
507 2071231
507 2071241
509 2071251
509 2071311
509 2071313
505 2071315
511 2071315
507 2071317
505 2071323
509 2071323
510 2071343
508 2071343
509 2071351
509 2071361
508 2071371
512 2071379
510 2071391
514 2071401
509 2071411
508 2071419
506 2071443
509 2071443
511 2071477
508 2071477
508 2071482
509 2071482
507 2071500
509 2071511
511 2071542
510 2071573
506 2071573
510 2071575
512 2071575
513 2071575
508 2071582
507 2071604
507 2071604
508 2071611
510 2071632
507 2071634
509 2071641
507 2071651
507 2071662
511 2071671
506 2071691
506 2071703
509 2071703
507 2071709
510 2071721
511 2071731
510 2071741
513 2071774
510 2071776
505 2071781
509 2071781
510 2071791
509 2071813
509 2071813
509 2071821
510 2071838
510 2071841
513 2071852
508 2071874
506 2071874
508 2071881
510 2071891
511 2071899
504 2071911
509 2071934
507 2071934
509 2071941
510 2071949
507 2071961
507 2071971
514 2071981
505 2071989
509 2072013
509 2072013
507 2072021
508 2072057
509 2072059
511 2072061
507 2072063
510 2072071
509 2072081
510 2072089
509 2072114
510 2072114
508 2072121
512 2072131
509 2072139
507 2072151
509 2072161
509 2072171
508 2072179
509 2072262
510 2072262
510 2072262
509 2072262
507 2072262
509 2072263
507 2072263
508 2072284
507 2072284
508 2072292
507 2072301
507 2072311
511 2072322
512 2072331
506 2072339
508 2072351
507 2072361
507 2072371
510 2072379
510 2072391
509 2072401
512 2072411
509 2072419
509 2072431
507 2072441
511 2072451
508 2072459
508 2072483
510 2072483
510 2072493
511 2072513
510 2072513
506 2072519
507 2072531
511 2072553
507 2072553
510 2072561
509 2072569
508 2072581
510 2072591
512 2072602
509 2072610
508 2072621
508 2072644
507 2072644
507 2072651
505 2072670
509 2072690
509 2072691
511 2072712
509 2072726
509 2072729
507 2072731
510 2072733
510 2072754
510 2072754
508 2072787
509 2072789
510 2072792
509 2072792
508 2072814
509 2072814
508 2072821
510 2072856
510 2072856
507 2072862
510 2072862
511 2072883
508 2072883
506 2072891
507 2072899
508 2072923
510 2072923
513 2072953
509 2072961
511 2072986
512 2072988
508 2072992
507 2072992
509 2073014
508 2073014
511 2073021
509 2073030
509 2073041
508 2073051
510 2073061
511 2073082
510 2073091
506 2073091
507 2073101
512 2073111
506 2073121
509 2073131
507 2073151
509 2073165
511 2073165
509 2073169
507 2073193
509 2073193
511 2073201
508 2073211
511 2073219
509 2073231
511 2073241
508 2073263
509 2073263
509 2073310
509 2073313
509 2073313
509 2073315
510 2073315
508 2073335
509 2073335
509 2073367
507 2073369
505 2073369
509 2073384
508 2073384
510 2073443
509 2073443
509 2073445
512 2073445
511 2073447
507 2073452
506 2073454
508 2073461
507 2073483
509 2073483
508 2073501
513 2073524
510 2073524
513 2073531
510 2073554
506 2073554
506 2073572
509 2073574
509 2073593
510 2073593
508 2073629
509 2073648
511 2073650
509 2073650
507 2073652
508 2073652
509 2073663
509 2073663
508 2073683
508 2073683
507 2073691
511 2073701
509 2073711
509 2073734
507 2073734
509 2073750
509 2073762
509 2073771
510 2073808
508 2073810
509 2073811
509 2073824
509 2073824
508 2073831
510 2073854
510 2073854
512 2073859
507 2073871
508 2073894
508 2073894
510 2073901
508 2073922
508 2073924
507 2073931
509 2073941
507 2073965
510 2073965
510 2073971
510 2073993
509 2073993
509 2074001
508 2074034
508 2074036
507 2074038
509 2074098
512 2074105
507 2074107
511 2074107
510 2074108
506 2074108
508 2074108
508 2074112
506 2074132
513 2074135
511 2074164
508 2074164
511 2074171
511 2074207
508 2074209
508 2074209
509 2074223
507 2074223
506 2074231
511 2074267
511 2074271
510 2074271
507 2074271
509 2074273
507 2074306
514 2074308
508 2074310
511 2074321
511 2074333
510 2074333
512 2074344
510 2074363
514 2074363
507 2074371
505 2074381
507 2074403
508 2074403
511 2074410
509 2074421
508 2074431
512 2074441
503 2074449
508 2074461
508 2074501
515 2074502
515 2074504
505 2074512
510 2074532
509 2074534
510 2074566
509 2074568
509 2074582
510 2074583
509 2074583
508 2074589
508 2074614
509 2074614
508 2074634
510 2074634
510 2074641
505 2074662
506 2074664
508 2074684
508 2074684
509 2074704
509 2074704
510 2074724
512 2074724
511 2074731
508 2074752
508 2074777
507 2074779
509 2074779
512 2074793
509 2074793
508 2074801
508 2074846
510 2074849
512 2074849
508 2074862
508 2074864
509 2074864
508 2074884
509 2074884
505 2074892
511 2074902
507 2074911
510 2074934
509 2074934
509 2074954
510 2074954
510 2074972
510 2074974
506 2074981
509 2075004
510 2075019
508 2075021
508 2075021
508 2075041
508 2075044
507 2075051
508 2075061
511 2075072
509 2075081
511 2075091
507 2075101
509 2075122
507 2075124
508 2075141
509 2075163
507 2075163
509 2075171
507 2075181
510 2075201
511 2075213
512 2075213
507 2075219
508 2075232
510 2075242
509 2075252
507 2075260
507 2075272
511 2075281
508 2075292
509 2075299
509 2075312
510 2075321
508 2075332
509 2075340
509 2075351
509 2075374
509 2075374
509 2075381
508 2075402
505 2075404
507 2075411
507 2075421
509 2075444
511 2075444
504 2075462
508 2075474
509 2075474
507 2075481
509 2075489
507 2075513
509 2075513
508 2075521
510 2075557
509 2075559
507 2075559
508 2075573
511 2075573
507 2075580
510 2075604
506 2075604
509 2075610
507 2075622
509 2075632
510 2075641
507 2075650
511 2075674
509 2075674
508 2075681
508 2075691
507 2075699
506 2075711
509 2075721
509 2075731
511 2075739
512 2075751
511 2075761
508 2075784
509 2075784
507 2075789
507 2075801
509 2075811
506 2075833
512 2075833
511 2075839
510 2075851
508 2075861
507 2075871
509 2075891
510 2075894
509 2075901
510 2075923
510 2075923
511 2075931
507 2075953
509 2075953
510 2075972
509 2075982
506 2075991
510 2076014
511 2076014
511 2076022
509 2076031
513 2076040
512 2076064
508 2076064
512 2076071
508 2076081
509 2076089
508 2076114
512 2076114
511 2076121
510 2076157
508 2076159
508 2076161
512 2076163
509 2076171
511 2076181
511 2076202
509 2076204
508 2076213
513 2076221
508 2076232
504 2076241
507 2076251
505 2076273
508 2076273
514 2076279
509 2076291
511 2076313
510 2076313
510 2076321
511 2076329
507 2076341
511 2076352
507 2076362
508 2076386
511 2076386
506 2076391
508 2076414
511 2076414
509 2076421
509 2076429
509 2076441
510 2076451
510 2076462
507 2076482
510 2076484
511 2076504
509 2076504
509 2076511
509 2076521
511 2076531
508 2076553
509 2076553
511 2076597
509 2076598
512 2076598
514 2076598
507 2076610
506 2076623
510 2076623
506 2076631
509 2076653
509 2076653
510 2076659
508 2076671
510 2076681
510 2076697
503 2076708
508 2076720
510 2076732
509 2076742
513 2076750
511 2076762
510 2076772
510 2076781
509 2076802
506 2076804
505 2076824
510 2076824
508 2076831
510 2076841
508 2076851
510 2076862
510 2076871
509 2076879
506 2076891
508 2076901
512 2076911
512 2076919
509 2076931
508 2076941
512 2076951
511 2076959
509 2076971
506 2076981
509 2076991
509 2076999
510 2077011
510 2077021
510 2077043
511 2077043
509 2077049
509 2077061
510 2077071
508 2077087
509 2077090
510 2077101
512 2077112
511 2077122
508 2077130
509 2077142
511 2077164
508 2077164
508 2077172
508 2077179
510 2077191
510 2077201
508 2077211
509 2077219
512 2077231
510 2077254
507 2077254
506 2077274
510 2077274
509 2077292
509 2077294
511 2077327
511 2077331
509 2077331
511 2077333
507 2077339
507 2077372
512 2077387
508 2077387
510 2077389
510 2077403
511 2077403
511 2077421
509 2077431
508 2077453
509 2077453
509 2077459
506 2077471
506 2077482
511 2077504
510 2077504
512 2077509
511 2077521
509 2077531
509 2077541
508 2077562
508 2077564
508 2077571
509 2077581
508 2077592
508 2077601
512 2077611
510 2077634
509 2077634
506 2077652
511 2077654
507 2077663
509 2077684
511 2077685
507 2077704
509 2077704
510 2077709
509 2077733
508 2077733
509 2077753
508 2077753
511 2077789
509 2077789
507 2077789
510 2077801
509 2077803
508 2077823
510 2077823
510 2077881
509 2077886
507 2077888
508 2077888
508 2077908
508 2077908
508 2077909
507 2077911
506 2077951
508 2077951
507 2077951
508 2077953
509 2077964
509 2077964
509 2077969
513 2077981
508 2077991
508 2078011
510 2078032
507 2078034
510 2078054
510 2078054
510 2078061
509 2078071
512 2078081
507 2078103
508 2078111
509 2078123
508 2078123
507 2078141
510 2078143
506 2078151
510 2078171
511 2078196
508 2078196
508 2078201
508 2078201
511 2078225
509 2078225
508 2078232
509 2078240
508 2078264
511 2078264
509 2078272
508 2078281
508 2078290
508 2078308
509 2078310
507 2078321
508 2078331
512 2078341
510 2078364
511 2078364
509 2078371
508 2078379
512 2078401
507 2078412
509 2078423
509 2078423
509 2078429
510 2078441
509 2078451
509 2078472
508 2078510
508 2078512
510 2078514
510 2078514
508 2078516
509 2078533
510 2078533
510 2078541
507 2078551
505 2078561
505 2078571
509 2078591
510 2078594
505 2078601
513 2078611
507 2078634
512 2078634
505 2078641
511 2078687
507 2078688
510 2078688
508 2078688
508 2078691
509 2078701
511 2078711
511 2078721
510 2078731
507 2078739
508 2078751
505 2078761
509 2078771
511 2078779
513 2078803
510 2078803
510 2078811
490 2078831
510 2078839
495 2078851
509 2078873
505 2078873
507 2078881
520 2078901
503 2078911
498 2078912
502 2078946
506 2078946
533 2078956
506 2078957
494 2078973
510 2078973
508 2078981
510 2079016
507 2079018
511 2079020
511 2079088
508 2079090
507 2079090
509 2079092
508 2079092
510 2079116
511 2079129
508 2079129
509 2079129
509 2079150
510 2079150
507 2079152
508 2079152
509 2079162
507 2079164
510 2079196
509 2079198
511 2079198
509 2079211
508 2079232
509 2079232
508 2079234
508 2079241
509 2079251
509 2079261
509 2079291
513 2079291
509 2079303
506 2079303
510 2079323
509 2079323
507 2079329
506 2079341
509 2079351
507 2079374
511 2079374
509 2079419
508 2079421
508 2079421
508 2079423
508 2079447
508 2079453
506 2079453
508 2079453
512 2079459
511 2079471
510 2079481
510 2079512
509 2079519
512 2079533
508 2079533
509 2079541
508 2079563
509 2079563
508 2079569
507 2079581
510 2079616
507 2079616
507 2079621
508 2079621
510 2079641
508 2079644
510 2079651
509 2079673
509 2079673
508 2079681
510 2079699
508 2079713
508 2079713
510 2079721
508 2079729
511 2079741
509 2079751
510 2079780
507 2079780
507 2079781
509 2079790
508 2079801
510 2079811
510 2079821
511 2079829
512 2079841
510 2079851
506 2079861
509 2079881
511 2079884
509 2079903
506 2079903
508 2079911
509 2079922
510 2079931
510 2079953
508 2079953
508 2079961
507 2079981
510 2079984
509 2079991
507 2080001
509 2080011
506 2080021
511 2080031
509 2080040
509 2080049
508 2080060
508 2080071
508 2080080
510 2080088
507 2080101
511 2080110
507 2080121
511 2080142
510 2080144
507 2080151
508 2080161
508 2080172
507 2080181
507 2080191
509 2080201
507 2080209
508 2080221
506 2080231
510 2080241
508 2080249
511 2080261
511 2080275
510 2080281
507 2080289
510 2080301
507 2080311
506 2080321
511 2080329
511 2080341
511 2080351
509 2080361
512 2080369
510 2080381
510 2080390
508 2080400
508 2080409
504 2080430
506 2080440
510 2080450
511 2080458
509 2080483
512 2080483
512 2080491
508 2080501
507 2080522
508 2080524
509 2080556
507 2080558
511 2080562
510 2080562
507 2080569
511 2080594
510 2080594
511 2080603
510 2080611
509 2080619
507 2080631
509 2080641
508 2080651
509 2080659
508 2080683
510 2080683
509 2080691
510 2080701
509 2080709
510 2080721
508 2080731
506 2080751
509 2080761
511 2080763
511 2080771
508 2080780
508 2080790
508 2080813
509 2080813
505 2080821
510 2080830
508 2080839
508 2080850
511 2080860
506 2080875
506 2080892
506 2080894
509 2080901
508 2080923
509 2080923
509 2080931
512 2080967
511 2080969
507 2080969
508 2080983
507 2080983
508 2080991
510 2081000
508 2081011
509 2081033
510 2081033
515 2081053
509 2081053
509 2081061
507 2081071
506 2081081
508 2081102
508 2081104
508 2081136
512 2081136
512 2081141
509 2081141
509 2081150
508 2081170
507 2081204
509 2081204
509 2081205
508 2081223
511 2081223
509 2081229
512 2081241
507 2081251
508 2081261
509 2081270
508 2081281
509 2081304
507 2081311
508 2081313
510 2081321
511 2081331
508 2081341
511 2081351
508 2081359
508 2081371
510 2081381
509 2081391
509 2081399
508 2081411
512 2081421
507 2081431
507 2081439
507 2081451
508 2081473
508 2081473
511 2081481
510 2081490
511 2081501
511 2081511
509 2081521
511 2081529
508 2081540
506 2081550
507 2081560
508 2081568
508 2081591
505 2081604
505 2081604
508 2081610
507 2081632
507 2081634
509 2081641
508 2081651
509 2081661
507 2081671
511 2081681
511 2081697
507 2081700
510 2081711
509 2081733
511 2081733
509 2081741
509 2081749
507 2081761
510 2081771
510 2081781
510 2081799
507 2081811
509 2081823
506 2081823
507 2081831
509 2081869
509 2081913
508 2081913
509 2081913
511 2081915
509 2081917
508 2081922
506 2081931
509 2081933
508 2081940
510 2081976
509 2081978
510 2081978
509 2082004
509 2082007
509 2082012
508 2082012
508 2082021
508 2082044
509 2082044
508 2082051
511 2082061
509 2082077
509 2082079
509 2082091
507 2082101
510 2082111
510 2082132
508 2082135
508 2082141
510 2082177
512 2082181
509 2082181
506 2082181
508 2082191
509 2082201
511 2082211
510 2082219
508 2082231
510 2082241
510 2082263
509 2082263
508 2082269
508 2082280
511 2082303
508 2082303
506 2082336
509 2082338
507 2082338
511 2082353
510 2082353
510 2082374
508 2082374
510 2082392
508 2082402
509 2082404
510 2082423
510 2082423
508 2082480
511 2082480
510 2082482
508 2082482
511 2082492
510 2082494
509 2082501
509 2082550
510 2082550
511 2082552
508 2082552
510 2082561
508 2082563
508 2082599
507 2082599
507 2082601
509 2082613
509 2082614
508 2082631
510 2082634
508 2082641
506 2082697
509 2082700
508 2082701
512 2082701
510 2082701
507 2082704
510 2082708
512 2082761
509 2082761
508 2082761
507 2082763
508 2082774
508 2082774
509 2082781
508 2082791
508 2082801
511 2082824
509 2082824
509 2082840
508 2082867
511 2082871
509 2082871
509 2082873
508 2082893
507 2082893
508 2082913
509 2082913
509 2082946
509 2082946
509 2082948
509 2082963
508 2082963
509 2082981
509 2083006
511 2083006
512 2083011
509 2083011
509 2083018
510 2083043
507 2083043
507 2083050
511 2083073
508 2083073
508 2083079
510 2083090
510 2083107
508 2083109
508 2083121
508 2083144
510 2083144
510 2083151
508 2083161
509 2083169
511 2083193
509 2083193
507 2083211
510 2083234
507 2083234
506 2083241
509 2083244
510 2083251
512 2083261
508 2083283
508 2083283
509 2083301
509 2083313
509 2083313
509 2083333
509 2083333
510 2083339
508 2083351
509 2083386
510 2083390
506 2083390
504 2083400
508 2083410
505 2083421
510 2083430
506 2083439
510 2083450
509 2083473
509 2083527
507 2083530
505 2083530
509 2083530
513 2083530
511 2083531
508 2083542
509 2083551
510 2083562
519 2083573
509 2083573
510 2083579
506 2083617
511 2083621
511 2083621
502 2083623
491 2083631
507 2083641
510 2083651
504 2083661
508 2083669
510 2083681
505 2083691
507 2083729
512 2083730
511 2083730
508 2083741
508 2083743
513 2083751
511 2083786
504 2083790
521 2083791
510 2083791
508 2083826
511 2083830
511 2083830
508 2083832
507 2083840
508 2083863
507 2083863
508 2083870
509 2083881
510 2083889
506 2083914
506 2083914
510 2083960
511 2083960
509 2083962
510 2083962
509 2083981
510 2083992
512 2083992
508 2084027
508 2084029
510 2084029
510 2084043
507 2084043
506 2084051
509 2084061
508 2084071
507 2084091
507 2084115
509 2084121
507 2084121
510 2084121
507 2084131
510 2084141
510 2084161
507 2084164
508 2084183
509 2084183
508 2084216
507 2084220
511 2084220
509 2084222
508 2084230
508 2084240
509 2084251
508 2084274
510 2084274
510 2084281
507 2084291
510 2084299
509 2084311
506 2084334
507 2084334
508 2084354
509 2084354
507 2084372
509 2084374
510 2084391
512 2084417
511 2084421
510 2084421
509 2084423
510 2084431
508 2084441
509 2084452
511 2084461
510 2084471
510 2084481
508 2084489
508 2084513
508 2084513
510 2084521
508 2084531
510 2084551
509 2084554
506 2084560
510 2084571
510 2084581
509 2084590
511 2084600
508 2084610
509 2084618
509 2084631
506 2084641
509 2084651
508 2084659
509 2084671
509 2084694
508 2084694
508 2084724
509 2084724
508 2084729
508 2084741
510 2084763
509 2084763
506 2084797
511 2084799
508 2084801
508 2084801
508 2084811
509 2084821
508 2084831
511 2084841
508 2084850
510 2084861
506 2084869
511 2084880
512 2084891
510 2084900
510 2084921
509 2084924
509 2084931
510 2084941
507 2084963
508 2084963
508 2084970
512 2084980
511 2084990
510 2084998
508 2085011
509 2085034
509 2085034
511 2085041
507 2085049
506 2085061
511 2085071
509 2085092
510 2085101
511 2085104
508 2085123
506 2085123
505 2085131
508 2085142
510 2085151
510 2085161
509 2085171
509 2085191
507 2085194
506 2085201
531 2085211
506 2085221
509 2085231
509 2085241
510 2085251
510 2085259
507 2085271
510 2085281
507 2085291
507 2085299
499 2085311
510 2085333
512 2085333
502 2085340
511 2085361
509 2085363
512 2085382
509 2085394
506 2085395
509 2085401
510 2085411
506 2085421
509 2085431
507 2085439
507 2085451
508 2085461
509 2085471
511 2085494
513 2085495
509 2085501
510 2085511
506 2085521
511 2085529
510 2085553
511 2085553
509 2085561
507 2085571
510 2085591
510 2085594
505 2085610
507 2085633
509 2085633
505 2085640
512 2085650
510 2085660
509 2085671
509 2085679
510 2085691
509 2085701
509 2085711
513 2085719
508 2085742
509 2085753
509 2085753
512 2085761
511 2085769
510 2085802
509 2085817
508 2085821
506 2085821
512 2085823
506 2085831
508 2085841
511 2085851
509 2085859
509 2085871
510 2085880
506 2085891
507 2085911
508 2085914
510 2085933
510 2085933
508 2085940
507 2085963
510 2085963
509 2085977
509 2085979
510 2085990
503 2086000
512 2086010
509 2086034
507 2086034
510 2086041
509 2086049
509 2086061
510 2086071
510 2086081
508 2086102
507 2086104
513 2086111
509 2086121
510 2086132
510 2086141
509 2086151
510 2086161
504 2086169
509 2086181
509 2086190
510 2086201
505 2086209
509 2086221
513 2086231
510 2086241
510 2086249
508 2086261
507 2086271
512 2086281
507 2086289
509 2086301
507 2086311
508 2086321
512 2086329
509 2086340
507 2086350
507 2086370
510 2086378
509 2086401
509 2086413
508 2086413
507 2086432
510 2086440
511 2086454
509 2086454
508 2086473
509 2086473
509 2086481
510 2086489
510 2086501
508 2086588
512 2086599
509 2086599
508 2086601
510 2086601
511 2086603
506 2086603
509 2086605
508 2086605
509 2086653
509 2086653
510 2086655
509 2086655
507 2086657
507 2086669
510 2086687
509 2086689
508 2086691
510 2086691
511 2086700
512 2086709
509 2086743
506 2086743
510 2086750
508 2086787
510 2086796
508 2086796
508 2086796
511 2086811
511 2086814
509 2086821
506 2086842
508 2086844
510 2086844
508 2086861
508 2086871
509 2086881
512 2086901
511 2086904
511 2086911
510 2086921
508 2086943
511 2086943
507 2086951
507 2086961
510 2086970
508 2086979
509 2086990
510 2087001
506 2087011
510 2087019
509 2087043
509 2087043
508 2087050
511 2087060
510 2087090
508 2087132
510 2087132
507 2087134
507 2087134
509 2087136
510 2087144
507 2087144
510 2087162
509 2087164
511 2087197
510 2087199
508 2087199
509 2087213
508 2087213
508 2087232
507 2087234
511 2087241
509 2087261
510 2087281
510 2087304
509 2087306
509 2087306
509 2087311
509 2087311
510 2087341
509 2087354
508 2087356
510 2087358
511 2087371
508 2087381
511 2087403
505 2087406
507 2087411
509 2087411
509 2087420
510 2087443
510 2087444
512 2087450
508 2087460
509 2087471
508 2087492
510 2087494
511 2087501
509 2087511
508 2087522
506 2087531
510 2087541
509 2087551
510 2087559
509 2087583
511 2087583
510 2087591
508 2087601
508 2087609
508 2087621
510 2087631
511 2087641
507 2087649
507 2087673
508 2087673
508 2087681
509 2087690
509 2087698
509 2087710
509 2087719
510 2087730
510 2087740
508 2087750
509 2087760
510 2087770
509 2087778
509 2087790
511 2087813
511 2087813
512 2087833
509 2087833
508 2087849
507 2087861
508 2087884
508 2087884
508 2087891
509 2087899
509 2087911
510 2087921
508 2087931
508 2087939
508 2087951
509 2087961
508 2087971
510 2087979
511 2087991
508 2088001
509 2088023
508 2088023
507 2088041
508 2088044
508 2088050
510 2088061
509 2088071
510 2088080
510 2088094
507 2088101
511 2088121
510 2088123
508 2088130
511 2088153
508 2088153
507 2088160
510 2088170
510 2088180
510 2088193
507 2088198
508 2088210
508 2088221
511 2088231
508 2088239
508 2088251
508 2088261
508 2088271
511 2088279
510 2088291
507 2088301
506 2088323
510 2088323
506 2088329
510 2088341
506 2088351
509 2088361
508 2088369
512 2088380
509 2088390
508 2088400
508 2088421
509 2088424
510 2088431
511 2088447
510 2088449
509 2088458
511 2088483
508 2088483
509 2088491
509 2088511
508 2088521
508 2088523
508 2088530
506 2088553
509 2088553
511 2088572
510 2088572
508 2088592
507 2088601
508 2088636
509 2088638
509 2088642
507 2088642
507 2088651
510 2088661
509 2088669
508 2088681
508 2088691
510 2088701
508 2088722
510 2088724
509 2088731
509 2088741
511 2088763
509 2088763
510 2088796
508 2088796
510 2088801
510 2088801
510 2088811
507 2088831
510 2088834
510 2088840
509 2088850
509 2088861
508 2088870
510 2088880
509 2088890
510 2088898
510 2088935
511 2088937
510 2088941
510 2088941
508 2088976
506 2088977
510 2088979
508 2088994
506 2088994
507 2089001
507 2089011
508 2089021
511 2089031
508 2089041
506 2089062
506 2089064
506 2089071
509 2089093
511 2089093
507 2089102
509 2089111
510 2089133
509 2089133
506 2089140
507 2089161
507 2089163
507 2089170
507 2089180
509 2089202
508 2089211
509 2089222
509 2089233
508 2089233
508 2089238
510 2089250
508 2089273
509 2089273
510 2089280
508 2089301
508 2089303
511 2089323
508 2089323
509 2089340
510 2089352
509 2089361
509 2089371
508 2089394
508 2089394
508 2089411
509 2089414
509 2089446
510 2089446
510 2089452
507 2089452
509 2089461
511 2089471
510 2089481
509 2089504
511 2089504
508 2089521
508 2089524
509 2089531
508 2089553
509 2089553
509 2089574
508 2089574
510 2089594
511 2089594
508 2089611
509 2089631
507 2089643
507 2089646
507 2089651
509 2089651
509 2089660
511 2089670
512 2089680
507 2089690
509 2089700
509 2089708
508 2089734
507 2089734
512 2089741
509 2089751
509 2089759
512 2089771
509 2089781
507 2089803
509 2089803
510 2089821
509 2089823
509 2089831
511 2089841
510 2089851
506 2089871
509 2089881
508 2089903
507 2089903
510 2089909
508 2089920
509 2089930
506 2089940
510 2089948
510 2089960
510 2089970
508 2089980
505 2089988
506 2090013
511 2090013
510 2090020
510 2090030
511 2090038
507 2090050
510 2090086
507 2090088
506 2090088
509 2090104
509 2090104
508 2090111
509 2090121
510 2090131
509 2090139
509 2090151
505 2090161
507 2090171
509 2090179
509 2090191
509 2090201
510 2090211
509 2090219
510 2090231
512 2090241
508 2090251
507 2090259
507 2090271
509 2090281
509 2090290
508 2090311
507 2090313
506 2090320
513 2090330
510 2090341
505 2090350
509 2090373
512 2090373
509 2090380
511 2090388
507 2090400
506 2090410
514 2090420
510 2090428
509 2090453
507 2090453
513 2090460
507 2090470
508 2090479
508 2090502
507 2090513
515 2090513
512 2090521
506 2090542
508 2090544
503 2090551
509 2090572
511 2090583
509 2090583
512 2090591
508 2090613
514 2090613
510 2090621
508 2090654
507 2090656
508 2090661
509 2090661
508 2090681
511 2090693
509 2090693
512 2090701
509 2090710
508 2090720
506 2090741
508 2090743
507 2090750
511 2090760
509 2090771
508 2090780
511 2090790
513 2090810
509 2090818
509 2090842
503 2090842
505 2090851
508 2090874
507 2090874
511 2090879
510 2090891
508 2090913
508 2090913
508 2090921
509 2090941
511 2090944
513 2090951
507 2090961
507 2090971
507 2090981
509 2091003
509 2091003
507 2091011
510 2091019
508 2091056
510 2091058
508 2091058
508 2091091
509 2091105
509 2091105
509 2091132
509 2091132
507 2091132
511 2091134
509 2091134
509 2091145
506 2091150
507 2091160
508 2091183
509 2091183
507 2091190
507 2091198
510 2091210
505 2091234
512 2091234
507 2091241
509 2091249
511 2091261
509 2091284
507 2091284
509 2091312
506 2091325
507 2091331
511 2091331
507 2091333
511 2091353
511 2091353
508 2091361
505 2091383
508 2091383
511 2091394
512 2091401
511 2091421
508 2091423
509 2091431
511 2091453
511 2091453
510 2091460
508 2091470
511 2091480
512 2091490
507 2091498
510 2091523
508 2091523
511 2091530
513 2091540
512 2091558
508 2091582
507 2091582
510 2091590
506 2091601
512 2091611
509 2091621
510 2091631
509 2091653
509 2091653
507 2091659
511 2091683
509 2091683
510 2091691
510 2091713
512 2091714
512 2091719
509 2091731
509 2091753
508 2091753
511 2091760
509 2091769
513 2091793
509 2091793
507 2091811
508 2091823
510 2091823
509 2091828
506 2091866
509 2091868
506 2091868
510 2091883
508 2091883
508 2091915
510 2091917
514 2091919
510 2091933
508 2091933
508 2091966
506 2091966
507 2091968
510 2091983
507 2091983
511 2091991
511 2092001
508 2092009
510 2092033
509 2092033
511 2092041
508 2092051
510 2092059
508 2092081
506 2092093
510 2092093
508 2092107
509 2092110
509 2092120
511 2092130
508 2092140
508 2092148
508 2092160
509 2092170
510 2092180
505 2092188
506 2092200
508 2092210
511 2092220
504 2092228
509 2092248
508 2092250
509 2092260
507 2092270
511 2092278
505 2092300
507 2092310
507 2092320
508 2092328
510 2092341
509 2092363
510 2092363
509 2092371
509 2092379
509 2092391
507 2092401
509 2092411
509 2092419
509 2092431
512 2092466
509 2092466
510 2092471
511 2092471
509 2092479
508 2092491
510 2092501
508 2092523
509 2092523
510 2092528
508 2092540
509 2092550
510 2092560
508 2092568
507 2092593
509 2092593
509 2092602
510 2092610
509 2092618
509 2092630
510 2092640
510 2092662
511 2092662
509 2092668
507 2092707
511 2092711
509 2092711
509 2092713
509 2092733
510 2092733
508 2092741
511 2092751
508 2092761
507 2092769
511 2092781
508 2092830
508 2092830
508 2092832
511 2092832
510 2092843
510 2092843
509 2092850
510 2092873
509 2092873
509 2092906
512 2092909
510 2092911
508 2092911
507 2092920
510 2092930
508 2092940
508 2092950
507 2092960
508 2092970
507 2092978
510 2092990
508 2093013
509 2093013
511 2093020
510 2093028
505 2093072
508 2093105
509 2093105
510 2093107
510 2093116
508 2093117
510 2093117
512 2093132
509 2093142
508 2093151
508 2093160
508 2093173
507 2093173
507 2093206
508 2093208
510 2093208
510 2093223
510 2093223
506 2093231
508 2093253
512 2093253
508 2093273
509 2093273
509 2093291
509 2093293
510 2093313
509 2093313
509 2093320
509 2093341
509 2093362
509 2093362
510 2093370
509 2093370
513 2093380
510 2093399
507 2093413
509 2093413
508 2093444
512 2093444
507 2093453
506 2093453
509 2093469
508 2093483
508 2093483
508 2093503
507 2093503
506 2093511
505 2093531
508 2093534
509 2093541
509 2093551
507 2093580
510 2093580
510 2093593
508 2093593
512 2093601
508 2093650
508 2093650
509 2093652
510 2093652
510 2093675
513 2093677
510 2093679
510 2093693
508 2093693
509 2093711
507 2093713
508 2093745
511 2093745
508 2093747
511 2093770
512 2093781
510 2093783
506 2093803
510 2093803
508 2093824
508 2093824
508 2093831
510 2093841
507 2093895
512 2093896
508 2093896
510 2093896
508 2094051
509 2094052
514 2094053
509 2094053
506 2094053
510 2094053
509 2094053
510 2094053
507 2094054
509 2094054
508 2094054
509 2094054
508 2094054
509 2094054
508 2094055
509 2094055
510 2094061
509 2094063
508 2094083
508 2094083
509 2094104
510 2094106
509 2094108
509 2094132
509 2094268
509 2094274
508 2094274
509 2094274
508 2094274
508 2094275
510 2094275
506 2094275
506 2094275
510 2094276
511 2094276
511 2094276
507 2094276
509 2094276
508 2094277
510 2094293
510 2094293
509 2094313
509 2094313
510 2094346
510 2094348
508 2094348
511 2094386
510 2094388
505 2094388
510 2094408
510 2094409
510 2094409
510 2094433
508 2094433
508 2094453
510 2094453
509 2094503
508 2094503
509 2094530
509 2094533
509 2094533
508 2094535
510 2094537
507 2094543
510 2094543
511 2094564
508 2094564
511 2094596
509 2094596
509 2094598
508 2094625
508 2094631
508 2094631
508 2094641
508 2094651
507 2094663
509 2094663
509 2094679
509 2094706
508 2094710
510 2094710
510 2094712
510 2094720
509 2094755
508 2094757
510 2094759
510 2094773
510 2094773
511 2094791
512 2094793
508 2094813
509 2094813
509 2094820
509 2094843
508 2094843
510 2094850
509 2094871
508 2094883
510 2094883
508 2094888
508 2094913
509 2094913
507 2094920
508 2094943
509 2094943
509 2094949
508 2094961
510 2094974
509 2094981
510 2094991
511 2095013
511 2095013
511 2095021
511 2095031
508 2095039
501 2095050
506 2095086
511 2095086
508 2095088
509 2095107
508 2095107
513 2095120
509 2095130
513 2095153
508 2095153
509 2095158
509 2095170
507 2095180
506 2095190
509 2095198
508 2095210
513 2095220
510 2095230
509 2095251
510 2095253
510 2095285
509 2095287
508 2095291
508 2095291
509 2095312
506 2095314
508 2095321
508 2095331
508 2095341
509 2095351
506 2095361
507 2095371
507 2095379
509 2095391
507 2095401
508 2095411
508 2095419
509 2095430
513 2095441
509 2095451
508 2095458
510 2095495
510 2095497
509 2095501
510 2095501
