509 1685400
511 1687202
510 1687265
508 1687267
508 1687271
507 1687273
508 1687273
507 1687275
508 1687275
509 1687294
510 1687298
512 1687326
507 1687328
506 1687332
507 1687334
508 1687341
511 1687351
508 1687361
510 1687371
511 1687381
512 1687391
509 1687413
509 1687424
507 1687428
509 1687473
509 1687475
509 1687475
510 1687477
508 1687479
510 1687481
510 1687491
507 1687553
508 1687555
509 1687555
510 1687557
509 1687557
509 1687565
510 1687568
509 1687572
509 1687594
507 1687598
508 1687601
511 1687624
509 1687627
508 1687631
509 1687641
508 1687651
512 1687661
511 1687672
509 1687682
510 1687692
507 1687702
509 1687711
509 1687721
508 1687731
510 1687751
509 1687761
511 1687783
508 1687787
506 1687791
508 1687802
508 1687812
509 1687822
510 1687832
510 1687842
509 1687864
511 1687866
507 1687871
509 1687881
506 1687905
508 1687908
510 1687912
507 1687935
507 1687938
510 1687962
510 1687977
508 1687981
508 1687983
509 1687983
509 1687991
508 1688014
510 1688016
508 1688034
508 1688036
510 1688041
511 1688063
508 1688067
509 1688071
510 1688082
508 1688091
510 1688126
508 1688128
510 1688132
508 1688134
509 1688141
509 1688152
507 1688161
509 1688172
509 1688181
509 1688204
509 1688208
508 1688211
509 1688221
510 1688231
508 1688241
507 1688264
509 1688266
509 1688271
510 1688294
510 1688297
507 1688301
510 1688323
510 1688328
510 1688344
508 1688347
508 1688351
508 1688361
510 1688372
509 1688381
508 1688391
512 1688401
511 1688411
509 1688447
508 1688450
509 1688452
508 1688464
509 1688468
509 1688546
508 1688548
510 1688551
511 1688551
511 1688553
508 1688553
508 1688567
510 1688569
510 1688571
509 1688613
508 1688615
508 1688615
511 1688617
510 1688617
506 1688622
507 1688632
507 1688642
511 1688652
509 1688674
506 1688678
498 1688693
521 1688704
502 1688708
513 1688712
498 1688748
514 1688752
502 1688754
512 1688754
505 1688761
508 1688771
512 1688794
512 1688797
510 1688814
508 1688816
510 1688834
509 1688835
508 1688841
509 1688852
509 1688892
510 1688902
510 1689007
510 1689009
507 1689011
506 1689013
507 1689013
509 1689014
511 1689015
511 1689015
510 1689017
509 1689019
506 1689019
509 1689021
499 1689021
516 1689053
525 1689055
501 1689055
506 1689057
505 1689057
487 1689061
507 1689071
504 1689081
511 1689091
514 1689114
508 1689117
507 1689133
508 1689144
512 1689146
506 1689191
509 1689193
502 1689193
509 1689196
495 1689204
519 1689206
523 1689211
489 1689283
510 1689285
519 1689285
513 1689288
505 1689288
508 1689294
510 1689296
510 1689302
508 1689353
511 1689355
507 1689356
509 1689358
510 1689359
511 1689361
509 1689371
510 1689421
511 1689423
507 1689423
508 1689425
515 1689434
519 1689436
496 1689441
513 1689451
509 1689461
514 1689484
502 1689488
500 1689491
513 1689501
505 1689511
500 1689521
507 1689573
510 1689576
508 1689576
508 1689576
507 1689578
507 1689581
507 1689591
507 1689614
514 1689617
513 1689621
513 1689644
507 1689648
509 1689651
509 1689662
510 1689671
509 1689681
503 1689691
510 1689701
511 1689711
502 1689722
507 1689744
511 1689746
513 1689752
507 1689761
504 1689772
513 1689781
507 1689817
508 1689821
515 1689823
509 1689824
507 1689841
511 1689851
510 1689861
509 1689871
508 1689881
507 1689891
507 1689902
511 1689912
508 1689921
510 1689932
507 1689941
509 1689951
508 1689961
508 1689971
509 1689981
510 1689991
509 1690013
507 1690017
507 1690021
509 1690031
508 1690041
508 1690052
509 1690062
509 1690084
509 1690088
511 1690118
508 1690122
506 1690124
509 1690124
510 1690144
510 1690146
508 1690152
510 1690161
512 1690183
514 1690188
510 1690191
507 1690214
507 1690217
509 1690234
509 1690238
510 1690254
508 1690257
509 1690261
509 1690271
509 1690281
507 1690304
508 1690306
507 1690311
512 1690321
508 1690331
511 1690341
510 1690351
509 1690388
509 1690391
509 1690394
504 1690395
509 1690401
508 1690411
509 1690421
510 1690431
511 1690454
509 1690457
510 1690461
509 1690471
508 1690482
506 1690492
504 1690501
510 1690511
508 1690521
511 1690531
508 1690554
512 1690559
509 1690562
507 1690571
509 1690581
510 1690592
508 1690601
511 1690611
520 1690622
506 1690631
513 1690654
510 1690657
508 1690661
510 1690684
510 1690686
509 1690691
509 1690711
509 1690721
510 1690731
511 1690754
509 1690759
507 1690761
507 1690784
507 1690788
507 1690792
508 1690801
509 1690811
507 1690821
510 1690884
509 1690886
508 1690886
509 1690888
510 1690888
509 1690960
509 1690962
508 1690971
509 1690973
509 1690973
507 1690973
507 1690974
508 1691003
510 1691005
509 1691007
509 1691013
509 1691015
509 1691015
510 1691019
509 1691023
508 1691031
508 1691064
508 1691068
509 1691111
507 1691114
508 1691114
508 1691117
509 1691117
508 1691158
509 1691160
508 1691163
506 1691181
508 1691183
509 1691183
510 1691186
508 1691233
508 1691235
510 1691235
509 1691238
506 1691238
508 1691244
510 1691247
509 1691251
509 1691287
509 1691291
509 1691293
512 1691293
508 1691313
508 1691317
509 1691321
507 1691344
511 1691346
508 1691364
509 1691367
511 1691384
511 1691388
511 1691391
508 1691401
508 1691432
509 1691443
510 1691445
507 1691450
508 1691462
511 1691472
509 1691481
511 1691506
508 1691508
508 1691511
509 1691534
509 1691536
511 1691542
509 1691551
508 1691561
508 1691571
510 1691581
508 1691591
506 1691601
515 1691611
484 1691621
474 1691632
513 1691642
502 1691664
498 1691667
476 1691672
518 1691682
507 1691691
517 1691701
519 1691712
505 1691721
523 1691731
501 1691741
514 1691751
511 1691762
506 1691772
506 1691782
507 1691792
508 1691801
507 1691812
509 1691834
512 1691839
505 1691842
515 1691864
508 1691866
503 1691871
505 1691882
508 1691892
505 1691901
512 1691912
508 1691921
512 1691932
513 1691941
504 1691964
516 1691966
505 1691971
510 1691982
505 1692006
510 1692008
508 1692021
507 1692034
509 1692037
513 1692041
506 1692131
510 1692133
508 1692133
508 1692135
507 1692142
508 1692173
512 1692174
504 1692174
509 1692176
506 1692176
507 1692179
503 1692180
506 1692182
510 1692192
504 1692242
517 1692276
527 1692277
519 1692280
506 1692283
515 1692285
502 1692285
510 1692287
510 1692344
504 1692346
509 1692346
509 1692348
506 1692350
509 1692387
511 1692389
507 1692391
512 1692408
508 1692412
508 1692415
507 1692415
508 1692424
507 1692425
507 1692428
511 1692432
507 1692454
510 1692456
508 1692474
509 1692478
508 1692494
511 1692496
512 1692501
508 1692511
507 1692534
506 1692538
511 1692541
510 1692551
510 1692561
509 1692572
510 1692582
509 1692591
509 1692602
511 1692611
510 1692622
508 1692632
511 1692642
508 1692652
510 1692661
510 1692671
512 1692691
510 1692704
508 1692706
508 1692711
507 1692721
508 1692731
507 1692741
509 1692751
508 1692774
509 1692778
507 1692781
507 1692791
508 1692801
509 1692811
507 1692821
509 1692831
509 1692842
508 1692852
508 1692862
508 1692872
508 1692881
508 1692891
507 1692901
509 1692911
508 1692921
510 1692942
511 1692952
509 1692974
511 1692977
508 1692981
509 1693005
508 1693007
509 1693011
509 1693034
509 1693037
507 1693041
510 1693051
512 1693061
511 1693084
509 1693088
509 1693092
509 1693101
507 1693111
510 1693121
510 1693131
509 1693141
510 1693151
508 1693161
508 1693171
507 1693181
510 1693203
508 1693207
509 1693211
510 1693221
509 1693231
509 1693240
508 1693252
508 1693261
509 1693271
509 1693281
508 1693291
510 1693301
509 1693311
508 1693321
510 1693331
510 1693341
507 1693350
508 1693361
509 1693372
509 1693381
510 1693391
509 1693401
510 1693411
508 1693421
511 1693431
509 1693441
508 1693451
508 1693473
508 1693477
508 1693481
510 1693492
509 1693514
509 1693517
511 1693521
507 1693531
506 1693541
509 1693551
508 1693561
509 1693623
509 1693623
509 1693623
508 1693624
510 1693624
509 1693624
508 1693631
508 1693640
509 1693651
511 1693671
509 1693681
509 1693691
509 1693701
510 1693711
509 1693721
507 1693731
509 1693754
508 1693756
510 1693762
510 1693771
507 1693781
509 1693791
509 1693801
510 1693811
507 1693835
510 1693837
508 1693841
511 1693851
508 1693874
508 1693878
510 1693881
511 1693891
510 1693901
503 1693911
508 1693922
510 1693932
510 1693953
508 1693957
509 1693961
508 1693971
510 1693980
510 1693990
509 1694000
507 1694012
507 1694021
509 1694031
497 1694041
509 1694051
510 1694061
509 1694084
509 1694088
509 1694091
507 1694101
509 1694111
508 1694121
511 1694142
509 1694153
509 1694158
509 1694161
510 1694171
508 1694181
507 1694191
506 1694200
508 1694211
511 1694221
507 1694231
510 1694242
509 1694252
512 1694261
510 1694271
506 1694281
511 1694291
509 1694312
511 1694324
510 1694326
507 1694331
509 1694341
509 1694351
509 1694361
510 1694384
507 1694388
510 1694392
509 1694402
509 1694421
509 1694431
508 1694441
510 1694451
509 1694461
507 1694471
510 1694481
508 1694491
510 1694501
509 1694511
510 1694520
509 1694530
510 1694540
511 1694551
506 1694561
508 1694571
509 1694581
508 1694591
508 1694601
509 1694611
509 1694621
511 1694630
510 1694653
514 1694657
507 1694660
508 1694671
508 1694681
504 1694691
511 1694701
507 1694723
511 1694727
507 1694731
512 1694741
508 1694751
506 1694761
500 1694771
510 1694781
515 1694792
502 1694801
504 1694811
510 1694834
515 1694836
514 1694841
501 1694851
509 1694861
507 1694884
506 1694888
511 1694891
508 1694901
509 1694911
509 1694920
509 1694930
509 1694954
509 1694956
510 1694961
508 1694971
510 1694981
508 1694991
509 1695001
512 1695011
508 1695021
504 1695031
508 1695041
509 1695052
509 1695061
510 1695071
510 1695094
511 1695097
509 1695101
508 1695124
510 1695127
507 1695131
508 1695141
508 1695151
509 1695171
508 1695193
510 1695197
511 1695201
510 1695212
508 1695221
510 1695231
509 1695241
509 1695251
509 1695261
510 1695270
509 1695281
511 1695291
510 1695301
509 1695311
511 1695321
510 1695331
508 1695341
510 1695351
509 1695361
509 1695371
511 1695394
510 1695396
508 1695401
510 1695411
509 1695421
510 1695431
509 1695441
508 1695463
508 1695467
510 1695471
510 1695480
507 1695490
508 1695501
507 1695512
510 1695521
508 1695531
508 1695541
510 1695551
508 1695561
510 1695571
512 1695594
507 1695596
507 1695601
515 1695611
504 1695621
508 1695631
512 1695641
501 1695651
506 1695660
506 1695671
509 1695681
511 1695691
506 1695701
510 1695711
508 1695721
510 1695731
510 1695741
509 1695751
509 1695761
507 1695771
509 1695781
508 1695791
508 1695813
507 1695816
510 1695846
510 1695848
512 1695851
511 1695853
500 1695861
507 1695882
506 1695894
514 1695899
510 1695901
509 1695921
509 1695931
511 1695954
512 1695957
506 1695961
510 1695971
509 1695981
509 1695991
507 1696001
508 1696024
509 1696027
509 1696031
511 1696041
509 1696051
508 1696061
509 1696071
507 1696081
509 1696091
509 1696101
509 1696111
510 1696121
508 1696131
508 1696153
508 1696157
510 1696162
508 1696171
509 1696181
508 1696203
508 1696207
510 1696211
511 1696221
508 1696231
508 1696241
508 1696251
511 1696261
509 1696271
509 1696281
508 1696303
509 1696307
509 1696311
509 1696320
507 1696331
507 1696340
509 1696350
508 1696361
509 1696371
509 1696381
510 1696403
511 1696407
510 1696411
508 1696421
508 1696430
509 1696441
507 1696451
510 1696461
509 1696471
511 1696481
512 1696491
508 1696501
508 1696512
509 1696521
508 1696531
510 1696541
509 1696551
508 1696561
509 1696571
511 1696581
510 1696591
509 1696601
509 1696611
510 1696620
509 1696630
509 1696641
509 1696661
510 1696671
509 1696681
510 1696704
507 1696706
509 1696711
510 1696721
510 1696744
509 1696747
511 1696751
509 1696761
510 1696771
510 1696781
508 1696791
506 1696800
511 1696811
510 1696821
509 1696831
510 1696841
509 1696850
510 1696861
508 1696870
510 1696881
508 1696891
507 1696914
509 1696917
509 1696921
511 1696931
509 1696941
510 1696951
512 1696961
508 1696971
507 1696980
508 1696990
506 1697001
510 1697011
509 1697021
508 1697031
508 1697041
510 1697051
509 1697061
504 1697071
506 1697081
509 1697091
509 1697101
509 1697110
508 1697121
508 1697130
508 1697140
509 1697151
509 1697161
507 1697171
509 1697181
507 1697191
508 1697201
509 1697211
511 1697221
510 1697231
509 1697253
509 1697257
508 1697261
509 1697271
508 1697281
510 1697291
508 1697311
510 1697321
509 1697331
510 1697341
510 1697351
507 1697360
509 1697371
508 1697382
509 1697391
509 1697401
508 1697411
509 1697421
508 1697431
509 1697441
506 1697451
508 1697461
508 1697471
510 1697481
510 1697491
510 1697501
508 1697511
511 1697521
509 1697531
509 1697541
508 1697551
509 1697560
509 1697571
509 1697581
508 1697591
510 1697601
511 1697611
510 1697621
508 1697631
509 1697641
509 1697651
509 1697661
509 1697671
509 1697681
508 1697691
511 1697701
509 1697710
508 1697720
509 1697731
509 1697740
510 1697751
508 1697760
510 1697771
509 1697781
509 1697791
509 1697801
508 1697811
507 1697820
508 1697830
511 1697840
507 1697850
509 1697861
508 1697871
510 1697881
508 1697892
508 1697901
507 1697911
509 1697921
510 1697931
507 1697940
511 1697951
508 1697961
509 1697971
510 1697981
507 1697991
508 1698001
510 1698011
507 1698021
510 1698044
510 1698047
510 1698051
510 1698061
510 1698083
507 1698086
507 1698091
508 1698100
509 1698111
508 1698121
509 1698154
507 1698157
510 1698161
512 1698171
508 1698180
508 1698191
507 1698219
509 1698219
507 1698224
509 1698231
510 1698241
508 1698251
512 1698261
508 1698273
509 1698280
507 1698291
511 1698301
511 1698311
508 1698321
508 1698331
507 1698341
510 1698351
509 1698361
509 1698371
508 1698381
510 1698391
510 1698401
508 1698423
508 1698425
511 1698431
511 1698440
509 1698451
510 1698460
508 1698471
510 1698481
508 1698491
509 1698501
508 1698511
509 1698521
508 1698531
510 1698541
508 1698551
508 1698561
508 1698571
508 1698581
508 1698591
509 1698601
509 1698611
511 1698634
508 1698636
508 1698641
508 1698651
506 1698661
498 1698696
508 1698699
498 1698702
502 1698705
499 1698711
502 1698721
508 1698731
510 1698741
511 1698751
508 1698761
509 1698771
510 1698781
509 1698791
510 1698801
508 1698811
509 1698821
508 1698831
506 1698841
511 1698851
509 1698861
510 1698871
508 1698891
510 1698901
511 1698911
510 1698921
509 1698931
508 1698954
506 1698961
510 1698962
509 1698971
510 1698981
506 1698991
507 1699001
514 1699011
507 1699021
504 1699031
509 1699041
510 1699051
506 1699061
512 1699071
510 1699081
509 1699091
510 1699101
507 1699111
508 1699127
509 1699131
509 1699141
508 1699151
510 1699161
510 1699171
513 1699181
509 1699191
487 1699201
504 1699211
507 1699221
514 1699231
511 1699250
506 1699252
518 1699261
502 1699271
508 1699281
518 1699291
512 1699301
504 1699311
509 1699321
508 1699331
508 1699341
507 1699351
509 1699361
513 1699371
508 1699381
508 1699404
508 1699406
509 1699411
508 1699421
508 1699431
504 1699441
506 1699451
514 1699461
506 1699471
506 1699481
508 1699491
509 1699501
505 1699511
510 1699534
511 1699536
508 1699541
509 1699551
509 1699561
507 1699571
507 1699581
510 1699591
509 1699601
509 1699621
509 1699631
510 1699641
507 1699664
508 1699668
511 1699671
507 1699681
513 1699692
509 1699701
511 1699724
508 1699728
515 1699731
500 1699741
515 1699751
516 1699761
509 1699771
505 1699781
506 1699791
510 1699801
511 1699811
507 1699834
510 1699836
518 1699841
520 1699851
528 1699861
483 1699871
508 1699881
481 1699891
521 1699901
521 1699911
527 1699933
514 1699937
505 1699941
499 1699951
510 1699961
505 1699971
509 1699981
505 1699991
508 1700001
510 1700011
513 1700021
509 1700031
508 1700041
507 1700051
509 1700061
512 1700071
507 1700081
508 1700091
508 1700101
509 1700111
509 1700121
508 1700130
509 1700141
510 1700151
507 1700161
508 1700171
510 1700181
510 1700203
508 1700205
511 1700231
509 1700234
508 1700236
507 1700241
507 1700251
509 1700274
509 1700277
509 1700294
510 1700296
509 1700301
509 1700311
509 1700320
508 1700341
508 1700351
509 1700361
510 1700371
510 1700381
509 1700391
510 1700401
509 1700411
506 1700421
507 1700444
508 1700447
508 1700451
508 1700461
509 1700471
507 1700481
511 1700491
510 1700501
508 1700511
506 1700521
509 1700531
510 1700540
507 1700551
510 1700561
509 1700571
512 1700581
509 1700591
507 1700601
509 1700611
510 1700620
509 1700630
508 1700640
508 1700650
510 1700673
512 1700675
510 1700681
508 1700690
509 1700700
508 1700710
510 1700721
508 1700744
507 1700746
509 1700751
507 1700761
509 1700771
504 1700781
507 1700790
509 1700813
509 1700815
509 1700821
509 1700830
512 1700840
509 1700851
509 1700861
507 1700871
510 1700881
508 1700903
510 1700907
507 1700911
507 1700921
511 1700931
509 1700940
510 1700950
509 1700960
509 1700971
508 1700981
510 1701001
510 1701001
509 1701023
508 1701027
508 1701031
511 1701041
509 1701051
508 1701060
509 1701083
509 1701085
507 1701091
511 1701111
511 1701121
509 1701144
512 1701147
510 1701151
510 1701161
508 1701171
510 1701181
509 1701191
510 1701200
508 1701211
510 1701234
511 1701238
507 1701241
508 1701251
508 1701261
509 1701271
506 1701281
509 1701291
509 1701300
508 1701310
508 1701320
509 1701330
508 1701341
507 1701351
509 1701361
508 1701384
511 1701388
509 1701391
507 1701401
508 1701424
508 1701426
509 1701444
508 1701447
510 1701451
509 1701461
511 1701471
510 1701481
509 1701491
509 1701501
511 1701511
510 1701521
506 1701541
507 1701554
509 1701556
509 1701561
509 1701571
508 1701581
510 1701591
508 1701601
510 1701611
508 1701621
508 1701631
508 1701641
508 1701651
512 1701661
511 1701671
510 1701681
507 1701691
521 1701701
506 1701711
514 1701721
512 1701731
513 1701741
508 1701751
506 1701761
501 1701771
508 1701781
508 1701791
510 1701801
509 1701811
514 1701821
513 1701832
507 1701851
509 1701861
508 1701871
509 1701881
510 1701891
509 1701901
507 1701911
509 1701921
511 1701931
512 1701941
511 1701951
505 1701961
512 1701971
507 1701981
508 1701991
506 1702001
506 1702011
496 1702021
509 1702032
511 1702041
502 1702051
515 1702061
502 1702071
481 1702081
508 1702091
503 1702101
501 1702111
512 1702121
508 1702131
512 1702141
512 1702151
514 1702161
506 1702171
499 1702181
525 1702191
474 1702201
526 1702211
538 1702222
517 1702234
516 1702241
484 1702251
521 1702261
506 1702271
497 1702281
502 1702291
507 1702301
512 1702311
509 1702321
514 1702331
509 1702341
506 1702391
509 1702391
509 1702391
511 1702392
508 1702392
511 1702401
512 1702411
518 1702434
528 1702437
544 1702441
495 1702451
497 1702461
538 1702484
516 1702486
510 1702491
528 1702501
513 1702511
509 1702533
505 1702535
507 1702541
514 1702563
511 1702567
507 1702571
510 1702591
509 1702601
505 1702611
503 1702634
514 1702637
509 1702641
509 1702651
501 1702661
505 1702671
508 1702681
510 1702691
509 1702701
506 1702723
510 1702726
505 1702743
522 1702745
507 1702751
506 1702761
508 1702771
518 1702781
506 1702791
508 1702801
517 1702811
509 1702833
513 1702836
505 1702841
509 1702851
507 1702861
510 1702871
509 1702881
510 1702891
512 1702901
509 1702911
508 1702920
507 1702931
507 1702954
507 1702957
510 1702961
509 1702970
510 1702994
510 1702997
510 1703001
507 1703011
508 1703021
510 1703031
511 1703041
509 1703076
507 1703081
509 1703083
509 1703104
509 1703104
508 1703107
509 1703136
509 1703138
509 1703140
506 1703153
512 1703156
509 1703160
509 1703171
511 1703194
507 1703197
507 1703201
510 1703224
507 1703226
509 1703256
510 1703258
508 1703262
510 1703265
512 1703271
509 1703291
508 1703338
509 1703343
511 1703346
510 1703346
508 1703349
511 1703364
508 1703367
512 1703384
509 1703388
507 1703413
508 1703417
509 1703436
508 1703439
509 1703439
510 1703453
511 1703455
513 1703472
510 1703483
507 1703486
507 1703503
509 1703506
509 1703550
509 1703553
508 1703553
508 1703553
510 1703563
510 1703567
508 1703571
509 1703637
509 1703639
509 1703641
510 1703673
507 1703675
509 1703675
509 1703677
510 1703678
510 1703683
506 1703684
507 1703687
509 1703726
509 1703729
509 1703732
510 1703741
507 1703834
512 1703837
506 1703837
510 1703838
508 1703840
509 1703840
510 1703842
510 1703842
509 1703851
509 1703861
512 1703895
508 1703897
507 1703897
508 1703901
508 1703904
509 1703904
510 1703904
509 1703904
509 1703923
511 1703926
509 1703941
510 1703954
507 1703963
507 1703963
510 1703971
509 1703981
506 1704022
509 1704042
512 1704045
509 1704045
508 1704045
508 1704049
509 1704051
509 1704102
508 1704135
509 1704137
510 1704140
513 1704140
510 1704142
508 1704142
510 1704154
510 1704158
508 1704174
509 1704176
510 1704181
507 1704203
512 1704207
509 1704236
509 1704240
508 1704242
508 1704242
511 1704251
509 1704261
508 1704271
509 1704293
510 1704296
510 1704300
508 1704310
507 1704320
507 1704331
509 1704341
506 1704351
510 1704361
509 1704371
510 1704381
511 1704391
507 1704400
506 1704410
507 1704421
509 1704431
508 1704441
511 1704451
511 1704461
510 1704471
514 1704481
508 1704491
506 1704501
507 1704511
507 1704521
510 1704531
510 1704541
511 1704551
508 1704573
510 1704577
510 1704581
507 1704591
507 1704614
518 1704615
498 1704621
461 1704631
511 1704641
519 1704651
505 1704661
502 1704671
479 1704681
493 1704691
496 1704713
491 1704717
497 1704733
509 1704735
505 1704754
506 1704757
510 1704761
509 1704782
510 1704791
508 1704855
504 1704857
508 1704903
507 1704906
506 1704907
508 1704907
510 1704907
504 1704913
506 1704915
509 1704915
506 1704918
505 1704918
509 1704960
508 1704963
506 1704963
512 1704963
509 1704986
507 1704989
511 1704992
506 1704993
508 1705014
509 1705015
509 1705021
508 1705031
512 1705041
508 1705051
508 1705073
507 1705077
507 1705081
510 1705091
510 1705101
507 1705111
509 1705121
514 1705131
518 1705141
516 1705151
512 1705174
519 1705177
508 1705181
513 1705191
509 1705201
507 1705211
509 1705227
507 1705231
508 1705253
508 1705255
509 1705261
509 1705271
509 1705281
509 1705291
509 1705301
508 1705311
509 1705362
507 1705364
507 1705365
510 1705367
507 1705367
507 1705371
510 1705381
511 1705391
509 1705401
512 1705415
509 1705434
506 1705437
511 1705441
507 1705451
509 1705461
510 1705484
509 1705486
508 1705491
511 1705501
508 1705511
509 1705521
509 1705531
509 1705542
508 1705561
508 1705572
508 1705581
512 1705591
512 1705614
509 1705617
507 1705621
509 1705631
509 1705654
509 1705656
509 1705661
509 1705684
511 1705687
511 1705691
508 1705713
509 1705715
507 1705720
511 1705731
509 1705741
508 1705751
510 1705761
508 1705771
512 1705781
509 1705804
508 1705806
508 1705836
509 1705839
508 1705842
508 1705853
508 1705856
510 1705860
509 1705870
509 1705881
508 1705891
507 1705901
508 1705911
508 1705921
509 1705931
509 1705941
508 1705951
511 1705961
510 1705971
506 1705981
507 1705991
509 1706001
507 1706010
508 1706020
509 1706031
511 1706041
511 1706051
509 1706060
510 1706071
508 1706081
509 1706091
508 1706101
510 1706123
510 1706125
509 1706131
509 1706141
511 1706151
509 1706161
509 1706171
508 1706180
507 1706190
511 1706200
509 1706210
510 1706220
509 1706231
510 1706241
509 1706251
508 1706261
508 1706280
507 1706293
510 1706296
508 1706310
510 1706321
506 1706331
511 1706353
510 1706357
509 1706361
508 1706371
508 1706381
511 1706391
508 1706401
508 1706410
510 1706420
508 1706455
510 1706460
510 1706463
509 1706463
511 1706470
511 1706481
510 1706491
509 1706501
509 1706511
510 1706521
509 1706531
510 1706541
508 1706551
510 1706561
508 1706571
509 1706580
509 1706591
509 1706601
508 1706611
511 1706621
508 1706631
506 1706641
509 1706651
508 1706661
510 1706671
510 1706681
509 1706691
508 1706701
510 1706710
506 1706720
507 1706730
507 1706740
508 1706750
510 1706760
509 1706770
508 1706781
510 1706791
509 1706801
509 1706811
507 1706821
507 1706831
509 1706840
510 1706850
508 1706860
508 1706870
509 1706880
512 1706890
509 1706900
505 1706924
510 1706926
508 1706931
509 1706941
508 1706951
509 1706961
507 1706971
511 1706981
509 1706990
508 1707001
508 1707011
510 1707021
510 1707031
508 1707051
509 1707061
510 1707071
509 1707081
509 1707090
508 1707101
508 1707110
509 1707120
510 1707130
508 1707140
508 1707151
508 1707161
508 1707171
509 1707181
508 1707192
508 1707200
508 1707223
508 1707226
508 1707230
509 1707240
508 1707251
509 1707261
509 1707270
509 1707281
507 1707291
510 1707300
507 1707311
509 1707321
509 1707330
510 1707340
510 1707351
511 1707361
509 1707371
507 1707381
507 1707391
509 1707400
508 1707411
508 1707421
510 1707431
508 1707441
512 1707451
508 1707461
507 1707471
509 1707481
508 1707491
509 1707501
508 1707511
508 1707521
508 1707531
509 1707541
508 1707551
509 1707560
508 1707570
508 1707581
508 1707591
509 1707601
510 1707611
510 1707621
510 1707631
511 1707641
508 1707651
509 1707674
509 1707677
509 1707681
509 1707691
507 1707701
507 1707711
508 1707721
511 1707731
508 1707740
507 1707750
509 1707761
509 1707781
510 1707791
508 1707801
508 1707811
510 1707821
510 1707843
508 1707848
508 1707851
509 1707861
509 1707871
509 1707881
510 1707903
508 1707907
510 1707923
511 1707925
510 1707930
508 1707940
507 1707951
507 1707961
509 1707971
510 1707981
511 1708005
510 1708007
512 1708010
510 1708020
510 1708030
508 1708040
507 1708051
510 1708061
511 1708071
509 1708081
509 1708090
509 1708101
508 1708111
506 1708121
509 1708143
510 1708147
510 1708150
509 1708160
508 1708170
507 1708181
509 1708191
509 1708201
506 1708210
508 1708220
508 1708231
510 1708241
509 1708251
509 1708261
508 1708271
511 1708280
511 1708291
508 1708301
509 1708311
507 1708321
510 1708331
508 1708341
509 1708350
509 1708361
510 1708371
512 1708381
509 1708391
507 1708401
508 1708411
509 1708421
509 1708431
510 1708441
508 1708451
509 1708461
513 1708471
509 1708481
507 1708491
508 1708501
508 1708510
507 1708531
507 1708541
508 1708551
510 1708561
512 1708571
510 1708581
507 1708591
509 1708601
509 1708610
509 1708621
509 1708643
509 1708646
511 1708650
512 1708661
509 1708671
508 1708681
509 1708691
510 1708701
508 1708710
508 1708720
507 1708730
509 1708740
511 1708751
509 1708761
509 1708771
508 1708781
509 1708791
509 1708800
510 1708810
508 1708820
509 1708830
509 1708841
511 1708850
508 1708860
508 1708871
509 1708881
509 1708891
509 1708901
509 1708911
510 1708921
510 1708931
508 1708941
507 1708951
507 1708960
504 1708971
503 1708980
508 1708990
507 1709001
511 1709011
508 1709026
507 1709031
507 1709041
513 1709051
506 1709061
507 1709071
509 1709081
515 1709091
507 1709101
511 1709110
513 1709121
508 1709131
508 1709141
510 1709151
506 1709161
510 1709171
508 1709180
508 1709190
510 1709200
507 1709211
509 1709221
501 1709244
525 1709247
511 1709251
507 1709260
507 1709271
502 1709281
512 1709313
508 1709315
510 1709320
509 1709333
509 1709350
508 1709361
509 1709371
510 1709381
511 1709381
510 1709391
508 1709401
510 1709411
507 1709421
506 1709431
508 1709453
509 1709457
509 1709461
509 1709470
508 1709480
509 1709490
509 1709501
508 1709511
507 1709521
507 1709531
510 1709553
509 1709555
509 1709560
510 1709570
511 1709581
510 1709591
509 1709601
508 1709611
507 1709620
509 1709631
509 1709640
511 1709651
510 1709660
507 1709671
511 1709680
507 1709690
507 1709701
510 1709711
508 1709721
509 1709731
509 1709741
511 1709751
510 1709761
511 1709770
509 1709780
508 1709790
510 1709800
508 1709810
511 1709820
504 1709830
516 1709840
512 1709850
512 1709860
511 1709934
502 1709934
511 1709935
509 1709935
505 1709935
508 1709935
507 1709936
512 1709942
505 1709953
510 1709961
508 1709983
508 1709988
509 1709990
513 1710001
508 1710021
509 1710031
507 1710041
513 1710051
513 1710060
509 1710070
508 1710085
507 1710090
506 1710101
509 1710111
511 1710121
511 1710131
508 1710141
510 1710151
509 1710160
508 1710170
507 1710180
514 1710190
504 1710201
506 1710211
513 1710221
507 1710230
513 1710240
506 1710250
505 1710260
509 1710270
508 1710293
508 1710297
509 1710301
508 1710311
509 1710321
511 1710331
508 1710353
507 1710356
508 1710361
510 1710370
509 1710380
509 1710390
510 1710400
508 1710410
511 1710420
508 1710431
507 1710453
508 1710457
509 1710461
508 1710471
509 1710480
505 1710491
510 1710500
509 1710510
510 1710521
507 1710530
508 1710540
511 1710551
509 1710561
509 1710571
509 1710593
508 1710596
511 1710600
511 1710610
510 1710620
509 1710630
509 1710640
504 1710650
510 1710661
510 1710671
510 1710681
510 1710691
512 1710701
508 1710710
508 1710721
509 1710730
508 1710740
507 1710774
509 1710777
510 1710781
512 1710791
509 1710800
510 1710811
505 1710821
508 1710831
509 1710841
508 1710851
509 1710860
509 1710870
509 1710880
512 1710890
509 1710900
508 1710910
507 1710921
508 1710931
509 1710941
509 1710951
508 1710961
509 1710971
510 1710980
509 1710991
509 1711000
507 1711010
509 1711020
510 1711030
507 1711040
509 1711051
507 1711060
509 1711071
508 1711081
509 1711091
507 1711101
509 1711111
509 1711121
508 1711131
509 1711141
507 1711163
510 1711167
509 1711170
508 1711180
508 1711190
513 1711200
506 1711210
510 1711220
507 1711231
512 1711241
509 1711251
510 1711260
508 1711271
506 1711280
511 1711303
511 1711305
505 1711311
508 1711321
509 1711331
509 1711340
512 1711351
510 1711360
506 1711371
508 1711380
507 1711391
508 1711400
508 1711410
510 1711420
511 1711430
512 1711440
510 1711450
507 1711460
509 1711470
508 1711481
508 1711503
510 1711506
510 1711511
508 1711531
508 1711541
508 1711551
509 1711561
507 1711571
510 1711581
508 1711591
509 1711601
509 1711611
509 1711621
507 1711631
509 1711641
509 1711651
505 1711661
510 1711671
505 1711681
496 1711691
518 1711701
513 1711711
506 1711721
513 1711731
519 1711741
511 1711751
511 1711761
510 1711771
509 1711781
510 1711804
510 1711808
509 1711823
507 1711827
509 1711831
507 1711841
508 1711851
508 1711861
507 1711871
511 1711881
511 1711891
511 1711901
507 1711911
504 1711921
508 1711931
510 1711941
506 1711951
506 1711961
507 1711971
509 1711981
508 1711991
521 1712001
502 1712011
510 1712021
511 1712031
509 1712041
507 1712051
506 1712061
509 1712071
510 1712081
511 1712091
512 1712101
510 1712111
510 1712121
508 1712144
508 1712146
508 1712151
506 1712161
509 1712171
507 1712181
503 1712191
522 1712201
526 1712211
503 1712221
517 1712231
507 1712251
504 1712261
519 1712271
507 1712281
508 1712291
514 1712301
498 1712311
506 1712321
512 1712344
509 1712345
508 1712351
506 1712361
510 1712371
507 1712381
508 1712391
507 1712401
507 1712411
508 1712421
505 1712431
509 1712441
510 1712451
508 1712461
512 1712483
508 1712486
507 1712491
511 1712501
505 1712511
504 1712521
506 1712531
510 1712541
507 1712551
513 1712561
507 1712571
507 1712581
508 1712591
507 1712601
508 1712611
509 1712621
505 1712631
508 1712641
511 1712651
510 1712661
506 1712671
505 1712681
509 1712691
507 1712701
508 1712711
515 1712721
508 1712731
516 1712741
525 1712751
515 1712761
509 1712784
518 1712787
505 1712791
512 1712801
503 1712811
510 1712821
513 1712831
497 1712853
499 1712855
516 1712861
515 1712871
478 1712881
520 1712892
505 1712901
512 1712911
502 1712921
518 1712931
517 1712941
508 1712951
517 1712961
505 1712981
514 1712991
507 1713001
511 1713011
505 1713021
515 1713044
507 1713048
506 1713051
508 1713061
507 1713071
511 1713081
509 1713091
508 1713101
507 1713123
506 1713125
509 1713131
507 1713140
509 1713151
509 1713161
507 1713171
508 1713181
512 1713191
508 1713201
510 1713223
508 1713225
510 1713231
508 1713241
508 1713250
508 1713260
509 1713270
510 1713280
509 1713291
509 1713301
510 1713323
510 1713326
508 1713330
509 1713341
509 1713351
509 1713361
507 1713371
508 1713381
507 1713391
507 1713401
506 1713411
507 1713422
505 1713430
510 1713441
509 1713451
507 1713461
510 1713470
510 1713481
506 1713490
505 1713501
505 1713510
508 1713520
508 1713530
510 1713541
511 1713551
509 1713561
509 1713571
506 1713580
511 1713591
507 1713601
511 1713611
512 1713621
509 1713631
509 1713641
513 1713651
509 1713661
512 1713670
510 1713680
507 1713690
509 1713700
509 1713720
511 1713731
509 1713741
510 1713751
508 1713761
510 1713771
509 1713781
508 1713791
507 1713800
510 1713824
511 1713827
508 1713831
509 1713841
511 1713851
510 1713861
512 1713871
506 1713893
508 1713897
514 1713901
512 1713923
512 1713926
509 1713931
509 1713941
508 1713950
509 1713960
508 1713970
508 1713993
509 1713997
509 1714001
509 1714011
507 1714021
510 1714031
507 1714041
510 1714050
509 1714061
506 1714071
509 1714081
508 1714091
508 1714101
509 1714123
508 1714125
510 1714130
509 1714140
510 1714150
508 1714161
508 1714170
509 1714194
509 1714197
509 1714201
509 1714211
511 1714221
511 1714231
511 1714241
507 1714251
507 1714261
511 1714271
506 1714281
511 1714291
508 1714301
511 1714313
511 1714320
510 1714330
506 1714340
512 1714350
508 1714361
507 1714371
509 1714381
511 1714391
508 1714401
511 1714410
509 1714421
515 1714430
507 1714453
511 1714457
511 1714460
509 1714481
504 1714491
507 1714501
506 1714511
511 1714521
508 1714531
506 1714541
509 1714563
506 1714568
503 1714571
508 1714593
508 1714597
512 1714601
510 1714611
510 1714621
503 1714631
506 1714641
502 1714663
509 1714665
506 1714671
501 1714681
513 1714691
521 1714701
503 1714711
513 1714721
514 1714731
499 1714741
508 1714751
502 1714761
510 1714771
494 1714781
501 1714791
513 1714801
502 1714811
509 1714821
511 1714831
503 1714841
503 1714864
514 1714868
508 1714871
505 1714881
506 1714891
510 1714901
509 1714911
509 1714921
502 1714931
512 1714941
508 1714951
506 1714961
510 1714971
509 1714981
516 1714991
508 1715001
506 1715011
511 1715021
515 1715031
501 1715041
492 1715051
511 1715061
496 1715071
512 1715081
490 1715091
510 1715101
509 1715110
501 1715147
509 1715149
516 1715150
507 1715161
517 1715170
512 1715181
505 1715191
517 1715201
494 1715223
495 1715225
523 1715231
489 1715253
483 1715257
518 1715261
493 1715271
538 1715281
505 1715305
502 1715305
510 1715311
510 1715321
507 1715331
509 1715341
508 1715351
510 1715361
504 1715371
510 1715380
509 1715390
507 1715400
513 1715411
512 1715421
510 1715431
511 1715441
514 1715451
515 1715461
482 1715471
515 1715481
544 1715490
514 1715513
504 1715525
523 1715525
530 1715531
517 1715541
509 1715551
507 1715561
508 1715571
507 1715581
511 1715591
512 1715601
510 1715611
511 1715621
505 1715631
510 1715641
512 1715651
509 1715661
509 1715671
509 1715681
510 1715691
509 1715701
507 1715711
510 1715721
507 1715731
508 1715741
511 1715751
518 1715773
504 1715775
510 1715781
504 1715792
510 1715801
502 1715811
507 1715821
510 1715843
507 1715845
506 1715873
512 1715875
512 1715881
509 1715891
510 1715901
510 1715911
508 1715921
509 1715956
510 1715960
509 1715962
509 1715965
508 1715971
509 1715981
510 1716005
509 1716007
508 1716010
509 1716021
507 1716043
513 1716045
508 1716051
508 1716086
512 1716088
508 1716092
511 1716095
511 1716100
506 1716110
508 1716121
509 1716131
511 1716141
509 1716150
508 1716200
508 1716202
510 1716202
510 1716205
508 1716233
506 1716235
509 1716247
509 1716249
506 1716253
510 1716263
509 1716266
509 1716270
511 1716291
506 1716316
508 1716321
511 1716323
506 1716323
510 1716370
509 1716373
507 1716373
508 1716373
507 1716383
508 1716385
505 1716391
509 1716426
506 1716430
510 1716432
509 1716432
509 1716453
509 1716456
511 1716461
509 1716483
506 1716486
509 1716491
507 1716500
509 1716510
511 1716520
510 1716530
509 1716540
510 1716550
507 1716561
506 1716570
507 1716581
508 1716591
508 1716601
508 1716623
510 1716626
509 1716643
510 1716646
509 1716650
508 1716660
509 1716670
508 1716680
509 1716700
508 1716720
509 1716733
508 1716737
510 1716740
509 1716751
510 1716761
507 1716771
510 1716780
507 1716791
509 1716800
508 1716810
508 1716820
506 1716831
510 1716841
508 1716851
508 1716860
509 1716870
509 1716880
510 1716890
509 1716900
511 1716910
509 1716921
511 1716930
508 1716953
508 1716956
509 1716960
510 1716971
509 1716980
509 1716990
509 1717000
509 1717010
511 1717020
509 1717030
507 1717041
509 1717050
505 1717060
509 1717070
510 1717080
506 1717090
510 1717112
511 1717114
511 1717121
508 1717131
508 1717153
509 1717157
507 1717161
507 1717171
509 1717180
508 1717190
510 1717200
508 1717223
511 1717226
511 1717230
509 1717241
508 1717251
508 1717261
510 1717271
509 1717280
512 1717290
509 1717300
507 1717322
507 1717326
510 1717330
508 1717340
511 1717350
508 1717360
509 1717371
509 1717380
510 1717390
509 1717401
508 1717410
507 1717420
509 1717440
509 1717450
510 1717460
508 1717470
508 1717481
510 1717491
509 1717513
506 1717517
507 1717521
503 1717531
505 1717540
510 1717550
506 1717560
511 1717570
510 1717581
507 1717591
506 1717600
509 1717610
513 1717621
520 1717631
500 1717641
510 1717663
496 1717665
502 1717671
507 1717693
533 1717695
517 1717701
509 1717710
513 1717720
519 1717730
507 1717740
513 1717763
511 1717765
507 1717771
505 1717781
508 1717790
508 1717801
508 1717811
509 1717821
510 1717831
516 1717853
507 1717857
507 1717861
502 1717870
510 1717893
513 1717897
511 1717901
508 1717911
507 1717921
508 1717931
512 1717941
508 1717963
498 1717967
513 1717970
510 1717981
513 1718005
509 1718007
508 1718011
507 1718021
508 1718031
510 1718041
507 1718051
506 1718061
510 1718083
507 1718087
511 1718090
507 1718113
511 1718115
510 1718121
512 1718131
504 1718141
515 1718151
508 1718161
509 1718181
517 1718191
512 1718201
506 1718211
511 1718221
508 1718230
508 1718240
505 1718251
509 1718261
509 1718271
512 1718293
509 1718295
509 1718300
511 1718311
510 1718320
510 1718331
507 1718341
508 1718351
505 1718361
507 1718371
509 1718381
510 1718390
510 1718401
509 1718414
509 1718420
505 1718431
508 1718441
510 1718451
510 1718461
510 1718471
509 1718481
508 1718491
510 1718500
510 1718511
509 1718520
509 1718531
507 1718541
507 1718551
508 1718573
508 1718575
509 1718581
508 1718590
509 1718600
509 1718611
509 1718633
508 1718635
509 1718640
508 1718650
509 1718660
508 1718683
508 1718686
510 1718690
508 1718702
508 1718767
507 1718767
510 1718768
509 1718768
508 1718768
508 1718768
510 1718770
509 1718780
507 1718803
506 1718805
507 1718811
508 1718820
510 1718831
509 1718840
509 1718850
509 1718873
512 1718875
508 1718881
507 1718891
509 1718901
509 1718910
509 1718930
508 1718940
508 1718950
509 1718973
511 1718977
508 1718981
508 1719005
507 1719015
510 1719015
511 1719020
507 1719030
508 1719040
508 1719050
511 1719060
508 1719070
507 1719080
508 1719090
509 1719101
508 1719111
511 1719121
509 1719130
509 1719141
510 1719151
509 1719161
508 1719171
508 1719181
510 1719190
509 1719200
510 1719211
508 1719221
509 1719231
510 1719241
511 1719251
508 1719261
506 1719271
508 1719281
507 1719302
510 1719306
509 1719311
508 1719321
509 1719331
509 1719352
506 1719356
506 1719360
507 1719371
507 1719381
509 1719391
510 1719413
507 1719415
509 1719421
511 1719430
509 1719440
509 1719450
509 1719472
507 1719476
510 1719480
510 1719491
510 1719513
508 1719515
510 1719520
510 1719530
508 1719540
508 1719551
509 1719560
509 1719570
510 1719580
509 1719591
508 1719601
511 1719611
510 1719621
507 1719631
507 1719641
510 1719661
508 1719683
509 1719686
509 1719690
510 1719700
508 1719714
510 1719720
509 1719730
508 1719740
511 1719750
506 1719760
508 1719770
508 1719780
507 1719790
511 1719801
511 1719810
507 1719820
507 1719830
508 1719840
511 1719850
508 1719861
509 1719871
508 1719880
510 1719890
510 1719900
510 1719910
506 1719920
508 1719930
506 1719940
510 1719951
512 1719961
507 1719971
512 1719981
513 1719991
509 1720000
505 1720010
499 1720020
508 1720030
508 1720040
512 1720050
511 1720060
509 1720071
511 1720090
508 1720093
511 1720100
505 1720110
509 1720120
508 1720143
509 1720145
509 1720151
509 1720160
510 1720171
508 1720181
507 1720190
508 1720213
509 1720215
511 1720220
508 1720230
509 1720240
509 1720250
511 1720260
510 1720270
509 1720281
508 1720291
509 1720301
510 1720323
509 1720326
506 1720331
508 1720340
506 1720350
511 1720360
508 1720370
507 1720380
509 1720390
506 1720411
511 1720420
507 1720430
509 1720441
510 1720450
509 1720460
509 1720470
508 1720480
508 1720490
508 1720500
509 1720510
509 1720520
509 1720530
510 1720540
511 1720550
508 1720560
507 1720570
507 1720580
507 1720591
509 1720601
509 1720611
509 1720621
509 1720631
511 1720640
510 1720650
507 1720660
508 1720682
509 1720685
508 1720690
508 1720700
509 1720720
509 1720732
509 1720736
509 1720740
507 1720750
507 1720760
510 1720770
508 1720780
508 1720791
507 1720800
508 1720823
510 1720825
509 1720830
507 1720840
507 1720850
511 1720860
509 1720870
512 1720881
511 1720891
511 1720901
509 1720923
511 1720925
507 1720931
507 1720940
508 1720950
507 1720960
509 1720970
508 1720992
509 1720996
508 1721000
511 1721010
507 1721020
506 1721030
508 1721040
507 1721050
509 1721060
510 1721070
508 1721080
510 1721103
511 1721105
508 1721111
508 1721120
506 1721131
508 1721140
508 1721160
510 1721170
508 1721193
513 1721195
510 1721200
510 1721210
508 1721233
510 1721236
509 1721240
508 1721250
508 1721260
508 1721270
510 1721280
510 1721291
508 1721300
510 1721310
510 1721321
508 1721331
510 1721340
510 1721363
511 1721367
509 1721370
510 1721380
510 1721390
510 1721400
507 1721423
508 1721426
510 1721430
508 1721440
509 1721451
508 1721461
509 1721470
508 1721492
507 1721496
507 1721500
510 1721510
510 1721520
509 1721530
511 1721566
507 1721568
510 1721571
508 1721573
511 1721580
509 1721590
507 1721600
507 1721610
508 1721620
509 1721630
509 1721640
508 1721650
510 1721660
508 1721670
506 1721680
508 1721691
509 1721701
507 1721711
509 1721721
511 1721732
508 1721741
512 1721751
509 1721760
507 1721770
509 1721780
508 1721803
509 1721806
510 1721822
508 1721826
510 1721830
512 1721841
510 1721850
508 1721871
509 1721880
510 1721902
510 1721907
509 1721921
509 1721932
508 1721936
511 1721940
510 1721950
509 1721960
508 1721970
510 1721993
509 1721996
509 1722000
511 1722010
509 1722020
508 1722031
509 1722040
510 1722050
508 1722060
509 1722071
510 1722080
508 1722090
510 1722100
508 1722110
508 1722120
510 1722130
508 1722140
508 1722150
506 1722161
510 1722171
507 1722180
503 1722202
510 1722205
510 1722210
511 1722220
506 1722230
509 1722240
506 1722263
507 1722265
509 1722271
510 1722281
509 1722291
509 1722300
509 1722310
508 1722333
507 1722336
508 1722340
507 1722350
510 1722360
509 1722370
509 1722380
509 1722403
510 1722405
512 1722435
508 1722438
508 1722441
510 1722443
509 1722462
511 1722466
509 1722470
510 1722480
509 1722500
507 1722512
510 1722516
508 1722520
508 1722530
509 1722541
509 1722550
510 1722561
509 1722571
508 1722580
508 1722590
508 1722600
507 1722610
508 1722630
509 1722640
510 1722662
506 1722666
508 1722671
509 1722681
510 1722690
508 1722700
510 1722710
508 1722732
509 1722736
508 1722740
511 1722750
509 1722760
510 1722770
510 1722781
509 1722803
507 1722806
508 1722810
510 1722821
508 1722830
509 1722840
510 1722850
510 1722860
511 1722870
509 1722880
509 1722890
508 1722900
509 1722910
510 1722920
508 1722930
509 1722940
509 1722951
511 1722961
509 1722971
508 1722981
509 1723005
509 1723007
509 1723010
507 1723020
508 1723030
509 1723040
511 1723050
508 1723060
507 1723070
508 1723080
510 1723090
508 1723112
510 1723117
508 1723120
509 1723130
510 1723140
509 1723150
508 1723173
509 1723177
509 1723180
508 1723191
508 1723213
510 1723218
508 1723220
509 1723230
509 1723240
508 1723250
506 1723273
508 1723276
508 1723280
510 1723303
510 1723305
507 1723311
508 1723321
512 1723331
508 1723341
507 1723351
508 1723382
507 1723386
510 1723390
507 1723400
509 1723410
506 1723421
513 1723430
509 1723441
507 1723450
509 1723460
508 1723470
509 1723480
507 1723490
509 1723500
511 1723510
512 1723520
511 1723530
510 1723540
510 1723550
510 1723560
508 1723570
510 1723581
508 1723591
510 1723601
511 1723610
509 1723620
510 1723630
509 1723640
509 1723650
508 1723660
510 1723670
509 1723680
508 1723690
510 1723700
511 1723710
509 1723720
508 1723731
510 1723740
508 1723751
509 1723773
508 1723776
510 1723780
508 1723790
507 1723800
510 1723810
508 1723820
507 1723830
508 1723840
509 1723850
510 1723861
508 1723871
510 1723880
510 1723890
508 1723913
505 1723915
508 1723920
510 1723930
510 1723940
507 1723950
509 1723960
510 1723970
512 1723992
507 1723996
508 1724000
509 1724010
510 1724020
508 1724031
508 1724041
509 1724050
509 1724061
514 1724070
511 1724080
507 1724090
509 1724100
510 1724121
511 1724131
509 1724141
509 1724151
511 1724161
511 1724171
511 1724181
508 1724190
507 1724213
508 1724216
510 1724220
509 1724230
510 1724252
509 1724256
510 1724260
510 1724271
509 1724280
507 1724290
510 1724300
509 1724310
508 1724320
511 1724330
510 1724340
508 1724350
509 1724360
510 1724370
507 1724392
506 1724396
508 1724400
509 1724411
508 1724421
510 1724430
506 1724440
510 1724450
509 1724460
509 1724470
510 1724493
508 1724497
508 1724501
510 1724510
508 1724521
509 1724531
509 1724541
508 1724551
506 1724561
507 1724596
509 1724600
509 1724602
507 1724603
510 1724623
509 1724627
513 1724630
507 1724640
508 1724650
507 1724673
508 1724675
514 1724681
495 1724691
514 1724701
500 1724723
496 1724725
501 1724730
508 1724740
507 1724751
509 1724761
510 1724771
512 1724781
508 1724791
511 1724800
508 1724811
510 1724821
509 1724831
510 1724841
510 1724860
508 1724870
509 1724880
506 1724890
509 1724901
512 1724910
509 1724920
509 1724930
509 1724941
508 1724951
510 1724960
508 1724970
504 1724980
507 1724991
508 1725000
513 1725011
507 1725020
508 1725031
508 1725040
507 1725051
513 1725060
510 1725071
510 1725081
509 1725090
510 1725105
509 1725110
509 1725120
509 1725130
510 1725140
508 1725150
506 1725160
509 1725171
509 1725181
510 1725191
508 1725200
510 1725222
496 1725224
526 1725230
496 1725240
520 1725250
495 1725260
503 1725271
520 1725280
519 1725291
507 1725301
508 1725323
503 1725327
504 1725330
510 1725340
510 1725350
510 1725361
509 1725370
507 1725380
506 1725391
507 1725400
510 1725411
511 1725433
508 1725437
509 1725440
506 1725450
506 1725460
505 1725471
512 1725481
505 1725491
512 1725500
510 1725510
512 1725520
507 1725530
509 1725540
509 1725551
510 1725561
508 1725571
506 1725581
510 1725600
508 1725611
509 1725620
510 1725631
509 1725641
506 1725650
507 1725660
514 1725670
508 1725680
509 1725691
510 1725701
504 1725711
511 1725720
513 1725730
516 1725740
501 1725751
512 1725761
519 1725771
505 1725781
513 1725790
509 1725812
516 1725814
508 1725820
508 1725830
513 1725841
504 1725850
499 1725860
526 1725870
501 1725881
485 1725890
527 1725901
499 1725911
511 1725933
500 1725937
494 1725940
509 1725950
517 1725960
515 1725971
505 1725980
508 1726005
507 1726006
510 1726010
508 1726020
507 1726030
507 1726040
508 1726050
511 1726060
507 1726070
507 1726080
507 1726090
508 1726100
509 1726110
510 1726120
507 1726130
507 1726140
509 1726150
508 1726159
510 1726171
508 1726180
510 1726190
510 1726200
510 1726211
508 1726221
507 1726230
508 1726240
509 1726250
509 1726260
510 1726270
508 1726280
509 1726290
512 1726300
509 1726310
508 1726320
507 1726329
508 1726350
510 1726360
510 1726370
509 1726380
509 1726390
512 1726400
507 1726410
508 1726433
506 1726436
509 1726440
509 1726450
510 1726472
509 1726474
511 1726480
511 1726504
508 1726506
509 1726510
509 1726520
507 1726530
509 1726540
509 1726550
508 1726560
507 1726570
511 1726580
511 1726590
509 1726612
507 1726618
507 1726646
510 1726650
508 1726652
510 1726652
506 1726660
510 1726670
509 1726680
509 1726690
505 1726700
507 1726745
508 1726745
510 1726746
508 1726746
511 1726750
509 1726760
510 1726770
509 1726780
506 1726789
510 1726813
508 1726815
509 1726820
510 1726842
508 1726846
511 1726850
510 1726860
510 1726870
505 1726880
509 1726890
508 1726900
510 1726910
510 1726920
507 1726930
510 1726940
510 1726950
511 1726960
509 1726970
508 1726979
509 1726990
507 1727000
510 1727010
508 1727020
510 1727030
509 1727039
508 1727049
509 1727059
507 1727070
511 1727090
509 1727100
509 1727110
506 1727120
509 1727130
510 1727140
509 1727150
502 1727160
504 1727170
508 1727179
508 1727190
510 1727213
509 1727215
509 1727220
508 1727242
512 1727246
507 1727263
510 1727265
510 1727270
507 1727280
508 1727290
510 1727300
508 1727310
508 1727320
510 1727330
511 1727340
509 1727350
508 1727360
507 1727370
510 1727380
511 1727390
510 1727399
509 1727410
509 1727420
510 1727430
505 1727440
510 1727450
