505 1834520
511 1834524
503 1834525
513 1834525
511 1834525
509 1834525
510 1834526
508 1834526
512 1834526
510 1834526
509 1834526
507 1834526
510 1834527
512 1834527
510 1834527
517 1834527
508 1834527
510 1834528
507 1834528
507 1834528
514 1834528
507 1834528
508 1834532
505 1834532
510 1834532
510 1834533
511 1834533
509 1834533
511 1834533
508 1834533
511 1834533
510 1834534
509 1834534
511 1834534
515 1834534
511 1834534
511 1834534
510 1834537
506 1834537
512 1834537
512 1834537
507 1834537
507 1834537
509 1834538
511 1834538
507 1834538
508 1834544
509 1834544
507 1834544
508 1834544
508 1834545
508 1834545
510 1834545
510 1834547
508 1834549
509 1834549
509 1834549
508 1834551
513 1834551
510 1834551
512 1834551
512 1834551
512 1834552
510 1834552
510 1834559
510 1834559
506 1834741
504 1834755
514 1834755
508 1834755
514 1834755
504 1834756
511 1834756
514 1834756
508 1834756
508 1834756
509 1834856
507 1834857
508 1834857
510 1834857
509 1834857
510 1834857
504 1834858
507 1834858
512 1834858
510 1834858
511 1834858
511 1834860
506 1834932
504 1834933
520 1834933
507 1834933
506 1834933
527 1835065
508 1835065
503 1835182
509 1835183
512 1835183
509 1835183
504 1835184
506 1835184
513 1835184
510 1835184
510 1835184
510 1835184
502 1835185
505 1835185
495 1835185
510 1835185
505 1835192
503 1835192
504 1835192
500 1835193
505 1835193
520 1835193
504 1835193
530 1835193
509 1835193
506 1835194
530 1835194
486 1835194
515 1835205
505 1835308
498 1835310
535 1835310
509 1835310
498 1835310
502 1835310
501 1835311
512 1835311
507 1835311
504 1835311
505 1835313
512 1835318
511 1835384
553 1835385
513 1835385
595 1835385
518 1835386
537 1835386
475 1835388
499 1835399
521 1835408
506 1835418
522 1835428
502 1835451
511 1835451
497 1835459
506 1835478
498 1835488
522 1835498
513 1835508
511 1835518
506 1835528
511 1835538
511 1835548
507 1835558
510 1835568
511 1835578
509 1835588
511 1835598
516 1835608
505 1835618
510 1835628
504 1835638
507 1835648
506 1835658
514 1835668
498 1835678
511 1835688
517 1835698
493 1835708
501 1835718
518 1835728
523 1835738
532 1835748
504 1835758
497 1835768
495 1835778
501 1835788
512 1835798
495 1835808
509 1835818
524 1835828
506 1835838
504 1835860
506 1835860
512 1835868
505 1835878
508 1835888
511 1835898
507 1835908
510 1835918
508 1835928
506 1835938
507 1835948
507 1835958
513 1835968
509 1835991
516 1835991
511 1835998
507 1836008
507 1836018
510 1836028
510 1836038
510 1836048
508 1836058
509 1836068
510 1836078
506 1836088
507 1836098
507 1836108
509 1836118
513 1836128
508 1836138
511 1836160
508 1836171
510 1836171
510 1836179
507 1836195
509 1836199
507 1836219
509 1836229
508 1836239
505 1836249
513 1836259
509 1836281
509 1836281
508 1836288
506 1836298
509 1836308
509 1836318
507 1836328
508 1836338
514 1836361
509 1836361
511 1836368
509 1836378
512 1836388
511 1836398
506 1836408
509 1836418
507 1836428
509 1836438
509 1836448
507 1836458
508 1836468
510 1836478
508 1836488
509 1836498
510 1836508
508 1836518
509 1836529
509 1836539
510 1836549
508 1836571
507 1836571
511 1836579
508 1836601
512 1836601
509 1836609
510 1836619
508 1836629
513 1836638
508 1836648
509 1836658
516 1836694
507 1836694
509 1836699
509 1836699
510 1836709
511 1836731
508 1836731
506 1836738
510 1836748
507 1836758
510 1836768
509 1836778
511 1836788
508 1836798
514 1836808
510 1836818
509 1836828
510 1836838
507 1836859
508 1836871
511 1836871
507 1836878
509 1836888
509 1836899
506 1836909
473 1836931
509 1836931
510 1836949
508 1836959
508 1836969
509 1836979
508 1836989
507 1836999
508 1837008
510 1837018
508 1837028
507 1837038
509 1837048
510 1837058
505 1837068
508 1837078
506 1837088
510 1837098
509 1837108
504 1837118
512 1837128
504 1837138
507 1837151
511 1837170
512 1837170
510 1837181
512 1837188
505 1837198
507 1837208
510 1837218
508 1837228
509 1837238
507 1837248
509 1837258
512 1837268
508 1837279
510 1837301
510 1837301
507 1837309
508 1837319
510 1837329
507 1837339
505 1837349
512 1837359
511 1837369
509 1837387
508 1837402
508 1837402
506 1837409
511 1837419
510 1837428
512 1837438
509 1837448
512 1837458
509 1837468
507 1837478
509 1837488
511 1837498
510 1837508
507 1837518
510 1837528
510 1837538
509 1837548
508 1837558
507 1837568
509 1837578
505 1837588
509 1837598
509 1837608
511 1837643
510 1837645
510 1837649
510 1837649
507 1837660
506 1837668
511 1837701
512 1837701
506 1837708
512 1837719
510 1837728
510 1837738
510 1837748
505 1837758
507 1837771
508 1837778
510 1837788
509 1837798
510 1837808
508 1837818
515 1837828
503 1837838
525 1837848
493 1837866
528 1837867
497 1837878
520 1837901
500 1837901
504 1837908
516 1837918
514 1837928
505 1837938
505 1837948
507 1837958
510 1837968
510 1837978
508 1838001
509 1838001
510 1838008
509 1838032
509 1838032
507 1838038
507 1838061
507 1838061
508 1838079
508 1838104
508 1838108
508 1838108
511 1838110
509 1838118
505 1838129
512 1838138
503 1838148
490 1838158
509 1838181
523 1838181
492 1838188
516 1838198
496 1838208
526 1838218
515 1838228
513 1838238
507 1838248
514 1838271
507 1838271
512 1838278
513 1838288
510 1838298
505 1838308
518 1838318
503 1838328
481 1838338
552 1838348
547 1838358
502 1838381
504 1838381
515 1838400
520 1838400
512 1838408
511 1838418
503 1838438
510 1838448
510 1838458
506 1838468
511 1838478
511 1838488
508 1838498
506 1838508
508 1838518
507 1838541
510 1838541
507 1838548
511 1838558
517 1838571
524 1838578
504 1838588
501 1838598
522 1838608
514 1838631
506 1838631
503 1838651
514 1838651
507 1838658
502 1838679
511 1838701
508 1838701
512 1838724
511 1838728
507 1838728
510 1838730
511 1838741
509 1838748
506 1838798
505 1838798
515 1838800
510 1838800
506 1838838
509 1838838
511 1838840
510 1838840
512 1838864
503 1838865
509 1838867
510 1838879
509 1838925
511 1838926
509 1838928
515 1838949
510 1838949
512 1838951
515 1838951
509 1838953
510 1838995
512 1838996
508 1838998
508 1839023
506 1839025
509 1839026
509 1839041
510 1839041
512 1839061
509 1839061
506 1839087
508 1839155
508 1839155
511 1839159
509 1839159
509 1839159
508 1839190
512 1839222
510 1839222
509 1839224
507 1839229
509 1839229
509 1839231
506 1839231
507 1839231
510 1839233
511 1839235
512 1839251
506 1839251
509 1839295
510 1839301
509 1839301
508 1839303
508 1839303
508 1839308
509 1839319
511 1839339
508 1839364
507 1839367
507 1839370
508 1839370
507 1839378
507 1839388
508 1839398
509 1839408
509 1839418
509 1839428
508 1839438
508 1839460
508 1839460
510 1839468
511 1839491
509 1839491
508 1839498
511 1839509
509 1839519
509 1839528
509 1839565
508 1839569
510 1839569
509 1839569
510 1839590
508 1839601
510 1839601
508 1839621
507 1839621
509 1839628
509 1839639
509 1839671
509 1839671
510 1839678
510 1839688
511 1839698
509 1839708
510 1839732
510 1839732
509 1839764
508 1839764
509 1839769
508 1839769
504 1839779
509 1839789
510 1839799
510 1839834
507 1839838
510 1839838
509 1839840
508 1839851
508 1839900
510 1839900
508 1839902
507 1839902
509 1839904
509 1839908
509 1839918
508 1839928
508 1839938
508 1839960
508 1839960
507 1839968
510 1839979
510 1839988
505 1839998
508 1840008
509 1840032
509 1840032
509 1840038
511 1840061
510 1840061
511 1840068
506 1840078
506 1840099
508 1840138
507 1840138
508 1840140
509 1840140
510 1840151
509 1840151
510 1840171
509 1840171
507 1840201
509 1840201
508 1840229
509 1840239
508 1840253
510 1840255
508 1840255
510 1840258
509 1840260
508 1840270
508 1840291
509 1840291
510 1840298
509 1840308
508 1840331
511 1840331
509 1840338
510 1840361
505 1840361
508 1840380
507 1840380
508 1840400
509 1840400
510 1840408
508 1840431
509 1840431
509 1840471
508 1840471
508 1840489
510 1840499
508 1840553
511 1840553
509 1840555
509 1840557
509 1840557
508 1840559
507 1840574
507 1840586
509 1840586
507 1840586
508 1840587
509 1840589
507 1840614
509 1840631
510 1840631
509 1840638
507 1840661
509 1840661
508 1840709
510 1840709
509 1840711
509 1840711
508 1840713
511 1840731
509 1840731
506 1840750
510 1840751
513 1840770
504 1840770
514 1840778
533 1840788
519 1840798
513 1840848
525 1840848
513 1840850
489 1840850
502 1840908
510 1840909
519 1840909
501 1840909
504 1840909
509 1840911
516 1840911
508 1840931
509 1840931
509 1840954
511 1840990
508 1840990
511 1840992
507 1840992
505 1841007
513 1841008
505 1841008
507 1841033
505 1841034
508 1841182
508 1841182
505 1841182
509 1841182
507 1841183
508 1841183
507 1841183
506 1841183
510 1841184
513 1841184
508 1841184
512 1841184
510 1841185
507 1841185
511 1841191
509 1841191
508 1841211
509 1841211
505 1841231
509 1841231
508 1841238
509 1841248
510 1841259
510 1841281
506 1841281
510 1841289
508 1841298
507 1841308
511 1841329
512 1841354
507 1841358
506 1841358
512 1841360
510 1841578
511 1841578
507 1841579
508 1841579
508 1841579
509 1841580
509 1841580
507 1841580
512 1841580
511 1841581
508 1841581
509 1841581
509 1841581
509 1841582
509 1841582
509 1841582
508 1841583
510 1841583
509 1841584
508 1841621
508 1841622
507 1841623
511 1841625
507 1841631
508 1841631
510 1841633
508 1841972
511 1841972
511 1841973
508 1841973
509 1841974
508 1841974
508 1841974
508 1841975
510 1841975
510 1841975
511 1841976
507 1841976
507 1841976
508 1841977
508 1841977
510 1841977
509 1841977
509 1841978
508 1841978
509 1841978
507 1841978
507 1841979
508 1841979
511 1841979
513 1841979
512 1841979
512 1841980
509 1841980
511 1841980
508 1841980
506 1841980
511 1841980
507 1841983
509 1841983
509 1841983
509 1842001
508 1842001
512 1842382
509 1842382
508 1842383
507 1842383
509 1842383
510 1842383
509 1842384
510 1842384
508 1842384
510 1842385
510 1842385
508 1842385
509 1842385
509 1842386
507 1842386
507 1842386
511 1842386
508 1842387
509 1842387
508 1842387
509 1842387
506 1842387
509 1842388
509 1842388
510 1842388
510 1842388
509 1842388
510 1842389
511 1842389
509 1842389
507 1842389
510 1842390
507 1842390
510 1842390
510 1842390
509 1842390
506 1842393
509 1842393
509 1842399
510 1842777
509 1842777
507 1842778
511 1842778
508 1842778
511 1842779
512 1842779
511 1842779
509 1842780
509 1842780
507 1842780
508 1842781
509 1842781
508 1842781
507 1842781
508 1842782
509 1842782
508 1842782
507 1842783
508 1842783
510 1842783
509 1842783
508 1842783
510 1842784
508 1842784
509 1842784
508 1842784
507 1842784
507 1842785
507 1842785
508 1842785
509 1842785
511 1842785
511 1842786
513 1842786
509 1842786
509 1842788
509 1842788
509 1842788
511 1842798
508 1842972
512 1842973
508 1842973
511 1842973
509 1842973
508 1842974
506 1842974
508 1842974
510 1842975
509 1842977
509 1842977
508 1842977
508 1842977
509 1842978
508 1842978
506 1842993
510 1842995
509 1843525
510 1843525
507 1843526
507 1843526
518 1843526
513 1843526
508 1843527
505 1843527
507 1843527
507 1843528
509 1843528
510 1843528
508 1843528
508 1843529
517 1843529
511 1843529
507 1843529
508 1843529
507 1843530
511 1843530
512 1843530
508 1843530
506 1843531
508 1843531
512 1843531
508 1843531
508 1843531
507 1843531
507 1843532
506 1843532
506 1843532
512 1843532
508 1843532
508 1843532
509 1843533
505 1843533
509 1843533
508 1843533
508 1843534
511 1843534
511 1843534
509 1843534
512 1843534
508 1843534
507 1843535
509 1843535
510 1843535
509 1843535
510 1843535
511 1843535
508 1843536
509 1843536
509 1843536
508 1843536
506 1843538
509 1843538
508 1843548
510 1843777
509 1843777
508 1843778
511 1843778
510 1843779
508 1843779
509 1843779
507 1843780
508 1843780
509 1843780
509 1843780
508 1843781
510 1843781
511 1843781
509 1843781
507 1843782
509 1843782
509 1843782
509 1843782
508 1843783
509 1843783
510 1843791
506 1843791
508 1843799
510 1843808
512 1843831
509 1843831
509 1843838
509 1843877
511 1843877
511 1843879
511 1843891
507 1843891
507 1843897
508 1843908
507 1843943
508 1843945
509 1843947
509 1843960
508 1843971
509 1843971
508 1843991
503 1843991
507 1843999
510 1844008
511 1844019
507 1844028
508 1844039
510 1844048
507 1844058
507 1844068
507 1844582
507 1844583
511 1844583
508 1844584
509 1844584
508 1844584
510 1844585
510 1844585
510 1844585
506 1844586
506 1844586
508 1844586
508 1844586
508 1844587
510 1844587
509 1844587
510 1844587
510 1844588
506 1844588
508 1844588
510 1844588
507 1844589
513 1844590
510 1844590
507 1844590
509 1844591
507 1844591
512 1844591
508 1844591
510 1844591
509 1844592
501 1844592
507 1844592
511 1844592
511 1844593
509 1844593
506 1844593
510 1844593
508 1844593
507 1844593
508 1844594
509 1844594
510 1844594
511 1844594
510 1844595
509 1844595
510 1844595
508 1844595
509 1844595
508 1844595
508 1844601
510 1844601
510 1844609
509 1844618
508 1844628
506 1844638
510 1844648
509 1844671
511 1844671
508 1844679
509 1844689
511 1844699
509 1844709
507 1844744
509 1844746
510 1844746
506 1844790
508 1844790
510 1844790
508 1844792
509 1844792
509 1844798
509 1844809
508 1844818
509 1844829
509 1844838
508 1845158
508 1845158
510 1845158
507 1845158
513 1845159
508 1845159
509 1845159
510 1845159
508 1845159
507 1845159
510 1845160
511 1845160
510 1845160
512 1845160
510 1845160
508 1845160
509 1845161
509 1845161
509 1845161
508 1845161
509 1845161
509 1845161
509 1845161
509 1845162
509 1845162
508 1845162
507 1845162
508 1845162
509 1845162
509 1845163
510 1845163
508 1845168
510 1845179
509 1845188
506 1845198
508 1845208
507 1845218
508 1845228
508 1845238
511 1845248
508 1845258
508 1845279
508 1845291
507 1845291
507 1845298
509 1845308
510 1845331
508 1845331
509 1845338
510 1845348
512 1845358
508 1845381
507 1845381
508 1845388
510 1845398
511 1845408
509 1845418
507 1845429
509 1845452
511 1845452
510 1845484
507 1845492
505 1845492
503 1845492
509 1845498
507 1845578
507 1845578
509 1845578
509 1845578
508 1845579
505 1845579
507 1845581
509 1845581
512 1845588
509 1845959
507 1845959
510 1845959
508 1845959
509 1845960
507 1845960
509 1845960
509 1845960
509 1845960
509 1845960
509 1845961
509 1845961
510 1845961
511 1845961
509 1845961
509 1845961
510 1845962
509 1845962
508 1845962
508 1845962
509 1845962
510 1845962
511 1845963
510 1845963
510 1845963
508 1845963
509 1845963
509 1845963
510 1845963
509 1845964
509 1845964
512 1845964
508 1845964
508 1845964
508 1845964
509 1845965
511 1845974
509 1845977
509 1845988
509 1845999
512 1846009
509 1846019
520 1846029
505 1846038
508 1846049
509 1846059
509 1846069
509 1846079
507 1846101
510 1846101
510 1846121
510 1846121
511 1846128
509 1846138
509 1846148
509 1846158
508 1846181
507 1846181
511 1846188
509 1846198
507 1846208
509 1846218
510 1846228
511 1846238
510 1846248
506 1846258
508 1846281
509 1846281
509 1846288
508 1846298
507 1846320
510 1846320
506 1846328
510 1846338
509 1846348
509 1846358
509 1846368
511 1846378
510 1846388
509 1846411
508 1846411
508 1846418
510 1846429
509 1846439
507 1846448
510 1846458
511 1846468
508 1846478
509 1846488
509 1846498
509 1846508
509 1846518
509 1846528
510 1846551
511 1846551
510 1846558
508 1846568
506 1846588
509 1846598
506 1846608
508 1846618
509 1846628
509 1846638
512 1846648
510 1846658
508 1846668
507 1846690
512 1846690
510 1846698
508 1846720
509 1846720
511 1846728
510 1846738
512 1846749
509 1846759
507 1846769
509 1846791
510 1846791
507 1846799
512 1846809
507 1846819
508 1846828
511 1846838
510 1846848
508 1846859
507 1847369
510 1847369
509 1847370
507 1847370
510 1847370
506 1847371
507 1847371
511 1847371
511 1847372
509 1847372
508 1847372
507 1847372
507 1847373
509 1847373
510 1847373
508 1847374
509 1847374
511 1847374
509 1847374
509 1847375
508 1847375
510 1847375
509 1847375
511 1847376
510 1847376
510 1847376
509 1847376
506 1847376
509 1847377
511 1847377
509 1847377
511 1847377
511 1847377
512 1847378
510 1847378
508 1847378
508 1847378
509 1847378
510 1847379
508 1847379
507 1847379
508 1847379
508 1847379
509 1847379
508 1847380
511 1847380
506 1847380
510 1847380
507 1847380
508 1847381
508 1847383
510 1847388
509 1847779
510 1847779
507 1847779
506 1847780
511 1847780
504 1847780
508 1847781
508 1847781
507 1847781
510 1847782
509 1847782
508 1847782
506 1847783
508 1847783
510 1847783
509 1847783
509 1847783
508 1847784
510 1847784
509 1847784
510 1847784
509 1847785
509 1847785
508 1847785
509 1847785
510 1847786
508 1847786
510 1847786
507 1847786
510 1847786
510 1847787
509 1847787
509 1847787
510 1847787
509 1847788
508 1847788
509 1847788
509 1847788
508 1847788
510 1847791
507 1847798
510 1848176
508 1848176
508 1848177
510 1848177
508 1848177
510 1848178
509 1848178
508 1848179
508 1848179
508 1848179
510 1848180
509 1848180
510 1848180
510 1848180
507 1848181
512 1848181
506 1848181
509 1848181
510 1848182
511 1848182
510 1848182
509 1848182
509 1848183
510 1848183
513 1848183
508 1848184
510 1848184
508 1848185
509 1848185
509 1848185
510 1848185
508 1848186
509 1848186
508 1848186
508 1848186
509 1848187
509 1848189
508 1848189
506 1848198
509 1848569
509 1848570
511 1848570
510 1848571
510 1848571
508 1848571
509 1848572
509 1848572
510 1848572
510 1848573
509 1848573
512 1848573
511 1848574
509 1848574
510 1848574
509 1848574
510 1848575
510 1848575
509 1848575
509 1848575
508 1848576
511 1848576
512 1848576
507 1848576
506 1848577
508 1848577
510 1848577
508 1848577
506 1848578
508 1848578
507 1848578
509 1848578
508 1848579
508 1848579
508 1848579
514 1848579
508 1848579
508 1848581
501 1848588
511 1848979
512 1848980
503 1848980
505 1848980
522 1848980
508 1848981
521 1848981
513 1848982
513 1848982
513 1848982
508 1848983
507 1848983
509 1848983
510 1848983
505 1848984
506 1848984
509 1848985
507 1848985
511 1848985
504 1848986
519 1848986
528 1848986
526 1848987
506 1848987
503 1848987
523 1848988
523 1848988
485 1848988
521 1848988
514 1848988
522 1848989
505 1848989
514 1848989
501 1848989
534 1848989
504 1848989
515 1848990
511 1848990
504 1848992
500 1848998
507 1849169
506 1849169
502 1849169
516 1849170
484 1849170
509 1849170
517 1849170
521 1849170
527 1849170
511 1849170
523 1849171
506 1849171
513 1849171
504 1849171
511 1849171
528 1849171
495 1849193
502 1849194
516 1849197
513 1849223
511 1849224
508 1849227
499 1849229
515 1849250
500 1849250
508 1849575
518 1849576
507 1849577
511 1849577
507 1849578
505 1849578
507 1849578
505 1849579
508 1849579
506 1849579
510 1849580
504 1849580
505 1849580
513 1849580
512 1849581
509 1849582
509 1849583
515 1849583
509 1849583
513 1849583
506 1849583
509 1849584
512 1849584
508 1849584
508 1849585
509 1849585
515 1849585
513 1849585
512 1849586
510 1849586
505 1849588
502 1849588
505 1849589
505 1849598
507 1849969
509 1849970
509 1849970
511 1849971
504 1849971
510 1849971
514 1849972
503 1849972
515 1849973
506 1849973
495 1849973
507 1849973
510 1849974
510 1849974
508 1849974
503 1849975
510 1849975
506 1849975
498 1849976
497 1849976
480 1849977
505 1849977
501 1849977
495 1849978
519 1849978
491 1849978
488 1849979
510 1849979
516 1849979
523 1849979
513 1849980
515 1849980
506 1849980
505 1849980
511 1849980
509 1849981
508 1849981
512 1849983
511 1849988
512 1850174
509 1850174
508 1850174
508 1850175
509 1850176
510 1850176
510 1850177
509 1850177
509 1850177
513 1850178
507 1850178
507 1850178
508 1850178
510 1850179
510 1850179
506 1850179
509 1850179
508 1850180
515 1850182
508 1850188
511 1850355
508 1850355
511 1850355
510 1850355
508 1850356
506 1850356
509 1850356
509 1850356
508 1850356
509 1850356
510 1850357
513 1850357
509 1850357
509 1850357
509 1850357
510 1850370
512 1850370
511 1850378
507 1850388
507 1850398
507 1850407
507 1850417
510 1850427
510 1850451
509 1850451
508 1850458
510 1850468
509 1850478
508 1850488
512 1850498
507 1850508
512 1850518
507 1850528
509 1850538
507 1850548
514 1850558
515 1850588
505 1850603
516 1850605
507 1850607
509 1850621
510 1850621
510 1850628
511 1850640
510 1850660
505 1850660
508 1850680
509 1850680
511 1850688
511 1850698
511 1850708
510 1850718
505 1850728
508 1850738
509 1850761
507 1850761
509 1850768
510 1850778
510 1850788
510 1850798
510 1850808
506 1850818
511 1850828
509 1850838
508 1850863
509 1850863
512 1850868
508 1850955
509 1850955
509 1850955
510 1850955
508 1850956
508 1850956
510 1850956
509 1850956
508 1850958
506 1850967
506 1853554
507 1853554
509 1853554
509 1853555
508 1853555
508 1853555
511 1853555
513 1853556
506 1853556
504 1853556
503 1853556
499 1853556
505 1853556
507 1853557
510 1853557
508 1853557
510 1853557
505 1853557
512 1853569
510 1853570
508 1853570
500 1853570
508 1853570
511 1853571
511 1853571
504 1853571
519 1853571
515 1853572
508 1853572
505 1853572
507 1853572
511 1853572
514 1853572
499 1853573
510 1853573
508 1853573
511 1853573
512 1853573
503 1853573
504 1853574
508 1853574
505 1853574
512 1853574
512 1853574
509 1853574
508 1853575
510 1853575
505 1853575
509 1853575
508 1853575
509 1853575
503 1853576
515 1853576
507 1853576
513 1853576
507 1853576
510 1853576
507 1853577
509 1853577
509 1853577
506 1853577
508 1853577
506 1853578
509 1853578
508 1853578
509 1853578
512 1853578
510 1853578
510 1853579
510 1853579
507 1853579
509 1853579
508 1853579
508 1853580
509 1853580
509 1853580
509 1853580
513 1853581
509 1853581
509 1853581
510 1853581
509 1853581
508 1853582
508 1853582
510 1853582
509 1853582
510 1853582
513 1853583
507 1853583
509 1853583
510 1853583
509 1853583
510 1853584
509 1853584
509 1853584
513 1853584
512 1853584
509 1853584
509 1853585
509 1853585
508 1853585
511 1853585
509 1853585
510 1853585
510 1853586
510 1853586
510 1853586
508 1853586
513 1853586
506 1853586
509 1853587
513 1853587
508 1853587
509 1853587
512 1853587
511 1853587
508 1853588
510 1853588
509 1853588
511 1853588
510 1853588
507 1853588
508 1853589
513 1853589
507 1853589
508 1853589
509 1853589
507 1853590
508 1853590
509 1853590
508 1853590
511 1853590
511 1853590
508 1853591
507 1853591
510 1853591
508 1853591
509 1853591
508 1853779
509 1853780
506 1853780
509 1853780
510 1853780
509 1853781
508 1853781
509 1853781
508 1853782
508 1853782
507 1853782
509 1853782
509 1853783
509 1853783
507 1853783
508 1853783
510 1853784
508 1853784
508 1853784
509 1853784
509 1853784
508 1853785
507 1853785
510 1853785
509 1853785
510 1853786
508 1853786
509 1853786
510 1853786
509 1853787
510 1853787
511 1853787
510 1853787
508 1853788
507 1853788
510 1853788
509 1853788
511 1853789
508 1853789
510 1853789
509 1853789
509 1853789
509 1853790
509 1853790
509 1853790
508 1853790
511 1853791
509 1853791
509 1853791
508 1853791
509 1853792
509 1853792
511 1853792
510 1853792
508 1853792
509 1853793
509 1853793
508 1853793
512 1853793
509 1853794
507 1853794
508 1853794
510 1853794
508 1853794
509 1853795
511 1853795
508 1853795
510 1853795
508 1853796
509 1853796
507 1853796
510 1853796
505 1853796
508 1853797
508 1853797
509 1853797
510 1853797
509 1853798
507 1853798
507 1853980
508 1853980
507 1853980
508 1853981
509 1853981
508 1853981
510 1853981
513 1853982
508 1853982
508 1853982
508 1853982
507 1853983
509 1853983
509 1853983
510 1853983
509 1853984
511 1853985
511 1853985
510 1853986
510 1853986
508 1853986
512 1853988
509 1853988
510 1853988
510 1853988
511 1853989
506 1853989
507 1853990
510 1853990
508 1853990
510 1853990
507 1853990
510 1853990
508 1853991
511 1853991
508 1853991
507 1853991
509 1853992
509 1853992
509 1853993
508 1853993
509 1853993
512 1853993
510 1853994
508 1853994
508 1853994
511 1853994
513 1853994
507 1853995
506 1853995
510 1853995
510 1853995
511 1853996
511 1853996
508 1853996
507 1853996
510 1853997
505 1853997
506 1853997
508 1853997
509 1853997
508 1853998
509 1853998
509 1853998
508 1853998
517 1853999
497 1853999
533 1853999
495 1853999
521 1853999
508 1854000
512 1854000
500 1854000
514 1854000
508 1854001
503 1854001
504 1854001
514 1854001
511 1854001
513 1854180
510 1854182
509 1854182
509 1854182
510 1854182
507 1854183
507 1854183
509 1854183
510 1854183
511 1854184
507 1854184
507 1854184
507 1854184
508 1854184
507 1854185
515 1854185
505 1854185
513 1854185
521 1854185
500 1854186
508 1854187
517 1854198
509 1854207
507 1854217
517 1854228
520 1854248
519 1854260
503 1854260
507 1854280
516 1854280
506 1854288
511 1854298
516 1854320
508 1854320
514 1854327
508 1854338
530 1854348
550 1854358
517 1854368
511 1854378
510 1854388
502 1854397
522 1854407
520 1854418
513 1854428
513 1854438
514 1854448
506 1854458
510 1854468
505 1854490
509 1854490
506 1854498
511 1854508
507 1854518
505 1854528
514 1854538
504 1854548
504 1854558
496 1854568
494 1854577
528 1854587
514 1854598
482 1854620
517 1854620
510 1854628
501 1854650
494 1854650
505 1854658
504 1854668
502 1854690
511 1854690
504 1854698
513 1854720
507 1854720
510 1854727
511 1854738
514 1854748
503 1854758
509 1854767
511 1854788
510 1854799
517 1854808
508 1854818
508 1854828
507 1854838
511 1854848
511 1854858
513 1854868
508 1854890
513 1854890
511 1854897
513 1854908
507 1854918
510 1854928
501 1854938
512 1854948
513 1854958
512 1854967
505 1854978
510 1855000
514 1855000
511 1855008
511 1855018
510 1855028
510 1855037
521 1855060
519 1855060
508 1855068
509 1855078
510 1855088
508 1855098
510 1855108
511 1855131
507 1855131
509 1855138
508 1855148
507 1855158
508 1855168
509 1855178
507 1855188
512 1855210
508 1855210
508 1855218
507 1855228
510 1855238
510 1855260
510 1855261
509 1855267
508 1855278
512 1855300
510 1855300
511 1855307
510 1855318
510 1855328
510 1855337
507 1855347
508 1855371
511 1855371
510 1855378
508 1855401
509 1855401
507 1855408
510 1855431
507 1855431
508 1855464
510 1855466
509 1855466
509 1855482
510 1855483
507 1855498
508 1855508
509 1855532
508 1855534
510 1855572
510 1855572
509 1855572
510 1855572
510 1855577
509 1855600
505 1855600
508 1855612
508 1855618
508 1855628
506 1855638
507 1855648
512 1855658
508 1855680
508 1855680
507 1855687
507 1855698
509 1855707
509 1855744
510 1855746
509 1855746
510 1855761
510 1855761
508 1855974
505 1855974
509 1855975
510 1855975
508 1855975
509 1855976
506 1855976
509 1855976
512 1855976
509 1855977
505 1855977
509 1855977
510 1855978
511 1855978
507 1855978
509 1855978
508 1855979
512 1855979
509 1855979
508 1855979
508 1855980
508 1856004
510 1856006
507 1856008
506 1856008
507 1856018
509 1856038
510 1856048
509 1856057
507 1856068
510 1856078
508 1856100
507 1856100
509 1856108
507 1856118
509 1856128
509 1856138
508 1856173
508 1856177
507 1856177
509 1856179
508 1856188
509 1856198
508 1856207
508 1856217
510 1856369
510 1856369
507 1856370
509 1856370
508 1856370
509 1856371
510 1856371
508 1856371
510 1856372
511 1856372
508 1856372
508 1856372
506 1856373
508 1856373
509 1856381
508 1856395
509 1856398
507 1856757
514 1856758
509 1856758
509 1856758
508 1856758
509 1856759
508 1856759
509 1856759
508 1856760
509 1856760
508 1856760
508 1856760
508 1856761
508 1856761
511 1856761
508 1856761
510 1856762
509 1856762
508 1856762
508 1856762
511 1856762
508 1856763
507 1856763
511 1856763
507 1856763
509 1856764
507 1856764
508 1856764
510 1856764
509 1856764
509 1856765
508 1856765
510 1856765
507 1856765
511 1856766
503 1856766
528 1856766
490 1856780
497 1856781
495 1856800
479 1856800
498 1856808
485 1856817
510 1856828
523 1856838
516 1856848
504 1856858
509 1856868
505 1856877
512 1856888
507 1856911
509 1856911
509 1856917
510 1856940
508 1856941
510 1856948
515 1856957
510 1856981
507 1856981
507 1856990
509 1857008
512 1857018
506 1857028
505 1857050
509 1857050
510 1857058
510 1857068
513 1857078
503 1857088
507 1857108
506 1857120
511 1857121
508 1857127
510 1857138
509 1857147
512 1857158
508 1857167
511 1857177
507 1857193
508 1857197
511 1857208
508 1857218
511 1857228
510 1857250
509 1857250
510 1857257
508 1857280
507 1857280
508 1857287
506 1857310
512 1857310
506 1857318
509 1857328
508 1857338
506 1857347
507 1857357
505 1857380
509 1857380
508 1857387
510 1857424
509 1857428
508 1857428
512 1857430
510 1857450
507 1857450
507 1857576
508 1857577
508 1857577
511 1857577
507 1857577
509 1857577
511 1857578
509 1857578
503 1857578
509 1857578
507 1857579
511 1857579
511 1857579
510 1857588
504 1857597
513 1857607
510 1857617
510 1857627
507 1857638
510 1857647
509 1857657
508 1857680
506 1857680
507 1857687
509 1857698
508 1857720
507 1857721
507 1857728
510 1857747
509 1857758
509 1857768
511 1857778
509 1857791
508 1857797
511 1857970
509 1857970
507 1857971
508 1857972
508 1857972
510 1857973
509 1857973
507 1857973
509 1857974
508 1857974
509 1857974
508 1857974
509 1857975
509 1857975
510 1857975
509 1857975
509 1858009
506 1858009
512 1858011
510 1858011
509 1858014
509 1858016
507 1858028
509 1858370
509 1858370
507 1858371
509 1858371
510 1858371
509 1858372
510 1858372
508 1858372
509 1858373
509 1858373
508 1858373
508 1858373
508 1858373
510 1858374
509 1858374
507 1858374
509 1858374
511 1858375
508 1858375
510 1858375
509 1858376
508 1858376
511 1858376
510 1858377
509 1858377
507 1858377
507 1858377
507 1858377
508 1858378
509 1858378
508 1858378
509 1858383
510 1858383
508 1858388
507 1858388
510 1858398
510 1858421
508 1858421
509 1858428
510 1858450
510 1858450
510 1858458
510 1858468
507 1858478
508 1858487
508 1858497
507 1858519
509 1858533
508 1858533
510 1858538
510 1858548
509 1858558
506 1858567
507 1858579
509 1858588
507 1858598
509 1858633
509 1858633
510 1858766
512 1858766
508 1858766
507 1858766
509 1858767
509 1858767
509 1858767
509 1858767
509 1858767
510 1858767
512 1858768
511 1858768
507 1858768
507 1858768
509 1858770
511 1858792
509 1859168
510 1859169
507 1859169
511 1859170
511 1859170
508 1859170
507 1859171
509 1859171
512 1859171
508 1859172
509 1859172
505 1859172
509 1859172
509 1859173
509 1859173
507 1859173
510 1859173
510 1859174
509 1859174
508 1859174
509 1859174
508 1859175
510 1859175
507 1859175
508 1859175
510 1859176
508 1859176
509 1859176
508 1859176
510 1859176
507 1859177
509 1859177
508 1859177
506 1859177
506 1859177
507 1859178
509 1859178
508 1859178
510 1859180
510 1859182
510 1859200
510 1859200
508 1859208
509 1859282
510 1859282
510 1859285
510 1859285
509 1859287
510 1859287
512 1859300
509 1859300
507 1859320
506 1859320
508 1859340
508 1859340
509 1859347
510 1859371
509 1859371
510 1859378
511 1859388
508 1859411
510 1859411
510 1859418
507 1859440
511 1859440
509 1859460
509 1859460
510 1859480
510 1859480
509 1859488
509 1859498
510 1859512
509 1859518
511 1859554
511 1859554
508 1859554
509 1859570
510 1859570
509 1859577
508 1859600
508 1859600
509 1859630
508 1859644
511 1859644
508 1859649
508 1859649
509 1859658
509 1859668
510 1859714
509 1859716
508 1859716
508 1859963
507 1859964
510 1859964
509 1859964
511 1859965
507 1859965
508 1859965
508 1859966
510 1859966
510 1859967
508 1859967
511 1859967
511 1859967
511 1859968
511 1859968
509 1859968
509 1859968
508 1859969
508 1859969
508 1859969
509 1859969
509 1859969
511 1859970
509 1859970
508 1859972
506 1859972
509 1859990
510 1859990
508 1860169
509 1860169
510 1860170
509 1860170
509 1860171
510 1860171
507 1860171
507 1860172
509 1860172
508 1860172
509 1860173
509 1860173
510 1860173
511 1860173
509 1860174
508 1860174
509 1860174
508 1860176
511 1860178
508 1860374
509 1860374
509 1860374
508 1860375
508 1860375
509 1860375
507 1860376
509 1860376
509 1860376
508 1860376
510 1860377
510 1860377
511 1860377
509 1860377
506 1860378
507 1860378
508 1860378
509 1860378
511 1860393
509 1860395
512 1860395
511 1860564
509 1860565
509 1860565
507 1860566
511 1860566
508 1860566
510 1860567
508 1860567
508 1860567
512 1860567
509 1860568
507 1860568
509 1860568
509 1860568
507 1860569
508 1860569
510 1860569
508 1860590
508 1860590
509 1860610
509 1860610
508 1860618
509 1860757
507 1860757
510 1860757
510 1860758
507 1860758
510 1860758
510 1860758
508 1860759
507 1860760
508 1860760
510 1860760
508 1860760
509 1860761
511 1860761
507 1860767
508 1860777
508 1860800
506 1860800
508 1860820
508 1860820
507 1860853
510 1860857
508 1860857
510 1860859
509 1860894
510 1861352
506 1861352
508 1861352
509 1861353
514 1861353
512 1861353
513 1861353
510 1861353
510 1861353
523 1861354
508 1861354
507 1861354
507 1861354
508 1861354
508 1861354
508 1861355
508 1861355
511 1861355
509 1861355
509 1861355
508 1861355
509 1861356
509 1861356
509 1861356
508 1861356
507 1861356
510 1861356
508 1861357
508 1861357
507 1861357
509 1861357
509 1861357
509 1861357
509 1861358
509 1861358
509 1861358
509 1861358
509 1861358
507 1861358
509 1861359
508 1861359
508 1861359
508 1861359
508 1861359
509 1861359
510 1861361
508 1861361
506 1861361
508 1861363
510 1861368
510 1861567
508 1861568
508 1861568
510 1861568
511 1861569
508 1861569
509 1861570
507 1861570
508 1861571
509 1861571
510 1861571
510 1861572
510 1861572
510 1861572
511 1861572
507 1861573
508 1861573
509 1861573
509 1861593
509 1861593
511 1861598
506 1861598
511 1861608
509 1861631
506 1861632
507 1861638
508 1861661
509 1861661
508 1861680
506 1861680
509 1861713
509 1861713
509 1861716
508 1861730
507 1861730
508 1861774
507 1861774
509 1861777
511 1861809
507 1861809
508 1861811
511 1861811
508 1861813
509 1861818
511 1861964
509 1861964
508 1861964
510 1861964
506 1861965
509 1861965
509 1861965
508 1861965
508 1861965
506 1861966
508 1861966
510 1861966
510 1861966
509 1862008
506 1862008
512 1862010
508 1862010
507 1862010
508 1862022
507 1862026
507 1862163
508 1862164
510 1862164
510 1862164
512 1862165
508 1862165
506 1862166
508 1862166
510 1862166
510 1862166
510 1862167
509 1862179
511 1862181
514 1862193
509 1862195
509 1862195
507 1862237
509 1862238
510 1862240
511 1862240
510 1862263
510 1862263
510 1862265
512 1862573
507 1862573
509 1862574
509 1862574
509 1862574
509 1862575
511 1862575
508 1862575
511 1862576
509 1862576
509 1862576
507 1862576
509 1862577
510 1862577
510 1862577
510 1862577
508 1862578
511 1862578
509 1862578
508 1862578
507 1862579
508 1862579
509 1862579
508 1862579
510 1862580
509 1862580
509 1862580
508 1862580
508 1862580
508 1862580
509 1862609
507 1862609
505 1862609
509 1862612
509 1862612
509 1862764
512 1862764
508 1862764
509 1862765
508 1862765
509 1862765
507 1862765
510 1862766
507 1862766
508 1862767
509 1862767
509 1862768
508 1862768
508 1862773
509 1862773
510 1862775
509 1862969
508 1862969
510 1862970
512 1862970
511 1862970
508 1862970
508 1862971
510 1862971
509 1862971
509 1862972
509 1862972
508 1862973
511 1862973
510 1862973
509 1862973
510 1862973
509 1862974
509 1862974
511 1862976
509 1862978
507 1863001
510 1863001
511 1863020
509 1863020
510 1863040
510 1863040
508 1863047
511 1863058
508 1863067
509 1863077
509 1863087
509 1863124
508 1863128
508 1863128
508 1863130
509 1863365
511 1863366
509 1863366
507 1863367
509 1863367
509 1863367
511 1863368
508 1863368
508 1863368
506 1863368
509 1863369
509 1863369
510 1863369
511 1863369
512 1863370
508 1863370
506 1863370
509 1863370
510 1863371
508 1863371
509 1863371
506 1863372
507 1863372
512 1863374
508 1863419
509 1863419
508 1863420
512 1863422
509 1863422
509 1863440
508 1863440
511 1863447
511 1863485
511 1863487
508 1863489
509 1863489
509 1863537
508 1863538
509 1863540
507 1863540
511 1863750
507 1863750
512 1863750
509 1863751
508 1863751
508 1863751
509 1863751
509 1863751
508 1863752
508 1863752
509 1863752
509 1863752
510 1863752
509 1863752
508 1863753
511 1863753
509 1863753
508 1863753
509 1863753
507 1863753
509 1863760
509 1863760
507 1863780
510 1863780
508 1863788
509 1863798
510 1863808
510 1863817
510 1863966
512 1863967
509 1863967
507 1863967
507 1863968
511 1863968
508 1863969
511 1863969
506 1863969
509 1863969
511 1863969
510 1863970
507 1863970
509 1863972
511 1863972
511 1863990
511 1863990
508 1865168
509 1865168
515 1865168
497 1865169
512 1865169
505 1865169
498 1865169
504 1865169
508 1865169
510 1865170
508 1865170
511 1865170
509 1865170
507 1865170
510 1865171
507 1865171
509 1865171
510 1865171
510 1865171
512 1865171
511 1865172
509 1865172
506 1865172
504 1865172
509 1865172
507 1865172
509 1865173
510 1865173
510 1865173
507 1865173
506 1865174
512 1865174
507 1865174
505 1865174
508 1865175
504 1865175
510 1865175
515 1865176
510 1865176
517 1865177
505 1865177
505 1865177
508 1865177
509 1865178
508 1865178
508 1865178
509 1865178
510 1865178
511 1865179
508 1865179
510 1865179
508 1865179
507 1865180
507 1865180
508 1865180
505 1865181
523 1865181
502 1865181
522 1865181
491 1865181
503 1865182
515 1865182
516 1865182
516 1865182
505 1865182
506 1865183
510 1865183
511 1865183
506 1865183
509 1865183
509 1865184
506 1865184
511 1865184
510 1865184
510 1865185
509 1865185
510 1865185
508 1865185
506 1865195
503 1865195
504 1865195
510 1865195
506 1865196
511 1865196
512 1865196
513 1865196
509 1865197
507 1865197
507 1865197
511 1865197
510 1865198
505 1865198
510 1865198
509 1865198
508 1865198
508 1865199
508 1865199
506 1865199
505 1865199
512 1865200
510 1865200
505 1865200
510 1865200
506 1865201
511 1865201
510 1865201
519 1865202
503 1865202
514 1865202
515 1865202
508 1865202
516 1865203
510 1865203
516 1865205
506 1865205
505 1865205
511 1865205
500 1865206
493 1865206
514 1865220
507 1865220
493 1865363
512 1865363
498 1865363
515 1865364
496 1865364
509 1865364
516 1865365
513 1865365
501 1865366
506 1865366
505 1865366
510 1865366
510 1865387
513 1865387
506 1865388
511 1865390
509 1865750
508 1865750
509 1865751
511 1865751
511 1865751
507 1865752
508 1865752
507 1865752
509 1865753
509 1865753
511 1865753
509 1865754
509 1865754
509 1865754
508 1865755
505 1865755
509 1865756
510 1865756
508 1865756
507 1865757
508 1865757
510 1865757
508 1865758
507 1865758
508 1865758
508 1865758
509 1865759
510 1865759
509 1865759
510 1865759
510 1865760
509 1865760
509 1865760
509 1865760
509 1865761
508 1865761
508 1865761
510 1865764
509 1865766
509 1865777
508 1865787
510 1865797
508 1865808
511 1865818
508 1865828
507 1865838
508 1865848
507 1865858
512 1865878
511 1865890
508 1865890
507 1865908
508 1865964
507 1865965
514 1865965
508 1865965
508 1865965
510 1865968
511 1865977
509 1866169
508 1866169
510 1866170
508 1866170
509 1866171
509 1866171
509 1866171
508 1866172
511 1866172
508 1866172
511 1866172
510 1866173
505 1866173
508 1866173
509 1866173
506 1866174
510 1866174
511 1866174
510 1866175
508 1866177
509 1866188
508 1866349
508 1866349
508 1866350
507 1866350
510 1866350
512 1866350
509 1866350
507 1866351
508 1866351
507 1866351
509 1866351
510 1866352
508 1866352
507 1866352
509 1866352
507 1866353
509 1866370
506 1866370
509 1866377
506 1866387
510 1866397
511 1866407
509 1866417
511 1866427
510 1866437
509 1866447
507 1866470
508 1866470
509 1866478
510 1866488
509 1866498
509 1866508
509 1866518
511 1866528
509 1866538
507 1866547
509 1866557
508 1866771
507 1866771
511 1866772
512 1866772
513 1866772
511 1866773
511 1866773
506 1866773
509 1866774
509 1866774
510 1866774
514 1866775
509 1866775
509 1866775
510 1866775
509 1866775
506 1866776
508 1866776
510 1866776
510 1866776
508 1866779
511 1866787
508 1867373
509 1867373
510 1867374
509 1867374
510 1867374
511 1867375
510 1867375
508 1867375
509 1867376
509 1867376
510 1867376
509 1867377
507 1867377
510 1867377
509 1867378
507 1867378
508 1867378
507 1867378
508 1867379
508 1867379
510 1867379
504 1867380
505 1867380
510 1867380
504 1867380
510 1867381
508 1867381
509 1867381
510 1867381
509 1867382
508 1867382
506 1867382
508 1867382
507 1867383
509 1867383
509 1867383
507 1867383
510 1867384
511 1867384
508 1867384
507 1867384
509 1867384
505 1867385
499 1867385
504 1867385
509 1867385
514 1867385
514 1867386
503 1867386
505 1867386
503 1867386
498 1867386
506 1867387
512 1867387
509 1867387
511 1867387
506 1867387
510 1867388
506 1867389
510 1867397
509 1867767
509 1867767
511 1867768
508 1867768
509 1867768
508 1867769
507 1867769
507 1867769
507 1867770
508 1867770
510 1867770
507 1867770
511 1867771
509 1867771
511 1867771
519 1867772
506 1867772
503 1867772
509 1867772
500 1867773
508 1867773
498 1867773
508 1867773
511 1867774
506 1867774
511 1867774
510 1867774
510 1867774
509 1867775
505 1867775
507 1867775
514 1867775
504 1867776
528 1867776
497 1867776
509 1867776
507 1867778
513 1867790
517 1867790
514 1868161
508 1868162
500 1868162
513 1868162
513 1868162
510 1868163
510 1868163
506 1868164
507 1868164
506 1868165
510 1868165
508 1868165
512 1868165
508 1868166
508 1868166
509 1868166
510 1868167
503 1868167
505 1868167
515 1868168
519 1868168
501 1868168
508 1868168
504 1868169
521 1868169
504 1868169
506 1868169
508 1868169
509 1868170
511 1868170
510 1868170
509 1868170
509 1868171
507 1868171
511 1868172
507 1868172
508 1868174
509 1868176
513 1868187
511 1868210
507 1868211
508 1868218
508 1868228
511 1868250
510 1868251
507 1868257
507 1868267
510 1868277
508 1868287
507 1868310
515 1868310
507 1868317
510 1868328
514 1868337
513 1868368
503 1868382
508 1868387
513 1868387
512 1868389
508 1868770
510 1868770
511 1868770
508 1868771
508 1868771
509 1868771
508 1868772
504 1868772
513 1868772
509 1868773
508 1868773
507 1868773
511 1868773
507 1868774
510 1868774
509 1868774
508 1868774
510 1868775
510 1868775
508 1868775
509 1868775
509 1868776
507 1868776
508 1868776
510 1868776
511 1868777
507 1868777
510 1868777
506 1868778
508 1868778
506 1868778
509 1868779
509 1868779
509 1868779
507 1868780
509 1868780
509 1868780
509 1868781
507 1868783
510 1868787
508 1869163
510 1869164
510 1869164
509 1869164
509 1869165
511 1869165
508 1869165
507 1869166
508 1869166
509 1869166
507 1869167
509 1869167
509 1869167
508 1869167
510 1869168
509 1869168
508 1869168
507 1869169
508 1869169
507 1869169
509 1869169
508 1869170
509 1869170
511 1869170
509 1869170
508 1869170
510 1869170
510 1869171
508 1869171
517 1869171
510 1869171
509 1869171
511 1869171
511 1869172
509 1869172
510 1869172
510 1869180
509 1869180
507 1869188
507 1869198
509 1869207
511 1869217
510 1869228
508 1869237
510 1869247
510 1869257
506 1869267
508 1869277
509 1869287
509 1869298
508 1869320
510 1869320
509 1869328
510 1869338
507 1869348
506 1869357
507 1869367
510 1869442
512 1869442
508 1869444
511 1869446
508 1869446
508 1869448
507 1869548
506 1869548
508 1869548
508 1869549
511 1869549
510 1869549
512 1869549
508 1869549
508 1869550
509 1869550
507 1869560
511 1869562
508 1869570
509 1869578
509 1869588
511 1869598
507 1869608
508 1869630
507 1869630
509 1869650
509 1869650
509 1869657
510 1869667
510 1869677
508 1869700
509 1869700
507 1869733
508 1869737
510 1869737
509 1869740
509 1869747
510 1869971
508 1869971
509 1869971
510 1869972
509 1869972
507 1869972
508 1869973
507 1869973
510 1869973
510 1869974
508 1869974
510 1869974
508 1869974
509 1869975
507 1869975
509 1869975
507 1869975
509 1869976
510 1869976
509 1869976
509 1869976
509 1870009
507 1870009
507 1870010
507 1870012
508 1870012
508 1870161
509 1870161
507 1870162
509 1870162
511 1870162
508 1870163
507 1870163
507 1870163
509 1870164
509 1870164
510 1870164
508 1870165
509 1870165
510 1870165
514 1870167
494 1870190
478 1870190
527 1870366
499 1870367
526 1870367
509 1870367
522 1870368
522 1870368
520 1870368
494 1870369
509 1870369
505 1870370
512 1870370
514 1870370
510 1870371
510 1870371
510 1870371
511 1870371
509 1870373
506 1870373
509 1870377
511 1870587
509 1870587
509 1870587
505 1870587
509 1870588
509 1870588
508 1870588
506 1870595
511 1870595
509 1870596
513 1870596
514 1870596
512 1870596
506 1870596
507 1870596
510 1870597
508 1870598
509 1870598
509 1870598
508 1870599
510 1870600
509 1870600
507 1870607
514 1870629
506 1870629
506 1870650
508 1870650
507 1870657
507 1870667
509 1870677
509 1870687
512 1870708
503 1870734
508 1870737
513 1870738
507 1870739
505 1870756
512 1870770
507 1870770
509 1870790
511 1870790
511 1870810
508 1870810
506 1870817
508 1870827
508 1870837
508 1870847
506 1870857
508 1870879
507 1870880
510 1870887
512 1870897
505 1870907
507 1870917
508 1870932
511 1870950
507 1870950
508 1870970
508 1870970
507 1870977
510 1870987
510 1870997
509 1871020
507 1871020
510 1871040
509 1871040
510 1871047
510 1871057
510 1871067
511 1871087
504 1871097
507 1871107
509 1871360
508 1871360
508 1871361
510 1871361
509 1871362
510 1871362
511 1871362
509 1871363
508 1871363
507 1871363
507 1871363
509 1871364
509 1871364
509 1871364
508 1871364
507 1871365
512 1871365
509 1871365
510 1871365
507 1871365
507 1871366
508 1871366
507 1871366
511 1871366
514 1871366
506 1871369
508 1871390
507 1871390
509 1871565
507 1871565
511 1871565
509 1871566
509 1871566
509 1871566
508 1871575
509 1871576
507 1871576
509 1871576
507 1871576
508 1871576
506 1871577
508 1871577
507 1871577
509 1871577
507 1871584
508 1871586
509 1871588
510 1871588
508 1871597
508 1871620
507 1871620
510 1871653
511 1871655
511 1871655
508 1871969
509 1871969
508 1871970
509 1871970
510 1871971
510 1871971
510 1871971
511 1871972
511 1871972
506 1871972
509 1871972
511 1871973
510 1871973
511 1871973
511 1871973
509 1871974
510 1871974
508 1871974
507 1871974
507 1871975
508 1871975
509 1871975
509 1871975
508 1871976
509 1871976
509 1871976
508 1871976
506 1871977
509 1871977
508 1871999
511 1871999
508 1872002
508 1872002
509 1872003
510 1872148
509 1872148
506 1872149
507 1872149
508 1872149
507 1872150
508 1872150
510 1872150
509 1872151
509 1872151
510 1872151
508 1872151
507 1872152
511 1872152
509 1872154
507 1872156
508 1872362
510 1872363
509 1872363
510 1872364
510 1872364
508 1872364
511 1872365
506 1872365
508 1872365
508 1872366
510 1872366
508 1872366
511 1872366
504 1872367
507 1872367
509 1872367
507 1872368
509 1872368
509 1872368
509 1872368
511 1872371
512 1872390
511 1872390
507 1872746
508 1872747
509 1872747
508 1872747
506 1872747
508 1872748
509 1872748
507 1872748
509 1872748
508 1872748
509 1872748
508 1872749
508 1872749
509 1872749
507 1872749
509 1872749
511 1872749
508 1872750
509 1872750
509 1872750
509 1872750
509 1872750
508 1872750
507 1872750
508 1872751
511 1872751
509 1872751
511 1872751
509 1872751
507 1872751
509 1872752
510 1872752
510 1872752
511 1872752
509 1872760
509 1872760
508 1872780
509 1872780
509 1872799
507 1872799
509 1872807
509 1872817
510 1872827
510 1872876
508 1872876
507 1872878
506 1872878
507 1872888
509 1872891
510 1872897
508 1873146
509 1873146
509 1873146
510 1873147
509 1873147
506 1873147
508 1873147
508 1873147
508 1873147
507 1873148
507 1873148
510 1873148
513 1873148
510 1873148
509 1873148
507 1873149
508 1873149
508 1873149
508 1873149
508 1873149
510 1873149
512 1873150
509 1873150
507 1873160
507 1873160
508 1873182
511 1873182
508 1873361
507 1873361
508 1873362
509 1873362
508 1873363
510 1873363
510 1873363
508 1873363
508 1873364
510 1873364
509 1873364
511 1873364
510 1873365
510 1873365
508 1873365
509 1873366
509 1873366
509 1873366
509 1873408
509 1873408
510 1873410
508 1873410
510 1873412
510 1873418
510 1873428
508 1873450
510 1873450
508 1873469
510 1873469
509 1873477
512 1873499
508 1873499
509 1873519
507 1873519
507 1873540
506 1873540
511 1873548
511 1873558
510 1873568
510 1873593
511 1873594
510 1873609
505 1873620
508 1873620
508 1873628
509 1874167
509 1874174
510 1874174
509 1874175
505 1874175
507 1874175
509 1874176
510 1874176
510 1874176
509 1874176
508 1874177
509 1874177
508 1874177
508 1874178
510 1874178
508 1874178
506 1874178
512 1874178
509 1874179
507 1874179
507 1874179
508 1874179
507 1874179
509 1874180
509 1874180
506 1874180
509 1874181
509 1874182
509 1874182
507 1874182
509 1874182
509 1874182
509 1874182
507 1874183
505 1874183
508 1874183
508 1874183
506 1874183
511 1874183
510 1874184
508 1874184
511 1874184
509 1874184
509 1874184
506 1874185
510 1874185
510 1874185
512 1874185
508 1874185
512 1874185
511 1874185
510 1874188
508 1874188
508 1874188
508 1874190
508 1874209
509 1874209
509 1874217
509 1874268
511 1874268
509 1874269
508 1874271
510 1874280
510 1874281
508 1874567
511 1874567
510 1874568
510 1874568
510 1874568
510 1874569
507 1874569
508 1874569
510 1874570
509 1874570
508 1874570
510 1874570
509 1874571
510 1874571
509 1874571
508 1874571
508 1874572
511 1874572
506 1874572
508 1874572
507 1874572
507 1874573
508 1874573
509 1874573
509 1874573
507 1874573
512 1874574
506 1874574
509 1874574
509 1874578
509 1874588
511 1874610
511 1874610
508 1874618
508 1874652
509 1874652
509 1874654
510 1874768
506 1874768
511 1874768
508 1874769
510 1874769
510 1874769
507 1874769
507 1874769
509 1874769
509 1874770
509 1874822
509 1874822
510 1874824
512 1874826
509 1874826
508 1874828
510 1874881
507 1874881
508 1874884
508 1874884
508 1874886
508 1874886
509 1874911
509 1874911
508 1875167
508 1875167
511 1875168
508 1875168
509 1875168
508 1875170
509 1875170
508 1875171
511 1875171
510 1875171
508 1875172
514 1875172
511 1875172
512 1875172
504 1875173
512 1875173
512 1875173
512 1875173
506 1875174
507 1875174
508 1875174
508 1875174
509 1875175
509 1875175
507 1875175
511 1875175
509 1875179
507 1875179
510 1875187
508 1875245
507 1875253
506 1875256
509 1875258
508 1875258
508 1875260
510 1875260
508 1875347
509 1875347
508 1875347
509 1875348
509 1875348
512 1875348
509 1875348
510 1875349
510 1875349
510 1875378
511 1875560
509 1875560
509 1875561
509 1875561
510 1875561
509 1875562
507 1875562
510 1875562
509 1875563
508 1875563
510 1875563
509 1875564
508 1875564
508 1875564
508 1875564
509 1875565
509 1875565
511 1875565
507 1875565
509 1875580
508 1875580
509 1875600
508 1875600
508 1875607
507 1875617
509 1875627
509 1875638
507 1875647
508 1875682
510 1875684
508 1875690
508 1875690
508 1875761
508 1875761
510 1875761
511 1875762
510 1875762
509 1875762
510 1875763
511 1875767
510 1875967
510 1875967
509 1875968
510 1875968
511 1875968
508 1875969
507 1875969
508 1875971
507 1875971
508 1875971
508 1875972
510 1875972
509 1875972
512 1875972
510 1875973
509 1875973
507 1875973
509 1875975
509 1875975
509 1875977
505 1875987
508 1876023
510 1876025
508 1876025
509 1876345
507 1876345
509 1876346
510 1876346
510 1876346
508 1876346
508 1876346
509 1876347
509 1876347
506 1876347
509 1876347
510 1876348
511 1876348
509 1876348
510 1876348
507 1876348
509 1876349
508 1876349
507 1876349
508 1876349
510 1876350
509 1876350
509 1876350
508 1876350
511 1876351
509 1876351
511 1876351
506 1876351
508 1876351
510 1876352
508 1876352
508 1876354
509 1876354
508 1876358
510 1876766
512 1876766
508 1876766
509 1876767
509 1876767
506 1876767
509 1876768
508 1876768
509 1876768
509 1876769
506 1876769
510 1876769
508 1876769
507 1876770
507 1876770
508 1876770
509 1876770
510 1876771
508 1876772
510 1876772
508 1876772
509 1876772
508 1876773
509 1876773
509 1876773
511 1876773
510 1876773
508 1876773
510 1876774
510 1876774
508 1876774
509 1876774
509 1876775
509 1876775
508 1876775
510 1876775
509 1876775
508 1876776
510 1876776
508 1876776
509 1876776
509 1876803
511 1876807
508 1876807
508 1876809
510 1876830
510 1876843
510 1877160
509 1877160
507 1877160
510 1877161
510 1877161
510 1877161
510 1877162
509 1877162
510 1877162
510 1877163
510 1877163
507 1877163
510 1877164
509 1877164
509 1877164
509 1877164
509 1877165
508 1877165
511 1877165
510 1877165
509 1877166
508 1877166
510 1877166
509 1877166
507 1877167
508 1877167
509 1877167
514 1877167
509 1877167
508 1877167
507 1877168
509 1877168
508 1877170
511 1877177
509 1877365
510 1877365
509 1877366
510 1877366
508 1877367
509 1877367
511 1877367
509 1877368
508 1877368
508 1877368
510 1877369
509 1877369
510 1877369
508 1877369
507 1877370
512 1877370
510 1877370
509 1877370
509 1877393
509 1877395
508 1877395
510 1877545
509 1877546
508 1877546
510 1877546
509 1877547
508 1877547
508 1877547
508 1877547
511 1877547
508 1877547
508 1877548
507 1877548
508 1877548
506 1877548
509 1877573
508 1877574
511 1877576
509 1877590
512 1877590
509 1877609
510 1877610
509 1877617
499 1877639
516 1877639
503 1877703
505 1877707
506 1877707
511 1877709
506 1877709
508 1877709
511 1877712
507 1877712
509 1878163
510 1878164
507 1878164
510 1878165
510 1878165
507 1878165
509 1878165
510 1878166
510 1878166
506 1878166
509 1878167
510 1878167
505 1878167
512 1878168
507 1878168
507 1878168
510 1878168
505 1878169
505 1878169
508 1878169
511 1878170
510 1878171
512 1878171
512 1878171
508 1878172
509 1878172
511 1878172
507 1878172
508 1878172
508 1878173
509 1878173
508 1878173
510 1878173
509 1878174
505 1878174
507 1878175
509 1878175
509 1878175
508 1878175
509 1878176
512 1878176
508 1878177
509 1878177
509 1878179
497 1878179
503 1878190
513 1878207
506 1878209
504 1878210
510 1878217
503 1878240
509 1878240
516 1878260
507 1878260
511 1878267
508 1878277
507 1878556
508 1878556
510 1878557
512 1878557
510 1878557
507 1878558
509 1878558
511 1878558
507 1878559
508 1878559
511 1878559
512 1878560
508 1878560
510 1878560
515 1878561
505 1878561
507 1878561
512 1878561
506 1878562
508 1878562
508 1878562
508 1878562
512 1878563
509 1878563
508 1878563
508 1878563
507 1878564
508 1878567
511 1878577
508 1878587
505 1878597
512 1878607
514 1878617
504 1878627
517 1878638
504 1878647
508 1878657
508 1878667
504 1878677
498 1878687
516 1878697
508 1878707
509 1878717
509 1878727
510 1878737
510 1878759
510 1878760
506 1878767
516 1878778
514 1878788
529 1878797
516 1878966
523 1878967
532 1878967
493 1878968
514 1878968
511 1878969
526 1878969
502 1878969
502 1878970
497 1878970
503 1878970
506 1878970
508 1878971
511 1878971
506 1878971
510 1878971
509 1878980
506 1878980
506 1878987
506 1878997
509 1879007
509 1879017
510 1879027
509 1879050
507 1879050
510 1879070
508 1879070
508 1879078
510 1879087
510 1879097
508 1879108
507 1879118
509 1879140
511 1879140
508 1879147
511 1879157
507 1879167
505 1879180
508 1879187
509 1879365
509 1879366
509 1879366
511 1879367
509 1879367
507 1879368
508 1879368
505 1879368
508 1879369
508 1879369
510 1879369
508 1879370
508 1879370
510 1879371
511 1879371
508 1879371
505 1879373
507 1879377
508 1879545
509 1879545
508 1879545
510 1879546
509 1879546
513 1879546
511 1879547
509 1879547
507 1879547
510 1879548
510 1879548
508 1879548
507 1879549
509 1879549
509 1879549
509 1879550
508 1879552
510 1879557
510 1879759
509 1879759
508 1879760
507 1879760
509 1879760
508 1879761
509 1879761
508 1879761
507 1879762
509 1879762
511 1879762
501 1879762
509 1879763
504 1879763
508 1879763
510 1879763
510 1879764
509 1879764
509 1879764
507 1879764
510 1879781
513 1879781
504 1879800
508 1879800
510 1879820
510 1879820
509 1879840
510 1879840
505 1879847
509 1879857
509 1879867
511 1879877
510 1879887
511 1879897
508 1879907
509 1879965
509 1879966
506 1879966
507 1879966
510 1879966
509 1879969
509 1879977
509 1880145
508 1880145
509 1880146
508 1880146
510 1880146
508 1880147
509 1880147
509 1880147
506 1880147
510 1880148
507 1880148
511 1880148
508 1880148
509 1880149
508 1880149
509 1880151
510 1880157
508 1881525
509 1881525
508 1881525
508 1881526
507 1881526
510 1881526
508 1881526
507 1881527
510 1881527
510 1881527
512 1881527
509 1881528
507 1881528
507 1881528
511 1881528
509 1881529
508 1881529
510 1881529
507 1881529
508 1881530
511 1881530
509 1881530
504 1881530
507 1881531
509 1881531
510 1881531
507 1881531
510 1881531
509 1881532
511 1881532
507 1881532
509 1881532
509 1881532
509 1881533
509 1881533
508 1881533
511 1881533
511 1881533
512 1881533
509 1881534
509 1881534
508 1881534
509 1881534
508 1881534
508 1881535
508 1881535
508 1881535
510 1881535
509 1881535
508 1881535
509 1881536
508 1881536
507 1881536
508 1881536
507 1881536
510 1881537
511 1881537
510 1881537
507 1881537
508 1881537
509 1881538
510 1881538
509 1881538
505 1881538
508 1881538
503 1881539
516 1881539
513 1881539
516 1881539
509 1881539
503 1881539
509 1881540
509 1881540
510 1881540
508 1881540
509 1881540
507 1881541
509 1881541
508 1881548
506 1881548
507 1881548
510 1881548
510 1881549
508 1881549
512 1881549
504 1881549
510 1881550
508 1881550
508 1881550
510 1881551
509 1881551
511 1881551
509 1881551
515 1881551
512 1881552
520 1881552
491 1881552
499 1881552
501 1881553
499 1881553
492 1881553
514 1881553
518 1881553
510 1881554
506 1881554
499 1881554
506 1881555
508 1881555
504 1881555
505 1881555
507 1881555
508 1881556
510 1881556
509 1881556
510 1881556
511 1881557
509 1881557
508 1881557
508 1881557
511 1881558
508 1881558
512 1881558
504 1881559
509 1881559
507 1881559
511 1881559
514 1881560
511 1881560
512 1881560
509 1881560
509 1881560
508 1881561
509 1881561
509 1881561
507 1881563
509 1881564
510 1881572
510 1882525
508 1882526
510 1882527
508 1882527
498 1882527
500 1882527
514 1882528
508 1882528
509 1882528
511 1882528
506 1882529
509 1882529
511 1882529
513 1882529
502 1882529
507 1882530
504 1882530
510 1882530
506 1882530
509 1882531
509 1882531
513 1882531
506 1882531
509 1882531
512 1882532
503 1882532
508 1882532
516 1882532
514 1882532
514 1882532
514 1882533
514 1882533
515 1882533
507 1882533
505 1882533
510 1882533
508 1882534
506 1882534
516 1882534
509 1882534
514 1882534
511 1882534
510 1882535
514 1882535
508 1882535
510 1882535
517 1882535
506 1882535
513 1882536
507 1882536
516 1882536
500 1882536
507 1882536
513 1882537
515 1882537
526 1882537
507 1882537
508 1882537
517 1882537
496 1882538
518 1882538
511 1882538
510 1882538
512 1882539
508 1882539
513 1882539
512 1882539
507 1882539
504 1882539
509 1882540
510 1882540
507 1882540
503 1882540
509 1882540
508 1882540
507 1882541
504 1882541
501 1882541
508 1882541
518 1882541
520 1882541
522 1882542
505 1882542
520 1882542
515 1882542
523 1882543
509 1882543
504 1882543
502 1882543
509 1882543
513 1882729
507 1882731
506 1882732
503 1882732
508 1882732
514 1882733
504 1882735
514 1882735
502 1882736
516 1882737
512 1882737
510 1882737
506 1882737
510 1882738
506 1882738
513 1882738
513 1882738
505 1882738
510 1882739
512 1882739
505 1882739
512 1882739
512 1882739
510 1882740
505 1882740
508 1882740
509 1882740
510 1882742
508 1882747
506 1882757
512 1882768
521 1882778
503 1882788
513 1882797
507 1882807
508 1882817
511 1882827
506 1882837
504 1882848
502 1882857
509 1882868
505 1882878
505 1882888
507 1882897
510 1883434
509 1883434
504 1883434
512 1883435
509 1883435
509 1883435
510 1883435
508 1883435
508 1883435
514 1883436
508 1883436
508 1883436
510 1883436
505 1883436
511 1883436
511 1883437
506 1883437
506 1883437
511 1883437
509 1883437
503 1883437
507 1883437
511 1883438
508 1883438
509 1883438
506 1883438
508 1883438
509 1883438
509 1883439
511 1883439
510 1883439
508 1883439
509 1883439
512 1883439
510 1883440
509 1883440
507 1883440
509 1883440
507 1883440
509 1883440
509 1883441
510 1883441
513 1883441
509 1883441
508 1883441
507 1883441
507 1883441
512 1883442
508 1883442
508 1883442
511 1883442
510 1883445
504 1883445
