0 0 0 1685380
0 0 0 1685380
0.9765625 -0.06103515625 0.48828125 1685708
0.9765625 -0.06103515625 0.48828125 1685709
0.9765625 -0.06103515625 0.48828125 1685709
0.9765625 -0.06103515625 0.48828125 1685710
3.662109375 0.91552734375 1.40380859375 1685834
0.9765625 0.79345703125 -0.6103515625 1685835
0.9765625 0.79345703125 -0.6103515625 1685835
0.9765625 0.79345703125 -0.6103515625 1685836
-3.0517578125 -2.9296875 1.708984375 1686024
1.28173828125 0.79345703125 3.47900390625 1686024
1.28173828125 0.79345703125 3.47900390625 1686025
1.28173828125 0.79345703125 3.47900390625 1686025
1.28173828125 0.79345703125 3.47900390625 1686126
4.39453125 -5.43212890625 -2.197265625 1686127
4.39453125 -5.43212890625 -2.197265625 1686128
4.39453125 -5.43212890625 -2.197265625 1686128
4.39453125 -5.43212890625 -2.197265625 1686229
-2.86865234375 -0.91552734375 1.40380859375 1686230
-2.86865234375 -0.91552734375 1.40380859375 1686230
-2.86865234375 -0.91552734375 1.40380859375 1686231
-2.86865234375 -0.91552734375 1.40380859375 1686333
0.54931640625 0.1220703125 2.197265625 1686334
0.54931640625 0.1220703125 2.197265625 1686335
0.54931640625 0.1220703125 2.197265625 1686335
0.54931640625 0.1220703125 2.197265625 1686434
-6.65283203125 -0.1220703125 1.28173828125 1686434
-6.65283203125 -0.1220703125 1.28173828125 1686435
-6.65283203125 -0.1220703125 1.28173828125 1686435
1.5869140625 -0.8544921875 -3.35693359375 1686624
2.50244140625 2.197265625 1.28173828125 1686624
2.50244140625 2.197265625 1.28173828125 1686625
2.50244140625 2.197265625 1.28173828125 1686625
2.50244140625 2.197265625 1.28173828125 1686729
-0.18310546875 -1.708984375 1.03759765625 1686730
-0.18310546875 -1.708984375 1.03759765625 1686730
-0.18310546875 -1.708984375 1.03759765625 1686731
-0.18310546875 -1.708984375 1.03759765625 1686835
-2.44140625 -0.244140625 0.79345703125 1686835
-2.44140625 -0.244140625 0.79345703125 1686836
-2.44140625 -0.244140625 0.79345703125 1686837
4.0283203125 -0.67138671875 -0.48828125 1687012
1.77001953125 -0.79345703125 -0.6103515625 1687013
1.77001953125 -0.79345703125 -0.6103515625 1687013
1.77001953125 -0.79345703125 -0.6103515625 1687014
1.77001953125 -0.79345703125 -0.6103515625 1687124
-0.54931640625 0.1220703125 -0.42724609375 1687124
-0.54931640625 0.1220703125 -0.42724609375 1687125
-0.54931640625 0.1220703125 -0.42724609375 1687125
-0.54931640625 0.1220703125 -0.42724609375 1687227
-5.615234375 0.1220703125 1.28173828125 1687227
-5.615234375 0.1220703125 1.28173828125 1687228
-5.615234375 0.1220703125 1.28173828125 1687229
-5.615234375 0.1220703125 1.28173828125 1687331
-12.939453125 7.87353515625 -5.2490234375 1687332
-12.939453125 7.87353515625 -5.2490234375 1687333
-12.939453125 7.87353515625 -5.2490234375 1687333
-12.939453125 7.87353515625 -5.2490234375 1687433
-32.53173828125 1.89208984375 -3.11279296875 1687433
-32.53173828125 1.89208984375 -3.11279296875 1687434
-32.53173828125 1.89208984375 -3.11279296875 1687434
-11.65771484375 -3.23486328125 -0.30517578125 1687622
10.31494140625 2.3193359375 -0.54931640625 1687623
10.31494140625 2.3193359375 -0.54931640625 1687623
10.31494140625 2.3193359375 -0.54931640625 1687624
10.31494140625 2.3193359375 -0.54931640625 1687725
11.90185546875 2.74658203125 1.953125 1687726
11.90185546875 2.74658203125 1.953125 1687726
11.90185546875 2.74658203125 1.953125 1687727
11.90185546875 2.74658203125 1.953125 1687828
10.92529296875 2.62451171875 -0.3662109375 1687829
10.92529296875 2.62451171875 -0.3662109375 1687829
10.92529296875 2.62451171875 -0.3662109375 1687830
10.92529296875 2.62451171875 -0.3662109375 1687930
0.732421875 -0.42724609375 -0.6103515625 1687930
0.732421875 -0.42724609375 -0.6103515625 1687931
0.732421875 -0.42724609375 -0.6103515625 1687931
0.732421875 -0.42724609375 -0.6103515625 1688033
0.48828125 -3.23486328125 -0.67138671875 1688034
0.48828125 -3.23486328125 -0.67138671875 1688034
0.48828125 -3.23486328125 -0.67138671875 1688035
-0.91552734375 -1.0986328125 0.48828125 1688222
2.685546875 -3.41796875 1.220703125 1688222
2.685546875 -3.41796875 1.220703125 1688223
2.685546875 -3.41796875 1.220703125 1688223
2.685546875 -3.41796875 1.220703125 1688325
1.03759765625 -1.46484375 -0.48828125 1688326
1.03759765625 -1.46484375 -0.48828125 1688326
1.03759765625 -1.46484375 -0.48828125 1688327
1.03759765625 -1.46484375 -0.48828125 1688428
1.708984375 -3.84521484375 1.03759765625 1688429
1.708984375 -3.84521484375 1.03759765625 1688429
1.708984375 -3.84521484375 1.03759765625 1688430
1.708984375 -3.84521484375 1.03759765625 1688537
0.244140625 -1.28173828125 2.13623046875 1688538
0.244140625 -1.28173828125 2.13623046875 1688539
0.244140625 -1.28173828125 2.13623046875 1688539
0.732421875 -0.30517578125 -0.48828125 1688727
-0.732421875 -0.79345703125 0.48828125 1688727
-0.732421875 -0.79345703125 0.48828125 1688728
-0.732421875 -0.79345703125 0.48828125 1688729
-0.732421875 -0.79345703125 0.48828125 1688831
3.173828125 -4.08935546875 -0.30517578125 1688832
3.173828125 -4.08935546875 -0.30517578125 1688832
3.173828125 -4.08935546875 -0.30517578125 1688833
3.173828125 -4.08935546875 -0.30517578125 1688933
0.732421875 -5.4931640625 2.5634765625 1688933
0.732421875 -5.4931640625 2.5634765625 1688934
0.732421875 -5.4931640625 2.5634765625 1688935
0.732421875 -5.4931640625 2.5634765625 1689035
2.86865234375 -2.74658203125 4.5166015625 1689035
2.86865234375 -2.74658203125 4.5166015625 1689036
2.86865234375 -2.74658203125 4.5166015625 1689036
1.5869140625 -3.96728515625 -1.15966796875 1689222
0.6103515625 0.6103515625 -0.42724609375 1689223
0.6103515625 0.6103515625 -0.42724609375 1689223
0.6103515625 0.6103515625 -0.42724609375 1689223
0.6103515625 0.6103515625 -0.42724609375 1689340
1.28173828125 -2.01416015625 -0.79345703125 1689340
1.28173828125 -2.01416015625 -0.79345703125 1689341
1.28173828125 -2.01416015625 -0.79345703125 1689342
-1.708984375 1.40380859375 -1.0986328125 1689532
-0.48828125 -3.662109375 -1.28173828125 1689533
-0.48828125 -3.662109375 -1.28173828125 1689534
-0.48828125 -3.662109375 -1.28173828125 1689534
-0.48828125 -3.662109375 -1.28173828125 1689634
-4.21142578125 -12.14599609375 4.2724609375 1689634
-4.21142578125 -12.14599609375 4.2724609375 1689635
-4.21142578125 -12.14599609375 4.2724609375 1689635
0.79345703125 -2.9296875 -1.52587890625 1689821
-0.91552734375 -14.22119140625 9.033203125 1689822
-0.91552734375 -14.22119140625 9.033203125 1689822
-0.91552734375 -14.22119140625 9.033203125 1689823
-0.91552734375 -14.22119140625 9.033203125 1689929
10.68115234375 -7.6904296875 2.01416015625 1689930
10.68115234375 -7.6904296875 2.01416015625 1689931
10.68115234375 -7.6904296875 2.01416015625 1689932
10.68115234375 -7.6904296875 2.01416015625 1690032
10.19287109375 0.54931640625 -3.0517578125 1690032
10.19287109375 0.54931640625 -3.0517578125 1690033
10.19287109375 0.54931640625 -3.0517578125 1690033
13.61083984375 6.28662109375 -5.06591796875 1690222
15.31982421875 0.67138671875 4.33349609375 1690222
15.31982421875 0.67138671875 4.33349609375 1690223
15.31982421875 0.67138671875 4.33349609375 1690223
12.3291015625 1.15966796875 -1.40380859375 1690422
44.25048828125 -29.296875 11.23046875 1690423
44.25048828125 -29.296875 11.23046875 1690424
44.25048828125 -29.296875 11.23046875 1690424
44.25048828125 -29.296875 11.23046875 1690525
51.45263671875 -53.16162109375 13.3056640625 1690526
51.45263671875 -53.16162109375 13.3056640625 1690526
51.45263671875 -53.16162109375 13.3056640625 1690527
51.45263671875 -53.16162109375 13.3056640625 1690628
58.59375 -69.64111328125 9.3994140625 1690629
58.59375 -69.64111328125 9.3994140625 1690629
58.59375 -69.64111328125 9.3994140625 1690630
58.59375 -69.64111328125 9.3994140625 1690731
45.34912109375 -56.45751953125 21.1181640625 1690731
45.34912109375 -56.45751953125 21.1181640625 1690732
45.34912109375 -56.45751953125 21.1181640625 1690732
21.54541015625 -24.4140625 -8.23974609375 1690925
7.9345703125 -19.95849609375 9.70458984375 1690926
7.9345703125 -19.95849609375 9.70458984375 1690926
7.9345703125 -19.95849609375 9.70458984375 1690927
7.9345703125 -19.95849609375 9.70458984375 1691027
31.31103515625 -26.85546875 9.765625 1691027
31.31103515625 -26.85546875 9.765625 1691028
31.31103515625 -26.85546875 9.765625 1691028
31.31103515625 -26.85546875 9.765625 1691132
19.95849609375 -13.916015625 -1.15966796875 1691132
19.95849609375 -13.916015625 -1.15966796875 1691133
19.95849609375 -13.916015625 -1.15966796875 1691133
4.94384765625 0.91552734375 -25.08544921875 1691325
6.34765625 2.99072265625 -10.986328125 1691326
6.34765625 2.99072265625 -10.986328125 1691326
6.34765625 2.99072265625 -10.986328125 1691327
6.34765625 2.99072265625 -10.986328125 1691428
-15.9912109375 48.15673828125 -29.72412109375 1691429
-15.9912109375 48.15673828125 -29.72412109375 1691430
-15.9912109375 48.15673828125 -29.72412109375 1691431
-15.9912109375 48.15673828125 -29.72412109375 1691532
-56.396484375 83.80126953125 -35.400390625 1691532
-56.396484375 83.80126953125 -35.400390625 1691533
-56.396484375 83.80126953125 -35.400390625 1691533
-56.396484375 83.80126953125 -35.400390625 1691633
-41.259765625 65.0634765625 -27.83203125 1691634
-41.259765625 65.0634765625 -27.83203125 1691634
-41.259765625 65.0634765625 -27.83203125 1691634
-41.259765625 65.0634765625 -27.83203125 1691733
-6.16455078125 1.28173828125 11.5966796875 1691734
-6.16455078125 1.28173828125 11.5966796875 1691734
-6.16455078125 1.28173828125 11.5966796875 1691735
-13.427734375 1.15966796875 -0.67138671875 1691925
-20.81298828125 9.27734375 -1.3427734375 1691926
-20.81298828125 9.27734375 -1.3427734375 1691926
-20.81298828125 9.27734375 -1.3427734375 1691927
-20.81298828125 9.27734375 -1.3427734375 1692027
-25.32958984375 10.1318359375 -0.67138671875 1692028
-25.32958984375 10.1318359375 -0.67138671875 1692029
-25.32958984375 10.1318359375 -0.67138671875 1692029
-25.32958984375 10.1318359375 -0.67138671875 1692130
-16.9677734375 11.04736328125 -4.2724609375 1692131
-16.9677734375 11.04736328125 -4.2724609375 1692131
-16.9677734375 11.04736328125 -4.2724609375 1692132
-16.9677734375 11.04736328125 -4.2724609375 1692232
-2.62451171875 3.7841796875 -2.3193359375 1692233
-2.62451171875 3.7841796875 -2.3193359375 1692233
-2.62451171875 3.7841796875 -2.3193359375 1692234
-0.6103515625 -1.0986328125 -1.220703125 1692420
-2.5634765625 -1.8310546875 -2.0751953125 1692420
-2.5634765625 -1.8310546875 -2.0751953125 1692421
-2.5634765625 -1.8310546875 -2.0751953125 1692421
-2.5634765625 -1.8310546875 -2.0751953125 1692523
-2.99072265625 -13.3056640625 6.53076171875 1692524
-2.99072265625 -13.3056640625 6.53076171875 1692524
-2.99072265625 -13.3056640625 6.53076171875 1692525
-2.99072265625 -13.3056640625 6.53076171875 1692625
-6.591796875 -0.30517578125 -0.8544921875 1692625
-6.591796875 -0.30517578125 -0.8544921875 1692626
-6.591796875 -0.30517578125 -0.8544921875 1692627
-6.591796875 -0.30517578125 -0.8544921875 1692728
-3.41796875 -4.45556640625 -3.23486328125 1692728
-3.41796875 -4.45556640625 -3.23486328125 1692729
-3.41796875 -4.45556640625 -3.23486328125 1692729
-3.41796875 -4.45556640625 -3.23486328125 1692831
-0.30517578125 -3.7841796875 -1.40380859375 1692831
-0.30517578125 -3.7841796875 -1.40380859375 1692832
-0.30517578125 -3.7841796875 -1.40380859375 1692832
-2.99072265625 0.48828125 0.244140625 1693020
-6.4697265625 1.03759765625 -0.1220703125 1693021
-6.4697265625 1.03759765625 -0.1220703125 1693022
-6.4697265625 1.03759765625 -0.1220703125 1693022
-6.4697265625 1.03759765625 -0.1220703125 1693130
-1.64794921875 2.99072265625 -3.0517578125 1693131
-1.64794921875 2.99072265625 -3.0517578125 1693132
-1.64794921875 2.99072265625 -3.0517578125 1693132
-1.8310546875 -2.25830078125 0.67138671875 1693325
-1.15966796875 2.3193359375 -1.0986328125 1693326
-1.15966796875 2.3193359375 -1.0986328125 1693327
-1.15966796875 2.3193359375 -1.0986328125 1693327
-1.15966796875 2.3193359375 -1.0986328125 1693427
-2.62451171875 3.41796875 0.1220703125 1693428
-2.62451171875 3.41796875 0.1220703125 1693428
-2.62451171875 3.41796875 0.1220703125 1693429
-2.62451171875 3.41796875 0.1220703125 1693530
0.6103515625 3.41796875 1.40380859375 1693531
0.6103515625 3.41796875 1.40380859375 1693531
0.6103515625 3.41796875 1.40380859375 1693532
0.6103515625 3.41796875 1.40380859375 1693631
-0.67138671875 4.57763671875 -0.30517578125 1693632
-0.67138671875 4.57763671875 -0.30517578125 1693632
-0.67138671875 4.57763671875 -0.30517578125 1693633
0.3662109375 4.7607421875 -0.42724609375 1693820
-5.37109375 6.591796875 2.38037109375 1693820
-5.37109375 6.591796875 2.38037109375 1693821
-5.37109375 6.591796875 2.38037109375 1693821
-5.37109375 6.591796875 2.38037109375 1693924
-1.15966796875 9.8876953125 -1.220703125 1693924
-1.15966796875 9.8876953125 -1.220703125 1693925
-1.15966796875 9.8876953125 -1.220703125 1693925
-1.15966796875 9.8876953125 -1.220703125 1694025
1.0986328125 1.3427734375 3.2958984375 1694026
1.0986328125 1.3427734375 3.2958984375 1694026
1.0986328125 1.3427734375 3.2958984375 1694027
1.0986328125 1.3427734375 3.2958984375 1694128
6.8359375 7.26318359375 -2.86865234375 1694129
6.8359375 7.26318359375 -2.86865234375 1694129
6.8359375 7.26318359375 -2.86865234375 1694130
-2.62451171875 1.8310546875 -0.79345703125 1694312
-2.9296875 -1.46484375 -0.54931640625 1694313
-2.9296875 -1.46484375 -0.54931640625 1694314
-2.9296875 -1.46484375 -0.54931640625 1694314
-2.9296875 -1.46484375 -0.54931640625 1694425
3.96728515625 -0.67138671875 0.06103515625 1694426
3.96728515625 -0.67138671875 0.06103515625 1694426
3.96728515625 -0.67138671875 0.06103515625 1694427
3.96728515625 -0.67138671875 0.06103515625 1694527
1.15966796875 -3.23486328125 1.0986328125 1694527
1.15966796875 -3.23486328125 1.0986328125 1694528
1.15966796875 -3.23486328125 1.0986328125 1694528
1.15966796875 -3.23486328125 1.0986328125 1694632
-3.0517578125 -1.953125 2.99072265625 1694632
-3.0517578125 -1.953125 2.99072265625 1694633
-3.0517578125 -1.953125 2.99072265625 1694633
-1.28173828125 -2.13623046875 1.64794921875 1694821
-3.11279296875 -1.03759765625 2.5634765625 1694821
-3.11279296875 -1.03759765625 2.5634765625 1694822
-3.11279296875 -1.03759765625 2.5634765625 1694822
-3.11279296875 -1.03759765625 2.5634765625 1694935
-3.2958984375 1.3427734375 -0.244140625 1694936
-3.2958984375 1.3427734375 -0.244140625 1694936
-3.2958984375 1.3427734375 -0.244140625 1694937
2.44140625 -0.732421875 0.3662109375 1695114
-1.220703125 -0.06103515625 -0.3662109375 1695126
-1.220703125 -0.06103515625 -0.3662109375 1695127
-1.220703125 -0.06103515625 -0.3662109375 1695127
-1.220703125 -0.06103515625 -0.3662109375 1695229
-0.42724609375 -2.13623046875 -0.48828125 1695229
-0.42724609375 -2.13623046875 -0.48828125 1695230
-0.42724609375 -2.13623046875 -0.48828125 1695230
-1.220703125 -0.30517578125 0.67138671875 1695420
1.89208984375 0.3662109375 0.18310546875 1695421
1.89208984375 0.3662109375 0.18310546875 1695421
1.89208984375 0.3662109375 0.18310546875 1695422
1.89208984375 0.3662109375 0.18310546875 1695521
1.5869140625 -0.8544921875 -0.1220703125 1695522
1.5869140625 -0.8544921875 -0.1220703125 1695522
1.5869140625 -0.8544921875 -0.1220703125 1695624
-3.662109375 -0.8544921875 0.42724609375 1695624
-3.662109375 -0.8544921875 0.42724609375 1695625
-3.662109375 -0.8544921875 0.42724609375 1695625
-3.662109375 -0.8544921875 0.42724609375 1695726
-0.54931640625 0.30517578125 0.79345703125 1695726
-0.54931640625 0.30517578125 0.79345703125 1695727
-0.54931640625 0.30517578125 0.79345703125 1695727
-0.54931640625 0.30517578125 0.79345703125 1695833
-0.67138671875 3.41796875 0.6103515625 1695834
-0.67138671875 3.41796875 0.6103515625 1695835
-0.67138671875 3.41796875 0.6103515625 1695836
1.52587890625 -1.77001953125 0.48828125 1696020
0.67138671875 0.9765625 -0.42724609375 1696021
0.67138671875 0.9765625 -0.42724609375 1696022
0.67138671875 0.9765625 -0.42724609375 1696023
0.67138671875 0.9765625 -0.42724609375 1696122
-0.1220703125 -0.6103515625 0.54931640625 1696123
-0.1220703125 -0.6103515625 0.54931640625 1696123
-0.1220703125 -0.6103515625 0.54931640625 1696124
-0.1220703125 -0.6103515625 0.54931640625 1696228
-1.5869140625 -0.30517578125 -0.18310546875 1696229
-1.5869140625 -0.30517578125 -0.18310546875 1696229
-1.5869140625 -0.30517578125 -0.18310546875 1696229
-1.5869140625 -0.30517578125 -0.18310546875 1696331
-0.732421875 -0.30517578125 0.8544921875 1696332
-0.732421875 -0.30517578125 0.8544921875 1696332
-0.732421875 -0.30517578125 0.8544921875 1696333
-2.62451171875 -0.06103515625 0.8544921875 1696522
0.9765625 -0.18310546875 0 1696523
0.9765625 -0.18310546875 0 1696523
0.9765625 -0.18310546875 0 1696524
0.9765625 -0.18310546875 0 1696623
-1.708984375 -0.06103515625 0.48828125 1696623
-1.708984375 -0.06103515625 0.48828125 1696624
-1.708984375 -0.06103515625 0.48828125 1696625
-1.708984375 -0.06103515625 0.48828125 1696726
0.91552734375 -1.89208984375 0.1220703125 1696726
0.91552734375 -1.89208984375 0.1220703125 1696727
0.91552734375 -1.89208984375 0.1220703125 1696727
0.91552734375 -1.89208984375 0.1220703125 1696830
-0.79345703125 -0.67138671875 2.5634765625 1696831
-0.79345703125 -0.67138671875 2.5634765625 1696832
-0.79345703125 -0.67138671875 2.5634765625 1696832
-0.1220703125 -0.3662109375 -0.18310546875 1697021
0.3662109375 -0.42724609375 -1.03759765625 1697021
0.3662109375 -0.42724609375 -1.03759765625 1697022
0.3662109375 -0.42724609375 -1.03759765625 1697022
0.3662109375 -0.42724609375 -1.03759765625 1697121
-0.06103515625 -1.46484375 0.91552734375 1697122
-0.06103515625 -1.46484375 0.91552734375 1697122
-0.06103515625 -1.46484375 0.91552734375 1697123
1.220703125 -0.79345703125 -0.9765625 1697225
1.220703125 -0.79345703125 -0.9765625 1697226
1.220703125 -0.79345703125 -0.9765625 1697227
1.220703125 -0.79345703125 -0.9765625 1697327
-1.40380859375 -0.54931640625 0.732421875 1697327
-1.40380859375 -0.54931640625 0.732421875 1697328
-1.40380859375 -0.54931640625 0.732421875 1697329
-1.40380859375 -0.54931640625 0.732421875 1697430
-0.3662109375 0.18310546875 -0.06103515625 1697430
-0.3662109375 0.18310546875 -0.06103515625 1697431
-0.3662109375 0.18310546875 -0.06103515625 1697432
-2.74658203125 1.0986328125 -0.18310546875 1697618
2.13623046875 -1.40380859375 0.30517578125 1697618
2.13623046875 -1.40380859375 0.30517578125 1697619
2.13623046875 -1.40380859375 0.30517578125 1697620
2.13623046875 -1.40380859375 0.30517578125 1697721
-1.0986328125 -1.28173828125 -0.1220703125 1697722
-1.0986328125 -1.28173828125 -0.1220703125 1697722
-1.0986328125 -1.28173828125 -0.1220703125 1697723
-1.0986328125 -1.28173828125 -0.1220703125 1697822
0.1220703125 -1.40380859375 -0.48828125 1697822
0.1220703125 -1.40380859375 -0.48828125 1697823
0.1220703125 -1.40380859375 -0.48828125 1697823
0.1220703125 -1.40380859375 -0.48828125 1697926
-1.220703125 -0.8544921875 0.42724609375 1697927
-1.220703125 -0.8544921875 0.42724609375 1697928
-1.220703125 -0.8544921875 0.42724609375 1697928
-1.220703125 -0.8544921875 0.42724609375 1698028
-1.64794921875 -0.06103515625 0.3662109375 1698028
-1.64794921875 -0.06103515625 0.3662109375 1698029
-1.64794921875 -0.06103515625 0.3662109375 1698029
0.18310546875 -1.52587890625 0.06103515625 1698219
1.220703125 -0.48828125 0.30517578125 1698220
1.220703125 -0.48828125 0.30517578125 1698220
1.220703125 -0.48828125 0.30517578125 1698220
1.220703125 -0.48828125 0.30517578125 1698321
0.67138671875 0.1220703125 -1.0986328125 1698322
0.67138671875 0.1220703125 -1.0986328125 1698323
0.67138671875 0.1220703125 -1.0986328125 1698323
0.67138671875 0.1220703125 -1.0986328125 1698423
-2.9296875 0.30517578125 -0.1220703125 1698424
-2.9296875 0.30517578125 -0.1220703125 1698424
-2.9296875 0.30517578125 -0.1220703125 1698425
-2.9296875 0.30517578125 -0.1220703125 1698526
0.1220703125 -6.4697265625 4.21142578125 1698527
0.1220703125 -6.4697265625 4.21142578125 1698527
0.1220703125 -6.4697265625 4.21142578125 1698528
0.1220703125 -6.4697265625 4.21142578125 1698631
0.8544921875 -2.9296875 1.89208984375 1698632
0.8544921875 -2.9296875 1.89208984375 1698632
0.8544921875 -2.9296875 1.89208984375 1698633
0.6103515625 -1.708984375 1.220703125 1698818
0.06103515625 -4.0283203125 0.48828125 1698818
0.06103515625 -4.0283203125 0.48828125 1698819
0.06103515625 -4.0283203125 0.48828125 1698819
0.06103515625 -4.0283203125 0.48828125 1698920
-0.244140625 -2.62451171875 -0.244140625 1698921
-0.244140625 -2.62451171875 -0.244140625 1698921
-0.244140625 -2.62451171875 -0.244140625 1698922
-0.244140625 -2.62451171875 -0.244140625 1699023
-2.13623046875 0.42724609375 1.46484375 1699024
-2.13623046875 0.42724609375 1.46484375 1699025
-2.13623046875 0.42724609375 1.46484375 1699025
-2.13623046875 0.42724609375 1.46484375 1699128
0.18310546875 -3.84521484375 -0.3662109375 1699128
0.18310546875 -3.84521484375 -0.3662109375 1699129
0.18310546875 -3.84521484375 -0.3662109375 1699130
-1.40380859375 -1.953125 1.28173828125 1699306
0.732421875 -1.89208984375 0.67138671875 1699307
0.732421875 -1.89208984375 0.67138671875 1699307
0.732421875 -1.89208984375 0.67138671875 1699308
0.732421875 -1.89208984375 0.67138671875 1699418
-1.03759765625 -2.5634765625 1.708984375 1699419
-1.03759765625 -2.5634765625 1.708984375 1699420
-1.03759765625 -2.5634765625 1.708984375 1699420
-1.03759765625 -2.5634765625 1.708984375 1699529
0.91552734375 -1.708984375 1.15966796875 1699530
0.91552734375 -1.708984375 1.15966796875 1699530
0.91552734375 -1.708984375 1.15966796875 1699530
1.15966796875 -2.86865234375 0.79345703125 1699721
0.3662109375 -2.44140625 1.46484375 1699722
0.3662109375 -2.44140625 1.46484375 1699722
0.3662109375 -2.44140625 1.46484375 1699723
0.3662109375 -2.44140625 1.46484375 1699821
0.9765625 -3.96728515625 1.15966796875 1699822
0.9765625 -3.96728515625 1.15966796875 1699823
0.9765625 -3.96728515625 1.15966796875 1699823
0.9765625 -3.96728515625 1.15966796875 1699923
0.18310546875 -3.662109375 1.40380859375 1699924
0.18310546875 -3.662109375 1.40380859375 1699925
0.18310546875 -3.662109375 1.40380859375 1699925
0.18310546875 -3.662109375 1.40380859375 1700026
-0.6103515625 -3.173828125 0.18310546875 1700027
-0.6103515625 -3.173828125 0.18310546875 1700027
-0.6103515625 -3.173828125 0.18310546875 1700028
-0.42724609375 -4.638671875 0.6103515625 1700231
6.53076171875 -7.62939453125 -1.708984375 1700231
6.53076171875 -7.62939453125 -1.708984375 1700232
6.53076171875 -7.62939453125 -1.708984375 1700232
-4.0283203125 -8.7890625 -5.7373046875 1700421
4.150390625 -7.50732421875 -7.080078125 1700421
4.150390625 -7.50732421875 -7.080078125 1700422
4.150390625 -7.50732421875 -7.080078125 1700422
4.150390625 -7.50732421875 -7.080078125 1700523
-7.99560546875 -6.7138671875 -6.04248046875 1700523
-7.99560546875 -6.7138671875 -6.04248046875 1700524
-7.99560546875 -6.7138671875 -6.04248046875 1700525
-7.99560546875 -6.7138671875 -6.04248046875 1700626
-5.7373046875 -8.1787109375 -10.31494140625 1700626
-5.7373046875 -8.1787109375 -10.31494140625 1700627
-5.7373046875 -8.1787109375 -10.31494140625 1700627
-3.90625 -3.23486328125 -15.56396484375 1700817
3.60107421875 -11.3525390625 -16.7236328125 1700818
3.60107421875 -11.3525390625 -16.7236328125 1700818
3.60107421875 -11.3525390625 -16.7236328125 1700819
3.60107421875 -11.3525390625 -16.7236328125 1700919
2.62451171875 -6.2255859375 -16.78466796875 1700919
2.62451171875 -6.2255859375 -16.78466796875 1700920
2.62451171875 -6.2255859375 -16.78466796875 1700920
2.62451171875 -6.2255859375 -16.78466796875 1701022
-2.8076171875 -7.14111328125 -16.05224609375 1701023
-2.8076171875 -7.14111328125 -16.05224609375 1701023
-2.8076171875 -7.14111328125 -16.05224609375 1701024
-2.8076171875 -7.14111328125 -16.05224609375 1701124
-14.7705078125 -2.74658203125 -19.83642578125 1701125
-14.7705078125 -2.74658203125 -19.83642578125 1701125
-14.7705078125 -2.74658203125 -19.83642578125 1701126
-14.7705078125 -2.74658203125 -19.83642578125 1701226
3.72314453125 -6.40869140625 -8.30078125 1701227
3.72314453125 -6.40869140625 -8.30078125 1701227
3.72314453125 -6.40869140625 -8.30078125 1701228
10.55908203125 -22.4609375 5.37109375 1701419
30.82275390625 -97.96142578125 38.14697265625 1701419
30.82275390625 -97.96142578125 38.14697265625 1701420
30.82275390625 -97.96142578125 38.14697265625 1701421
30.82275390625 -97.96142578125 38.14697265625 1701522
35.400390625 -102.9052734375 47.05810546875 1701522
35.400390625 -102.9052734375 47.05810546875 1701523
35.400390625 -102.9052734375 47.05810546875 1701523
25.81787109375 -131.65283203125 50.537109375 1701725
4.8828125 -119.20166015625 50.4150390625 1701726
4.8828125 -119.20166015625 50.4150390625 1701726
4.8828125 -119.20166015625 50.4150390625 1701727
4.8828125 -119.20166015625 50.4150390625 1701828
-11.41357421875 -107.23876953125 43.76220703125 1701829
-11.41357421875 -107.23876953125 43.76220703125 1701829
-11.41357421875 -107.23876953125 43.76220703125 1701830
-9.8876953125 -100.341796875 39.1845703125 1702016
-7.2021484375 -93.68896484375 37.17041015625 1702017
-7.2021484375 -93.68896484375 37.17041015625 1702017
-7.2021484375 -93.68896484375 37.17041015625 1702017
-7.2021484375 -93.68896484375 37.17041015625 1702119
-5.4931640625 -59.38720703125 40.95458984375 1702119
-5.4931640625 -59.38720703125 40.95458984375 1702120
-5.4931640625 -59.38720703125 40.95458984375 1702121
-5.4931640625 -59.38720703125 40.95458984375 1702222
-14.7705078125 91.6748046875 -7.87353515625 1702223
-14.7705078125 91.6748046875 -7.87353515625 1702223
-14.7705078125 91.6748046875 -7.87353515625 1702224
-14.7705078125 91.6748046875 -7.87353515625 1702324
-81.23779296875 257.32421875 -80.4443359375 1702325
-81.23779296875 257.32421875 -80.4443359375 1702325
-81.23779296875 257.32421875 -80.4443359375 1702326
-81.23779296875 257.32421875 -80.4443359375 1702428
-33.935546875 163.4521484375 4.82177734375 1702428
-33.935546875 163.4521484375 4.82177734375 1702429
-33.935546875 163.4521484375 4.82177734375 1702429
-23.8037109375 104.91943359375 15.5029296875 1702617
0.9765625 40.1611328125 43.3349609375 1702618
0.9765625 40.1611328125 43.3349609375 1702618
0.9765625 40.1611328125 43.3349609375 1702619
13.5498046875 28.99169921875 31.43310546875 1702814
32.2265625 23.193359375 32.2265625 1702815
32.2265625 23.193359375 32.2265625 1702815
32.2265625 23.193359375 32.2265625 1702816
32.2265625 23.193359375 32.2265625 1702917
47.2412109375 38.4521484375 4.150390625 1702918
47.2412109375 38.4521484375 4.150390625 1702919
47.2412109375 38.4521484375 4.150390625 1702919
47.2412109375 38.4521484375 4.150390625 1703020
45.166015625 34.0576171875 -17.02880859375 1703021
45.166015625 34.0576171875 -17.02880859375 1703021
45.166015625 34.0576171875 -17.02880859375 1703022
45.166015625 34.0576171875 -17.02880859375 1703124
10.68115234375 6.77490234375 -0.8544921875 1703124
10.68115234375 6.77490234375 -0.8544921875 1703125
10.68115234375 6.77490234375 -0.8544921875 1703125
10.68115234375 6.77490234375 -0.8544921875 1703227
17.15087890625 8.11767578125 -13.73291015625 1703227
17.15087890625 8.11767578125 -13.73291015625 1703228
17.15087890625 8.11767578125 -13.73291015625 1703229
1.03759765625 4.5166015625 -10.986328125 1703414
2.86865234375 -2.86865234375 -4.45556640625 1703414
2.86865234375 -2.86865234375 -4.45556640625 1703415
2.86865234375 -2.86865234375 -4.45556640625 1703415
2.86865234375 -2.86865234375 -4.45556640625 1703519
10.8642578125 -9.27734375 -5.92041015625 1703520
10.8642578125 -9.27734375 -5.92041015625 1703520
10.8642578125 -9.27734375 -5.92041015625 1703521
10.8642578125 -9.27734375 -5.92041015625 1703621
9.765625 -5.06591796875 1.03759765625 1703622
9.765625 -5.06591796875 1.03759765625 1703623
9.765625 -5.06591796875 1.03759765625 1703623
9.765625 -5.06591796875 1.03759765625 1703722
21.1181640625 -23.8037109375 11.962890625 1703723
21.1181640625 -23.8037109375 11.962890625 1703723
21.1181640625 -23.8037109375 11.962890625 1703724
21.1181640625 -23.8037109375 11.962890625 1703826
18.00537109375 -16.2353515625 -3.35693359375 1703826
18.00537109375 -16.2353515625 -3.35693359375 1703827
18.00537109375 -16.2353515625 -3.35693359375 1703827
11.1083984375 -17.76123046875 2.86865234375 1704016
12.939453125 -16.845703125 5.92041015625 1704016
12.939453125 -16.845703125 5.92041015625 1704017
12.939453125 -16.845703125 5.92041015625 1704017
12.939453125 -16.845703125 5.92041015625 1704119
-1.89208984375 6.2255859375 -10.19287109375 1704119
-1.89208984375 6.2255859375 -10.19287109375 1704120
-1.89208984375 6.2255859375 -10.19287109375 1704120
-1.89208984375 6.2255859375 -10.19287109375 1704221
7.080078125 6.2255859375 -11.41357421875 1704221
7.080078125 6.2255859375 -11.41357421875 1704222
7.080078125 6.2255859375 -11.41357421875 1704222
7.080078125 6.2255859375 -11.41357421875 1704323
4.69970703125 7.26318359375 -3.60107421875 1704323
4.69970703125 7.26318359375 -3.60107421875 1704324
4.69970703125 7.26318359375 -3.60107421875 1704324
4.69970703125 7.26318359375 -3.60107421875 1704424
-17.63916015625 47.54638671875 -21.78955078125 1704425
-17.63916015625 47.54638671875 -21.78955078125 1704425
-17.63916015625 47.54638671875 -21.78955078125 1704426
-17.63916015625 47.54638671875 -21.78955078125 1704537
-35.400390625 47.607421875 -2.5634765625 1704538
-35.400390625 47.607421875 -2.5634765625 1704538
-35.400390625 47.607421875 -2.5634765625 1704539
-16.41845703125 39.24560546875 -21.484375 1704727
-8.23974609375 10.8642578125 1.953125 1704728
-8.23974609375 10.8642578125 1.953125 1704728
-8.23974609375 10.8642578125 1.953125 1704729
-36.19384765625 26.30615234375 -14.34326171875 1704917
-10.43701171875 1.708984375 -0.6103515625 1704917
-10.43701171875 1.708984375 -0.6103515625 1704917
-10.43701171875 1.708984375 -0.6103515625 1704918
-10.43701171875 1.708984375 -0.6103515625 1705021
0.732421875 -4.2724609375 2.9296875 1705022
0.732421875 -4.2724609375 2.9296875 1705023
0.732421875 -4.2724609375 2.9296875 1705023
0.732421875 -4.2724609375 2.9296875 1705135
-2.197265625 -9.33837890625 -2.01416015625 1705136
-2.197265625 -9.33837890625 -2.01416015625 1705136
-2.197265625 -9.33837890625 -2.01416015625 1705137
-8.1787109375 -4.638671875 1.0986328125 1705305
-4.2724609375 -1.64794921875 -0.3662109375 1705305
-4.2724609375 -1.64794921875 -0.3662109375 1705306
-4.2724609375 -1.64794921875 -0.3662109375 1705306
-4.2724609375 -1.64794921875 -0.3662109375 1705415
0.244140625 -2.8076171875 -0.54931640625 1705415
0.244140625 -2.8076171875 -0.54931640625 1705416
0.244140625 -2.8076171875 -0.54931640625 1705416
0.244140625 -2.8076171875 -0.54931640625 1705517
2.0751953125 -2.99072265625 1.03759765625 1705518
2.0751953125 -2.99072265625 1.03759765625 1705519
2.0751953125 -2.99072265625 1.03759765625 1705519
2.0751953125 -2.99072265625 1.03759765625 1705618
-2.99072265625 -1.64794921875 1.52587890625 1705619
-2.99072265625 -1.64794921875 1.52587890625 1705619
-2.99072265625 -1.64794921875 1.52587890625 1705620
-2.99072265625 -1.64794921875 1.52587890625 1705720
-1.89208984375 -1.708984375 -0.244140625 1705720
-1.89208984375 -1.708984375 -0.244140625 1705721
-1.89208984375 -1.708984375 -0.244140625 1705721
-1.89208984375 -1.708984375 -0.244140625 1705825
1.89208984375 -3.2958984375 -1.28173828125 1705825
1.89208984375 -3.2958984375 -1.28173828125 1705826
1.89208984375 -3.2958984375 -1.28173828125 1705827
0.9765625 -1.28173828125 -1.28173828125 1706013
-0.8544921875 1.64794921875 -0.9765625 1706013
-0.8544921875 1.64794921875 -0.9765625 1706014
-0.8544921875 1.64794921875 -0.9765625 1706014
-0.8544921875 1.64794921875 -0.9765625 1706117
5.7373046875 1.03759765625 -4.5166015625 1706118
5.7373046875 1.03759765625 -4.5166015625 1706118
5.7373046875 1.03759765625 -4.5166015625 1706119
5.7373046875 1.03759765625 -4.5166015625 1706218
-2.0751953125 6.7138671875 0.79345703125 1706218
-2.0751953125 6.7138671875 0.79345703125 1706219
-2.0751953125 6.7138671875 0.79345703125 1706219
-2.0751953125 6.7138671875 0.79345703125 1706322
-2.38037109375 -0.1220703125 -1.03759765625 1706322
-2.38037109375 -0.1220703125 -1.03759765625 1706323
-2.38037109375 -0.1220703125 -1.03759765625 1706323
-2.38037109375 -0.1220703125 -1.03759765625 1706423
-0.732421875 -0.8544921875 1.28173828125 1706424
-0.732421875 -0.8544921875 1.28173828125 1706424
-0.732421875 -0.8544921875 1.28173828125 1706425
0.79345703125 -1.28173828125 2.685546875 1706615
1.0986328125 -1.953125 0.67138671875 1706616
1.0986328125 -1.953125 0.67138671875 1706616
1.0986328125 -1.953125 0.67138671875 1706617
1.0986328125 -1.953125 0.67138671875 1706717
-1.89208984375 -1.220703125 2.01416015625 1706718
-1.89208984375 -1.220703125 2.01416015625 1706719
-1.89208984375 -1.220703125 2.01416015625 1706719
-1.89208984375 -1.220703125 2.01416015625 1706820
-0.18310546875 -0.3662109375 -0.79345703125 1706820
-0.18310546875 -0.3662109375 -0.79345703125 1706821
-0.18310546875 -0.3662109375 -0.79345703125 1706822
-0.18310546875 -0.3662109375 -0.79345703125 1706923
-1.220703125 -0.67138671875 -0.18310546875 1706924
-1.220703125 -0.67138671875 -0.18310546875 1706924
-1.220703125 -0.67138671875 -0.18310546875 1706925
-1.220703125 -0.67138671875 -0.18310546875 1707024
-0.6103515625 -2.13623046875 -0.67138671875 1707025
-0.6103515625 -2.13623046875 -0.67138671875 1707025
-0.6103515625 -2.13623046875 -0.67138671875 1707026
-2.50244140625 0.54931640625 0.3662109375 1707214
-1.64794921875 -0.3662109375 -0.18310546875 1707215
-1.64794921875 -0.3662109375 -0.18310546875 1707216
-1.64794921875 -0.3662109375 -0.18310546875 1707216
-1.64794921875 -0.3662109375 -0.18310546875 1707315
-1.708984375 -0.8544921875 -0.244140625 1707316
-1.708984375 -0.8544921875 -0.244140625 1707316
-1.708984375 -0.8544921875 -0.244140625 1707317
-1.708984375 -0.8544921875 -0.244140625 1707420
0.42724609375 -0.6103515625 0.06103515625 1707420
0.42724609375 -0.6103515625 0.06103515625 1707421
0.42724609375 -0.6103515625 0.06103515625 1707421
0.42724609375 -0.6103515625 0.06103515625 1707522
-2.44140625 0.30517578125 0.18310546875 1707523
-2.44140625 0.30517578125 0.18310546875 1707523
-2.44140625 0.30517578125 0.18310546875 1707523
-2.44140625 0.30517578125 0.18310546875 1707626
-0.54931640625 -0.48828125 0.54931640625 1707626
-0.54931640625 -0.48828125 0.54931640625 1707627
-0.54931640625 -0.48828125 0.54931640625 1707628
-0.6103515625 -1.52587890625 -0.3662109375 1707814
-1.953125 -0.42724609375 0.30517578125 1707815
-1.953125 -0.42724609375 0.30517578125 1707815
-1.953125 -0.42724609375 0.30517578125 1707816
-1.953125 -0.42724609375 0.30517578125 1707916
-1.46484375 -1.3427734375 -0.18310546875 1707917
-1.46484375 -1.3427734375 -0.18310546875 1707918
-1.46484375 -1.3427734375 -0.18310546875 1707918
-0.244140625 -0.06103515625 1.03759765625 1708019
-0.244140625 -0.06103515625 1.03759765625 1708019
-0.244140625 -0.06103515625 1.03759765625 1708020
-0.244140625 -0.06103515625 1.03759765625 1708122
-1.15966796875 -0.91552734375 0.3662109375 1708123
-1.15966796875 -0.91552734375 0.3662109375 1708123
-1.15966796875 -0.91552734375 0.3662109375 1708124
0 -1.8310546875 0.3662109375 1708317
-0.30517578125 -1.220703125 0.6103515625 1708318
-0.30517578125 -1.220703125 0.6103515625 1708318
-0.30517578125 -1.220703125 0.6103515625 1708318
0.3662109375 -1.953125 -0.244140625 1708419
0.3662109375 -1.953125 -0.244140625 1708420
0.3662109375 -1.953125 -0.244140625 1708420
0.3662109375 -1.953125 -0.244140625 1708523
-0.42724609375 -1.8310546875 0.244140625 1708524
-0.42724609375 -1.8310546875 0.244140625 1708525
-0.42724609375 -1.8310546875 0.244140625 1708526
-1.52587890625 -0.79345703125 0.1220703125 1708716
0.79345703125 -0.48828125 0.91552734375 1708717
0.79345703125 -0.48828125 0.91552734375 1708717
0.79345703125 -0.48828125 0.91552734375 1708719
0.79345703125 -0.48828125 0.91552734375 1708818
0.48828125 -0.30517578125 -0.67138671875 1708818
0.48828125 -0.30517578125 -0.67138671875 1708819
0.48828125 -0.30517578125 -0.67138671875 1708923
-2.13623046875 -1.46484375 -0.48828125 1708924
-2.13623046875 -1.46484375 -0.48828125 1708925
-2.13623046875 -1.46484375 -0.48828125 1708925
-2.13623046875 -1.46484375 -0.48828125 1709026
-2.50244140625 -1.46484375 1.52587890625 1709026
-2.50244140625 -1.46484375 1.52587890625 1709027
-2.50244140625 -1.46484375 1.52587890625 1709028
-0.48828125 -0.244140625 -0.54931640625 1709214
-2.5634765625 -0.67138671875 0.42724609375 1709214
-2.5634765625 -0.67138671875 0.42724609375 1709215
-2.5634765625 -0.67138671875 0.42724609375 1709215
-2.5634765625 -0.67138671875 0.42724609375 1709317
-1.77001953125 0 0.244140625 1709317
-1.77001953125 0 0.244140625 1709318
-1.77001953125 0 0.244140625 1709318
-1.708984375 -1.220703125 0.9765625 1709519
-1.40380859375 -0.79345703125 0.48828125 1709520
-1.40380859375 -0.79345703125 0.48828125 1709521
-1.40380859375 -0.79345703125 0.48828125 1709521
-1.40380859375 -0.79345703125 0.48828125 1709620
1.708984375 -1.220703125 -1.953125 1709621
1.708984375 -1.220703125 -1.953125 1709621
1.708984375 -1.220703125 -1.953125 1709621
1.708984375 -1.220703125 -1.953125 1709724
-0.732421875 -0.3662109375 0.30517578125 1709724
-0.732421875 -0.3662109375 0.30517578125 1709725
-0.732421875 -0.3662109375 0.30517578125 1709726
2.86865234375 -0.06103515625 0.54931640625 1709934
-2.25830078125 -1.5869140625 -0.30517578125 1709934
-2.25830078125 -1.5869140625 -0.30517578125 1709935
-2.25830078125 -1.5869140625 -0.30517578125 1709935
1.77001953125 -1.52587890625 0.3662109375 1710122
-0.8544921875 -0.9765625 -0.79345703125 1710123
-0.8544921875 -0.9765625 -0.79345703125 1710124
-0.8544921875 -0.9765625 -0.79345703125 1710124
-0.8544921875 -0.9765625 -0.79345703125 1710224
-3.5400390625 0.9765625 1.220703125 1710225
-3.5400390625 0.9765625 1.220703125 1710225
-3.5400390625 0.9765625 1.220703125 1710226
-0.91552734375 -0.06103515625 0.244140625 1710412
0.8544921875 -2.25830078125 0.91552734375 1710412
0.8544921875 -2.25830078125 0.91552734375 1710413
0.8544921875 -2.25830078125 0.91552734375 1710414
0.8544921875 -2.25830078125 0.91552734375 1710514
-0.18310546875 -0.18310546875 -0.244140625 1710515
-0.18310546875 -0.18310546875 -0.244140625 1710515
-0.18310546875 -0.18310546875 -0.244140625 1710516
-0.18310546875 -0.18310546875 -0.244140625 1710615
-0.48828125 0.1220703125 0.06103515625 1710616
-0.48828125 0.1220703125 0.06103515625 1710616
-0.48828125 0.1220703125 0.06103515625 1710616
-0.48828125 0.1220703125 0.06103515625 1710718
1.40380859375 -2.62451171875 -0.30517578125 1710719
1.40380859375 -2.62451171875 -0.30517578125 1710719
1.40380859375 -2.62451171875 -0.30517578125 1710720
1.40380859375 -2.62451171875 -0.30517578125 1710821
0.8544921875 -1.46484375 0.67138671875 1710822
0.8544921875 -1.46484375 0.67138671875 1710822
0.8544921875 -1.46484375 0.67138671875 1710823
0.06103515625 -0.9765625 1.03759765625 1711012
0.9765625 -1.40380859375 -0.3662109375 1711012
0.9765625 -1.40380859375 -0.3662109375 1711013
0.9765625 -1.40380859375 -0.3662109375 1711013
0.9765625 -1.40380859375 -0.3662109375 1711115
-0.18310546875 -2.197265625 0.67138671875 1711116
-0.18310546875 -2.197265625 0.67138671875 1711117
-0.18310546875 -2.197265625 0.67138671875 1711118
-0.18310546875 -2.197265625 0.67138671875 1711218
-1.220703125 -1.5869140625 1.5869140625 1711218
-1.220703125 -1.5869140625 1.5869140625 1711219
-1.220703125 -1.5869140625 1.5869140625 1711220
-1.220703125 -1.5869140625 1.5869140625 1711320
-0.06103515625 -1.28173828125 -0.1220703125 1711321
-0.06103515625 -1.28173828125 -0.1220703125 1711322
-0.06103515625 -1.28173828125 -0.1220703125 1711322
-0.06103515625 -1.28173828125 -0.1220703125 1711422
0.1220703125 -0.91552734375 0.42724609375 1711422
0.1220703125 -0.91552734375 0.42724609375 1711423
0.1220703125 -0.91552734375 0.42724609375 1711423
-0.79345703125 -1.40380859375 2.25830078125 1711613
-1.64794921875 -0.8544921875 1.0986328125 1711614
-1.64794921875 -0.8544921875 1.0986328125 1711614
-1.64794921875 -0.8544921875 1.0986328125 1711615
-1.64794921875 -0.8544921875 1.0986328125 1711714
1.220703125 -1.953125 -0.244140625 1711714
1.220703125 -1.953125 -0.244140625 1711715
1.220703125 -1.953125 -0.244140625 1711716
1.220703125 -1.953125 -0.244140625 1711817
-1.0986328125 0.06103515625 0.79345703125 1711818
-1.0986328125 0.06103515625 0.79345703125 1711819
-1.0986328125 0.06103515625 0.79345703125 1711819
-1.0986328125 0.06103515625 0.79345703125 1711918
1.77001953125 -0.91552734375 -0.6103515625 1711919
1.77001953125 -0.91552734375 -0.6103515625 1711919
1.77001953125 -0.91552734375 -0.6103515625 1711920
1.77001953125 -0.91552734375 -0.6103515625 1712021
1.52587890625 0.06103515625 -1.89208984375 1712021
1.52587890625 0.06103515625 -1.89208984375 1712022
1.52587890625 0.06103515625 -1.89208984375 1712022
-2.0751953125 -2.685546875 -1.64794921875 1712217
0.42724609375 -0.8544921875 -0.30517578125 1712218
0.42724609375 -0.8544921875 -0.30517578125 1712218
0.42724609375 -0.8544921875 -0.30517578125 1712219
-0.67138671875 0.3662109375 1.953125 1712412
0.42724609375 -1.8310546875 -0.6103515625 1712413
0.42724609375 -1.8310546875 -0.6103515625 1712414
0.42724609375 -1.8310546875 -0.6103515625 1712414
0.42724609375 -1.8310546875 -0.6103515625 1712515
-1.8310546875 0.48828125 0.42724609375 1712515
-1.8310546875 0.48828125 0.42724609375 1712516
-1.8310546875 0.48828125 0.42724609375 1712516
-1.8310546875 0.48828125 0.42724609375 1712617
-2.62451171875 0.1220703125 1.28173828125 1712618
-2.62451171875 0.1220703125 1.28173828125 1712618
-2.62451171875 0.1220703125 1.28173828125 1712619
-2.62451171875 0.1220703125 1.28173828125 1712720
1.0986328125 -1.8310546875 -0.67138671875 1712721
1.0986328125 -1.8310546875 -0.67138671875 1712721
1.0986328125 -1.8310546875 -0.67138671875 1712722
1.0986328125 -1.8310546875 -0.67138671875 1712822
3.23486328125 -1.77001953125 -3.173828125 1712822
3.23486328125 -1.77001953125 -3.173828125 1712823
3.23486328125 -1.77001953125 -3.173828125 1712824
0.9765625 -5.859375 -2.9296875 1713010
2.685546875 -5.0048828125 -3.41796875 1713011
2.685546875 -5.0048828125 -3.41796875 1713012
2.685546875 -5.0048828125 -3.41796875 1713012
2.685546875 -5.0048828125 -3.41796875 1713114
-0.3662109375 -8.48388671875 -2.62451171875 1713115
-0.3662109375 -8.48388671875 -2.62451171875 1713115
-0.3662109375 -8.48388671875 -2.62451171875 1713116
1.77001953125 -7.4462890625 -8.23974609375 1713216
1.77001953125 -7.4462890625 -8.23974609375 1713217
1.77001953125 -7.4462890625 -8.23974609375 1713218
1.77001953125 -7.4462890625 -8.23974609375 1713319
2.8076171875 -6.34765625 -10.07080078125 1713320
2.8076171875 -6.34765625 -10.07080078125 1713320
2.8076171875 -6.34765625 -10.07080078125 1713320
2.8076171875 -6.34765625 -10.07080078125 1713422
-3.47900390625 -5.55419921875 -13.427734375 1713422
-3.47900390625 -5.55419921875 -13.427734375 1713423
-3.47900390625 -5.55419921875 -13.427734375 1713424
-5.31005859375 -6.89697265625 -13.85498046875 1713610
-3.96728515625 -2.0751953125 -19.4091796875 1713611
-3.96728515625 -2.0751953125 -19.4091796875 1713611
-3.96728515625 -2.0751953125 -19.4091796875 1713612
-3.96728515625 -2.0751953125 -19.4091796875 1713713
-6.89697265625 -2.74658203125 -20.3857421875 1713714
-6.89697265625 -2.74658203125 -20.3857421875 1713714
-6.89697265625 -2.74658203125 -20.3857421875 1713715
-6.89697265625 -2.74658203125 -20.3857421875 1713816
13.671875 -16.2353515625 -7.38525390625 1713816
13.671875 -16.2353515625 -7.38525390625 1713817
13.671875 -16.2353515625 -7.38525390625 1713818
13.671875 -16.2353515625 -7.38525390625 1713917
26.4892578125 -63.8427734375 18.00537109375 1713917
26.4892578125 -63.8427734375 18.00537109375 1713918
26.4892578125 -63.8427734375 18.00537109375 1713918
26.4892578125 -63.8427734375 18.00537109375 1714020
36.92626953125 -148.98681640625 65.673828125 1714021
36.92626953125 -148.98681640625 65.673828125 1714021
36.92626953125 -148.98681640625 65.673828125 1714022
17.2119140625 -131.103515625 70.98388671875 1714211
-1.46484375 -148.86474609375 62.3779296875 1714211
-1.46484375 -148.86474609375 62.3779296875 1714212
-1.46484375 -148.86474609375 62.3779296875 1714212
-1.46484375 -148.86474609375 62.3779296875 1714313
-12.6953125 -156.55517578125 61.279296875 1714314
-12.6953125 -156.55517578125 61.279296875 1714314
-12.6953125 -156.55517578125 61.279296875 1714315
-27.34375 -114.3798828125 73.8525390625 1714517
-6.77490234375 -75.68359375 -197.509765625 1714518
-6.77490234375 -75.68359375 -197.509765625 1714518
-6.77490234375 -75.68359375 -197.509765625 1714519
-6.77490234375 -75.68359375 -197.509765625 1714618
-56.2744140625 156.3720703125 -27.89306640625 1714628
-56.2744140625 156.3720703125 -27.89306640625 1714629
-56.2744140625 156.3720703125 -27.89306640625 1714629
-56.2744140625 156.3720703125 -27.89306640625 1714721
-19.6533203125 206.787109375 2.50244140625 1714799
-19.6533203125 206.787109375 2.50244140625 1714800
-19.6533203125 206.787109375 2.50244140625 1714801
-19.6533203125 206.787109375 2.50244140625 1714912
13.97705078125 72.8759765625 71.83837890625 1714912
13.97705078125 72.8759765625 71.83837890625 1714913
13.97705078125 72.8759765625 71.83837890625 1714913
13.97705078125 72.8759765625 71.83837890625 1715015
85.02197265625 35.33935546875 59.75341796875 1715015
85.02197265625 35.33935546875 59.75341796875 1715016
85.02197265625 35.33935546875 59.75341796875 1715016
85.02197265625 35.33935546875 59.75341796875 1715116
51.513671875 24.0478515625 7.26318359375 1715116
51.513671875 24.0478515625 7.26318359375 1715117
51.513671875 24.0478515625 7.26318359375 1715117
51.513671875 24.0478515625 7.26318359375 1715220
65.673828125 45.0439453125 -20.1416015625 1715220
65.673828125 45.0439453125 -20.1416015625 1715221
65.673828125 45.0439453125 -20.1416015625 1715222
65.673828125 45.0439453125 -20.1416015625 1715320
16.7236328125 40.8935546875 -28.01513671875 1715321
16.7236328125 40.8935546875 -28.01513671875 1715321
16.7236328125 40.8935546875 -28.01513671875 1715322
-4.94384765625 15.7470703125 -6.34765625 1715503
2.50244140625 -3.90625 7.080078125 1715522
2.50244140625 -3.90625 7.080078125 1715523
2.50244140625 -3.90625 7.080078125 1715523
2.50244140625 -3.90625 7.080078125 1715609
5.92041015625 5.9814453125 -8.4228515625 1715712
0.48828125 -1.220703125 -6.65283203125 1715713
0.48828125 -1.220703125 -6.65283203125 1715713
0.48828125 -1.220703125 -6.65283203125 1715714
2.197265625 -6.2255859375 0.91552734375 1715816
2.197265625 -6.2255859375 0.91552734375 1715816
2.197265625 -6.2255859375 0.91552734375 1715817
2.197265625 -6.2255859375 0.91552734375 1715919
8.4228515625 -4.150390625 2.99072265625 1715920
8.4228515625 -4.150390625 2.99072265625 1715920
8.4228515625 -4.150390625 2.99072265625 1715921
-21.54541015625 5.9814453125 0.54931640625 1716113
-19.04296875 -0.8544921875 6.65283203125 1716114
-19.04296875 -0.8544921875 6.65283203125 1716114
-19.04296875 -0.8544921875 6.65283203125 1716115
-21.42333984375 2.99072265625 -5.126953125 1716215
-21.42333984375 2.99072265625 -5.126953125 1716216
-21.42333984375 2.99072265625 -5.126953125 1716216
-21.42333984375 2.99072265625 -5.126953125 1716318
-10.43701171875 1.220703125 -8.7890625 1716318
-10.43701171875 1.220703125 -8.7890625 1716319
-10.43701171875 1.220703125 -8.7890625 1716319
-4.8828125 -6.7138671875 0.30517578125 1716513
-15.2587890625 -5.67626953125 -4.94384765625 1716513
-15.2587890625 -5.67626953125 -4.94384765625 1716514
-15.2587890625 -5.67626953125 -4.94384765625 1716514
-15.2587890625 -5.67626953125 -4.94384765625 1716615
-5.2490234375 -4.57763671875 -3.23486328125 1716616
-5.2490234375 -4.57763671875 -3.23486328125 1716617
-5.2490234375 -4.57763671875 -3.23486328125 1716617
-5.2490234375 -4.57763671875 -3.23486328125 1716718
-4.39453125 -4.57763671875 -2.99072265625 1716719
-4.39453125 -4.57763671875 -2.99072265625 1716719
-4.39453125 -4.57763671875 -2.99072265625 1716720
-4.39453125 -4.57763671875 -2.99072265625 1716822
-4.638671875 -9.94873046875 2.50244140625 1716823
-4.638671875 -9.94873046875 2.50244140625 1716823
-4.638671875 -9.94873046875 2.50244140625 1716824
-0.67138671875 -5.43212890625 0.67138671875 1717008
-2.8076171875 -1.15966796875 -1.0986328125 1717009
-2.8076171875 -1.15966796875 -1.0986328125 1717009
-2.8076171875 -1.15966796875 -1.0986328125 1717010
-2.8076171875 -1.15966796875 -1.0986328125 1717112
-0.42724609375 -1.89208984375 -0.48828125 1717112
-0.42724609375 -1.89208984375 -0.48828125 1717112
-0.42724609375 -1.89208984375 -0.48828125 1717113
-0.42724609375 -1.89208984375 -0.48828125 1717214
1.708984375 -1.3427734375 0.6103515625 1717215
1.708984375 -1.3427734375 0.6103515625 1717215
1.708984375 -1.3427734375 0.6103515625 1717216
1.708984375 -1.3427734375 0.6103515625 1717315
-1.40380859375 -0.18310546875 1.0986328125 1717316
-1.40380859375 -0.18310546875 1.0986328125 1717316
-1.40380859375 -0.18310546875 1.0986328125 1717317
-1.40380859375 -0.18310546875 1.0986328125 1717420
1.64794921875 -1.3427734375 1.15966796875 1717420
1.64794921875 -1.3427734375 1.15966796875 1717421
1.64794921875 -1.3427734375 1.15966796875 1717421
0.8544921875 -1.708984375 0.6103515625 1717608
-1.15966796875 -2.62451171875 1.220703125 1717609
-1.15966796875 -2.62451171875 1.220703125 1717610
-1.15966796875 -2.62451171875 1.220703125 1717610
-1.15966796875 -2.62451171875 1.220703125 1717713
1.40380859375 -1.64794921875 2.197265625 1717713
1.40380859375 -1.64794921875 2.197265625 1717714
1.40380859375 -1.64794921875 2.197265625 1717714
1.40380859375 -1.64794921875 2.197265625 1717813
1.89208984375 -2.9296875 1.953125 1717814
1.89208984375 -2.9296875 1.953125 1717815
1.89208984375 -2.9296875 1.953125 1717815
1.89208984375 -2.9296875 1.953125 1717916
-0.1220703125 -2.13623046875 -0.48828125 1717917
-0.1220703125 -2.13623046875 -0.48828125 1717918
-0.1220703125 -2.13623046875 -0.48828125 1717919
-0.1220703125 -2.13623046875 -0.48828125 1718019
0.30517578125 -1.953125 -0.9765625 1718019
0.30517578125 -1.953125 -0.9765625 1718020
0.30517578125 -1.953125 -0.9765625 1718020
-0.67138671875 -2.01416015625 -0.1220703125 1718208
-1.46484375 -2.01416015625 -0.54931640625 1718208
-1.46484375 -2.01416015625 -0.54931640625 1718209
-1.46484375 -2.01416015625 -0.54931640625 1718209
-1.46484375 -2.01416015625 -0.54931640625 1718310
0.6103515625 -1.89208984375 0.1220703125 1718311
0.6103515625 -1.89208984375 0.1220703125 1718312
0.6103515625 -1.89208984375 0.1220703125 1718312
0.1220703125 -1.220703125 0.18310546875 1718414
0.1220703125 -1.220703125 0.18310546875 1718415
0.1220703125 -1.220703125 0.18310546875 1718415
0.1220703125 -1.220703125 0.18310546875 1718519
0.06103515625 -0.06103515625 0.48828125 1718519
0.06103515625 -0.06103515625 0.48828125 1718520
0.06103515625 -0.06103515625 0.48828125 1718520
0.06103515625 -0.06103515625 0.48828125 1718620
1.15966796875 -1.52587890625 -0.1220703125 1718621
1.15966796875 -1.52587890625 -0.1220703125 1718621
1.15966796875 -1.52587890625 -0.1220703125 1718622
-1.5869140625 1.03759765625 1.15966796875 1718806
0.18310546875 -0.3662109375 -1.5869140625 1718807
0.18310546875 -0.3662109375 -1.5869140625 1718807
0.18310546875 -0.3662109375 -1.5869140625 1718808
0.18310546875 -0.3662109375 -1.5869140625 1718908
-0.8544921875 -0.67138671875 -1.0986328125 1718908
-0.8544921875 -0.67138671875 -1.0986328125 1718909
-0.8544921875 -0.67138671875 -1.0986328125 1718909
-0.8544921875 -0.67138671875 -1.0986328125 1719012
-1.52587890625 -1.220703125 0.48828125 1719013
-1.52587890625 -1.220703125 0.48828125 1719014
-1.52587890625 -1.220703125 0.48828125 1719014
-1.220703125 -1.15966796875 0.54931640625 1719114
-1.220703125 -1.15966796875 0.54931640625 1719115
-1.220703125 -1.15966796875 0.54931640625 1719115
-1.220703125 -1.15966796875 0.54931640625 1719217
2.01416015625 -0.732421875 -0.8544921875 1719218
2.01416015625 -0.732421875 -0.8544921875 1719218
2.01416015625 -0.732421875 -0.8544921875 1719219
0.9765625 -1.28173828125 -0.6103515625 1719407
1.953125 -1.0986328125 -1.40380859375 1719407
1.953125 -1.0986328125 -1.40380859375 1719408
1.953125 -1.0986328125 -1.40380859375 1719408
1.953125 -1.0986328125 -1.40380859375 1719511
1.46484375 -0.9765625 0.244140625 1719511
1.46484375 -0.9765625 0.244140625 1719512
1.46484375 -0.9765625 0.244140625 1719513
1.46484375 -0.9765625 0.244140625 1719612
2.25830078125 -3.47900390625 -1.77001953125 1719612
2.25830078125 -3.47900390625 -1.77001953125 1719613
2.25830078125 -3.47900390625 -1.77001953125 1719716
1.64794921875 -1.40380859375 -0.8544921875 1719716
1.64794921875 -1.40380859375 -0.8544921875 1719717
1.64794921875 -1.40380859375 -0.8544921875 1719718
1.64794921875 -1.40380859375 -0.8544921875 1719818
0.30517578125 -1.953125 -3.7841796875 1719818
0.30517578125 -1.953125 -3.7841796875 1719819
0.30517578125 -1.953125 -3.7841796875 1719819
0.9765625 -2.5634765625 -3.96728515625 1720009
1.89208984375 1.708984375 -1.46484375 1720009
1.89208984375 1.708984375 -1.46484375 1720010
1.89208984375 1.708984375 -1.46484375 1720010
1.89208984375 1.708984375 -1.46484375 1720111
0.8544921875 -0.67138671875 -1.708984375 1720111
0.8544921875 -0.67138671875 -1.708984375 1720112
0.8544921875 -0.67138671875 -1.708984375 1720112
0.8544921875 -0.67138671875 -1.708984375 1720214
2.86865234375 -0.3662109375 -2.197265625 1720215
2.86865234375 -0.3662109375 -2.197265625 1720215
2.86865234375 -0.3662109375 -2.197265625 1720216
2.86865234375 -0.3662109375 -2.197265625 1720316
0.67138671875 -1.52587890625 -0.18310546875 1720317
0.67138671875 -1.52587890625 -0.18310546875 1720318
0.67138671875 -1.52587890625 -0.18310546875 1720318
0.67138671875 -1.52587890625 -0.18310546875 1720419
0.6103515625 -0.18310546875 0.244140625 1720420
0.6103515625 -0.18310546875 0.244140625 1720421
0.6103515625 -0.18310546875 0.244140625 1720421
-0.8544921875 -0.79345703125 -0.3662109375 1720610
-0.244140625 0.18310546875 0.06103515625 1720610
-0.244140625 0.18310546875 0.06103515625 1720611
-0.244140625 0.18310546875 0.06103515625 1720611
-0.244140625 0.18310546875 0.06103515625 1720711
-0.1220703125 -0.732421875 0.30517578125 1720712
-0.1220703125 -0.732421875 0.30517578125 1720712
-0.1220703125 -0.732421875 0.30517578125 1720713
-0.1220703125 -0.732421875 0.30517578125 1720814
-0.244140625 -0.9765625 0.6103515625 1720815
-0.244140625 -0.9765625 0.6103515625 1720815
-0.244140625 -0.9765625 0.6103515625 1720816
-0.244140625 -0.9765625 0.6103515625 1720916
-3.23486328125 -0.91552734375 0.9765625 1720916
-3.23486328125 -0.91552734375 0.9765625 1720917
-3.23486328125 -0.91552734375 0.9765625 1720917
-3.23486328125 -0.91552734375 0.9765625 1721018
-1.708984375 -0.732421875 0.67138671875 1721018
-1.708984375 -0.732421875 0.67138671875 1721019
-1.708984375 -0.732421875 0.67138671875 1721019
0.9765625 -0.1220703125 0.91552734375 1721206
-0.1220703125 -2.0751953125 -0.42724609375 1721206
-0.1220703125 -2.0751953125 -0.42724609375 1721207
-0.1220703125 -2.0751953125 -0.42724609375 1721207
-0.1220703125 -2.0751953125 -0.42724609375 1721309
-0.91552734375 -0.79345703125 0.42724609375 1721309
-0.91552734375 -0.79345703125 0.42724609375 1721310
-0.91552734375 -0.79345703125 0.42724609375 1721310
-0.91552734375 -0.79345703125 0.42724609375 1721410
1.15966796875 -1.28173828125 0.30517578125 1721410
1.15966796875 -1.28173828125 0.30517578125 1721411
1.15966796875 -1.28173828125 0.30517578125 1721412
1.15966796875 -1.28173828125 0.30517578125 1721514
-1.953125 -0.67138671875 -0.3662109375 1721515
-1.953125 -0.67138671875 -0.3662109375 1721516
-1.953125 -0.67138671875 -0.3662109375 1721516
-1.953125 -0.67138671875 -0.3662109375 1721617
-0.06103515625 -1.8310546875 -0.244140625 1721618
-0.06103515625 -1.8310546875 -0.244140625 1721618
-0.06103515625 -1.8310546875 -0.244140625 1721619
-1.46484375 0.48828125 -0.79345703125 1721816
-0.91552734375 -0.732421875 0.6103515625 1721817
-0.91552734375 -0.732421875 0.6103515625 1721817
-0.91552734375 -0.732421875 0.6103515625 1721818
1.40380859375 -2.13623046875 -0.06103515625 1722006
-0.54931640625 -0.18310546875 0.8544921875 1722006
-0.54931640625 -0.18310546875 0.8544921875 1722007
-0.54931640625 -0.18310546875 0.8544921875 1722007
-0.54931640625 -0.18310546875 0.8544921875 1722109
-0.9765625 -1.15966796875 0.79345703125 1722110
-0.9765625 -1.15966796875 0.79345703125 1722110
-0.9765625 -1.15966796875 0.79345703125 1722111
-0.9765625 -1.15966796875 0.79345703125 1722211
0.48828125 -2.25830078125 0.6103515625 1722211
0.48828125 -2.25830078125 0.6103515625 1722213
0.48828125 -2.25830078125 0.6103515625 1722213
0.48828125 -2.25830078125 0.6103515625 1722314
-2.197265625 0 -0.732421875 1722315
-2.197265625 0 -0.732421875 1722316
-2.197265625 0 -0.732421875 1722316
-2.197265625 0 -0.732421875 1722417
-0.8544921875 0.18310546875 -0.30517578125 1722417
-0.8544921875 0.18310546875 -0.30517578125 1722418
-0.8544921875 0.18310546875 -0.30517578125 1722419
-1.0986328125 -1.46484375 0.42724609375 1722606
-0.67138671875 -0.3662109375 1.46484375 1722607
-0.67138671875 -0.3662109375 1.46484375 1722607
-0.67138671875 -0.3662109375 1.46484375 1722608
-0.67138671875 -0.3662109375 1.46484375 1722708
1.15966796875 -0.244140625 1.953125 1722709
1.15966796875 -0.244140625 1.953125 1722709
1.15966796875 -0.244140625 1.953125 1722710
1.15966796875 -0.244140625 1.953125 1722811
0.06103515625 -1.52587890625 0.1220703125 1722812
0.06103515625 -1.52587890625 0.1220703125 1722812
0.06103515625 -1.52587890625 0.1220703125 1722813
0.06103515625 -1.52587890625 0.1220703125 1722914
-0.30517578125 -2.197265625 0.9765625 1722915
-0.30517578125 -2.197265625 0.9765625 1722915
-0.30517578125 -2.197265625 0.9765625 1722916
-0.30517578125 -2.197265625 0.9765625 1723016
-2.13623046875 -0.06103515625 1.708984375 1723017
-2.13623046875 -0.06103515625 1.708984375 1723017
-2.13623046875 -0.06103515625 1.708984375 1723018
0.48828125 -0.30517578125 -0.18310546875 1723207
0.8544921875 -1.46484375 1.0986328125 1723208
0.8544921875 -1.46484375 1.0986328125 1723208
0.8544921875 -1.46484375 1.0986328125 1723209
0.8544921875 -1.46484375 1.0986328125 1723311
-0.67138671875 0 0.732421875 1723312
-0.67138671875 0 0.732421875 1723312
-0.67138671875 0 0.732421875 1723313
-0.67138671875 0 0.732421875 1723411
-0.42724609375 -0.91552734375 0.9765625 1723514
-2.3193359375 -1.15966796875 -0.30517578125 1723516
-2.3193359375 -1.15966796875 -0.30517578125 1723517
-2.3193359375 -1.15966796875 -0.30517578125 1723517
-2.3193359375 -1.15966796875 -0.30517578125 1723617
-0.42724609375 0.48828125 1.5869140625 1723618
-0.42724609375 0.48828125 1.5869140625 1723618
-0.42724609375 0.48828125 1.5869140625 1723618
0.42724609375 -1.64794921875 0.67138671875 1723808
-0.6103515625 -1.03759765625 -0.42724609375 1723809
-0.6103515625 -1.03759765625 -0.42724609375 1723809
-0.6103515625 -1.03759765625 -0.42724609375 1723809
-0.6103515625 -1.03759765625 -0.42724609375 1723909
0.42724609375 -0.732421875 -0.06103515625 1723910
0.42724609375 -0.732421875 -0.06103515625 1723910
0.42724609375 -0.732421875 -0.06103515625 1723911
0.42724609375 -0.732421875 -0.06103515625 1724011
-1.220703125 -0.3662109375 -0.42724609375 1724011
-1.220703125 -0.3662109375 -0.42724609375 1724012
-1.220703125 -0.3662109375 -0.42724609375 1724013
-1.220703125 -0.3662109375 -0.42724609375 1724114
-2.8076171875 -0.48828125 0.06103515625 1724116
-2.8076171875 -0.48828125 0.06103515625 1724116
-2.8076171875 -0.48828125 0.06103515625 1724117
0.18310546875 -0.9765625 -0.18310546875 1724308
-1.77001953125 -0.48828125 0.3662109375 1724309
-1.77001953125 -0.48828125 0.3662109375 1724309
-1.77001953125 -0.48828125 0.3662109375 1724310
0.30517578125 -1.77001953125 -0.3662109375 1724425
0.30517578125 -1.77001953125 -0.3662109375 1724426
0.30517578125 -1.77001953125 -0.3662109375 1724426
0.30517578125 -1.77001953125 -0.3662109375 1724513
-2.44140625 0.6103515625 0.18310546875 1724614
-0.67138671875 -0.79345703125 1.46484375 1724614
-0.67138671875 -0.79345703125 1.46484375 1724615
-0.67138671875 -0.79345703125 1.46484375 1724615
-1.77001953125 -0.732421875 0.9765625 1724804
-2.01416015625 -1.28173828125 0.244140625 1724804
-2.01416015625 -1.28173828125 0.244140625 1724805
-2.01416015625 -1.28173828125 0.244140625 1724805
-2.01416015625 -1.28173828125 0.244140625 1724908
-2.0751953125 0.06103515625 0.8544921875 1724908
-2.0751953125 0.06103515625 0.8544921875 1724909
-2.0751953125 0.06103515625 0.8544921875 1724909
-2.0751953125 0.06103515625 0.8544921875 1725017
0.1220703125 -0.67138671875 -0.06103515625 1725017
0.1220703125 -0.67138671875 -0.06103515625 1725018
0.1220703125 -0.67138671875 -0.06103515625 1725019
-0.42724609375 -1.3427734375 -0.3662109375 1725206
-1.03759765625 -1.15966796875 0.8544921875 1725206
-1.03759765625 -1.15966796875 0.8544921875 1725206
-1.03759765625 -1.15966796875 0.8544921875 1725207
-1.03759765625 -1.15966796875 0.8544921875 1725308
1.46484375 -0.48828125 0.06103515625 1725309
1.46484375 -0.48828125 0.06103515625 1725309
1.46484375 -0.48828125 0.06103515625 1725310
1.46484375 -0.48828125 0.06103515625 1725412
0.48828125 -1.40380859375 0.48828125 1725413
0.48828125 -1.40380859375 0.48828125 1725413
0.48828125 -1.40380859375 0.48828125 1725414
0.48828125 -1.40380859375 0.48828125 1725513
0.06103515625 -1.220703125 0.67138671875 1725514
0.06103515625 -1.220703125 0.67138671875 1725514
0.06103515625 -1.220703125 0.67138671875 1725515
0.06103515625 -1.220703125 0.67138671875 1725616
1.03759765625 -2.25830078125 0 1725617
1.03759765625 -2.25830078125 0 1725618
1.03759765625 -2.25830078125 0 1725619
1.46484375 -0.42724609375 -0.18310546875 1725806
0.42724609375 -1.953125 0.42724609375 1725807
0.42724609375 -1.953125 0.42724609375 1725807
0.42724609375 -1.953125 0.42724609375 1725808
0.42724609375 -1.953125 0.42724609375 1725910
2.0751953125 -5.79833984375 -1.15966796875 1725911
2.0751953125 -5.79833984375 -1.15966796875 1725911
2.0751953125 -5.79833984375 -1.15966796875 1725912
2.0751953125 -5.79833984375 -1.15966796875 1726011
2.01416015625 -13.0615234375 -5.126953125 1726011
2.01416015625 -13.0615234375 -5.126953125 1726012
2.01416015625 -13.0615234375 -5.126953125 1726012
2.01416015625 -13.0615234375 -5.126953125 1726114
5.0048828125 -15.80810546875 -7.75146484375 1726115
5.0048828125 -15.80810546875 -7.75146484375 1726115
5.0048828125 -15.80810546875 -7.75146484375 1726116
5.0048828125 -15.80810546875 -7.75146484375 1726216
0.54931640625 -17.7001953125 -13.12255859375 1726217
0.54931640625 -17.7001953125 -13.12255859375 1726217
0.54931640625 -17.7001953125 -13.12255859375 1726218
-3.173828125 -16.2353515625 -13.916015625 1726407
-6.4697265625 -2.5634765625 -22.3388671875 1726408
-6.4697265625 -2.5634765625 -22.3388671875 1726408
-6.4697265625 -2.5634765625 -22.3388671875 1726409
-5.615234375 -4.0283203125 -17.7001953125 1726510
-5.615234375 -4.0283203125 -17.7001953125 1726511
-5.615234375 -4.0283203125 -17.7001953125 1726511
-5.615234375 -4.0283203125 -17.7001953125 1726614
-6.53076171875 -7.38525390625 -17.2119140625 1726615
-6.53076171875 -7.38525390625 -17.2119140625 1726615
-6.53076171875 -7.38525390625 -17.2119140625 1726616
-0.244140625 -4.8828125 -21.6064453125 1726803
9.21630859375 -21.54541015625 -14.0380859375 1726804
9.21630859375 -21.54541015625 -14.0380859375 1726804
9.21630859375 -21.54541015625 -14.0380859375 1726805
9.21630859375 -21.54541015625 -14.0380859375 1726906
21.97265625 -71.59423828125 15.44189453125 1726906
21.97265625 -71.59423828125 15.44189453125 1726906
21.97265625 -71.59423828125 15.44189453125 1726907
11.962890625 -120.1171875 45.654296875 1727012
11.962890625 -120.1171875 45.654296875 1727012
11.962890625 -120.1171875 45.654296875 1727013
11.962890625 -120.1171875 45.654296875 1727113
-4.638671875 -109.43603515625 52.8564453125 1727114
-4.638671875 -109.43603515625 52.8564453125 1727114
-4.638671875 -109.43603515625 52.8564453125 1727115
-16.90673828125 -111.87744140625 39.0625 1727307
-8.7890625 -92.1630859375 36.31591796875 1727308
-8.7890625 -92.1630859375 36.31591796875 1727308
-8.7890625 -92.1630859375 36.31591796875 1727309
-8.7890625 -92.1630859375 36.31591796875 1727410
-16.7236328125 -108.642578125 41.8701171875 1727410
-16.7236328125 -108.642578125 41.8701171875 1727410
-16.7236328125 -108.642578125 41.8701171875 1727410
