-939 1786671
509 1786671
505 1786672
512 1786672
507 1786672
512 1786672
509 1786673
508 1786673
506 1786673
507 1786673
510 1786674
509 1786674
509 1786674
510 1786674
507 1786674
508 1786675
513 1786675
507 1786675
507 1786675
510 1786675
507 1786676
506 1786676
509 1786676
513 1786676
509 1786678
510 1786678
510 1786678
509 1786678
510 1786679
511 1786679
509 1786679
505 1786679
508 1786680
505 1786680
509 1786680
510 1786680
509 1786680
511 1786681
512 1786681
509 1786681
512 1786681
510 1786682
508 1786682
509 1786682
506 1786682
506 1786682
505 1786683
509 1786683
512 1786683
510 1786683
510 1786683
510 1786683
510 1786684
509 1786684
510 1786684
509 1786684
511 1786684
511 1786684
509 1786685
510 1786685
508 1786685
509 1786685
508 1786688
508 1786688
510 1786773
509 1786780
511 1786790
507 1786800
511 1786810
506 1786820
509 1786830
510 1786838
511 1786850
510 1786858
508 1786882
509 1786882
509 1786888
510 1786900
508 1786908
509 1786919
510 1786928
510 1786940
511 1786949
510 1786960
512 1786994
511 1786999
506 1786999
514 1787002
509 1787010
516 1787019
510 1787030
509 1787038
508 1787050
506 1787059
507 1787083
508 1787083
509 1787088
511 1787100
510 1787121
509 1787123
511 1787131
511 1787152
509 1787152
511 1787158
517 1787182
506 1787182
510 1787200
507 1787203
528 1787220
501 1787230
503 1787249
503 1787263
528 1787263
513 1787268
502 1787292
527 1787292
509 1787298
504 1787322
509 1787322
509 1787328
510 1787340
506 1787348
510 1787360
506 1787368
508 1787380
508 1787388
510 1787400
511 1787408
508 1787420
508 1787428
509 1787453
508 1787453
509 1787458
508 1787470
508 1787478
507 1787490
515 1787498
506 1787510
510 1787518
509 1787530
510 1787538
509 1787550
510 1787558
511 1787582
508 1787582
509 1787588
511 1787600
502 1787608
503 1787620
507 1787628
509 1787639
511 1787648
507 1787659
510 1787668
503 1787679
504 1787688
511 1787700
494 1787708
515 1787720
486 1787728
511 1787740
516 1787748
524 1787760
506 1787768
500 1787780
506 1787788
505 1787800
512 1787821
505 1787823
511 1787830
508 1787839
509 1787848
510 1787860
510 1787868
507 1787892
507 1787892
509 1787898
509 1787922
508 1787922
510 1787928
508 1787940
508 1787958
510 1787969
510 1787989
504 1788002
507 1788002
505 1788021
515 1788023
508 1788030
506 1788040
507 1788061
509 1788063
509 1788070
510 1788080
507 1788088
509 1788100
508 1788108
509 1788120
509 1788128
508 1788139
510 1788148
510 1788160
507 1788168
508 1788180
510 1788188
510 1788212
509 1788212
509 1788218
509 1788229
508 1788238
510 1788249
507 1788259
508 1788270
510 1788279
510 1788303
505 1788303
502 1788309
507 1788320
510 1788329
513 1788340
507 1788348
509 1788360
507 1788381
505 1788383
509 1788390
509 1788413
511 1788413
509 1788418
513 1788430
506 1788438
506 1788476
509 1788478
509 1788480
509 1788482
509 1788488
507 1788500
509 1788519
509 1788533
510 1788533
507 1788538
508 1788550
509 1788558
507 1788570
507 1788578
510 1788590
508 1788598
510 1788620
508 1788630
508 1788633
507 1788640
511 1788650
503 1788658
508 1788670
509 1788678
509 1788689
512 1788709
508 1788733
509 1788733
508 1788738
511 1788763
508 1788763
508 1788769
514 1788801
516 1788809
510 1788826
506 1788828
509 1788830
507 1788832
509 1788838
509 1788850
507 1788871
510 1788873
510 1788880
505 1788890
509 1788898
509 1788910
510 1788918
512 1788930
506 1788938
506 1788950
504 1788958
509 1788970
507 1788978
510 1788990
510 1788998
507 1789009
505 1789018
498 1789030
510 1789039
512 1789063
509 1789063
510 1789068
510 1789080
509 1789088
507 1789100
509 1789108
506 1789120
510 1789141
509 1789143
508 1789151
511 1789160
510 1789169
508 1789180
508 1789201
508 1789203
509 1789210
509 1789220
509 1789228
505 1789240
511 1789273
510 1789280
509 1789280
507 1789280
508 1789288
511 1789313
510 1789313
505 1789318
507 1789330
507 1789338
508 1789350
510 1789358
510 1789370
505 1789378
509 1789390
511 1789398
508 1789410
507 1789430
509 1789433
510 1789450
508 1789460
510 1789468
508 1789481
507 1789489
510 1789501
509 1789509
507 1789520
507 1789528
512 1789540
513 1789548
509 1789560
510 1789568
508 1789580
508 1789588
510 1789603
509 1789611
510 1789620
510 1789628
512 1789640
508 1789648
507 1789660
509 1789668
507 1789680
509 1789688
509 1789700
506 1789708
508 1789720
509 1789728
511 1789740
509 1789748
509 1789760
508 1789768
509 1789780
508 1789788
509 1789799
510 1789808
507 1789820
510 1789829
507 1789840
508 1789848
507 1789860
507 1789868
510 1789880
509 1789888
510 1789899
506 1789908
511 1789920
508 1789928
511 1789940
505 1789948
504 1789960
503 1789968
518 1789980
497 1789988
516 1790000
498 1790009
502 1790020
502 1790028
505 1790039
512 1790048
512 1790072
505 1790072
513 1790078
507 1790089
510 1790111
509 1790113
509 1790132
507 1790132
510 1790140
509 1790158
509 1790172
508 1790172
508 1790178
511 1790200
509 1790208
507 1790220
508 1790229
510 1790240
509 1790248
507 1790260
505 1790268
501 1790280
508 1790289
515 1790300
506 1790309
522 1790320
511 1790329
500 1790340
484 1790349
509 1790360
510 1790381
516 1790383
503 1790391
503 1790399
509 1790421
510 1790423
506 1790430
497 1790440
519 1790448
501 1790460
492 1790468
530 1790480
536 1790501
544 1790502
488 1790510
515 1790520
511 1790528
501 1790540
497 1790548
514 1790560
504 1790568
509 1790580
506 1790588
508 1790607
504 1790609
508 1790619
507 1790628
507 1790652
509 1790652
510 1790684
504 1790690
511 1790690
511 1790692
522 1790700
521 1790721
495 1790722
524 1790742
509 1790742
508 1790749
510 1790758
516 1790770
505 1790779
508 1790790
511 1790798
513 1790810
509 1790819
510 1790830
513 1790838
509 1790850
507 1790858
511 1790870
510 1790878
509 1790890
509 1790898
513 1790910
513 1790929
511 1790953
508 1790965
508 1790966
509 1790970
506 1790978
510 1790990
509 1790998
511 1791010
488 1791018
511 1791030
514 1791038
516 1791050
507 1791058
513 1791070
511 1791078
509 1791089
515 1791098
506 1791110
507 1791119
511 1791130
507 1791138
512 1791150
507 1791158
511 1791169
513 1791178
510 1791190
508 1791198
507 1791210
509 1791231
511 1791233
507 1791240
508 1791250
509 1791258
508 1791270
511 1791278
510 1791302
506 1791302
510 1791308
509 1791320
508 1791328
507 1791340
506 1791349
510 1791360
508 1791368
510 1791380
509 1791387
511 1791423
506 1791431
509 1791433
507 1791433
510 1791439
509 1791468
508 1791504
507 1791518
509 1791520
507 1791520
509 1791522
507 1791522
508 1791559
510 1791591
510 1791591
508 1791593
508 1791593
510 1791595
508 1791642
509 1791648
511 1791650
508 1791650
511 1791652
509 1791652
509 1791654
509 1791654
509 1791681
509 1791703
510 1791705
508 1791707
506 1791750
505 1791752
509 1791752
510 1791754
509 1791754
507 1791759
511 1791793
511 1791793
510 1791819
508 1791852
508 1791852
509 1791854
510 1791854
508 1791856
508 1791863
512 1791863
510 1791870
510 1791901
506 1791903
509 1791939
509 1791939
508 1791939
508 1791942
510 1791952
513 1791953
511 1791962
510 1791967
508 1791979
510 1791987
509 1791999
509 1792020
511 1792023
508 1792030
510 1792053
511 1792053
510 1792058
508 1792070
509 1792103
510 1792106
510 1792108
510 1792118
510 1792130
509 1792138
510 1792162
509 1792162
507 1792168
507 1792192
510 1792192
509 1792198
507 1792210
509 1792230
508 1792233
509 1792243
510 1792249
507 1792258
508 1792269
510 1792278
510 1792302
509 1792302
507 1792308
511 1792332
509 1792332
509 1792339
508 1792376
506 1792378
510 1792378
508 1792393
510 1792393
509 1792431
511 1792434
510 1792445
513 1792445
509 1792451
507 1792451
508 1792478
507 1792510
508 1792510
513 1792512
511 1792512
509 1792530
511 1792533
509 1792533
507 1792538
507 1792550
509 1792558
509 1792570
510 1792578
507 1792603
508 1792610
509 1792661
508 1792663
506 1792663
508 1792665
509 1792671
509 1792673
508 1792673
504 1792693
510 1792694
512 1792700
508 1792708
510 1792720
508 1792741
510 1792743
507 1792776
509 1792776
509 1792778
510 1792792
509 1792792
510 1792841
507 1792841
507 1792843
508 1792843
508 1792845
510 1792849
509 1792860
509 1792868
510 1792880
497 1792952
487 1792954
512 1792958
507 1792958
505 1792958
535 1792960
495 1792972
520 1792974
504 1792975
499 1792979
504 1793001
505 1793002
510 1793011
507 1793019
510 1793040
510 1793043
508 1793092
508 1793092
511 1793094
508 1793094
511 1793095
507 1793098
511 1793109
511 1793131
509 1793132
510 1793140
510 1793149
509 1793168
511 1793179
512 1793214
509 1793217
511 1793217
511 1793231
510 1793233
511 1793240
508 1793250
511 1793271
509 1793273
505 1793280
508 1793290
509 1793298
507 1793322
507 1793323
506 1793340
508 1793342
509 1793350
510 1793359
506 1793381
506 1793383
511 1793391
509 1793412
514 1793412
511 1793443
510 1793445
506 1793447
510 1793461
505 1793462
510 1793482
504 1793482
508 1793500
510 1793511
508 1793513
509 1793532
507 1793532
508 1793539
507 1793549
509 1793586
508 1793588
509 1793590
508 1793590
508 1793613
509 1793613
509 1793619
512 1793641
511 1793642
507 1793659
507 1793670
507 1793678
508 1793689
511 1793711
508 1793712
508 1793745
512 1793745
508 1793750
508 1793750
509 1793758
511 1793782
509 1793783
510 1793801
510 1793803
510 1793810
512 1793820
510 1793828
507 1793852
508 1793852
510 1793871
511 1793872
508 1793905
510 1793905
509 1793908
507 1793921
510 1793922
507 1793942
509 1793943
509 1793951
508 1793971
510 1793973
509 1793993
509 1793993
510 1794012
509 1794012
507 1794028
508 1794053
510 1794053
508 1794053
509 1794058
510 1794082
510 1794082
510 1794100
511 1794103
512 1794161
506 1794161
509 1794163
507 1794163
510 1794165
508 1794170
509 1794172
508 1794179
510 1794202
508 1794202
507 1794220
508 1794222
509 1794284
509 1794284
508 1794286
508 1794295
509 1794295
511 1794295
508 1794295
508 1794313
509 1794313
506 1794318
509 1794340
507 1794348
509 1794360
508 1794380
511 1794383
509 1794411
509 1794464
509 1794464
510 1794466
509 1794468
507 1794468
509 1794470
507 1794479
510 1794509
510 1794511
510 1794511
508 1794511
508 1794513
509 1794522
511 1794522
511 1794540
510 1794542
511 1794601
510 1794601
508 1794601
506 1794604
510 1794604
511 1794610
509 1794660
507 1794692
507 1794695
511 1794697
507 1794699
509 1794699
507 1794701
505 1794710
508 1794726
508 1794728
509 1794730
508 1794732
510 1794750
511 1794752
506 1794782
505 1794782
507 1794782
510 1794802
510 1794802
511 1794820
511 1794823
508 1794854
513 1794856
507 1794858
509 1794870
510 1794872
508 1794892
509 1794893
508 1794912
508 1794912
507 1794943
512 1794946
509 1794948
509 1794961
508 1794963
509 1794984
510 1794984
506 1795042
511 1795042
508 1795044
511 1795044
510 1795046
505 1795053
505 1795053
508 1795086
507 1795088
509 1795088
510 1795102
509 1795102
511 1795159
511 1795162
509 1795162
509 1795164
509 1795164
508 1795168
510 1795192
508 1795192
509 1795193
509 1795211
509 1795213
509 1795220
507 1795242
509 1795242
509 1795260
510 1795263
511 1795279
509 1795316
510 1795318
512 1795318
512 1795333
509 1795333
507 1795350
506 1795353
511 1795412
510 1795412
508 1795415
510 1795415
511 1795420
509 1795420
509 1795456
509 1795458
509 1795458
509 1795470
509 1795472
509 1795472
509 1795557
508 1795559
510 1795559
506 1795569
506 1795569
508 1795569
508 1795569
510 1795597
507 1795599
511 1795601
510 1795601
509 1795637
508 1795637
508 1795639
507 1795639
511 1795641
509 1795649
510 1795683
506 1795683
510 1795708
510 1795710
509 1795710
509 1795712
509 1795771
510 1795773
510 1795790
508 1795811
508 1795847
512 1795850
510 1795850
508 1795852
507 1795891
505 1795893
508 1795922
508 1795922
509 1795922
510 1795924
511 1795931
510 1795948
509 1795948
507 1795962
509 1795962
509 1795962
510 1795962
507 1795962
510 1795963
508 1796017
509 1796021
510 1796021
506 1796023
509 1796023
508 1796025
509 1796027
509 1796082
510 1796085
509 1796092
511 1796092
508 1796094
508 1796096
510 1796098
510 1796098
508 1796125
509 1796125
508 1796127
509 1796142
511 1796142
508 1796169
508 1796196
506 1796198
511 1796198
506 1796250
511 1796279
509 1796332
509 1796332
509 1796334
509 1796336
510 1796338
507 1796338
509 1796348
507 1796348
510 1796348
509 1796348
511 1796348
508 1796349
508 1796349
509 1796353
508 1796353
509 1796371
508 1796373
508 1796392
509 1796429
507 1796429
509 1796432
512 1796432
508 1796442
507 1796442
510 1796460
510 1796463
510 1796523
510 1796523
509 1796525
505 1796532
511 1796532
510 1796534
506 1796534
508 1796562
509 1796562
508 1796583
510 1796583
509 1796600
509 1796603
513 1796662
512 1796662
508 1796664
506 1796664
508 1796666
509 1796666
508 1796673
508 1796673
511 1796692
512 1796692
510 1796723
508 1796723
509 1796743
508 1796745
507 1796747
506 1796759
511 1796772
507 1796772
512 1796790
510 1796793
509 1796812
506 1796812
511 1796830
506 1796884
508 1796887
510 1796889
510 1796907
511 1796909
509 1796909
509 1796911
508 1796935
509 1796938
508 1796938
511 1796952
511 1796952
510 1796972
510 1796972
510 1796977
508 1797002
509 1797002
509 1797022
509 1797025
510 1797042
512 1797042
509 1797062
510 1797062
511 1797068
511 1797092
510 1797092
507 1797110
510 1797113
509 1797120
507 1797130
508 1797164
507 1797168
512 1797168
511 1797180
510 1797182
509 1797202
510 1797202
511 1797234
508 1797236
509 1797236
510 1797312
510 1797312
508 1797314
509 1797316
508 1797318
506 1797330
511 1797331
507 1797349
511 1797349
509 1797351
510 1797351
510 1797362
508 1797362
509 1797394
510 1797398
508 1797398
509 1797410
510 1797413
510 1797432
508 1797433
511 1797465
509 1797467
506 1797467
508 1797482
510 1797482
507 1797499
509 1797512
509 1797512
511 1797530
509 1797533
512 1797579
507 1797579
507 1797579
507 1797581
509 1797629
508 1797629
509 1797629
507 1797631
510 1797642
509 1797642
507 1797703
510 1797703
508 1797705
507 1797710
511 1797710
507 1797712
508 1797712
510 1797746
510 1797746
506 1797748
508 1797789
506 1797789
509 1797791
508 1797791
508 1797843
508 1797843
509 1797883
508 1797886
506 1797886
507 1797886
509 1797956
509 1797956
510 1797956
508 1797956
510 1797956
510 1797957
510 1797957
509 1798032
509 1798032
510 1798032
508 1798033
508 1798033
509 1798033
508 1798033
510 1798033
510 1798034
508 1798034
508 1798034
507 1798131
508 1798131
508 1798255
508 1798258
508 1798259
509 1798262
509 1798262
507 1798262
506 1798263
509 1798263
509 1798263
506 1798263
509 1798263
511 1798371
511 1798371
511 1798372
510 1798372
508 1798372
506 1798372
508 1798373
510 1798373
508 1798373
510 1798375
511 1798375
511 1798375
510 1798375
509 1798375
509 1798379
508 1798379
510 1798379
509 1798379
510 1798388
511 1798388
511 1798388
509 1798419
507 1798421
508 1798421
508 1798433
509 1798433
509 1798443
507 1798443
510 1798461
511 1798463
508 1798482
507 1798482
509 1798502
508 1798518
508 1798523
508 1798526
509 1798552
508 1798552
508 1798573
508 1798573
506 1798594
507 1798598
509 1798598
508 1798610
509 1798612
509 1798619
508 1798642
508 1798642
510 1798660
508 1798662
506 1798692
510 1798692
508 1798712
509 1798712
509 1798730
510 1798732
510 1798752
511 1798752
507 1798786
508 1798788
508 1798788
506 1798790
508 1798792
510 1798823
509 1798825
509 1798830
508 1798830
507 1798852
509 1798852
507 1798870
507 1798873
510 1798892
508 1798892
509 1798925
506 1798925
511 1798927
507 1798969
510 1798969
508 1798971
509 1798971
510 1798980
506 1799040
505 1799042
510 1799042
509 1799044
509 1799047
507 1799052
507 1799052
510 1799057
508 1799100
510 1799123
509 1799126
508 1799128
508 1799158
509 1799161
508 1799161
508 1799163
510 1799200
507 1799202
508 1799202
511 1799204
508 1799207
510 1799225
508 1799225
508 1799227
508 1799281
508 1799294
508 1799297
508 1799299
510 1799320
510 1799322
510 1799322
510 1799324
508 1799327
508 1799332
508 1799332
508 1799338
510 1799363
511 1799363
510 1799380
511 1799382
509 1799402
506 1799402
508 1799433
507 1799433
509 1799483
509 1799485
509 1799491
510 1799491
508 1799491
510 1799493
507 1799493
510 1799500
508 1799553
507 1799553
507 1799569
510 1799572
508 1799572
511 1799574
509 1799574
508 1799614
508 1799618
510 1799618
507 1799630
508 1799633
508 1799639
507 1799649
508 1799658
509 1799682
510 1799682
509 1799700
508 1799702
506 1799763
512 1799763
511 1799782
508 1799782
508 1799786
509 1799787
508 1799787
510 1799860
508 1799860
509 1799862
508 1799862
508 1799864
508 1799864
508 1799864
510 1799868
509 1799868
509 1799960
506 1799960
506 1799960
510 1799960
510 1799962
510 1799962
510 1799966
513 1799967
502 1799967
517 1799972
508 1799979
507 1800004
514 1800006
517 1800010
507 1800010
509 1800030
513 1800032
509 1800081
509 1800081
511 1800083
509 1800083
510 1800088
509 1800090
507 1800099
507 1800121
507 1800123
510 1800142
510 1800143
508 1800162
508 1800162
510 1800168
508 1800230
511 1800268
509 1800270
510 1800270
510 1800271
504 1800289
506 1800291
507 1800293
507 1800293
497 1800293
512 1800295
509 1800306
510 1800306
509 1800308
512 1800361
512 1800361
509 1800363
507 1800363
513 1800365
510 1800370
510 1800380
507 1800400
508 1800403
509 1800422
510 1800422
507 1800442
508 1800442
507 1800474
513 1800476
527 1800478
492 1800491
517 1800492
497 1800547
491 1800548
500 1800548
517 1800564
511 1800566
501 1800567
511 1800583
506 1800583
510 1800589
510 1800598
510 1800609
510 1800628
507 1800680
509 1800717
510 1800720
510 1800720
509 1800722
509 1800722
508 1800722
510 1800724
512 1800751
508 1800751
518 1800754
506 1800755
504 1800755
504 1800772
509 1800772
509 1800790
509 1800792
507 1800800
510 1800809
506 1800818
508 1800842
509 1800842
509 1800883
508 1800887
510 1800887
510 1800901
508 1800902
507 1800909
505 1800961
508 1800961
509 1800964
507 1800964
512 1800964
506 1800964
514 1800982
513 1800982
507 1801000
503 1801002
516 1801023
525 1801023
505 1801029
518 1801038
506 1801049
514 1801058
506 1801070
505 1801078
511 1801089
508 1801111
518 1801112
512 1801132
526 1801132
485 1801139
548 1801161
533 1801162
515 1801170
520 1801179
524 1801188
521 1801200
515 1801208
512 1801219
502 1801240
511 1801242
513 1801250
510 1801260
509 1801268
508 1801279
507 1801288
511 1801302
509 1801308
509 1801330
509 1801338
507 1801350
507 1801358
509 1801370
507 1801378
506 1801389
507 1801398
509 1801410
511 1801418
511 1801430
509 1801438
508 1801450
509 1801458
508 1801482
509 1801482
508 1801487
506 1801512
512 1801512
508 1801518
511 1801530
507 1801538
509 1801550
507 1801558
511 1801583
510 1801583
510 1801588
508 1801600
510 1801608
508 1801620
510 1801628
508 1801640
507 1801648
506 1801660
512 1801668
510 1801680
510 1801688
509 1801712
513 1801712
508 1801718
507 1801742
508 1801742
508 1801760
510 1801762
506 1801780
510 1801792
510 1801792
512 1801797
509 1801852
506 1801852
508 1801867
512 1801867
511 1801867
510 1801867
507 1801870
510 1801880
511 1801890
509 1801898
507 1801910
504 1801918
509 1801930
508 1801938
508 1801950
509 1801958
507 1801970
511 1801990
509 1801992
505 1801999
509 1802024
508 1802024
508 1802027
510 1802049
506 1802058
508 1802069
509 1802078
509 1802089
509 1802097
507 1802109
507 1802117
507 1802142
511 1802142
509 1802147
508 1802159
510 1802167
509 1802180
508 1802187
507 1802213
507 1802213
508 1802218
509 1802230
510 1802251
509 1802253
507 1802260
515 1802282
508 1802282
507 1802288
506 1802299
510 1802308
508 1802320
507 1802328
508 1802339
510 1802348
512 1802359
510 1802367
508 1802392
507 1802392
510 1802397
511 1802422
508 1802422
507 1802427
507 1802451
510 1802451
511 1802457
506 1802469
508 1802489
511 1802492
510 1802499
508 1802510
510 1802518
508 1802530
508 1802538
509 1802550
508 1802558
507 1802569
510 1802578
509 1802589
505 1802598
511 1802609
509 1802617
512 1802629
510 1802637
510 1802649
509 1802657
509 1802669
508 1802693
508 1802694
508 1802699
512 1802707
511 1802719
511 1802727
507 1802739
506 1802748
511 1802760
508 1802768
508 1802779
510 1802788
512 1802809
508 1802818
510 1802829
509 1802838
508 1802861
509 1802861
507 1802893
507 1802895
509 1802900
509 1802900
505 1802909
512 1802918
510 1802929
508 1802938
509 1802949
509 1802958
515 1802969
515 1802978
512 1802989
516 1802998
506 1803009
514 1803018
516 1803029
507 1803038
511 1803049
505 1803058
506 1803069
506 1803078
506 1803089
509 1803098
514 1803109
507 1803118
507 1803129
509 1803138
508 1803149
509 1803158
509 1803169
512 1803178
509 1803202
510 1803202
509 1803208
507 1803233
509 1803233
509 1803251
508 1803252
507 1803260
502 1803269
511 1803303
514 1803305
503 1803310
511 1803310
495 1803331
504 1803331
510 1803338
518 1803349
515 1803358
512 1803369
512 1803386
508 1803401
514 1803401
507 1803408
511 1803419
514 1803428
513 1803439
506 1803448
509 1803459
530 1803468
487 1803480
518 1803488
502 1803499
513 1803520
500 1803524
493 1803528
514 1803549
512 1803558
513 1803569
513 1803578
510 1803589
509 1803598
509 1803609
513 1803618
508 1803629
507 1803638
510 1803649
509 1803658
508 1803669
505 1803678
504 1803702
500 1803702
496 1803708
517 1803720
527 1803728
490 1803740
501 1803748
508 1803772
508 1803772
497 1803778
521 1803802
514 1803802
509 1803808
508 1803819
506 1803841
509 1803843
513 1803850
506 1803859
506 1803874
508 1803879
508 1803888
508 1803899
509 1803908
509 1803932
511 1803932
509 1803938
508 1803949
508 1803958
505 1803970
507 1803978
512 1803989
501 1803998
505 1804035
508 1804038
521 1804040
519 1804040
507 1804076
509 1804078
509 1804080
507 1804080
508 1804088
510 1804099
508 1804108
511 1804119
511 1804165
510 1804166
507 1804166
510 1804166
508 1804206
510 1804208
506 1804211
508 1804211
511 1804232
512 1804232
507 1804239
509 1804247
509 1804259
508 1804267
508 1804279
509 1804298
510 1804312
507 1804312
509 1804317
507 1804329
508 1804338
509 1804350
509 1804358
508 1804370
508 1804378
509 1804389
507 1804398
511 1804409
511 1804417
506 1804429
512 1804437
508 1804449
508 1804457
509 1804469
510 1804477
509 1804489
512 1804497
510 1804509
509 1804517
509 1804529
508 1804537
508 1804549
511 1804558
507 1804569
511 1804577
511 1804602
508 1804602
509 1804620
509 1804622
508 1804630
509 1804640
508 1804648
511 1804660
508 1804668
512 1804680
506 1804688
510 1804700
507 1804708
506 1804720
506 1804740
508 1804742
508 1804749
506 1804759
511 1804767
509 1804779
509 1804787
508 1804799
507 1804807
510 1804819
505 1804827
508 1804839
510 1804847
508 1804859
511 1804867
509 1804879
510 1804887
509 1804899
511 1804907
508 1804919
510 1804927
507 1804939
509 1804947
509 1804960
508 1804968
506 1804980
509 1804988
509 1805000
511 1805008
509 1805030
509 1805051
508 1805053
509 1805060
510 1805086
507 1805086
509 1805089
508 1805112
510 1805112
509 1805118
507 1805129
509 1805151
511 1805153
514 1805159
508 1805169
509 1805190
510 1805192
510 1805199
511 1805209
509 1805302
509 1805303
509 1805306
509 1805308
509 1805308
509 1805310
510 1805310
510 1805312
509 1805312
507 1805320
509 1805323
511 1805351
509 1805379
505 1805379
508 1805381
510 1805381
507 1805390
509 1805399
507 1805412
509 1805412
510 1805418
509 1805442
508 1805442
506 1805457
510 1805482
508 1805482
509 1805514
505 1805518
507 1805518
510 1805518
507 1805530
508 1805532
509 1805551
507 1805551
506 1805559
510 1805567
509 1805579
510 1805600
508 1805602
510 1805621
507 1805621
507 1805656
509 1805658
507 1805658
508 1805672
511 1805672
508 1805678
507 1805690
512 1805710
509 1805713
505 1805720
506 1805739
508 1805761
509 1805762
509 1805782
509 1805782
509 1805789
507 1805810
509 1805812
510 1805819
507 1805829
510 1805850
508 1805852
508 1805859
509 1805869
508 1805930
514 1805932
492 1805934
476 1805934
512 1805935
507 1805942
508 1805942
540 1805948
500 1805972
520 1805972
504 1805990
503 1805992
499 1806012
505 1806012
512 1806019
507 1806028
507 1806065
510 1806066
511 1806068
509 1806094
510 1806094
510 1806097
511 1806110
503 1806112
515 1806121
508 1806128
512 1806152
507 1806153
508 1806158
512 1806190
512 1806203
507 1806205
510 1806207
507 1806220
507 1806222
507 1806253
510 1806253
511 1806259
512 1806268
510 1806292
507 1806292
508 1806298
508 1806309
509 1806318
509 1806342
508 1806342
510 1806360
512 1806362
507 1806382
509 1806382
504 1806402
508 1806402
507 1806408
509 1806432
510 1806432
514 1806450
512 1806452
514 1806460
505 1806482
513 1806482
506 1806500
512 1806503
506 1806524
508 1806524
509 1806529
511 1806577
508 1806579
510 1806579
509 1806581
509 1806598
512 1806629
509 1806629
508 1806635
509 1806636
510 1806650
511 1806651
509 1806661
509 1806663
508 1806695
508 1806697
507 1806697
510 1806739
507 1806739
510 1806741
509 1806741
507 1806753
508 1806753
510 1806759
508 1806780
509 1806782
509 1806801
510 1806801
511 1806822
511 1806822
506 1806852
506 1806855
506 1806858
507 1806870
510 1806872
511 1806890
509 1806900
511 1806920
510 1806922
508 1806929
508 1806939
507 1806960
507 1806962
508 1806969
507 1806991
510 1806991
506 1806997
510 1807009
510 1807030
507 1807032
507 1807032
512 1807060
508 1807063
507 1807063
509 1807068
509 1807080
508 1807100
509 1807103
509 1807112
508 1807120
510 1807128
508 1807140
509 1807148
508 1807172
509 1807172
508 1807190
509 1807192
509 1807199
508 1807220
510 1807229
507 1807242
511 1807242
508 1807270
509 1807272
508 1807281
510 1807302
509 1807302
508 1807307
509 1807331
508 1807331
509 1807337
510 1807362
508 1807362
509 1807380
512 1807382
508 1807401
508 1807401
509 1807409
509 1807417
510 1807430
506 1807438
509 1807450
511 1807470
512 1807473
509 1807480
506 1807502
507 1807502
509 1807508
509 1807545
509 1807547
508 1807547
510 1807562
513 1807562
509 1807567
506 1807579
508 1807600
509 1807602
510 1807609
509 1807632
509 1807632
509 1807637
511 1807662
505 1807662
510 1807667
506 1807679
508 1807700
508 1807702
507 1807710
509 1807719
509 1807740
510 1807742
510 1807749
509 1807771
509 1807771
510 1807777
509 1807790
509 1807797
508 1807823
508 1807823
506 1807828
509 1807840
509 1807848
508 1807872
510 1807872
509 1807878
508 1807889
509 1807897
509 1807909
509 1807918
510 1807930
508 1807938
509 1807950
509 1807957
508 1807969
508 1807977
508 1807999
511 1808007
508 1808019
511 1808028
509 1808040
505 1808048
508 1808060
509 1808068
509 1808080
509 1808100
509 1808102
507 1808112
509 1808119
508 1808128
508 1808139
507 1808148
509 1808172
509 1808172
508 1808190
509 1808192
506 1808210
512 1808234
507 1808237
508 1808239
507 1808241
511 1808248
508 1808259
506 1808267
510 1808280
510 1808314
510 1808319
508 1808319
509 1808321
506 1808330
510 1808338
508 1808349
509 1808358
509 1808369
510 1808378
509 1808389
508 1808398
507 1808409
505 1808417
509 1808442
506 1808442
510 1808447
509 1808472
508 1808472
510 1808477
511 1808492
509 1808522
506 1808526
507 1808530
509 1808532
511 1808539
509 1808549
510 1808557
509 1808569
512 1808577
510 1808589
509 1808597
508 1808610
509 1808618
508 1808630
508 1808650
507 1808653
510 1808660
510 1808682
509 1808682
509 1808701
509 1808703
508 1808722
510 1808723
508 1808739
510 1808748
509 1808772
511 1808772
511 1808790
507 1808792
509 1808812
508 1808812
511 1808819
507 1808828
508 1808839
509 1808847
510 1808883
510 1808883
506 1808890
505 1808892
510 1808912
510 1808912
511 1808920
510 1808928
506 1808947
510 1808949
510 1808986
509 1808988
508 1808990
509 1808990
507 1808999
508 1809022
511 1809025
508 1809042
510 1809042
509 1809048
508 1809059
509 1809080
507 1809082
507 1809089
509 1809099
508 1809120
508 1809122
509 1809129
509 1809139
509 1809147
507 1809172
508 1809172
506 1809178
509 1809190
509 1809211
511 1809213
509 1809220
512 1809230
509 1809250
508 1809253
507 1809260
509 1809270
509 1809278
509 1809290
504 1809298
507 1809310
509 1809318
509 1809330
507 1809338
510 1809349
509 1809358
509 1809379
508 1809390
509 1809393
509 1809412
509 1809412
510 1809419
506 1809427
509 1809462
510 1809462
508 1809471
509 1809473
508 1809491
508 1809500
511 1809508
512 1809532
509 1809532
507 1809538
509 1809550
509 1809558
511 1809570
509 1809578
509 1809590
508 1809598
511 1809622
507 1809622
509 1809627
510 1809652
509 1809652
509 1809658
510 1809670
509 1809703
510 1809712
510 1809712
509 1809712
506 1809719
506 1809729
508 1809737
510 1809750
509 1809758
509 1809770
509 1809790
514 1809793
511 1809812
508 1809812
510 1809819
508 1809827
508 1809852
508 1809852
506 1809857
508 1809869
511 1809890
508 1809893
507 1809899
508 1809921
510 1809921
509 1809927
509 1809939
509 1809959
508 1809962
510 1809969
511 1809992
508 1809992
508 1809997
510 1810009
509 1810017
508 1810029
508 1810037
509 1810053
510 1810059
509 1810070
509 1810078
507 1810090
507 1810097
511 1810109
511 1810118
508 1810129
508 1810163
510 1810169
509 1810169
510 1810171
509 1810179
510 1810187
509 1810199
509 1810220
510 1810222
508 1810229
508 1810239
513 1810257
510 1810269
505 1810277
509 1810289
508 1810297
507 1810309
511 1810318
508 1810330
510 1810339
512 1810350
509 1810358
508 1810370
506 1810390
509 1810392
511 1810399
510 1810410
510 1810430
509 1810432
510 1810439
509 1810462
510 1810462
507 1810468
508 1810479
509 1810513
510 1810517
509 1810517
509 1810530
512 1810532
510 1810539
509 1810562
508 1810562
512 1810567
509 1810592
511 1810592
509 1810597
508 1810609
508 1810617
509 1810629
508 1810639
505 1810661
507 1810661
508 1810667
511 1810691
508 1810691
506 1810698
508 1810710
511 1810718
508 1810730
508 1810738
508 1810750
508 1810758
509 1810770
508 1810790
510 1810793
509 1810800
512 1810809
509 1810818
508 1810830
510 1810838
508 1810849
508 1810858
510 1810869
509 1810877
510 1810899
510 1810910
509 1810919
507 1810927
508 1810939
509 1810947
507 1810959
511 1810967
506 1810980
508 1810988
508 1811000
507 1811034
509 1811040
507 1811040
509 1811040
509 1811048
508 1811072
510 1811072
508 1811090
510 1811092
509 1811110
508 1811122
508 1811122
508 1811127
507 1811139
506 1811147
508 1811159
509 1811167
510 1811205
510 1811207
511 1811209
508 1811211
510 1811217
509 1811229
509 1811250
510 1811252
506 1811271
509 1811271
509 1811279
508 1811288
507 1811313
507 1811313
510 1811318
509 1811342
509 1811342
509 1811374
512 1811384
510 1811384
509 1811384
508 1811388
506 1811399
510 1811408
509 1811419
507 1811428
508 1811439
508 1811447
509 1811459
508 1811467
507 1811479
510 1811487
510 1811499
511 1811507
510 1811519
506 1811540
510 1811542
513 1811549
508 1811572
509 1811572
508 1811577
506 1811589
510 1811610
507 1811612
509 1811645
509 1811645
513 1811647
510 1811662
508 1811662
508 1811682
509 1811682
507 1811710
507 1811712
508 1811732
510 1811732
509 1811740
509 1811748
508 1811759
507 1811768
511 1811779
508 1811800
509 1811802
508 1811809
511 1811819
509 1811840
511 1811842
509 1811849
507 1811859
510 1811867
506 1811879
510 1811887
509 1811907
511 1811919
507 1811922
512 1811942
508 1811942
505 1811950
508 1811958
508 1811970
509 1811978
508 1812002
509 1812002
509 1812022
512 1812024
509 1812042
507 1812042
507 1812049
506 1812099
508 1812102
510 1812102
508 1812104
509 1812104
509 1812107
510 1812119
508 1812127
507 1812139
509 1812147
506 1812159
508 1812167
509 1812180
511 1812188
509 1812199
511 1812207
508 1812219
507 1812227
509 1812239
510 1812247
507 1812259
509 1812280
511 1812282
510 1812289
509 1812312
509 1812312
511 1812317
510 1812329
508 1812337
510 1812349
508 1812357
509 1812369
508 1812377
507 1812389
507 1812419
507 1812422
508 1812442
507 1812442
512 1812450
509 1812458
505 1812470
513 1812490
510 1812492
508 1812500
508 1812510
508 1812518
509 1812530
510 1812538
509 1812550
508 1812558
509 1812569
512 1812578
508 1812589
509 1812598
509 1812609
509 1812617
508 1812629
509 1812638
509 1812649
509 1812657
512 1812669
508 1812677
507 1812689
509 1812723
509 1812729
510 1812729
507 1812729
508 1812779
508 1812781
512 1812782
510 1812782
508 1812784
507 1812789
508 1812808
509 1812821
509 1812821
508 1812840
508 1812842
508 1812849
512 1812859
507 1812884
507 1812885
508 1812889
510 1812910
508 1812912
508 1812919
508 1812929
509 1812964
512 1812969
500 1812969
514 1812971
506 1812979
501 1812987
498 1812999
506 1813007
508 1813019
508 1813028
512 1813052
509 1813052
506 1813058
510 1813069
506 1813090
509 1813092
507 1813099
509 1813109
508 1813117
510 1813129
512 1813138
509 1813149
506 1813158
504 1813169
508 1813178
506 1813225
508 1813227
509 1813229
514 1813230
505 1813250
505 1813252
515 1813260
507 1813298
506 1813298
511 1813300
501 1813302
513 1813322
505 1813322
510 1813329
510 1813350
509 1813352
509 1813361
510 1813369
507 1813390
510 1813392
508 1813409
508 1813421
511 1813421
508 1813427
506 1813452
511 1813452
508 1813458
512 1813481
510 1813481
501 1813488
521 1813499
496 1813508
512 1813519
504 1813527
511 1813539
500 1813548
503 1813559
505 1813568
511 1813579
511 1813587
509 1813599
509 1813608
506 1813619
509 1813628
507 1813652
507 1813652
506 1813658
510 1813679
511 1813704
510 1813706
508 1813708
506 1813720
506 1813722
508 1813741
504 1813741
510 1813749
502 1813758
510 1813769
513 1813778
512 1813801
510 1813801
506 1813807
510 1813832
506 1813832
508 1813863
511 1813869
509 1813869
509 1813871
510 1813904
507 1813906
511 1813910
511 1813910
509 1813927
509 1813939
505 1813948
506 1813959
510 1813980
512 1813982
507 1813990
503 1813999
500 1814008
517 1814019
504 1814027
504 1814039
507 1814047
520 1814059
509 1814068
510 1814079
501 1814088
512 1814099
507 1814108
503 1814119
494 1814128
498 1814139
527 1814148
542 1814159
503 1814168
503 1814179
523 1814187
500 1814199
520 1814208
527 1814220
515 1814228
486 1814264
505 1814264
505 1814268
507 1814270
507 1814292
509 1814292
507 1814299
507 1814308
509 1814319
509 1814328
512 1814352
509 1814352
507 1814358
506 1814369
509 1814377
508 1814389
507 1814397
509 1814409
509 1814417
513 1814429
509 1814437
509 1814449
509 1814457
511 1814495
509 1814497
509 1814499
509 1814499
508 1814509
511 1814532
510 1814532
510 1814538
508 1814574
509 1814576
514 1814578
508 1814590
511 1814602
511 1814602
510 1814649
507 1814651
510 1814651
507 1814653
512 1814656
506 1814669
509 1814677
510 1814716
508 1814718
508 1814720
509 1814720
508 1814742
508 1814743
509 1814761
506 1814761
508 1814780
506 1814782
511 1814789
510 1814799
509 1814807
508 1814819
509 1814827
508 1814839
481 1814847
513 1814858
509 1814867
507 1814879
508 1814888
512 1814900
509 1814908
506 1814920
507 1814928
510 1814940
509 1814958
513 1814972
507 1814972
510 1814978
511 1814989
508 1814998
505 1815009
508 1815018
507 1815029
506 1815037
509 1815049
507 1815057
508 1815069
509 1815077
512 1815089
507 1815097
508 1815109
509 1815117
506 1815129
509 1815137
509 1815149
508 1815157
507 1815169
509 1815177
511 1815201
509 1815201
506 1815219
509 1815222
509 1815229
509 1815239
510 1815247
510 1815260
510 1815268
508 1815280
512 1815300
509 1815302
508 1815355
508 1815355
510 1815355
507 1815355
510 1815355
510 1815370
508 1815372
506 1815379
508 1815389
507 1815397
510 1815419
510 1815427
510 1815439
512 1815447
512 1815459
509 1815467
507 1815479
508 1815487
507 1815499
508 1815507
509 1815519
509 1815527
510 1815539
511 1815547
511 1815559
507 1815579
509 1815582
508 1815589
510 1815599
510 1815607
507 1815619
510 1815627
511 1815639
505 1815648
511 1815672
505 1815672
510 1815678
510 1815690
507 1815698
509 1815710
509 1815718
509 1815730
510 1815738
508 1815749
509 1815758
511 1815769
509 1815778
507 1815789
507 1815798
511 1815809
510 1815830
510 1815832
509 1815847
508 1815849
508 1815857
506 1815869
507 1815877
509 1815889
508 1815910
506 1815912
510 1815919
506 1815929
508 1815939
509 1815961
504 1815961
514 1815968
505 1815979
508 1815987
505 1815999
502 1816008
507 1816019
501 1816028
515 1816039
508 1816048
519 1816059
509 1816068
512 1816079
511 1816087
511 1816099
510 1816107
506 1816119
509 1816127
509 1816139
508 1816148
507 1816159
510 1816178
509 1816189
512 1816198
509 1816209
509 1816218
510 1816229
509 1816238
507 1816261
508 1816262
507 1816267
508 1816279
507 1816287
499 1816312
512 1816312
505 1816329
518 1816354
516 1816355
514 1816357
533 1816382
523 1816383
509 1816405
506 1816407
506 1816409
507 1816421
506 1816422
508 1816429
510 1816450
507 1816452
509 1816471
504 1816472
510 1816492
523 1816492
530 1816526
498 1816528
496 1816528
485 1816541
510 1816541
508 1816574
508 1816574
517 1816582
508 1816592
509 1816592
513 1816610
509 1816612
510 1816632
514 1816632
509 1816651
512 1816651
511 1816657
507 1816681
507 1816681
485 1816699
503 1816701
504 1816719
511 1816729
506 1816750
496 1816752
523 1816772
507 1816772
487 1816791
483 1816791
501 1816797
502 1816821
503 1816821
509 1816827
510 1816839
509 1816860
506 1816861
505 1816895
508 1816899
509 1816899
510 1816901
511 1816934
510 1816935
504 1816937
507 1816951
512 1816951
508 1816959
507 1816980
504 1816982
510 1817001
510 1817002
510 1817021
507 1817021
512 1817028
514 1817039
507 1817047
506 1817071
512 1817071
499 1817090
515 1817092
510 1817124
512 1817124
509 1817127
512 1817139
509 1817141
510 1817148
506 1817159
509 1817168
508 1817191
509 1817191
510 1817198
508 1817209
511 1817217
506 1817229
503 1817237
509 1817249
509 1817258
510 1817269
510 1817277
508 1817289
511 1817297
510 1817309
509 1817317
505 1817329
507 1817337
510 1817349
506 1817357
508 1817368
511 1817389
508 1817392
510 1817399
508 1817409
507 1817417
511 1817429
511 1817437
507 1817449
510 1817459
509 1817469
511 1817477
508 1817490
507 1817497
505 1817509
507 1817517
507 1817529
510 1817537
506 1817549
508 1817557
508 1817569
508 1817590
510 1817592
508 1817599
507 1817609
510 1817617
508 1817629
511 1817637
507 1817659
510 1817667
509 1817691
511 1817691
507 1817697
507 1817709
509 1817717
509 1817729
510 1817737
508 1817749
508 1817757
509 1817768
511 1817789
507 1817791
508 1817798
509 1817809
510 1817817
508 1817829
508 1817838
507 1817849
509 1817857
511 1817882
508 1817882
508 1817887
509 1817899
509 1817908
507 1817932
510 1817932
508 1817937
510 1817949
511 1817969
508 1817972
508 1817990
509 1818002
508 1818002
510 1818020
509 1818022
509 1818041
511 1818041
509 1818061
509 1818061
506 1818067
507 1818091
510 1818091
511 1818109
508 1818111
508 1818131
511 1818131
510 1818139
508 1818147
508 1818159
509 1818201
509 1818203
507 1818212
507 1818212
510 1818232
510 1818232
511 1818250
509 1818252
507 1818272
509 1818272
508 1818291
510 1818291
509 1818297
511 1818322
510 1818322
510 1818338
509 1818364
509 1818367
508 1818369
508 1818369
509 1818405
509 1818416
509 1818417
510 1818417
511 1818419
510 1818427
510 1818439
510 1818447
509 1818459
509 1818467
510 1818479
511 1818499
510 1818501
509 1818509
510 1818531
507 1818531
508 1818537
508 1818548
510 1818570
510 1818572
506 1818591
509 1818591
508 1818599
507 1818607
512 1818619
509 1818627
507 1818639
509 1818647
505 1818659
511 1818667
508 1818679
509 1818697
509 1818711
509 1818711
507 1818729
508 1818732
510 1818739
509 1818748
508 1818758
510 1818769
510 1818777
508 1818802
511 1818802
508 1818807
507 1818832
506 1818832
508 1818838
509 1818849
507 1818857
510 1818869
507 1818877
515 1818901
495 1818901
507 1818907
483 1818919
536 1818939
488 1818941
510 1818949
500 1818958
508 1818967
502 1818978
501 1819000
508 1819002
514 1819010
506 1819018
506 1819040
511 1819042
501 1819049
508 1819071
511 1819071
509 1819078
505 1819089
507 1819110
513 1819112
506 1819120
507 1819139
506 1819147
507 1819159
507 1819167
513 1819178
505 1819213
504 1819218
511 1819218
511 1819220
509 1819241
509 1819241
508 1819247
511 1819272
511 1819272
510 1819288
508 1819302
509 1819302
508 1819308
507 1819319
509 1819340
509 1819342
507 1819350
510 1819359
510 1819367
508 1819379
507 1819390
511 1819411
512 1819411
510 1819417
511 1819429
512 1819437
509 1819449
508 1819483
506 1819489
508 1819496
504 1819498
509 1819498
507 1819509
510 1819542
508 1819545
510 1819548
510 1819549
506 1819571
508 1819572
505 1819578
511 1819587
508 1819600
507 1819608
508 1819619
512 1819640
509 1819642
507 1819649
508 1819659
509 1819667
509 1819691
509 1819691
510 1819697
508 1819709
511 1819717
512 1819729
510 1819737
508 1819749
511 1819757
509 1819769
508 1819778
506 1819789
509 1819810
510 1819812
509 1819819
507 1819829
509 1819837
510 1819848
509 1819867
509 1819879
508 1819891
508 1819912
509 1819912
510 1819918
508 1819941
509 1819941
508 1819947
509 1819959
509 1819980
510 1819982
509 1820014
510 1820014
513 1820021
508 1820022
506 1820038
510 1820052
508 1820052
509 1820057
509 1820069
509 1820077
509 1820097
512 1820099
509 1820122
508 1820122
508 1820127
510 1820139
508 1820147
510 1820173
508 1820173
508 1820190
505 1820192
512 1820199
508 1820221
508 1820221
509 1820227
510 1820239
508 1820259
510 1820261
511 1820282
509 1820283
510 1820288
505 1820309
508 1820311
510 1820319
507 1820340
509 1820350
508 1820352
509 1820359
508 1820382
511 1820382
508 1820387
508 1820399
509 1820407
509 1820419
509 1820485
508 1820486
509 1820486
508 1820486
513 1820486
511 1820515
514 1820591
508 1820592
498 1820592
512 1820754
494 1820754
522 1820754
497 1820788
505 1820788
502 1820788
500 1820788
513 1820796
504 1820796
511 1820796
501 1820797
512 1820797
515 1820797
516 1820797
498 1820797
512 1820798
496 1820798
506 1820798
514 1820798
509 1820807
510 1820807
508 1820807
509 1820807
511 1820808
509 1820808
507 1820810
508 1820810
508 1820810
508 1820822
507 1820822
506 1820829
510 1820850
508 1820852
509 1820859
509 1820895
510 1820904
508 1820904
509 1820905
508 1820921
508 1820921
508 1820929
509 1820951
508 1820951
507 1820957
508 1820969
509 1820977
509 1820989
511 1820997
509 1821009
508 1821016
511 1821039
507 1821049
506 1821051
506 1821058
508 1821069
508 1821090
507 1821092
507 1821099
506 1821109
516 1821117
515 1821129
515 1821137
472 1821149
509 1821157
521 1821169
516 1821177
503 1821189
519 1821197
494 1821222
512 1821222
494 1821227
514 1821265
509 1821267
490 1821267
509 1821281
504 1821281
500 1821289
506 1821299
513 1821307
514 1821319
509 1821327
509 1821339
510 1821370
511 1821372
510 1821379
511 1821389
511 1821398
511 1821422
507 1821422
509 1821427
511 1821439
509 1821459
510 1821462
511 1821469
509 1821491
512 1821491
509 1821497
507 1821509
508 1821530
508 1821532
506 1821543
508 1821561
508 1821561
507 1821567
509 1821591
510 1821591
508 1821596
507 1821635
508 1821636
508 1821639
509 1821639
509 1821649
508 1821666
510 1821668
510 1821679
508 1821687
507 1821699
509 1821707
512 1821732
510 1821732
508 1821737
509 1821761
509 1821761
510 1821767
509 1821794
505 1821794
505 1821797
510 1821809
508 1821829
510 1821832
510 1821839
510 1821861
512 1821861
508 1821866
509 1821890
510 1821899
509 1821902
509 1821909
511 1821931
510 1821931
512 1821937
511 1821974
512 1821976
508 1821979
507 1821981
510 1821987
512 1822012
507 1822012
509 1822030
509 1822032
509 1822039
509 1822049
507 1822058
508 1822069
509 1822087
512 1822112
508 1822112
507 1822117
508 1822129
508 1822137
509 1822161
509 1822161
508 1822170
510 1822179
510 1822187
512 1822211
510 1822211
512 1822217
509 1822229
509 1822237
508 1822249
508 1822270
508 1822272
508 1822280
509 1822302
509 1822302
511 1822307
509 1822319
511 1822340
508 1822342
508 1822349
509 1822359
510 1822367
507 1822379
507 1822387
508 1822399
508 1822407
511 1822429
510 1822440
508 1822442
506 1822449
509 1822459
510 1822467
509 1822479
507 1822487
506 1822499
509 1822507
510 1822519
508 1822539
505 1822541
509 1822548
509 1822570
509 1822580
507 1822582
510 1822602
509 1822602
510 1822609
510 1822618
506 1822642
510 1822642
508 1822647
510 1822659
510 1822667
509 1822679
510 1822687
510 1822711
508 1822711
507 1822717
509 1822729
510 1822737
511 1822749
508 1822757
510 1822781
512 1822781
512 1822786
507 1822798
509 1822807
509 1822819
509 1822828
506 1822849
509 1822858
511 1822869
509 1822877
508 1822889
509 1822898
508 1822909
506 1822917
508 1822941
510 1822941
510 1822947
508 1822959
512 1822979
512 1822982
511 1822989
509 1822997
510 1823009
510 1823018
510 1823027
509 1823039
510 1823047
512 1823059
510 1823067
508 1823079
509 1823087
507 1823107
508 1823110
507 1823119
509 1823127
507 1823139
508 1823147
511 1823159
509 1823167
508 1823179
508 1823187
506 1823211
510 1823211
506 1823217
509 1823229
508 1823237
509 1823249
510 1823257
507 1823269
508 1823277
508 1823290
511 1823309
507 1823312
507 1823318
508 1823342
508 1823342
510 1823347
510 1823359
507 1823380
507 1823382
509 1823389
509 1823399
506 1823407
508 1823419
508 1823427
510 1823451
509 1823451
508 1823457
506 1823469
510 1823510
508 1823512
507 1823521
509 1823521
510 1823541
511 1823541
510 1823547
507 1823578
508 1823578
509 1823589
511 1823591
510 1823612
511 1823613
511 1823619
512 1823628
508 1823639
506 1823648
508 1823659
510 1823680
507 1823682
507 1823689
507 1823699
508 1823720
509 1823722
510 1823755
508 1823759
510 1823759
508 1823761
509 1823769
507 1823777
508 1823789
513 1823797
508 1823809
507 1823817
509 1823840
510 1823849
508 1823852
505 1823860
510 1823879
508 1823889
511 1823892
510 1823911
512 1823912
509 1823918
509 1823926
507 1823938
508 1823947
509 1823959
506 1823968
507 1823992
506 1823992
509 1824010
511 1824012
507 1824019
507 1824029
508 1824037
508 1824049
508 1824057
508 1824069
508 1824077
509 1824089
511 1824122
508 1824124
508 1824129
507 1824129
509 1824151
508 1824151
509 1824157
509 1824191
510 1824191
509 1824209
508 1824212
509 1824219
509 1824229
510 1824237
508 1824261
509 1824261
509 1824277
509 1824291
508 1824291
509 1824297
509 1824309
509 1824318
508 1824329
510 1824350
510 1824352
507 1824360
509 1824395
511 1824397
509 1824399
508 1824401
510 1824407
510 1824419
510 1824427
508 1824451
510 1824451
510 1824457
510 1824469
508 1824490
507 1824492
509 1824499
507 1824509
509 1824517
509 1824529
509 1824536
509 1824561
513 1824561
508 1824592
508 1824595
509 1824608
511 1824608
507 1824608
508 1824632
508 1824632
511 1824637
512 1824649
507 1824657
507 1824710
508 1824710
509 1824712
509 1824712
508 1824714
507 1824718
508 1824729
511 1824749
508 1824752
508 1824771
508 1824771
510 1824792
508 1824792
506 1824797
508 1824821
509 1824821
510 1824827
510 1824839
507 1824859
508 1824862
509 1824870
506 1824891
508 1824891
508 1824909
510 1824911
509 1824929
509 1824952
508 1824952
508 1824957
510 1824969
507 1824977
508 1825002
508 1825002
509 1825007
510 1825058
510 1825058
507 1825060
510 1825060
510 1825079
510 1825080
510 1825102
509 1825104
509 1825106
508 1825119
510 1825122
508 1825141
510 1825141
508 1825161
509 1825161
507 1825167
512 1825202
510 1825202
509 1825238
512 1825241
510 1825241
508 1825243
508 1825245
508 1825261
510 1825261
510 1825309
509 1825311
510 1825311
512 1825313
508 1825316
508 1825320
508 1825329
511 1825339
508 1825370
510 1825372
510 1825379
505 1825389
512 1825397
510 1825409
508 1825417
508 1825441
509 1825441
507 1825447
507 1825447
506 1825459
508 1825467
509 1825491
508 1825491
508 1825509
506 1825512
508 1825531
511 1825532
507 1825538
510 1825559
508 1825562
510 1825581
510 1825581
509 1825601
507 1825601
506 1825606
509 1825632
509 1825632
509 1825672
510 1825674
508 1825687
510 1825687
508 1825701
509 1825701
508 1825707
510 1825719
509 1825739
510 1825742
508 1825761
510 1825761
507 1825769
510 1825789
508 1825792
508 1825811
507 1825811
508 1825818
509 1825827
509 1825838
509 1825859
512 1825861
508 1825881
508 1825881
506 1825901
517 1825901
509 1825907
506 1825931
511 1825931
511 1825937
509 1825949
509 1825970
508 1825971
507 1825979
511 1826001
511 1826001
508 1826018
508 1826044
516 1826044
514 1826047
498 1826049
512 1826072
504 1826072
502 1826078
510 1826087
510 1826111
509 1826111
510 1826130
510 1826132
509 1826139
508 1826161
510 1826161
509 1826179
508 1826181
510 1826201
508 1826201
510 1826208
506 1826230
512 1826232
509 1826252
509 1826252
506 1826271
508 1826271
509 1826300
508 1826302
509 1826321
514 1826321
511 1826341
519 1826341
499 1826347
515 1826371
515 1826371
509 1826387
511 1826414
506 1826417
514 1826419
505 1826420
509 1826440
505 1826442
507 1826449
509 1826459
508 1826487
509 1826488
508 1826488
504 1826511
512 1826513
509 1826556
507 1826559
508 1826559
506 1826561
508 1826570
505 1826572
511 1826579
512 1826601
524 1826601
514 1826619
523 1826621
502 1826642
501 1826642
512 1826648
510 1826669
519 1826671
504 1826691
504 1826691
505 1826711
510 1826711
508 1826717
509 1826741
508 1826741
508 1826760
510 1826762
507 1826781
509 1826781
511 1826788
506 1826797
509 1826809
507 1826817
511 1826829
510 1826847
510 1826859
509 1826880
509 1826882
509 1826893
506 1826899
508 1826940
507 1826942
511 1826955
510 1826955
509 1826955
509 1826957
508 1826971
512 1826971
507 1826991
508 1826991
508 1826997
511 1827008
505 1827017
509 1827039
508 1827078
504 1827100
514 1827101
504 1827102
504 1827103
502 1827104
499 1827111
501 1827111
509 1827118
502 1827127
517 1827138
512 1827147
508 1827159
511 1827179
507 1827181
512 1827216
517 1827217
525 1827219
504 1827221
501 1827239
528 1827250
504 1827252
508 1827258
507 1827268
500 1827277
490 1827299
508 1827307
514 1827318
511 1827327
506 1827338
512 1827347
510 1827358
509 1827379
511 1827381
509 1827389
509 1827398
509 1827407
509 1827418
511 1827427
513 1827438
511 1827447
508 1827458
508 1827466
511 1827479
506 1827487
508 1827499
513 1827507
507 1827518
510 1827527
508 1827539
507 1827547
507 1827559
508 1827567
511 1827579
506 1827587
508 1827611
510 1827611
509 1827617
508 1827629
506 1827637
508 1827649
511 1827669
508 1827671
509 1827679
509 1827688
508 1827697
510 1827709
508 1827716
509 1827751
508 1827751
510 1827759
510 1827761
509 1827768
508 1827778
509 1827786
510 1827798
509 1827807
508 1827819
507 1827827
511 1827849
509 1827860
508 1827862
509 1827869
508 1827879
506 1827887
508 1827899
510 1827907
510 1827919
510 1827927
504 1827939
517 1827947
508 1827959
509 1827967
509 1827979
510 1827987
508 1827998
508 1828007
507 1828028
505 1828037
504 1828048
508 1828056
509 1828068
511 1828076
511 1828090
507 1828096
509 1828108
508 1828117
508 1828129
506 1828137
508 1828149
509 1828157
507 1828169
508 1828177
508 1828189
508 1828197
508 1828209
509 1828217
507 1828228
510 1828237
518 1828248
508 1828257
514 1828268
511 1828276
507 1828288
512 1828297
508 1828309
509 1828317
510 1828329
510 1828337
506 1828349
511 1828357
507 1828369
507 1828377
508 1828389
508 1828397
510 1828409
505 1828417
511 1828429
507 1828437
510 1828449
510 1828457
507 1828469
509 1828489
507 1828492
509 1828498
508 1828509
510 1828516
508 1828529
510 1828537
510 1828548
507 1828557
510 1828568
510 1828576
508 1828588
510 1828596
509 1828608
508 1828616
510 1828628
512 1828637
508 1828650
508 1828657
509 1828669
508 1828689
507 1828692
506 1828699
508 1828708
510 1828716
511 1828728
508 1828736
508 1828748
508 1828757
508 1828769
509 1828777
508 1828816
509 1828844
507 1828871
512 1828872
507 1828877
509 1828877
509 1828877
512 1828877
510 1828892
507 1828892
507 1828899
508 1828907
509 1828918
509 1828927
508 1828938
507 1828947
510 1828958
509 1828967
508 1828979
508 1828987
508 1828999
510 1829019
509 1829021
508 1829029
509 1829039
508 1829059
504 1829061
511 1829070
507 1829099
508 1829113
516 1829119
511 1829132
505 1829134
504 1829134
506 1829139
505 1829160
511 1829162
509 1829168
509 1829204
509 1829206
510 1829206
506 1829233
507 1829235
506 1829239
510 1829239
509 1829260
508 1829262
508 1829307
507 1829309
512 1829311
509 1829311
511 1829333
509 1829335
503 1829337
511 1829376
524 1829378
507 1829380
505 1829380
511 1829388
504 1829401
521 1829401
510 1829407
509 1829419
509 1829468
511 1829471
509 1829471
507 1829473
510 1829473
509 1829490
511 1829492
512 1829509
508 1829518
506 1829527
508 1829539
510 1829547
507 1829559
510 1829580
508 1829582
509 1829601
507 1829601
510 1829619
506 1829629
507 1829632
505 1829651
507 1829651
509 1829686
500 1829686
508 1829688
508 1829701
509 1829701
511 1829748
509 1829750
508 1829750
509 1829752
511 1829760
511 1829762
509 1829770
508 1829779
508 1829787
509 1829811
509 1829812
521 1829830
512 1829832
533 1829839
504 1829849
520 1829880
508 1829881
507 1829899
506 1829911
504 1829911
503 1829930
504 1829932
516 1829976
505 1829976
509 1829976
513 1829976
503 1829977
509 1830031
506 1830031
508 1830033
509 1830033
508 1830038
510 1830039
511 1830072
528 1830074
504 1830076
506 1830090
503 1830092
507 1830111
504 1830112
507 1830119
508 1830140
507 1830141
505 1830150
511 1830184
513 1830186
511 1830186
509 1830186
507 1830201
510 1830207
508 1830218
510 1830227
510 1830251
509 1830251
511 1830269
508 1830271
510 1830271
510 1830287
509 1830297
509 1830308
510 1830317
511 1830341
505 1830341
506 1830347
521 1830358
507 1830367
509 1830379
513 1830387
502 1830411
512 1830412
506 1830427
502 1830438
508 1830460
506 1830461
508 1830481
511 1830481
508 1830481
505 1830488
516 1830510
512 1830512
506 1830519
506 1830541
502 1830541
512 1830547
519 1830585
521 1830587
493 1830589
527 1830589
530 1830599
515 1830608
497 1830617
508 1830655
506 1830657
514 1830659
494 1830660
