-18.4326171875 176.57470703125 11.41357421875 1834641
-18.4326171875 176.57470703125 11.41357421875 1834641
1.40380859375 0 0.06103515625 1835069
1.40380859375 0 0.06103515625 1835069
1.40380859375 0 0.06103515625 1835070
1.40380859375 0 0.06103515625 1835070
4.94384765625 0.30517578125 -0.18310546875 1835182
-4.5166015625 0.42724609375 0 1835183
-4.5166015625 0.42724609375 0 1835202
-4.5166015625 0.42724609375 0 1835203
-2.197265625 -0.244140625 0.30517578125 1835308
0.6103515625 0.06103515625 0.06103515625 1835309
0.6103515625 0.06103515625 0.06103515625 1835309
0.6103515625 0.06103515625 0.06103515625 1835309
0.6103515625 0.06103515625 0.06103515625 1835418
-0.67138671875 -0.06103515625 0.1220703125 1835419
-0.67138671875 -0.06103515625 0.1220703125 1835437
-0.67138671875 -0.06103515625 0.1220703125 1835437
0.42724609375 0 0.06103515625 1835574
1.220703125 0 0.06103515625 1835575
1.220703125 0 0.06103515625 1835575
1.220703125 0 0.06103515625 1835575
-1.15966796875 -0.1220703125 0.244140625 1835776
0.3662109375 0.06103515625 0.1220703125 1835777
0.3662109375 0.06103515625 0.1220703125 1835777
0.3662109375 0.06103515625 0.1220703125 1835778
0.3662109375 0.06103515625 0.1220703125 1835878
-0.54931640625 -0.1220703125 0.244140625 1835879
-0.54931640625 -0.1220703125 0.244140625 1835879
-0.54931640625 -0.1220703125 0.244140625 1835879
-0.54931640625 -0.1220703125 0.244140625 1835981
0.732421875 0 0.1220703125 1835981
0.732421875 0 0.1220703125 1835981
0.732421875 0 0.1220703125 1835982
0.732421875 0 0.1220703125 1836083
0.30517578125 0 0.18310546875 1836083
0.30517578125 0 0.18310546875 1836084
0.30517578125 0 0.18310546875 1836084
0.30517578125 0 0.18310546875 1836186
-0.79345703125 0 0.244140625 1836186
-0.79345703125 0 0.244140625 1836186
-0.79345703125 0 0.244140625 1836187
0 0.244140625 0.244140625 1836374
8.9111328125 30.3955078125 18.12744140625 1836374
8.9111328125 30.3955078125 18.12744140625 1836374
8.9111328125 30.3955078125 18.12744140625 1836375
8.9111328125 30.3955078125 18.12744140625 1836485
-9.27734375 -2.99072265625 2.13623046875 1836485
-9.27734375 -2.99072265625 2.13623046875 1836486
-9.27734375 -2.99072265625 2.13623046875 1836486
7.01904296875 -0.79345703125 0.1220703125 1836673
2.3193359375 6.591796875 -2.685546875 1836673
2.3193359375 6.591796875 -2.685546875 1836674
2.3193359375 6.591796875 -2.685546875 1836674
2.3193359375 6.591796875 -2.685546875 1836775
7.080078125 -5.0048828125 -0.54931640625 1836775
7.080078125 -5.0048828125 -0.54931640625 1836775
7.080078125 -5.0048828125 -0.54931640625 1836776
7.080078125 -5.0048828125 -0.54931640625 1836878
6.2255859375 2.8076171875 0.732421875 1836878
6.2255859375 2.8076171875 0.732421875 1836878
6.2255859375 2.8076171875 0.732421875 1836879
6.2255859375 2.8076171875 0.732421875 1836981
10.3759765625 -10.92529296875 5.79833984375 1836981
10.3759765625 -10.92529296875 5.79833984375 1836981
10.3759765625 -10.92529296875 5.79833984375 1836982
10.3759765625 -10.92529296875 5.79833984375 1837084
8.36181640625 -12.75634765625 11.65771484375 1837084
8.36181640625 -12.75634765625 11.65771484375 1837085
8.36181640625 -12.75634765625 11.65771484375 1837085
32.2265625 -9.27734375 3.11279296875 1837273
5.43212890625 -3.11279296875 9.1552734375 1837273
5.43212890625 -3.11279296875 9.1552734375 1837273
5.43212890625 -3.11279296875 9.1552734375 1837274
5.43212890625 -3.11279296875 9.1552734375 1837376
1.3427734375 5.0048828125 0.48828125 1837376
1.3427734375 5.0048828125 0.48828125 1837376
1.3427734375 5.0048828125 0.48828125 1837385
1.3427734375 5.0048828125 0.48828125 1837478
-3.0517578125 15.19775390625 0.3662109375 1837478
-3.0517578125 15.19775390625 0.3662109375 1837478
-3.0517578125 15.19775390625 0.3662109375 1837580
-3.84521484375 13.0615234375 1.64794921875 1837580
-3.84521484375 13.0615234375 1.64794921875 1837580
-3.84521484375 13.0615234375 1.64794921875 1837581
-3.84521484375 13.0615234375 1.64794921875 1837683
-4.5166015625 12.75634765625 -4.82177734375 1837683
-4.5166015625 12.75634765625 -4.82177734375 1837684
-4.5166015625 12.75634765625 -4.82177734375 1837684
-8.1787109375 23.13232421875 -13.24462890625 1837877
-9.1552734375 9.70458984375 -9.8876953125 1837878
-9.1552734375 9.70458984375 -9.8876953125 1837878
-9.1552734375 9.70458984375 -9.8876953125 1837879
-17.51708984375 -6.103515625 6.77490234375 1838078
-8.72802734375 -5.92041015625 5.55419921875 1838079
-8.72802734375 -5.92041015625 5.55419921875 1838079
-8.72802734375 -5.92041015625 5.55419921875 1838079
-8.72802734375 -5.92041015625 5.55419921875 1838180
-18.73779296875 -13.916015625 3.0517578125 1838181
-18.73779296875 -13.916015625 3.0517578125 1838181
-18.73779296875 -13.916015625 3.0517578125 1838181
-18.73779296875 -13.916015625 3.0517578125 1838294
-14.0380859375 -7.9345703125 -1.0986328125 1838295
-14.0380859375 -7.9345703125 -1.0986328125 1838295
-14.0380859375 -7.9345703125 -1.0986328125 1838295
-2.5634765625 -3.7841796875 -2.86865234375 1838483
-1.15966796875 4.08935546875 -2.197265625 1838484
-1.15966796875 4.08935546875 -2.197265625 1838484
-1.15966796875 4.08935546875 -2.197265625 1838484
2.0751953125 -2.5634765625 2.0751953125 1838673
4.0283203125 -2.86865234375 5.0048828125 1838674
4.0283203125 -2.86865234375 5.0048828125 1838674
4.0283203125 -2.86865234375 5.0048828125 1838675
4.0283203125 -2.86865234375 5.0048828125 1838775
7.568359375 8.7890625 -9.58251953125 1838776
7.568359375 8.7890625 -9.58251953125 1838776
7.568359375 8.7890625 -9.58251953125 1838776
7.568359375 8.7890625 -9.58251953125 1838878
-3.2958984375 -6.8359375 2.197265625 1838879
-3.2958984375 -6.8359375 2.197265625 1838879
-3.2958984375 -6.8359375 2.197265625 1838879
-3.2958984375 -6.8359375 2.197265625 1838980
-1.0986328125 -8.1787109375 2.9296875 1838981
-1.0986328125 -8.1787109375 2.9296875 1838981
-1.0986328125 -8.1787109375 2.9296875 1838981
-1.0986328125 -8.1787109375 2.9296875 1839083
-1.46484375 -5.06591796875 -2.38037109375 1839083
-1.46484375 -5.06591796875 -2.38037109375 1839084
-1.46484375 -5.06591796875 -2.38037109375 1839084
-1.46484375 -5.06591796875 -2.38037109375 1839310
-0.6103515625 -3.72314453125 -0.06103515625 1839310
-0.6103515625 -3.72314453125 -0.06103515625 1839310
-0.6103515625 -3.72314453125 -0.06103515625 1839311
3.5400390625 -2.25830078125 -0.1220703125 1839478
1.708984375 -2.0751953125 1.708984375 1839479
1.708984375 -2.0751953125 1.708984375 1839479
1.708984375 -2.0751953125 1.708984375 1839480
1.708984375 -2.0751953125 1.708984375 1839585
6.9580078125 0.06103515625 -1.40380859375 1839585
6.9580078125 0.06103515625 -1.40380859375 1839586
6.9580078125 0.06103515625 -1.40380859375 1839586
6.9580078125 0.06103515625 -1.40380859375 1839769
0.6103515625 -1.52587890625 0.67138671875 1839769
0.6103515625 -1.52587890625 0.67138671875 1839770
0.6103515625 -1.52587890625 0.67138671875 1839770
-0.8544921875 2.13623046875 -0.8544921875 1839873
1.708984375 -0.30517578125 -3.35693359375 1839873
1.708984375 -0.30517578125 -3.35693359375 1839873
1.708984375 -0.30517578125 -3.35693359375 1839874
1.708984375 -0.30517578125 -3.35693359375 1839975
-0.732421875 -0.06103515625 -0.732421875 1839976
-0.732421875 -0.06103515625 -0.732421875 1839976
-0.732421875 -0.06103515625 -0.732421875 1839976
-0.8544921875 -0.79345703125 -1.28173828125 1840078
-0.8544921875 -0.79345703125 -1.28173828125 1840078
-0.8544921875 -0.79345703125 -1.28173828125 1840078
-0.8544921875 -0.79345703125 -1.28173828125 1840182
2.25830078125 0.54931640625 -0.48828125 1840182
2.25830078125 0.54931640625 -0.48828125 1840182
2.25830078125 0.54931640625 -0.48828125 1840183
-0.6103515625 -0.67138671875 -1.40380859375 1840372
-0.79345703125 0.732421875 0.18310546875 1840372
-0.79345703125 0.732421875 0.18310546875 1840372
-0.79345703125 0.732421875 0.18310546875 1840373
-0.79345703125 0.732421875 0.18310546875 1840479
0.42724609375 0 -0.30517578125 1840479
0.42724609375 0 -0.30517578125 1840480
0.42724609375 0 -0.30517578125 1840480
0.42724609375 0 -0.30517578125 1840586
-0.79345703125 1.0986328125 -0.6103515625 1840587
-0.79345703125 1.0986328125 -0.6103515625 1840587
-0.79345703125 1.0986328125 -0.6103515625 1840587
0.06103515625 -0.9765625 -3.11279296875 1840761
0.18310546875 -0.79345703125 1.5869140625 1840762
0.18310546875 -0.79345703125 1.5869140625 1840762
0.18310546875 -0.79345703125 1.5869140625 1840763
0.18310546875 -0.79345703125 1.5869140625 1840879
0.30517578125 0.732421875 2.3193359375 1840880
0.30517578125 0.732421875 2.3193359375 1840880
0.30517578125 0.732421875 2.3193359375 1840880
2.8076171875 -0.79345703125 -0.67138671875 1841067
-1.46484375 0.6103515625 2.13623046875 1841078
-1.46484375 0.6103515625 2.13623046875 1841078
-1.46484375 0.6103515625 2.13623046875 1841080
-1.46484375 0.6103515625 2.13623046875 1841182
2.50244140625 0.18310546875 -2.8076171875 1841182
2.50244140625 0.18310546875 -2.8076171875 1841183
2.50244140625 0.18310546875 -2.8076171875 1841183
1.220703125 -0.18310546875 0.42724609375 1841372
-2.25830078125 -0.18310546875 1.3427734375 1841372
-2.25830078125 -0.18310546875 1.3427734375 1841373
-2.25830078125 -0.18310546875 1.3427734375 1841373
-2.25830078125 -0.18310546875 1.3427734375 1841474
0.79345703125 -0.48828125 -0.67138671875 1841475
0.79345703125 -0.48828125 -0.67138671875 1841475
0.79345703125 -0.48828125 -0.67138671875 1841476
0.79345703125 -0.48828125 -0.67138671875 1841578
0.9765625 0 0.67138671875 1841579
0.9765625 0 0.67138671875 1841579
0.9765625 0 0.67138671875 1841580
0.9765625 0 0.67138671875 1841680
-0.30517578125 -1.77001953125 -0.8544921875 1841681
-0.30517578125 -1.77001953125 -0.8544921875 1841681
-0.30517578125 -1.77001953125 -0.8544921875 1841682
-0.30517578125 -1.77001953125 -0.8544921875 1841783
-0.79345703125 -0.79345703125 0 1841783
-0.79345703125 -0.79345703125 0 1841784
-0.79345703125 -0.79345703125 0 1841785
3.173828125 -1.46484375 0 1841972
1.03759765625 -1.5869140625 0.42724609375 1841973
1.03759765625 -1.5869140625 0.42724609375 1841974
1.03759765625 -1.5869140625 0.42724609375 1841974
1.03759765625 -1.5869140625 0.42724609375 1842074
5.615234375 -5.55419921875 -2.01416015625 1842074
5.615234375 -5.55419921875 -2.01416015625 1842075
5.615234375 -5.55419921875 -2.01416015625 1842075
5.615234375 -5.55419921875 -2.01416015625 1842177
3.5400390625 -7.14111328125 -4.39453125 1842177
3.5400390625 -7.14111328125 -4.39453125 1842178
3.5400390625 -7.14111328125 -4.39453125 1842178
3.5400390625 -7.14111328125 -4.39453125 1842279
2.74658203125 -9.765625 -3.35693359375 1842279
2.74658203125 -9.765625 -3.35693359375 1842280
2.74658203125 -9.765625 -3.35693359375 1842280
2.74658203125 -9.765625 -3.35693359375 1842382
2.13623046875 -10.3759765625 -6.8359375 1842383
2.13623046875 -10.3759765625 -6.8359375 1842383
2.13623046875 -10.3759765625 -6.8359375 1842384
2.44140625 -8.72802734375 -15.869140625 1842572
-6.16455078125 -15.07568359375 -13.12255859375 1842572
-6.16455078125 -15.07568359375 -13.12255859375 1842573
-6.16455078125 -15.07568359375 -13.12255859375 1842573
-6.16455078125 -15.07568359375 -13.12255859375 1842674
-1.5869140625 -19.34814453125 -14.83154296875 1842674
-1.5869140625 -19.34814453125 -14.83154296875 1842675
-1.5869140625 -19.34814453125 -14.83154296875 1842675
-1.5869140625 -19.34814453125 -14.83154296875 1842777
-14.5263671875 -8.6669921875 -23.98681640625 1842777
-14.5263671875 -8.6669921875 -23.98681640625 1842778
-14.5263671875 -8.6669921875 -23.98681640625 1842779
-8.1787109375 -1.5869140625 -32.3486328125 1842972
0 5.37109375 -32.958984375 1842973
0 5.37109375 -32.958984375 1842973
0 5.37109375 -32.958984375 1842974
0 5.37109375 -32.958984375 1843074
-1.953125 1.52587890625 -10.80322265625 1843074
-1.953125 1.52587890625 -10.80322265625 1843075
-1.953125 1.52587890625 -10.80322265625 1843075
-1.953125 1.52587890625 -10.80322265625 1843177
-13.48876953125 -3.23486328125 6.9580078125 1843177
-13.48876953125 -3.23486328125 6.9580078125 1843178
-13.48876953125 -3.23486328125 6.9580078125 1843178
-13.48876953125 -3.23486328125 6.9580078125 1843279
-8.544921875 -3.84521484375 8.85009765625 1843279
-8.544921875 -3.84521484375 8.85009765625 1843280
-8.544921875 -3.84521484375 8.85009765625 1843281
-8.544921875 -3.84521484375 8.85009765625 1843382
5.2490234375 5.31005859375 0.18310546875 1843383
5.2490234375 5.31005859375 0.18310546875 1843383
5.2490234375 5.31005859375 0.18310546875 1843383
-2.44140625 2.5634765625 -1.89208984375 1843572
-6.28662109375 1.3427734375 -2.44140625 1843572
-6.28662109375 1.3427734375 -2.44140625 1843573
-6.28662109375 1.3427734375 -2.44140625 1843573
-6.28662109375 1.3427734375 -2.44140625 1843674
-4.69970703125 1.220703125 0.18310546875 1843674
-4.69970703125 1.220703125 0.18310546875 1843675
-4.69970703125 1.220703125 0.18310546875 1843675
-1.15966796875 0.9765625 -1.46484375 1843777
-1.15966796875 0.9765625 -1.46484375 1843778
-1.15966796875 0.9765625 -1.46484375 1843779
-1.15966796875 0.9765625 -1.46484375 1843880
-0.67138671875 0.732421875 -2.38037109375 1843880
-0.67138671875 0.732421875 -2.38037109375 1843880
-0.67138671875 0.732421875 -2.38037109375 1843881
-0.67138671875 0.732421875 -2.38037109375 1843983
-2.62451171875 0.06103515625 1.77001953125 1843983
-2.62451171875 0.06103515625 1.77001953125 1843984
-2.62451171875 0.06103515625 1.77001953125 1843984
1.46484375 1.8310546875 -2.25830078125 1844170
-1.5869140625 -1.15966796875 0.8544921875 1844170
-1.5869140625 -1.15966796875 0.8544921875 1844170
-1.5869140625 -1.15966796875 0.8544921875 1844171
-1.5869140625 -1.15966796875 0.8544921875 1844273
-1.0986328125 1.3427734375 2.3193359375 1844273
-1.0986328125 1.3427734375 2.3193359375 1844274
-1.0986328125 1.3427734375 2.3193359375 1844274
-1.0986328125 1.3427734375 2.3193359375 1844375
3.5400390625 0 -2.25830078125 1844375
3.5400390625 0 -2.25830078125 1844376
3.5400390625 0 -2.25830078125 1844376
3.5400390625 0 -2.25830078125 1844478
-4.150390625 -0.1220703125 2.01416015625 1844478
-4.150390625 -0.1220703125 2.01416015625 1844479
-4.150390625 -0.1220703125 2.01416015625 1844479
-4.150390625 -0.1220703125 2.01416015625 1844582
-1.40380859375 1.3427734375 0.67138671875 1844583
-1.40380859375 1.3427734375 0.67138671875 1844584
-1.40380859375 1.3427734375 0.67138671875 1844585
4.2724609375 0 -1.953125 1844772
0.79345703125 0.3662109375 -0.732421875 1844772
0.79345703125 0.3662109375 -0.732421875 1844773
0.79345703125 0.3662109375 -0.732421875 1844773
0.79345703125 0.3662109375 -0.732421875 1844874
-0.79345703125 0.732421875 -0.42724609375 1844874
-0.79345703125 0.732421875 -0.42724609375 1844875
-0.79345703125 0.732421875 -0.42724609375 1844876
1.0986328125 0 0.48828125 1844977
1.0986328125 0 0.48828125 1844977
1.0986328125 0 0.48828125 1844978
1.0986328125 0 0.48828125 1845081
-0.3662109375 -0.48828125 -0.8544921875 1845081
-0.3662109375 -0.48828125 -0.8544921875 1845082
-0.3662109375 -0.48828125 -0.8544921875 1845083
0.54931640625 1.64794921875 -0.48828125 1845270
0.8544921875 3.662109375 -1.0986328125 1845270
0.8544921875 3.662109375 -1.0986328125 1845271
0.8544921875 3.662109375 -1.0986328125 1845271
0.8544921875 3.662109375 -1.0986328125 1845373
-2.9296875 5.18798828125 -4.57763671875 1845373
-2.9296875 5.18798828125 -4.57763671875 1845373
-2.9296875 5.18798828125 -4.57763671875 1845374
-2.9296875 5.18798828125 -4.57763671875 1845476
2.99072265625 2.62451171875 -1.89208984375 1845476
2.99072265625 2.62451171875 -1.89208984375 1845477
2.99072265625 2.62451171875 -1.89208984375 1845477
2.99072265625 2.62451171875 -1.89208984375 1845578
2.38037109375 1.46484375 -1.40380859375 1845578
2.38037109375 1.46484375 -1.40380859375 1845579
2.38037109375 1.46484375 -1.40380859375 1845579
-3.173828125 2.3193359375 -1.0986328125 1845779
0.54931640625 -0.6103515625 0.06103515625 1845779
0.54931640625 -0.6103515625 0.06103515625 1845780
0.54931640625 -0.6103515625 0.06103515625 1845780
0.54931640625 -0.6103515625 0.06103515625 1845882
-3.11279296875 -0.06103515625 0.3662109375 1845882
-3.11279296875 -0.06103515625 0.3662109375 1845883
-3.11279296875 -0.06103515625 0.3662109375 1845883
-1.89208984375 -0.18310546875 -0.54931640625 1846061
2.685546875 1.15966796875 -0.91552734375 1846061
2.685546875 1.15966796875 -0.91552734375 1846062
2.685546875 1.15966796875 -0.91552734375 1846063
2.685546875 1.15966796875 -0.91552734375 1846172
-0.3662109375 0 0.244140625 1846172
-0.3662109375 0 0.244140625 1846173
-0.3662109375 0 0.244140625 1846173
-0.3662109375 0 0.244140625 1846274
-2.685546875 -1.03759765625 -0.1220703125 1846274
-2.685546875 -1.03759765625 -0.1220703125 1846275
-2.685546875 -1.03759765625 -0.1220703125 1846275
-2.685546875 -1.03759765625 -0.1220703125 1846377
-2.44140625 -0.67138671875 1.52587890625 1846377
-2.44140625 -0.67138671875 1.52587890625 1846377
-2.44140625 -0.67138671875 1.52587890625 1846378
-2.44140625 -0.67138671875 1.52587890625 1846480
1.220703125 -0.06103515625 0.91552734375 1846480
1.220703125 -0.06103515625 0.91552734375 1846480
1.220703125 -0.06103515625 0.91552734375 1846481
1.220703125 -0.06103515625 0.91552734375 1846582
-1.46484375 -2.50244140625 1.77001953125 1846582
-1.46484375 -2.50244140625 1.77001953125 1846583
-1.46484375 -2.50244140625 1.77001953125 1846583
3.11279296875 1.220703125 -1.03759765625 1846771
1.64794921875 0.732421875 -0.06103515625 1846771
1.64794921875 0.732421875 -0.06103515625 1846771
1.64794921875 0.732421875 -0.06103515625 1846772
1.64794921875 0.732421875 -0.06103515625 1846873
-1.52587890625 -0.1220703125 3.173828125 1846873
-1.52587890625 -0.1220703125 3.173828125 1846873
-1.52587890625 -0.1220703125 3.173828125 1846874
0.732421875 -0.732421875 0.9765625 1846975
0.732421875 -0.732421875 0.9765625 1846975
0.732421875 -0.732421875 0.9765625 1846976
0.732421875 -0.732421875 0.9765625 1847079
0.48828125 1.77001953125 -0.8544921875 1847079
0.48828125 1.77001953125 -0.8544921875 1847080
0.48828125 1.77001953125 -0.8544921875 1847081
0.48828125 1.77001953125 -0.8544921875 1847182
-1.3427734375 -0.1220703125 1.220703125 1847182
-1.3427734375 -0.1220703125 1.220703125 1847183
-1.3427734375 -0.1220703125 1.220703125 1847183
1.40380859375 0 -0.67138671875 1847369
-1.28173828125 -0.42724609375 0.67138671875 1847370
-1.28173828125 -0.42724609375 0.67138671875 1847370
-1.28173828125 -0.42724609375 0.67138671875 1847371
-1.28173828125 -0.42724609375 0.67138671875 1847471
-0.8544921875 -2.8076171875 0.54931640625 1847471
-0.8544921875 -2.8076171875 0.54931640625 1847472
-0.8544921875 -2.8076171875 0.54931640625 1847472
-0.8544921875 -2.8076171875 0.54931640625 1847574
-3.11279296875 -1.953125 1.953125 1847574
-3.11279296875 -1.953125 1.953125 1847575
-3.11279296875 -1.953125 1.953125 1847575
-3.11279296875 -1.953125 1.953125 1847677
2.01416015625 -0.18310546875 0.91552734375 1847677
2.01416015625 -0.18310546875 0.91552734375 1847678
2.01416015625 -0.18310546875 0.91552734375 1847678
2.01416015625 -0.18310546875 0.91552734375 1847779
1.77001953125 -0.6103515625 -0.732421875 1847779
1.77001953125 -0.6103515625 -0.732421875 1847780
1.77001953125 -0.6103515625 -0.732421875 1847781
-3.84521484375 -0.8544921875 0.91552734375 1847970
-0.244140625 1.0986328125 -1.220703125 1847970
-0.244140625 1.0986328125 -1.220703125 1847971
-0.244140625 1.0986328125 -1.220703125 1847971
-0.244140625 1.0986328125 -1.220703125 1848073
2.0751953125 0.30517578125 0.1220703125 1848073
2.0751953125 0.30517578125 0.1220703125 1848074
2.0751953125 0.30517578125 0.1220703125 1848074
2.0751953125 0.30517578125 0.1220703125 1848176
0.8544921875 0.79345703125 0 1848177
0.8544921875 0.79345703125 0 1848177
0.8544921875 0.79345703125 0 1848178
0.8544921875 0.79345703125 0 1848278
-1.89208984375 -0.67138671875 -0.244140625 1848278
-1.89208984375 -0.67138671875 -0.244140625 1848279
-1.89208984375 -0.67138671875 -0.244140625 1848279
-1.89208984375 -0.67138671875 -0.244140625 1848380
0.79345703125 -0.79345703125 -0.42724609375 1848380
0.79345703125 -0.79345703125 -0.42724609375 1848381
0.79345703125 -0.79345703125 -0.42724609375 1848382
-0.54931640625 0.8544921875 -0.18310546875 1848569
2.5634765625 -0.3662109375 -1.64794921875 1848570
2.5634765625 -0.3662109375 -1.64794921875 1848571
2.5634765625 -0.3662109375 -1.64794921875 1848572
2.5634765625 -0.3662109375 -1.64794921875 1848672
3.41796875 0.244140625 -4.33349609375 1848672
3.41796875 0.244140625 -4.33349609375 1848673
3.41796875 0.244140625 -4.33349609375 1848675
3.41796875 0.244140625 -4.33349609375 1848774
3.0517578125 0.732421875 5.0048828125 1848774
3.0517578125 0.732421875 5.0048828125 1848775
3.0517578125 0.732421875 5.0048828125 1848776
3.0517578125 0.732421875 5.0048828125 1848877
1.64794921875 0.30517578125 0.9765625 1848877
1.64794921875 0.30517578125 0.9765625 1848878
1.64794921875 0.30517578125 0.9765625 1848878
1.64794921875 0.30517578125 0.9765625 1848979
0.79345703125 1.52587890625 1.28173828125 1848980
0.79345703125 1.52587890625 1.28173828125 1848980
0.79345703125 1.52587890625 1.28173828125 1848981
-1.220703125 2.3193359375 1.64794921875 1849187
2.01416015625 2.01416015625 0.06103515625 1849188
2.01416015625 2.01416015625 0.06103515625 1849188
2.01416015625 2.01416015625 0.06103515625 1849189
4.39453125 -1.89208984375 2.86865234375 1849370
-2.8076171875 -0.3662109375 2.44140625 1849371
-2.8076171875 -0.3662109375 2.44140625 1849371
-2.8076171875 -0.3662109375 2.44140625 1849372
-2.8076171875 -0.3662109375 2.44140625 1849473
0.91552734375 -2.38037109375 1.953125 1849474
0.91552734375 -2.38037109375 1.953125 1849474
0.91552734375 -2.38037109375 1.953125 1849475
0.91552734375 -2.38037109375 1.953125 1849575
0 1.89208984375 -1.3427734375 1849577
0 1.89208984375 -1.3427734375 1849577
0 1.89208984375 -1.3427734375 1849578
0 1.89208984375 -1.3427734375 1849678
-1.3427734375 0.79345703125 -1.64794921875 1849679
-1.3427734375 0.79345703125 -1.64794921875 1849679
-1.3427734375 0.79345703125 -1.64794921875 1849680
-1.3427734375 0.79345703125 -1.64794921875 1849780
0 -1.89208984375 1.220703125 1849781
0 -1.89208984375 1.220703125 1849781
0 -1.89208984375 1.220703125 1849782
-1.5869140625 1.708984375 -0.1220703125 1849969
6.65283203125 1.46484375 -0.732421875 1849970
6.65283203125 1.46484375 -0.732421875 1849971
6.65283203125 1.46484375 -0.732421875 1849971
6.65283203125 1.46484375 -0.732421875 1850071
3.662109375 -6.16455078125 2.99072265625 1850072
3.662109375 -6.16455078125 2.99072265625 1850072
3.662109375 -6.16455078125 2.99072265625 1850073
7.32421875 -80.56640625 43.45703125 1850174
7.32421875 -80.56640625 43.45703125 1850175
7.32421875 -80.56640625 43.45703125 1850176
7.32421875 -80.56640625 43.45703125 1850278
12.75634765625 -200.13427734375 99.853515625 1850278
12.75634765625 -200.13427734375 99.853515625 1850279
12.75634765625 -200.13427734375 99.853515625 1850279
-15.380859375 -200.68359375 109.7412109375 1850468
-27.2216796875 -121.15478515625 65.73486328125 1850468
-27.2216796875 -121.15478515625 65.73486328125 1850468
-27.2216796875 -121.15478515625 65.73486328125 1850469
-27.2216796875 -121.15478515625 65.73486328125 1850570
-32.5927734375 -85.38818359375 68.359375 1850575
-32.5927734375 -85.38818359375 68.359375 1850580
-32.5927734375 -85.38818359375 68.359375 1850583
-32.5927734375 -85.38818359375 68.359375 1850673
33.935546875 -62.3779296875 64.208984375 1850775
-36.43798828125 -38.2080078125 -153.80859375 1850775
-36.43798828125 -38.2080078125 -153.80859375 1850776
-36.43798828125 -38.2080078125 -153.80859375 1850776
-36.43798828125 -38.2080078125 -153.80859375 1850878
23.86474609375 72.57080078125 79.77294921875 1850878
23.86474609375 72.57080078125 79.77294921875 1850879
23.86474609375 72.57080078125 79.77294921875 1850879
-66.0400390625 98.93798828125 -110.4736328125 1851068
-17.76123046875 181.33544921875 -9.94873046875 1851068
-17.76123046875 181.33544921875 -9.94873046875 1851069
-17.76123046875 181.33544921875 -9.94873046875 1851069
-17.76123046875 181.33544921875 -9.94873046875 1851172
-16.41845703125 155.45654296875 3.662109375 1851172
-16.41845703125 155.45654296875 3.662109375 1851173
-16.41845703125 155.45654296875 3.662109375 1851174
-16.41845703125 155.45654296875 3.662109375 1851274
-3.90625 107.421875 40.4052734375 1851274
-3.90625 107.421875 40.4052734375 1851275
-3.90625 107.421875 40.4052734375 1851276
-3.90625 107.421875 40.4052734375 1851377
46.38671875 61.09619140625 39.0625 1851377
46.38671875 61.09619140625 39.0625 1851378
46.38671875 61.09619140625 39.0625 1851378
46.38671875 61.09619140625 39.0625 1851480
38.6962890625 54.50439453125 21.42333984375 1851480
38.6962890625 54.50439453125 21.42333984375 1851481
38.6962890625 54.50439453125 21.42333984375 1851482
60.4248046875 29.052734375 -11.04736328125 1851669
26.2451171875 5.2490234375 -14.34326171875 1851669
26.2451171875 5.2490234375 -14.34326171875 1851670
26.2451171875 5.2490234375 -14.34326171875 1851670
26.2451171875 5.2490234375 -14.34326171875 1851771
16.2353515625 35.46142578125 -29.47998046875 1851772
16.2353515625 35.46142578125 -29.47998046875 1851772
16.2353515625 35.46142578125 -29.47998046875 1851773
16.2353515625 35.46142578125 -29.47998046875 1851873
42.29736328125 25.45166015625 -28.38134765625 1851873
42.29736328125 25.45166015625 -28.38134765625 1851874
42.29736328125 25.45166015625 -28.38134765625 1851875
42.29736328125 25.45166015625 -28.38134765625 1851975
18.06640625 12.939453125 -14.46533203125 1851975
18.06640625 12.939453125 -14.46533203125 1851976
18.06640625 12.939453125 -14.46533203125 1851976
18.06640625 12.939453125 -14.46533203125 1852079
56.2744140625 48.15673828125 -35.94970703125 1852079
56.2744140625 48.15673828125 -35.94970703125 1852080
56.2744140625 48.15673828125 -35.94970703125 1852080
-2.3193359375 -0.06103515625 -3.47900390625 1852269
-7.32421875 17.7001953125 -6.53076171875 1852269
-7.32421875 17.7001953125 -6.53076171875 1852270
-7.32421875 17.7001953125 -6.53076171875 1852270
-7.32421875 17.7001953125 -6.53076171875 1852373
6.9580078125 5.37109375 -1.64794921875 1852373
6.9580078125 5.37109375 -1.64794921875 1852374
6.9580078125 5.37109375 -1.64794921875 1852374
7.87353515625 3.7841796875 6.4697265625 1852571
2.86865234375 2.8076171875 -0.6103515625 1852572
2.86865234375 2.8076171875 -0.6103515625 1852572
2.86865234375 2.8076171875 -0.6103515625 1852573
2.86865234375 2.8076171875 -0.6103515625 1852671
1.28173828125 -1.220703125 1.46484375 1852774
4.8828125 -1.953125 1.64794921875 1852775
4.8828125 -1.953125 1.64794921875 1852775
4.8828125 -1.953125 1.64794921875 1852776
4.8828125 -1.953125 1.64794921875 1852876
11.77978515625 -0.30517578125 0.67138671875 1852876
11.77978515625 -0.30517578125 0.67138671875 1852877
11.77978515625 -0.30517578125 0.67138671875 1852878
11.77978515625 -0.30517578125 0.67138671875 1852979
-16.17431640625 1.15966796875 -0.244140625 1852979
-16.17431640625 1.15966796875 -0.244140625 1852980
-16.17431640625 1.15966796875 -0.244140625 1852981
1.64794921875 -3.41796875 3.90625 1853168
-1.3427734375 1.220703125 -1.40380859375 1853169
-1.3427734375 1.220703125 -1.40380859375 1853169
-1.3427734375 1.220703125 -1.40380859375 1853170
-1.3427734375 1.220703125 -1.40380859375 1853270
-5.06591796875 -1.52587890625 0.244140625 1853270
-5.06591796875 -1.52587890625 0.244140625 1853271
-5.06591796875 -1.52587890625 0.244140625 1853271
-6.591796875 -7.32421875 2.99072265625 1853373
-6.591796875 -7.32421875 2.99072265625 1853408
-6.591796875 -7.32421875 2.99072265625 1853409
-6.591796875 -7.32421875 2.99072265625 1853477
-7.32421875 1.15966796875 -0.30517578125 1853478
-1.953125 3.96728515625 -1.28173828125 1853568
-1.953125 3.96728515625 -1.28173828125 1853569
-1.953125 3.96728515625 -1.28173828125 1853667
-12.14599609375 6.591796875 -2.44140625 1853667
-12.14599609375 6.591796875 -2.44140625 1853770
-11.04736328125 8.23974609375 -3.11279296875 1853770
-11.04736328125 8.23974609375 -3.11279296875 1853771
-11.04736328125 8.23974609375 -3.11279296875 1853771
-11.04736328125 8.23974609375 -3.11279296875 1853872
-11.77978515625 4.82177734375 -0.67138671875 1853872
-11.77978515625 4.82177734375 -0.67138671875 1853873
-11.77978515625 4.82177734375 -0.67138671875 1853873
-11.77978515625 4.82177734375 -0.67138671875 1853974
-18.12744140625 -1.03759765625 2.9296875 1853974
-18.12744140625 -1.03759765625 2.9296875 1853975
-18.12744140625 -1.03759765625 2.9296875 1853975
-18.12744140625 -1.03759765625 2.9296875 1854076
-7.26318359375 1.5869140625 -0.79345703125 1854077
-7.26318359375 1.5869140625 -0.79345703125 1854078
-7.26318359375 1.5869140625 -0.79345703125 1854078
-2.13623046875 1.03759765625 2.01416015625 1854266
0 0.3662109375 0.42724609375 1854267
0 0.3662109375 0.42724609375 1854267
0 0.3662109375 0.42724609375 1854268
0 0.3662109375 0.42724609375 1854370
-1.220703125 1.0986328125 0.3662109375 1854370
-1.220703125 1.0986328125 0.3662109375 1854371
-1.220703125 1.0986328125 0.3662109375 1854371
-1.220703125 1.0986328125 0.3662109375 1854473
-2.38037109375 1.0986328125 -0.244140625 1854473
-2.38037109375 1.0986328125 -0.244140625 1854473
-2.38037109375 1.0986328125 -0.244140625 1854474
-2.38037109375 1.0986328125 -0.244140625 1854576
-2.197265625 0 0.79345703125 1854576
-2.197265625 0 0.79345703125 1854576
-2.197265625 0 0.79345703125 1854577
-0.91552734375 -0.9765625 0.91552734375 1854766
1.52587890625 1.28173828125 4.0283203125 1854767
1.52587890625 1.28173828125 4.0283203125 1854767
1.52587890625 1.28173828125 4.0283203125 1854767
1.52587890625 1.28173828125 4.0283203125 1854869
6.103515625 6.65283203125 2.01416015625 1854869
6.103515625 6.65283203125 2.01416015625 1854869
6.103515625 6.65283203125 2.01416015625 1854870
6.103515625 6.65283203125 2.01416015625 1854971
16.17431640625 2.685546875 0.244140625 1854972
16.17431640625 2.685546875 0.244140625 1854972
16.17431640625 2.685546875 0.244140625 1854972
16.17431640625 2.685546875 0.244140625 1855074
12.39013671875 2.13623046875 -5.79833984375 1855075
12.39013671875 2.13623046875 -5.79833984375 1855075
12.39013671875 2.13623046875 -5.79833984375 1855075
12.39013671875 2.13623046875 -5.79833984375 1855177
-22.15576171875 -10.92529296875 4.8828125 1855177
-22.15576171875 -10.92529296875 4.8828125 1855178
-22.15576171875 -10.92529296875 4.8828125 1855178
-12.51220703125 2.13623046875 -5.18798828125 1855367
-15.07568359375 -8.056640625 3.5400390625 1855367
-15.07568359375 -8.056640625 3.5400390625 1855367
-15.07568359375 -8.056640625 3.5400390625 1855368
-15.07568359375 -8.056640625 3.5400390625 1855483
-8.11767578125 -5.18798828125 5.0048828125 1855483
-8.11767578125 -5.18798828125 5.0048828125 1855483
-8.11767578125 -5.18798828125 5.0048828125 1855484
-2.44140625 2.44140625 -2.50244140625 1855654
-1.46484375 3.662109375 -2.50244140625 1855655
-1.46484375 3.662109375 -2.50244140625 1855655
-1.46484375 3.662109375 -2.50244140625 1855655
-1.46484375 3.662109375 -2.50244140625 1855767
7.8125 0.1220703125 -2.9296875 1855767
7.8125 0.1220703125 -2.9296875 1855768
7.8125 0.1220703125 -2.9296875 1855768
7.8125 0.1220703125 -2.9296875 1855872
-1.40380859375 -0.6103515625 -1.28173828125 1855872
-1.40380859375 -0.6103515625 -1.28173828125 1855873
-1.40380859375 -0.6103515625 -1.28173828125 1855873
-1.40380859375 -0.6103515625 -1.28173828125 1855974
-1.64794921875 -1.8310546875 -0.1220703125 1855975
-1.64794921875 -1.8310546875 -0.1220703125 1855975
-1.64794921875 -1.8310546875 -0.1220703125 1855976
-1.64794921875 -1.8310546875 -0.1220703125 1856077
-1.77001953125 6.591796875 -3.96728515625 1856077
-1.77001953125 6.591796875 -3.96728515625 1856078
-1.77001953125 6.591796875 -3.96728515625 1856078
1.28173828125 2.86865234375 -1.89208984375 1856266
0.732421875 1.89208984375 0.244140625 1856266
0.732421875 1.89208984375 0.244140625 1856267
0.732421875 1.89208984375 0.244140625 1856267
0.732421875 1.89208984375 0.244140625 1856369
0.1220703125 2.197265625 -0.54931640625 1856370
0.1220703125 2.197265625 -0.54931640625 1856370
0.1220703125 2.197265625 -0.54931640625 1856371
0.9765625 -0.6103515625 -0.54931640625 1856471
0.9765625 -0.6103515625 -0.54931640625 1856471
0.9765625 -0.6103515625 -0.54931640625 1856472
0.9765625 -0.6103515625 -0.54931640625 1856575
1.15966796875 -1.15966796875 2.13623046875 1856575
1.15966796875 -1.15966796875 2.13623046875 1856576
1.15966796875 -1.15966796875 2.13623046875 1856577
1.15966796875 -1.15966796875 2.13623046875 1856678
4.57763671875 -0.48828125 0.30517578125 1856679
4.57763671875 -0.48828125 0.30517578125 1856679
4.57763671875 -0.48828125 0.30517578125 1856680
0.732421875 -1.3427734375 0.8544921875 1856861
4.39453125 -1.5869140625 -0.30517578125 1856872
4.39453125 -1.5869140625 -0.30517578125 1856873
4.39453125 -1.5869140625 -0.30517578125 1856873
4.39453125 -1.5869140625 -0.30517578125 1856975
2.9296875 -0.1220703125 -2.13623046875 1856976
2.9296875 -0.1220703125 -2.13623046875 1856976
2.9296875 -0.1220703125 -2.13623046875 1856976
0.9765625 -0.30517578125 -0.30517578125 1857165
1.64794921875 -0.42724609375 -2.13623046875 1857166
1.64794921875 -0.42724609375 -2.13623046875 1857166
1.64794921875 -0.42724609375 -2.13623046875 1857167
1.64794921875 -0.42724609375 -2.13623046875 1857267
-2.86865234375 -0.06103515625 0.6103515625 1857268
-2.86865234375 -0.06103515625 0.6103515625 1857268
-2.86865234375 -0.06103515625 0.6103515625 1857268
-2.86865234375 -0.06103515625 0.6103515625 1857370
1.953125 0.6103515625 -1.0986328125 1857370
1.953125 0.6103515625 -1.0986328125 1857370
1.953125 0.6103515625 -1.0986328125 1857371
1.953125 0.6103515625 -1.0986328125 1857472
-0.9765625 1.5869140625 0.06103515625 1857473
-0.9765625 1.5869140625 0.06103515625 1857473
-0.9765625 1.5869140625 0.06103515625 1857473
-0.9765625 1.5869140625 0.06103515625 1857576
1.28173828125 -0.244140625 -0.06103515625 1857577
1.28173828125 -0.244140625 -0.06103515625 1857577
1.28173828125 -0.244140625 -0.06103515625 1857578
0.8544921875 1.3427734375 -1.03759765625 1857765
-0.3662109375 -0.48828125 1.28173828125 1857766
-0.3662109375 -0.48828125 1.28173828125 1857767
-0.3662109375 -0.48828125 1.28173828125 1857767
-0.3662109375 -0.48828125 1.28173828125 1857867
-0.1220703125 -0.3662109375 -0.54931640625 1857867
-0.1220703125 -0.3662109375 -0.54931640625 1857868
-0.1220703125 -0.3662109375 -0.54931640625 1857868
-0.1220703125 -0.3662109375 -0.54931640625 1857970
0.8544921875 0.244140625 0.732421875 1857971
0.8544921875 0.244140625 0.732421875 1857972
0.8544921875 0.244140625 0.732421875 1857973
0.8544921875 0.244140625 0.732421875 1858077
1.77001953125 -0.91552734375 0 1858077
1.77001953125 -0.91552734375 0 1858078
1.77001953125 -0.91552734375 0 1858078
-2.8076171875 0.91552734375 -0.732421875 1858268
0.6103515625 0.244140625 -0.732421875 1858268
0.6103515625 0.244140625 -0.732421875 1858269
0.6103515625 0.244140625 -0.732421875 1858270
0.6103515625 0.244140625 -0.732421875 1858370
0.8544921875 -0.48828125 0 1858370
0.8544921875 -0.48828125 0 1858371
0.8544921875 -0.48828125 0 1858372
0.8544921875 -0.48828125 0 1858473
-0.6103515625 0.42724609375 0.8544921875 1858473
-0.6103515625 0.42724609375 0.8544921875 1858474
-0.6103515625 0.42724609375 0.8544921875 1858474
-0.6103515625 0.42724609375 0.8544921875 1858576
1.46484375 -0.30517578125 -0.30517578125 1858576
1.46484375 -0.30517578125 -0.30517578125 1858577
1.46484375 -0.30517578125 -0.30517578125 1858577
1.0986328125 0 0.3662109375 1858790
-0.30517578125 1.15966796875 -0.42724609375 1858791
-0.30517578125 1.15966796875 -0.42724609375 1858791
-0.30517578125 1.15966796875 -0.42724609375 1858791
0.67138671875 -1.5869140625 0.18310546875 1858963
0.54931640625 -0.30517578125 1.77001953125 1858963
0.54931640625 -0.30517578125 1.77001953125 1858964
0.54931640625 -0.30517578125 1.77001953125 1858964
0.54931640625 -0.30517578125 1.77001953125 1859066
2.3193359375 -0.1220703125 -0.1220703125 1859067
2.3193359375 -0.1220703125 -0.1220703125 1859067
2.3193359375 -0.1220703125 -0.1220703125 1859068
2.3193359375 -0.1220703125 -0.1220703125 1859168
0 0.42724609375 -0.79345703125 1859169
0 0.42724609375 -0.79345703125 1859170
0 0.42724609375 -0.79345703125 1859170
0 0.42724609375 -0.79345703125 1859271
-0.67138671875 0.42724609375 0.06103515625 1859271
-0.67138671875 0.42724609375 0.06103515625 1859272
-0.67138671875 0.42724609375 0.06103515625 1859273
-0.67138671875 0.42724609375 0.06103515625 1859373
0.06103515625 0.732421875 -0.06103515625 1859373
0.06103515625 0.732421875 -0.06103515625 1859374
0.06103515625 0.732421875 -0.06103515625 1859374
0.06103515625 0.732421875 -0.06103515625 1859477
0.91552734375 0.1220703125 0.06103515625 1859477
0.91552734375 0.1220703125 0.06103515625 1859478
0.91552734375 0.1220703125 0.06103515625 1859478
0 -0.18310546875 0.3662109375 1859674
-0.79345703125 -0.1220703125 -0.30517578125 1859674
-0.79345703125 -0.1220703125 -0.30517578125 1859675
-0.79345703125 -0.1220703125 -0.30517578125 1859675
-0.79345703125 -0.1220703125 -0.30517578125 1859776
1.0986328125 0 -0.6103515625 1859776
1.0986328125 0 -0.6103515625 1859777
1.0986328125 0 -0.6103515625 1859777
0.9765625 -0.1220703125 -0.91552734375 1859963
-1.3427734375 -0.30517578125 0.42724609375 1859964
-1.3427734375 -0.30517578125 0.42724609375 1859965
-1.3427734375 -0.30517578125 0.42724609375 1859965
-1.3427734375 -0.30517578125 0.42724609375 1860067
2.25830078125 -0.8544921875 -1.28173828125 1860067
2.25830078125 -0.8544921875 -1.28173828125 1860068
2.25830078125 -0.8544921875 -1.28173828125 1860068
2.25830078125 -0.8544921875 -1.28173828125 1860169
-2.3193359375 0.06103515625 1.03759765625 1860169
-2.3193359375 0.06103515625 1.03759765625 1860170
-2.3193359375 0.06103515625 1.03759765625 1860171
-2.3193359375 0.06103515625 1.03759765625 1860271
1.0986328125 -0.67138671875 0.42724609375 1860271
1.0986328125 -0.67138671875 0.42724609375 1860272
1.0986328125 -0.67138671875 0.42724609375 1860272
1.0986328125 -0.67138671875 0.42724609375 1860374
-0.244140625 0.48828125 0.3662109375 1860374
-0.244140625 0.48828125 0.3662109375 1860375
-0.244140625 0.48828125 0.3662109375 1860376
0.06103515625 0 0 1860564
1.953125 -0.1220703125 -0.06103515625 1860565
1.953125 -0.1220703125 -0.06103515625 1860566
1.953125 -0.1220703125 -0.06103515625 1860566
1.953125 -0.1220703125 -0.06103515625 1860671
0.9765625 -0.48828125 -0.244140625 1860671
0.9765625 -0.48828125 -0.244140625 1860672
0.9765625 -0.48828125 -0.244140625 1860672
-1.0986328125 0.48828125 -0.18310546875 1860864
-0.6103515625 -0.48828125 0.6103515625 1860864
-0.6103515625 -0.48828125 0.6103515625 1860865
-0.6103515625 -0.48828125 0.6103515625 1860865
-0.6103515625 -0.48828125 0.6103515625 1860967
-2.197265625 0.06103515625 0.6103515625 1860967
-2.197265625 0.06103515625 0.6103515625 1860968
-2.197265625 0.06103515625 0.6103515625 1860968
-2.197265625 0.06103515625 0.6103515625 1861069
-1.40380859375 0 0.18310546875 1861069
-1.40380859375 0 0.18310546875 1861070
-1.40380859375 0 0.18310546875 1861071
-1.40380859375 0 0.18310546875 1861172
0.732421875 0.30517578125 0 1861172
0.732421875 0.30517578125 0 1861173
0.732421875 0.30517578125 0 1861173
0.732421875 0.30517578125 0 1861274
-1.40380859375 0.8544921875 0.42724609375 1861274
-1.40380859375 0.8544921875 0.42724609375 1861275
-1.40380859375 0.8544921875 0.42724609375 1861276
-0.8544921875 0.1220703125 0 1861464
0.06103515625 -0.244140625 0.9765625 1861464
0.06103515625 -0.244140625 0.9765625 1861465
0.06103515625 -0.244140625 0.9765625 1861465
0.06103515625 -0.244140625 0.9765625 1861567
0.67138671875 -0.8544921875 -0.8544921875 1861568
0.67138671875 -0.8544921875 -0.8544921875 1861569
0.67138671875 -0.8544921875 -0.8544921875 1861570
0.67138671875 -0.8544921875 -0.8544921875 1861669
1.0986328125 0.8544921875 0 1861669
1.0986328125 0.8544921875 0 1861670
1.0986328125 0.8544921875 0 1861670
1.0986328125 0.8544921875 0 1861774
3.662109375 -1.15966796875 -0.18310546875 1861775
3.662109375 -1.15966796875 -0.18310546875 1861775
3.662109375 -1.15966796875 -0.18310546875 1861776
-1.3427734375 0.732421875 -0.06103515625 1861973
-0.67138671875 -0.30517578125 1.8310546875 1861973
-0.67138671875 -0.30517578125 1.8310546875 1861974
-0.67138671875 -0.30517578125 1.8310546875 1861974
2.197265625 -0.48828125 -1.52587890625 1862163
-1.28173828125 1.77001953125 1.64794921875 1862164
-1.28173828125 1.77001953125 1.64794921875 1862165
-1.28173828125 1.77001953125 1.64794921875 1862166
-1.28173828125 1.77001953125 1.64794921875 1862266
1.0986328125 0.42724609375 -0.30517578125 1862266
1.0986328125 0.42724609375 -0.30517578125 1862267
1.0986328125 0.42724609375 -0.30517578125 1862267
1.0986328125 0.42724609375 -0.30517578125 1862368
1.64794921875 -0.48828125 0 1862368
1.64794921875 -0.48828125 0 1862369
1.64794921875 -0.48828125 0 1862369
1.64794921875 -0.48828125 0 1862470
0.3662109375 -0.9765625 1.0986328125 1862470
0.3662109375 -0.9765625 1.0986328125 1862471
0.3662109375 -0.9765625 1.0986328125 1862471
0.3662109375 -0.9765625 1.0986328125 1862573
-1.77001953125 0.732421875 0.67138671875 1862574
-1.77001953125 0.732421875 0.67138671875 1862574
-1.77001953125 0.732421875 0.67138671875 1862575
0.54931640625 -0.6103515625 0.30517578125 1862764
0.3662109375 -0.42724609375 -0.42724609375 1862764
0.3662109375 -0.42724609375 -0.42724609375 1862765
0.3662109375 -0.42724609375 -0.42724609375 1862765
0.3662109375 -0.42724609375 -0.42724609375 1862866
-1.64794921875 0.3662109375 1.220703125 1862866
-1.64794921875 0.3662109375 1.220703125 1862867
-1.64794921875 0.3662109375 1.220703125 1862867
0.67138671875 -0.30517578125 -1.220703125 1862969
0.67138671875 -0.30517578125 -1.220703125 1862969
0.67138671875 -0.30517578125 -1.220703125 1862970
0.67138671875 -0.30517578125 -1.220703125 1863072
-1.40380859375 -0.54931640625 -0.18310546875 1863072
-1.40380859375 -0.54931640625 -0.18310546875 1863073
-1.40380859375 -0.54931640625 -0.18310546875 1863073
-1.40380859375 -0.54931640625 -0.18310546875 1863175
0.67138671875 -0.1220703125 2.13623046875 1863176
0.67138671875 -0.1220703125 2.13623046875 1863176
0.67138671875 -0.1220703125 2.13623046875 1863176
-0.91552734375 -0.244140625 -0.30517578125 1863365
-2.01416015625 -0.54931640625 0.3662109375 1863366
-2.01416015625 -0.54931640625 0.3662109375 1863367
-2.01416015625 -0.54931640625 0.3662109375 1863368
-2.01416015625 -0.54931640625 0.3662109375 1863467
-0.1220703125 -0.42724609375 0.6103515625 1863467
-0.1220703125 -0.42724609375 0.6103515625 1863468
-0.1220703125 -0.42724609375 0.6103515625 1863468
-0.1220703125 -0.42724609375 0.6103515625 1863570
-1.3427734375 -0.244140625 0.42724609375 1863570
-1.3427734375 -0.244140625 0.42724609375 1863571
-1.3427734375 -0.244140625 0.42724609375 1863571
-1.3427734375 -0.244140625 0.42724609375 1863673
-0.06103515625 -0.1220703125 0 1863673
-0.06103515625 -0.1220703125 0 1863674
-0.06103515625 -0.1220703125 0 1863674
1.52587890625 0.3662109375 -0.3662109375 1863862
-0.1220703125 0 -0.06103515625 1863863
-0.1220703125 0 -0.06103515625 1863863
-0.1220703125 0 -0.06103515625 1863864
-0.1220703125 0 -0.06103515625 1863966
0.18310546875 -0.18310546875 0.06103515625 1863967
0.18310546875 -0.18310546875 0.06103515625 1863968
0.18310546875 -0.18310546875 0.06103515625 1863969
0.18310546875 -0.18310546875 0.06103515625 1864069
-0.6103515625 -0.91552734375 0.6103515625 1864108
-0.6103515625 -0.91552734375 0.6103515625 1864109
-0.6103515625 -0.91552734375 0.6103515625 1864110
-0.6103515625 -0.91552734375 0.6103515625 1864172
0.06103515625 0.48828125 1.0986328125 1864251
0.06103515625 0.48828125 1.0986328125 1864252
0.06103515625 0.48828125 1.0986328125 1864253
0.06103515625 0.48828125 1.0986328125 1864362
2.13623046875 -0.9765625 -0.244140625 1864363
2.13623046875 -0.9765625 -0.244140625 1864363
2.13623046875 -0.9765625 -0.244140625 1864364
2.13623046875 -0.9765625 -0.244140625 1864465
-0.67138671875 -0.67138671875 0.244140625 1864467
-0.67138671875 -0.67138671875 0.244140625 1864467
-0.67138671875 -0.67138671875 0.244140625 1864468
-0.67138671875 -0.67138671875 0.244140625 1864568
2.5634765625 -1.52587890625 0.6103515625 1864569
2.5634765625 -1.52587890625 0.6103515625 1864570
2.5634765625 -1.52587890625 0.6103515625 1864571
2.5634765625 -1.52587890625 0.6103515625 1864672
0.30517578125 0.8544921875 -0.06103515625 1864672
0.30517578125 0.8544921875 -0.06103515625 1864673
0.30517578125 0.8544921875 -0.06103515625 1864674
0.30517578125 0.8544921875 -0.06103515625 1864774
1.46484375 0.42724609375 0.42724609375 1864775
1.46484375 0.42724609375 0.42724609375 1864775
1.46484375 0.42724609375 0.42724609375 1864776
0.48828125 -0.6103515625 0.42724609375 1864963
2.685546875 -1.3427734375 -0.8544921875 1864963
2.685546875 -1.3427734375 -0.8544921875 1864964
2.685546875 -1.3427734375 -0.8544921875 1864965
2.685546875 -1.3427734375 -0.8544921875 1865065
1.8310546875 -2.50244140625 -2.5634765625 1865065
1.8310546875 -2.50244140625 -2.5634765625 1865066
1.8310546875 -2.50244140625 -2.5634765625 1865066
1.8310546875 -2.50244140625 -2.5634765625 1865174
0.3662109375 0.42724609375 -0.1220703125 1865174
0.3662109375 0.42724609375 -0.1220703125 1865174
0.3662109375 0.42724609375 -0.1220703125 1865175
-0.67138671875 -1.03759765625 -0.06103515625 1865363
1.8310546875 -4.08935546875 -1.03759765625 1865363
1.8310546875 -4.08935546875 -1.03759765625 1865364
1.8310546875 -4.08935546875 -1.03759765625 1865365
1.8310546875 -4.08935546875 -1.03759765625 1865466
1.89208984375 -6.40869140625 -5.7373046875 1865466
1.89208984375 -6.40869140625 -5.7373046875 1865467
1.89208984375 -6.40869140625 -5.7373046875 1865467
2.86865234375 -6.89697265625 -8.1787109375 1865567
2.86865234375 -6.89697265625 -8.1787109375 1865567
2.86865234375 -6.89697265625 -8.1787109375 1865568
2.86865234375 -6.89697265625 -8.1787109375 1865666
-1.40380859375 -10.8642578125 -14.58740234375 1865750
-1.40380859375 -10.8642578125 -14.58740234375 1865751
-1.40380859375 -10.8642578125 -14.58740234375 1865752
-1.40380859375 -10.8642578125 -14.58740234375 1865861
5.67626953125 -10.92529296875 -17.63916015625 1865862
5.67626953125 -10.92529296875 -17.63916015625 1865863
5.67626953125 -10.92529296875 -17.63916015625 1865863
5.67626953125 -10.92529296875 -17.63916015625 1865964
-0.3662109375 -14.2822265625 -21.30126953125 1865965
-0.3662109375 -14.2822265625 -21.30126953125 1865965
-0.3662109375 -14.2822265625 -21.30126953125 1865966
-0.3662109375 -14.2822265625 -21.30126953125 1866066
-3.47900390625 -11.41357421875 -21.30126953125 1866066
-3.47900390625 -11.41357421875 -21.30126953125 1866067
-3.47900390625 -11.41357421875 -21.30126953125 1866069
-3.47900390625 -11.41357421875 -21.30126953125 1866169
-1.5869140625 -5.67626953125 -24.7802734375 1866170
-1.5869140625 -5.67626953125 -24.7802734375 1866170
-1.5869140625 -5.67626953125 -24.7802734375 1866171
-1.5869140625 -5.67626953125 -24.7802734375 1866271
-2.86865234375 -3.90625 -19.47021484375 1866271
-2.86865234375 -3.90625 -19.47021484375 1866272
-2.86865234375 -3.90625 -19.47021484375 1866272
-1.708984375 -9.70458984375 -6.89697265625 1866462
12.39013671875 -27.4658203125 10.498046875 1866462
12.39013671875 -27.4658203125 10.498046875 1866463
12.39013671875 -27.4658203125 10.498046875 1866464
12.39013671875 -27.4658203125 10.498046875 1866566
29.9072265625 -76.59912109375 39.6728515625 1866566
29.9072265625 -76.59912109375 39.6728515625 1866566
29.9072265625 -76.59912109375 39.6728515625 1866567
29.9072265625 -76.59912109375 39.6728515625 1866669
-1.77001953125 -102.1728515625 64.27001953125 1866670
-1.77001953125 -102.1728515625 64.27001953125 1866670
-1.77001953125 -102.1728515625 64.27001953125 1866671
-1.77001953125 -102.1728515625 64.27001953125 1866771
-14.95361328125 -116.51611328125 62.8662109375 1866772
-14.95361328125 -116.51611328125 62.8662109375 1866772
-14.95361328125 -116.51611328125 62.8662109375 1866773
-12.3291015625 -118.5302734375 64.75830078125 1866962
-18.00537109375 -120.2392578125 70.98388671875 1866962
-18.00537109375 -120.2392578125 70.98388671875 1866963
-18.00537109375 -120.2392578125 70.98388671875 1866964
-18.00537109375 -120.2392578125 70.98388671875 1867064
-1.953125 -98.69384765625 78.18603515625 1867064
-1.953125 -98.69384765625 78.18603515625 1867065
-1.953125 -98.69384765625 78.18603515625 1867065
-1.953125 -98.69384765625 78.18603515625 1867167
9.27734375 -87.09716796875 74.3408203125 1867168
9.27734375 -87.09716796875 74.3408203125 1867168
9.27734375 -87.09716796875 74.3408203125 1867169
9.27734375 -87.09716796875 74.3408203125 1867270
-90.2099609375 -133.1787109375 -167.724609375 1867270
-90.2099609375 -133.1787109375 -167.724609375 1867271
-90.2099609375 -133.1787109375 -167.724609375 1867271
-90.2099609375 -133.1787109375 -167.724609375 1867373
52.8564453125 102.35595703125 51.1474609375 1867374
52.8564453125 102.35595703125 51.1474609375 1867374
52.8564453125 102.35595703125 51.1474609375 1867375
-59.4482421875 151.42822265625 -97.83935546875 1867561
20.93505859375 141.2353515625 -3.662109375 1867562
20.93505859375 141.2353515625 -3.662109375 1867562
20.93505859375 141.2353515625 -3.662109375 1867563
20.93505859375 141.2353515625 -3.662109375 1867664
-24.7802734375 175.10986328125 -7.87353515625 1867666
-24.7802734375 175.10986328125 -7.87353515625 1867666
-24.7802734375 175.10986328125 -7.87353515625 1867667
-24.7802734375 175.10986328125 -7.87353515625 1867767
-5.37109375 86.73095703125 35.94970703125 1867768
-5.37109375 86.73095703125 35.94970703125 1867768
-5.37109375 86.73095703125 35.94970703125 1867769
-5.37109375 86.73095703125 35.94970703125 1867869
-7.26318359375 34.0576171875 11.41357421875 1867869
-7.26318359375 34.0576171875 11.41357421875 1867869
-7.26318359375 34.0576171875 11.41357421875 1867871
-7.26318359375 34.0576171875 11.41357421875 1867971
0.79345703125 26.79443359375 18.6767578125 1867972
0.79345703125 26.79443359375 18.6767578125 1867972
0.79345703125 26.79443359375 18.6767578125 1867973
22.64404296875 57.861328125 12.51220703125 1868161
20.751953125 39.48974609375 2.44140625 1868162
20.751953125 39.48974609375 2.44140625 1868162
20.751953125 39.48974609375 2.44140625 1868163
20.751953125 39.48974609375 2.44140625 1868264
28.50341796875 17.02880859375 24.0478515625 1868265
28.50341796875 17.02880859375 24.0478515625 1868265
28.50341796875 17.02880859375 24.0478515625 1868266
28.50341796875 17.02880859375 24.0478515625 1868374
123.71826171875 70.4345703125 -19.83642578125 1868375
123.71826171875 70.4345703125 -19.83642578125 1868375
123.71826171875 70.4345703125 -19.83642578125 1868376
62.68310546875 27.28271484375 -12.39013671875 1868563
85.9375 24.0478515625 -7.01904296875 1868563
85.9375 24.0478515625 -7.01904296875 1868564
85.9375 24.0478515625 -7.01904296875 1868564
16.2353515625 -2.74658203125 6.16455078125 1868667
16.2353515625 -2.74658203125 6.16455078125 1868667
16.2353515625 -2.74658203125 6.16455078125 1868668
16.2353515625 -2.74658203125 6.16455078125 1868770
4.2724609375 9.21630859375 3.5400390625 1868770
4.2724609375 9.21630859375 3.5400390625 1868771
4.2724609375 9.21630859375 3.5400390625 1868772
4.2724609375 9.21630859375 3.5400390625 1868872
-15.13671875 9.521484375 -4.57763671875 1868872
-15.13671875 9.521484375 -4.57763671875 1868873
-15.13671875 9.521484375 -4.57763671875 1868873
-9.521484375 2.197265625 -3.72314453125 1869060
-19.34814453125 -2.8076171875 -3.90625 1869060
-19.34814453125 -2.8076171875 -3.90625 1869061
-19.34814453125 -2.8076171875 -3.90625 1869061
-19.34814453125 -2.8076171875 -3.90625 1869163
-41.32080078125 -6.2255859375 10.498046875 1869164
-41.32080078125 -6.2255859375 10.498046875 1869165
-41.32080078125 -6.2255859375 10.498046875 1869165
-41.32080078125 -6.2255859375 10.498046875 1869265
-20.751953125 2.9296875 -9.033203125 1869265
-20.751953125 2.9296875 -9.033203125 1869266
-20.751953125 2.9296875 -9.033203125 1869266
-20.751953125 2.9296875 -9.033203125 1869367
-42.1142578125 -0.42724609375 -0.79345703125 1869367
-42.1142578125 -0.42724609375 -0.79345703125 1869368
-42.1142578125 -0.42724609375 -0.79345703125 1869368
-42.1142578125 -0.42724609375 -0.79345703125 1869469
-10.31494140625 -2.86865234375 -4.57763671875 1869470
-10.31494140625 -2.86865234375 -4.57763671875 1869471
-10.31494140625 -2.86865234375 -4.57763671875 1869471
5.79833984375 -4.5166015625 -2.86865234375 1869660
-5.2490234375 -7.62939453125 0.79345703125 1869660
-5.2490234375 -7.62939453125 0.79345703125 1869662
-5.2490234375 -7.62939453125 0.79345703125 1869662
-5.2490234375 -7.62939453125 0.79345703125 1869764
-3.96728515625 -5.615234375 0.67138671875 1869764
-3.96728515625 -5.615234375 0.67138671875 1869765
-3.96728515625 -5.615234375 0.67138671875 1869765
-3.96728515625 -5.615234375 0.67138671875 1869868
2.44140625 -4.82177734375 -0.18310546875 1869868
2.44140625 -4.82177734375 -0.18310546875 1869869
2.44140625 -4.82177734375 -0.18310546875 1869869
2.44140625 -4.82177734375 -0.18310546875 1869970
4.82177734375 -9.46044921875 3.662109375 1869971
4.82177734375 -9.46044921875 3.662109375 1869971
4.82177734375 -9.46044921875 3.662109375 1869972
1.15966796875 -2.197265625 -3.35693359375 1870161
0.30517578125 -1.52587890625 -1.0986328125 1870162
0.30517578125 -1.52587890625 -1.0986328125 1870162
0.30517578125 -1.52587890625 -1.0986328125 1870163
0.30517578125 -1.52587890625 -1.0986328125 1870263
2.13623046875 -2.197265625 0.18310546875 1870263
2.13623046875 -2.197265625 0.18310546875 1870264
2.13623046875 -2.197265625 0.18310546875 1870264
2.13623046875 -2.197265625 0.18310546875 1870366
2.5634765625 -0.732421875 -4.33349609375 1870367
2.5634765625 -0.732421875 -4.33349609375 1870368
2.5634765625 -0.732421875 -4.33349609375 1870368
2.5634765625 -0.732421875 -4.33349609375 1870469
2.38037109375 -0.9765625 -2.197265625 1870469
2.38037109375 -0.9765625 -2.197265625 1870470
2.38037109375 -0.9765625 -2.197265625 1870471
2.38037109375 -0.9765625 -2.197265625 1870587
1.46484375 -0.06103515625 -1.953125 1870587
1.46484375 -0.06103515625 -1.953125 1870588
1.46484375 -0.06103515625 -1.953125 1870588
-1.0986328125 0.1220703125 -0.6103515625 1870761
3.173828125 1.46484375 -2.86865234375 1870761
3.173828125 1.46484375 -2.86865234375 1870762
3.173828125 1.46484375 -2.86865234375 1870762
3.173828125 1.46484375 -2.86865234375 1870863
-0.732421875 2.685546875 -1.52587890625 1870864
-0.732421875 2.685546875 -1.52587890625 1870865
-0.732421875 2.685546875 -1.52587890625 1870865
-0.732421875 2.685546875 -1.52587890625 1870966
1.52587890625 -0.3662109375 -2.5634765625 1870967
1.52587890625 -0.3662109375 -2.5634765625 1870967
1.52587890625 -0.3662109375 -2.5634765625 1870968
1.52587890625 -0.3662109375 -2.5634765625 1871069
-0.91552734375 2.8076171875 1.220703125 1871069
-0.91552734375 2.8076171875 1.220703125 1871070
-0.91552734375 2.8076171875 1.220703125 1871070
-0.91552734375 2.8076171875 1.220703125 1871171
3.7841796875 -1.46484375 -1.52587890625 1871171
3.7841796875 -1.46484375 -1.52587890625 1871172
3.7841796875 -1.46484375 -1.52587890625 1871172
0.06103515625 0.18310546875 1.46484375 1871360
-0.6103515625 -0.9765625 0.48828125 1871361
-0.6103515625 -0.9765625 0.48828125 1871362
-0.6103515625 -0.9765625 0.48828125 1871362
-0.6103515625 -0.9765625 0.48828125 1871462
-1.708984375 -0.67138671875 0.06103515625 1871462
-1.708984375 -0.67138671875 0.06103515625 1871463
-1.708984375 -0.67138671875 0.06103515625 1871463
-1.708984375 -0.67138671875 0.06103515625 1871576
1.28173828125 -1.8310546875 0.18310546875 1871577
1.28173828125 -1.8310546875 0.18310546875 1871577
1.28173828125 -1.8310546875 0.18310546875 1871578
-0.732421875 0.42724609375 0.54931640625 1871763
2.25830078125 0.79345703125 -1.953125 1871763
2.25830078125 0.79345703125 -1.953125 1871764
2.25830078125 0.79345703125 -1.953125 1871764
2.25830078125 0.79345703125 -1.953125 1871867
0.91552734375 0.18310546875 0.30517578125 1871867
0.91552734375 0.18310546875 0.30517578125 1871868
0.91552734375 0.18310546875 0.30517578125 1871868
0.91552734375 0.18310546875 0.30517578125 1871969
0.244140625 -0.3662109375 0.42724609375 1871970
0.244140625 -0.3662109375 0.42724609375 1871970
0.244140625 -0.3662109375 0.42724609375 1871971
0.244140625 -0.3662109375 0.42724609375 1872071
-1.46484375 0.1220703125 2.13623046875 1872071
-1.46484375 0.1220703125 2.13623046875 1872072
-1.46484375 0.1220703125 2.13623046875 1872072
2.99072265625 -0.54931640625 0.30517578125 1872259
-1.28173828125 0.244140625 -0.79345703125 1872259
-1.28173828125 0.244140625 -0.79345703125 1872260
-1.28173828125 0.244140625 -0.79345703125 1872260
-1.28173828125 0.244140625 -0.79345703125 1872362
1.8310546875 0.91552734375 -0.18310546875 1872363
1.8310546875 0.91552734375 -0.18310546875 1872364
1.8310546875 0.91552734375 -0.18310546875 1872365
1.8310546875 0.91552734375 -0.18310546875 1872464
1.220703125 1.3427734375 -1.28173828125 1872464
1.220703125 1.3427734375 -1.28173828125 1872465
1.220703125 1.3427734375 -1.28173828125 1872465
1.220703125 1.3427734375 -1.28173828125 1872566
-1.3427734375 -0.18310546875 -0.67138671875 1872566
-1.3427734375 -0.18310546875 -0.67138671875 1872567
-1.3427734375 -0.18310546875 -0.67138671875 1872567
-1.3427734375 -0.18310546875 -0.67138671875 1872668
0.54931640625 0.67138671875 -1.46484375 1872668
0.54931640625 0.67138671875 -1.46484375 1872669
0.54931640625 0.67138671875 -1.46484375 1872669
0.30517578125 0.3662109375 0.732421875 1872858
-0.244140625 -0.18310546875 0 1872858
-0.244140625 -0.18310546875 0 1872859
-0.244140625 -0.18310546875 0 1872859
3.2958984375 -2.13623046875 -1.220703125 1872966
3.2958984375 -2.13623046875 -1.220703125 1872966
3.2958984375 -2.13623046875 -1.220703125 1872966
3.2958984375 -2.13623046875 -1.220703125 1873069
0.8544921875 0.06103515625 0.8544921875 1873069
0.8544921875 0.06103515625 0.8544921875 1873070
0.8544921875 0.06103515625 0.8544921875 1873070
-2.0751953125 -1.5869140625 -0.1220703125 1873259
0.48828125 0 0.67138671875 1873259
0.48828125 0 0.67138671875 1873259
0.48828125 0 0.67138671875 1873260
0.48828125 0 0.67138671875 1873361
1.40380859375 0 0.30517578125 1873362
1.40380859375 0 0.30517578125 1873362
1.40380859375 0 0.30517578125 1873363
1.40380859375 0 0.30517578125 1873464
0.91552734375 -0.30517578125 -2.0751953125 1873464
0.91552734375 -0.30517578125 -2.0751953125 1873465
0.91552734375 -0.30517578125 -2.0751953125 1873465
0.91552734375 -0.30517578125 -2.0751953125 1873568
-4.57763671875 1.64794921875 0.6103515625 1873569
-4.57763671875 1.64794921875 0.6103515625 1873570
-4.57763671875 1.64794921875 0.6103515625 1873571
-4.57763671875 1.64794921875 0.6103515625 1873670
2.44140625 -1.89208984375 -1.0986328125 1873670
2.44140625 -1.89208984375 -1.0986328125 1873671
2.44140625 -1.89208984375 -1.0986328125 1873671
-1.15966796875 1.220703125 1.3427734375 1873859
-0.18310546875 -0.30517578125 -1.0986328125 1873859
-0.18310546875 -0.30517578125 -1.0986328125 1873860
-0.18310546875 -0.30517578125 -1.0986328125 1873860
-0.18310546875 -0.30517578125 -1.0986328125 1873962
-0.6103515625 1.0986328125 -0.8544921875 1873962
-0.6103515625 1.0986328125 -0.8544921875 1873963
-0.6103515625 1.0986328125 -0.8544921875 1873964
-0.6103515625 1.0986328125 -0.8544921875 1874063
0.06103515625 -0.6103515625 0.6103515625 1874063
0.06103515625 -0.6103515625 0.6103515625 1874064
0.06103515625 -0.6103515625 0.6103515625 1874064
0.06103515625 -0.6103515625 0.6103515625 1874167
2.0751953125 -0.18310546875 -0.91552734375 1874174
2.0751953125 -0.18310546875 -0.91552734375 1874175
2.0751953125 -0.18310546875 -0.91552734375 1874175
0.244140625 0 1.5869140625 1874361
0.6103515625 0.3662109375 -1.03759765625 1874361
0.6103515625 0.3662109375 -1.03759765625 1874362
0.6103515625 0.3662109375 -1.03759765625 1874362
0.6103515625 0.3662109375 -1.03759765625 1874464
-0.48828125 0.6103515625 1.3427734375 1874464
-0.48828125 0.6103515625 1.3427734375 1874465
-0.48828125 0.6103515625 1.3427734375 1874465
-0.48828125 0.6103515625 1.3427734375 1874567
0.91552734375 0 -0.48828125 1874568
0.91552734375 0 -0.48828125 1874568
0.91552734375 0 -0.48828125 1874569
-1.708984375 1.28173828125 0.54931640625 1874774
2.5634765625 -0.18310546875 0 1874774
2.5634765625 -0.18310546875 0 1874774
2.5634765625 -0.18310546875 0 1874775
-0.6103515625 0.42724609375 0.48828125 1874962
-0.1220703125 0 -0.3662109375 1874962
-0.1220703125 0 -0.3662109375 1874963
-0.1220703125 0 -0.3662109375 1874963
-0.1220703125 0 -0.3662109375 1875064
-0.54931640625 0.48828125 0.1220703125 1875064
-0.54931640625 0.48828125 0.1220703125 1875065
-0.54931640625 0.48828125 0.1220703125 1875065
-0.54931640625 0.48828125 0.1220703125 1875167
-0.18310546875 0 1.0986328125 1875168
-0.18310546875 0 1.0986328125 1875168
-0.18310546875 0 1.0986328125 1875170
-0.18310546875 0 1.0986328125 1875270
-0.67138671875 0.67138671875 0.30517578125 1875270
-0.67138671875 0.67138671875 0.30517578125 1875271
-0.67138671875 0.67138671875 0.30517578125 1875271
-0.54931640625 0.42724609375 0.244140625 1875458
-1.8310546875 -0.1220703125 1.3427734375 1875458
-1.8310546875 -0.1220703125 1.3427734375 1875459
-1.8310546875 -0.1220703125 1.3427734375 1875459
-1.8310546875 -0.1220703125 1.3427734375 1875560
1.8310546875 -0.42724609375 -0.6103515625 1875561
1.8310546875 -0.42724609375 -0.6103515625 1875561
1.8310546875 -0.42724609375 -0.6103515625 1875562
1.8310546875 -0.42724609375 -0.6103515625 1875662
-0.6103515625 1.3427734375 -0.91552734375 1875663
-0.6103515625 1.3427734375 -0.91552734375 1875663
-0.6103515625 1.3427734375 -0.91552734375 1875663
-1.8310546875 0.79345703125 0.3662109375 1875865
0.18310546875 -0.91552734375 1.28173828125 1875865
0.18310546875 -0.91552734375 1.28173828125 1875866
0.18310546875 -0.91552734375 1.28173828125 1875866
0.18310546875 -0.91552734375 1.28173828125 1875967
-1.64794921875 0.9765625 0.8544921875 1875967
-1.64794921875 0.9765625 0.8544921875 1875968
-1.64794921875 0.9765625 0.8544921875 1875969
2.197265625 -0.3662109375 -0.06103515625 1876165
-1.89208984375 0.30517578125 0.06103515625 1876165
-1.89208984375 0.30517578125 0.06103515625 1876166
-1.89208984375 0.30517578125 0.06103515625 1876167
-1.89208984375 0.30517578125 0.06103515625 1876268
0.9765625 0.1220703125 0.1220703125 1876269
0.9765625 0.1220703125 0.1220703125 1876269
0.9765625 0.1220703125 0.1220703125 1876270
2.25830078125 0 -0.79345703125 1876458
0.54931640625 -0.48828125 -0.1220703125 1876458
0.54931640625 -0.48828125 -0.1220703125 1876459
0.54931640625 -0.48828125 -0.1220703125 1876460
0.54931640625 -0.48828125 -0.1220703125 1876560
0.6103515625 -0.30517578125 -0.54931640625 1876560
0.6103515625 -0.30517578125 -0.54931640625 1876561
0.6103515625 -0.30517578125 -0.54931640625 1876561
0.6103515625 -0.30517578125 -0.54931640625 1876663
3.72314453125 -1.52587890625 -1.8310546875 1876663
3.72314453125 -1.52587890625 -1.8310546875 1876664
3.72314453125 -1.52587890625 -1.8310546875 1876664
3.72314453125 -1.52587890625 -1.8310546875 1876766
-0.6103515625 0.30517578125 1.28173828125 1876766
-0.6103515625 0.30517578125 1.28173828125 1876767
-0.6103515625 0.30517578125 1.28173828125 1876768
-0.6103515625 0.30517578125 1.28173828125 1876869
0.732421875 -0.732421875 -0.732421875 1876869
0.732421875 -0.732421875 -0.732421875 1876870
0.732421875 -0.732421875 -0.732421875 1876870
2.0751953125 1.15966796875 1.220703125 1877058
4.150390625 0.67138671875 -1.89208984375 1877058
4.150390625 0.67138671875 -1.89208984375 1877058
4.150390625 0.67138671875 -1.89208984375 1877058
4.150390625 0.67138671875 -1.89208984375 1877160
0.6103515625 1.46484375 0.8544921875 1877160
0.6103515625 1.46484375 0.8544921875 1877161
0.6103515625 1.46484375 0.8544921875 1877162
0.6103515625 1.46484375 0.8544921875 1877262
2.685546875 -0.18310546875 0.3662109375 1877262
2.685546875 -0.18310546875 0.3662109375 1877263
2.685546875 -0.18310546875 0.3662109375 1877263
2.685546875 -0.18310546875 0.3662109375 1877365
-1.77001953125 1.15966796875 1.0986328125 1877366
-1.77001953125 1.15966796875 1.0986328125 1877367
-1.77001953125 1.15966796875 1.0986328125 1877367
-1.77001953125 1.15966796875 1.0986328125 1877467
-0.91552734375 0.67138671875 -0.48828125 1877468
-0.91552734375 0.67138671875 -0.48828125 1877468
-0.91552734375 0.67138671875 -0.48828125 1877469
0.67138671875 0.6103515625 0.30517578125 1877657
-1.0986328125 0.54931640625 0 1877658
-1.0986328125 0.54931640625 0 1877658
-1.0986328125 0.54931640625 0 1877659
-1.0986328125 0.54931640625 0 1877759
-0.67138671875 0.244140625 -0.3662109375 1877760
-0.67138671875 0.244140625 -0.3662109375 1877761
-0.67138671875 0.244140625 -0.3662109375 1877761
-0.67138671875 0.244140625 -0.3662109375 1877862
-0.732421875 0.06103515625 -0.06103515625 1877863
-0.732421875 0.06103515625 -0.06103515625 1877864
-0.732421875 0.06103515625 -0.06103515625 1877865
-0.732421875 0.06103515625 -0.06103515625 1877973
-1.0986328125 0.9765625 -0.54931640625 1877974
-1.0986328125 0.9765625 -0.54931640625 1877974
-1.0986328125 0.9765625 -0.54931640625 1877975
4.08935546875 0 0.30517578125 1878152
0.6103515625 -0.1220703125 0 1878163
0.6103515625 -0.1220703125 0 1878164
0.6103515625 -0.1220703125 0 1878165
0.6103515625 -0.1220703125 0 1878266
0.1220703125 -1.3427734375 2.0751953125 1878266
0.1220703125 -1.3427734375 2.0751953125 1878267
0.1220703125 -1.3427734375 2.0751953125 1878267
0.1220703125 -1.3427734375 2.0751953125 1878368
-0.79345703125 -4.8828125 -1.5869140625 1878369
-0.79345703125 -4.8828125 -1.5869140625 1878369
-0.79345703125 -4.8828125 -1.5869140625 1878369
2.01416015625 -9.1552734375 -7.32421875 1878556
-0.244140625 -7.8125 -10.25390625 1878557
-0.244140625 -7.8125 -10.25390625 1878558
-0.244140625 -7.8125 -10.25390625 1878558
-0.244140625 -7.8125 -10.25390625 1878658
-7.14111328125 -15.625 -12.8173828125 1878659
-7.14111328125 -15.625 -12.8173828125 1878659
-7.14111328125 -15.625 -12.8173828125 1878660
-7.14111328125 -15.625 -12.8173828125 1878761
0.67138671875 -14.2822265625 -20.99609375 1878761
0.67138671875 -14.2822265625 -20.99609375 1878762
0.67138671875 -14.2822265625 -20.99609375 1878762
0.67138671875 -14.2822265625 -20.99609375 1878863
5.615234375 -14.16015625 -27.28271484375 1878864
5.615234375 -14.16015625 -27.28271484375 1878864
5.615234375 -14.16015625 -27.28271484375 1878865
5.615234375 -14.16015625 -27.28271484375 1878966
-0.18310546875 -14.83154296875 -28.564453125 1878967
-0.18310546875 -14.83154296875 -28.564453125 1878968
-0.18310546875 -14.83154296875 -28.564453125 1878969
-2.25830078125 -11.41357421875 -24.0478515625 1879156
20.93505859375 -16.2353515625 -0.48828125 1879156
20.93505859375 -16.2353515625 -0.48828125 1879157
20.93505859375 -16.2353515625 -0.48828125 1879157
20.93505859375 -16.2353515625 -0.48828125 1879258
25.45166015625 -73.18115234375 27.28271484375 1879258
25.45166015625 -73.18115234375 27.28271484375 1879258
25.45166015625 -73.18115234375 27.28271484375 1879259
25.45166015625 -73.18115234375 27.28271484375 1879365
2.62451171875 -165.0390625 83.251953125 1879366
2.62451171875 -165.0390625 83.251953125 1879367
2.62451171875 -165.0390625 83.251953125 1879368
2.62451171875 -165.0390625 83.251953125 1879467
-3.41796875 -200.01220703125 105.16357421875 1879467
-3.41796875 -200.01220703125 105.16357421875 1879468
-3.41796875 -200.01220703125 105.16357421875 1879468
-15.93017578125 -136.962890625 74.03564453125 1879656
-14.22119140625 -114.990234375 87.40234375 1879656
-14.22119140625 -114.990234375 87.40234375 1879657
-14.22119140625 -114.990234375 87.40234375 1879657
-14.22119140625 -114.990234375 87.40234375 1879759
2.9296875 -63.04931640625 75.50048828125 1879759
2.9296875 -63.04931640625 75.50048828125 1879760
2.9296875 -63.04931640625 75.50048828125 1879761
2.9296875 -63.04931640625 75.50048828125 1879861
-37.353515625 -32.958984375 -183.77685546875 1879861
-37.353515625 -32.958984375 -183.77685546875 1879862
-37.353515625 -32.958984375 -183.77685546875 1879863
-37.353515625 -32.958984375 -183.77685546875 1879965
7.9345703125 111.572265625 -3.2958984375 1879966
7.9345703125 111.572265625 -3.2958984375 1879966
7.9345703125 111.572265625 -3.2958984375 1879967
7.9345703125 111.572265625 -3.2958984375 1880068
-42.17529296875 233.70361328125 -79.4677734375 1880068
-42.17529296875 233.70361328125 -79.4677734375 1880069
-42.17529296875 233.70361328125 -79.4677734375 1880069
-10.7421875 208.92333984375 -15.80810546875 1880257
-10.3759765625 114.80712890625 42.41943359375 1880257
-10.3759765625 114.80712890625 42.41943359375 1880258
-10.3759765625 114.80712890625 42.41943359375 1880259
-10.3759765625 114.80712890625 42.41943359375 1880359
37.2314453125 46.20361328125 72.8759765625 1880359
37.2314453125 46.20361328125 72.8759765625 1880360
37.2314453125 46.20361328125 72.8759765625 1880360
37.2314453125 46.20361328125 72.8759765625 1880461
27.52685546875 57.7392578125 19.287109375 1880462
27.52685546875 57.7392578125 19.287109375 1880462
27.52685546875 57.7392578125 19.287109375 1880463
27.52685546875 57.7392578125 19.287109375 1880564
-0.8544921875 17.08984375 1.8310546875 1880565
-0.8544921875 17.08984375 1.8310546875 1880565
-0.8544921875 17.08984375 1.8310546875 1880566
