0.828125 0.52880859375 0.4765625 1786685
0.828125 0.52880859375 0.4765625 1786685
0.828125 0.52880859375 0.4765625 1786686
0.828125 0.52880859375 0.4765625 1786686
0 0.5634765625 0.8798828125 1786687
-0.00634765625 0.556640625 0.8857421875 1786799
-0.00634765625 0.556640625 0.8857421875 1786800
-0.00634765625 0.556640625 0.8857421875 1786800
-0.00634765625 0.556640625 0.8857421875 1786800
0.02978515625 0.57275390625 0.86376953125 1786901
0.02978515625 0.57275390625 0.86376953125 1786902
0.02978515625 0.57275390625 0.86376953125 1786902
0.02978515625 0.57275390625 0.86376953125 1786903
0.02880859375 0.5595703125 0.92138671875 1787004
0.02880859375 0.5595703125 0.92138671875 1787004
0.02880859375 0.5595703125 0.92138671875 1787005
0.02880859375 0.5595703125 0.92138671875 1787005
0.02392578125 0.55615234375 0.9189453125 1787182
0.02392578125 0.55615234375 0.9189453125 1787182
0.02392578125 0.55615234375 0.9189453125 1787183
0.02392578125 0.55615234375 0.9189453125 1787183
0.03271484375 0.57421875 0.86376953125 1787293
0.03271484375 0.57421875 0.86376953125 1787293
0.03271484375 0.57421875 0.86376953125 1787293
0.03271484375 0.57421875 0.86376953125 1787294
0.03564453125 0.5634765625 0.90087890625 1787395
0.03564453125 0.5634765625 0.90087890625 1787396
0.03564453125 0.5634765625 0.90087890625 1787396
0.03564453125 0.5634765625 0.90087890625 1787397
0.01611328125 0.56591796875 0.8818359375 1787498
0.01611328125 0.56591796875 0.8818359375 1787498
0.01611328125 0.56591796875 0.8818359375 1787499
0.01611328125 0.56591796875 0.8818359375 1787499
0.03564453125 0.56640625 0.88623046875 1787600
0.03564453125 0.56640625 0.88623046875 1787601
0.03564453125 0.56640625 0.88623046875 1787601
0.03564453125 0.56640625 0.88623046875 1787602
0.04296875 0.5673828125 0.8876953125 1787703
0.04296875 0.5673828125 0.8876953125 1787704
0.04296875 0.5673828125 0.8876953125 1787704
0.04296875 0.5673828125 0.8876953125 1787704
0.02734375 0.56591796875 0.89306640625 1787893
0.02734375 0.56591796875 0.89306640625 1787893
0.02734375 0.56591796875 0.89306640625 1787893
0.02734375 0.56591796875 0.89306640625 1787894
0.03369140625 0.568359375 0.8818359375 1787995
0.03369140625 0.568359375 0.8818359375 1787995
0.03369140625 0.568359375 0.8818359375 1787996
0.03369140625 0.568359375 0.8818359375 1787996
0.03271484375 0.568359375 0.88720703125 1788100
0.03271484375 0.568359375 0.88720703125 1788101
0.03271484375 0.568359375 0.88720703125 1788101
0.03271484375 0.568359375 0.88720703125 1788101
0.0595703125 0.56787109375 0.91845703125 1788203
0.0595703125 0.56787109375 0.91845703125 1788203
0.0595703125 0.56787109375 0.91845703125 1788204
0.0595703125 0.56787109375 0.91845703125 1788204
0.18505859375 0.58984375 0.94482421875 1788397
0.18505859375 0.58984375 0.94482421875 1788397
0.18505859375 0.58984375 0.94482421875 1788398
0.18505859375 0.58984375 0.94482421875 1788398
0.109375 0.58544921875 0.86767578125 1788499
0.109375 0.58544921875 0.86767578125 1788499
0.109375 0.58544921875 0.86767578125 1788500
0.109375 0.58544921875 0.86767578125 1788500
0.04248046875 0.572265625 0.88916015625 1788602
0.04248046875 0.572265625 0.88916015625 1788602
0.04248046875 0.572265625 0.88916015625 1788603
0.04248046875 0.572265625 0.88916015625 1788603
0.05419921875 0.58447265625 0.93408203125 1788805
0.05419921875 0.58447265625 0.93408203125 1788805
0.05419921875 0.58447265625 0.93408203125 1788805
0.05419921875 0.58447265625 0.93408203125 1788806
0.07763671875 0.5947265625 0.87939453125 1788994
0.07763671875 0.5947265625 0.87939453125 1788994
0.07763671875 0.5947265625 0.87939453125 1788994
0.07763671875 0.5947265625 0.87939453125 1788995
0.0810546875 0.60400390625 0.8623046875 1789098
0.0810546875 0.60400390625 0.8623046875 1789098
0.0810546875 0.60400390625 0.8623046875 1789099
0.0810546875 0.60400390625 0.8623046875 1789099
0.11083984375 0.6123046875 0.85107421875 1789201
0.11083984375 0.6123046875 0.85107421875 1789201
0.11083984375 0.6123046875 0.85107421875 1789202
0.11083984375 0.6123046875 0.85107421875 1789202
0.11083984375 0.63916015625 0.8623046875 1789303
0.11083984375 0.63916015625 0.8623046875 1789303
0.11083984375 0.63916015625 0.8623046875 1789304
0.11083984375 0.63916015625 0.8623046875 1789304
0.11572265625 0.65185546875 0.84326171875 1789518
0.11572265625 0.65185546875 0.84326171875 1789518
0.11572265625 0.65185546875 0.84326171875 1789519
0.11572265625 0.65185546875 0.84326171875 1789519
0.1201171875 0.64599609375 0.818359375 1789698
0.1201171875 0.64599609375 0.818359375 1789698
0.1201171875 0.64599609375 0.818359375 1789698
0.1201171875 0.64599609375 0.818359375 1789699
0.10546875 0.64794921875 0.82080078125 1789802
0.10546875 0.64794921875 0.82080078125 1789802
0.10546875 0.64794921875 0.82080078125 1789802
0.10546875 0.64794921875 0.82080078125 1789803
0.1044921875 0.6533203125 0.82275390625 1789904
0.1044921875 0.6533203125 0.82275390625 1789904
0.1044921875 0.6533203125 0.82275390625 1789905
0.1044921875 0.6533203125 0.82275390625 1789905
0.1259765625 0.65625 0.83203125 1790091
0.1259765625 0.65625 0.83203125 1790092
0.1259765625 0.65625 0.83203125 1790092
0.1259765625 0.65625 0.83203125 1790093
0.08642578125 0.66015625 0.80712890625 1790195
0.08642578125 0.66015625 0.80712890625 1790196
0.08642578125 0.66015625 0.80712890625 1790196
0.08642578125 0.66015625 0.80712890625 1790197
0.08349609375 0.65771484375 0.83642578125 1790297
0.08349609375 0.65771484375 0.83642578125 1790297
0.08349609375 0.65771484375 0.83642578125 1790297
0.08349609375 0.65771484375 0.83642578125 1790298
0.1376953125 0.6806640625 0.77392578125 1790493
0.1376953125 0.6806640625 0.77392578125 1790493
0.1376953125 0.6806640625 0.77392578125 1790493
0.1376953125 0.6806640625 0.77392578125 1790494
0.08544921875 0.6982421875 0.767578125 1790595
0.08544921875 0.6982421875 0.767578125 1790596
0.08544921875 0.6982421875 0.767578125 1790596
0.08544921875 0.6982421875 0.767578125 1790597
0.05029296875 0.68994140625 0.8203125 1790698
0.05029296875 0.68994140625 0.8203125 1790698
0.05029296875 0.68994140625 0.8203125 1790699
0.01953125 0.64208984375 0.85693359375 1790801
0.01953125 0.64208984375 0.85693359375 1790802
0.01953125 0.64208984375 0.85693359375 1790803
0.01953125 0.64208984375 0.85693359375 1790803
-0.017578125 0.62353515625 0.85595703125 1790997
-0.017578125 0.62353515625 0.85595703125 1790997
-0.017578125 0.62353515625 0.85595703125 1790998
-0.017578125 0.62353515625 0.85595703125 1790998
-0.02880859375 0.619140625 0.85888671875 1791099
-0.02880859375 0.619140625 0.85888671875 1791099
-0.02880859375 0.619140625 0.85888671875 1791100
-0.02880859375 0.619140625 0.85888671875 1791101
-0.02978515625 0.6220703125 0.88330078125 1791202
-0.02978515625 0.6220703125 0.88330078125 1791202
-0.02978515625 0.6220703125 0.88330078125 1791203
-0.02978515625 0.6220703125 0.88330078125 1791203
-0.0126953125 0.5693359375 0.90283203125 1791395
-0.0126953125 0.5693359375 0.90283203125 1791395
-0.0126953125 0.5693359375 0.90283203125 1791395
-0.0126953125 0.5693359375 0.90283203125 1791396
0.017578125 0.55615234375 0.90283203125 1791498
0.017578125 0.55615234375 0.90283203125 1791498
0.017578125 0.55615234375 0.90283203125 1791499
0.017578125 0.55615234375 0.90283203125 1791499
0.037109375 0.541015625 0.8974609375 1791692
0.037109375 0.541015625 0.8974609375 1791692
0.037109375 0.541015625 0.8974609375 1791693
0.037109375 0.541015625 0.8974609375 1791693
0.03466796875 0.5341796875 0.8955078125 1791795
0.03466796875 0.5341796875 0.8955078125 1791795
0.03466796875 0.5341796875 0.8955078125 1791795
0.03466796875 0.5341796875 0.8955078125 1791796
0.05859375 0.5458984375 0.89111328125 1791899
0.05859375 0.5458984375 0.89111328125 1791900
0.05859375 0.5458984375 0.89111328125 1791900
0.05859375 0.5458984375 0.89111328125 1791901
0.03759765625 0.54248046875 0.888671875 1792001
0.03759765625 0.54248046875 0.888671875 1792001
0.03759765625 0.54248046875 0.888671875 1792002
0.03759765625 0.54248046875 0.888671875 1792002
0.04248046875 0.54443359375 0.8974609375 1792195
0.04248046875 0.54443359375 0.8974609375 1792195
0.04248046875 0.54443359375 0.8974609375 1792196
0.04248046875 0.54443359375 0.8974609375 1792196
0.0537109375 0.54443359375 0.89599609375 1792299
0.0537109375 0.54443359375 0.89599609375 1792299
0.0537109375 0.54443359375 0.89599609375 1792300
0.0537109375 0.54443359375 0.89599609375 1792300
0.0498046875 0.55419921875 0.89794921875 1792402
0.0498046875 0.55419921875 0.89794921875 1792402
0.0498046875 0.55419921875 0.89794921875 1792403
0.0498046875 0.55419921875 0.89794921875 1792403
0.06005859375 0.548828125 0.8876953125 1792595
0.06005859375 0.548828125 0.8876953125 1792595
0.06005859375 0.548828125 0.8876953125 1792596
0.06005859375 0.548828125 0.8876953125 1792596
0.05615234375 0.5478515625 0.8876953125 1792698
0.05615234375 0.5478515625 0.8876953125 1792699
0.05615234375 0.5478515625 0.8876953125 1792699
0.05615234375 0.5478515625 0.8876953125 1792700
0.0556640625 0.56005859375 0.89404296875 1792800
0.0556640625 0.56005859375 0.89404296875 1792800
0.0556640625 0.56005859375 0.89404296875 1792801
0.0556640625 0.56005859375 0.89404296875 1792801
0.05810546875 0.55517578125 0.88916015625 1792903
0.05810546875 0.55517578125 0.88916015625 1792906
0.05810546875 0.55517578125 0.88916015625 1792907
0.05810546875 0.55517578125 0.88916015625 1792907
0.05517578125 0.55517578125 0.89111328125 1793092
0.05517578125 0.55517578125 0.89111328125 1793092
0.05517578125 0.55517578125 0.89111328125 1793093
0.05517578125 0.55517578125 0.89111328125 1793093
0.0615234375 0.56005859375 0.8896484375 1793194
0.0615234375 0.56005859375 0.8896484375 1793194
0.0615234375 0.56005859375 0.8896484375 1793195
0.0615234375 0.56005859375 0.8896484375 1793195
0.05322265625 0.5615234375 0.89208984375 1793296
0.05322265625 0.5615234375 0.89208984375 1793297
0.05322265625 0.5615234375 0.89208984375 1793297
0.05322265625 0.5615234375 0.89208984375 1793298
0.05224609375 0.55224609375 0.8896484375 1793400
0.05224609375 0.55224609375 0.8896484375 1793401
0.05224609375 0.55224609375 0.8896484375 1793401
0.05224609375 0.55224609375 0.8896484375 1793402
0.0458984375 0.5537109375 0.8896484375 1793502
0.0458984375 0.5537109375 0.8896484375 1793502
0.0458984375 0.5537109375 0.8896484375 1793503
0.0458984375 0.5537109375 0.8896484375 1793503
0.0380859375 0.56396484375 0.88623046875 1793691
0.0380859375 0.56396484375 0.88623046875 1793692
0.0380859375 0.56396484375 0.88623046875 1793692
0.0380859375 0.56396484375 0.88623046875 1793693
0.0546875 0.5654296875 0.88671875 1793794
0.0546875 0.5654296875 0.88671875 1793794
0.0546875 0.5654296875 0.88671875 1793795
0.0546875 0.5654296875 0.88671875 1793795
0.04296875 0.57275390625 0.89501953125 1793899
0.04296875 0.57275390625 0.89501953125 1793900
0.04296875 0.57275390625 0.89501953125 1793900
0.0390625 0.57177734375 0.8876953125 1794003
0.0390625 0.57177734375 0.8876953125 1794003
0.0390625 0.57177734375 0.8876953125 1794003
0.0390625 0.57177734375 0.8876953125 1794004
0.03125 0.568359375 0.88232421875 1794191
0.03125 0.568359375 0.88232421875 1794191
0.03125 0.568359375 0.88232421875 1794191
0.03125 0.568359375 0.88232421875 1794192
0.0498046875 0.5732421875 0.89306640625 1794296
0.0498046875 0.5732421875 0.89306640625 1794296
0.0498046875 0.5732421875 0.89306640625 1794297
0.0498046875 0.5732421875 0.89306640625 1794297
0.0439453125 0.56982421875 0.8818359375 1794397
0.0439453125 0.56982421875 0.8818359375 1794397
0.0439453125 0.56982421875 0.8818359375 1794397
0.0478515625 0.57763671875 0.88232421875 1794500
0.0478515625 0.57763671875 0.88232421875 1794500
0.0478515625 0.57763671875 0.88232421875 1794501
0.0478515625 0.57763671875 0.88232421875 1794501
0.04150390625 0.57421875 0.8779296875 1794690
0.04150390625 0.57421875 0.8779296875 1794690
0.04150390625 0.57421875 0.8779296875 1794691
0.04150390625 0.57421875 0.8779296875 1794691
0.0576171875 0.57373046875 0.88037109375 1794793
0.0576171875 0.57373046875 0.88037109375 1794793
0.0576171875 0.57373046875 0.88037109375 1794793
0.0576171875 0.57373046875 0.88037109375 1794794
0.04541015625 0.57421875 0.8818359375 1794895
0.04541015625 0.57421875 0.8818359375 1794895
0.04541015625 0.57421875 0.8818359375 1794896
0.04541015625 0.57421875 0.8818359375 1794896
0.03369140625 0.5830078125 0.88671875 1794998
0.03369140625 0.5830078125 0.88671875 1794998
0.03369140625 0.5830078125 0.88671875 1794998
0.03369140625 0.5830078125 0.88671875 1794999
0.05078125 0.58056640625 0.8818359375 1795102
0.05078125 0.58056640625 0.8818359375 1795102
0.05078125 0.58056640625 0.8818359375 1795102
0.05078125 0.58056640625 0.8818359375 1795103
0.052734375 0.5849609375 0.880859375 1795290
0.052734375 0.5849609375 0.880859375 1795290
0.052734375 0.5849609375 0.880859375 1795290
0.052734375 0.5849609375 0.880859375 1795291
0.04931640625 0.57373046875 0.8779296875 1795393
0.04931640625 0.57373046875 0.8779296875 1795393
0.04931640625 0.57373046875 0.8779296875 1795393
0.04931640625 0.57373046875 0.8779296875 1795394
0.0361328125 0.5849609375 0.88330078125 1795498
0.0361328125 0.5849609375 0.88330078125 1795498
0.0361328125 0.5849609375 0.88330078125 1795499
0.0361328125 0.5849609375 0.88330078125 1795499
0.05029296875 0.576171875 0.8740234375 1795600
0.05029296875 0.576171875 0.8740234375 1795600
0.05029296875 0.576171875 0.8740234375 1795600
0.05029296875 0.576171875 0.8740234375 1795601
0.03564453125 0.5673828125 0.8759765625 1795792
0.03564453125 0.5673828125 0.8759765625 1795792
0.03564453125 0.5673828125 0.8759765625 1795793
0.03564453125 0.5673828125 0.8759765625 1795793
0.0478515625 0.59326171875 0.88330078125 1795894
0.0478515625 0.59326171875 0.88330078125 1795894
0.0478515625 0.59326171875 0.88330078125 1795894
0.0478515625 0.59326171875 0.88330078125 1795895
0.04833984375 0.580078125 0.87548828125 1795998
0.04833984375 0.580078125 0.87548828125 1795998
0.04833984375 0.580078125 0.87548828125 1795998
0.04833984375 0.580078125 0.87548828125 1795999
0.03076171875 0.572265625 0.87646484375 1796099
0.03076171875 0.572265625 0.87646484375 1796099
0.03076171875 0.572265625 0.87646484375 1796099
0.03076171875 0.572265625 0.87646484375 1796100
0.05078125 0.59375 0.88134765625 1796202
0.05078125 0.59375 0.88134765625 1796202
0.05078125 0.59375 0.88134765625 1796202
0.05078125 0.59375 0.88134765625 1796203
0.0400390625 0.58740234375 0.8798828125 1796392
0.0400390625 0.58740234375 0.8798828125 1796392
0.0400390625 0.58740234375 0.8798828125 1796393
0.0400390625 0.58740234375 0.8798828125 1796393
0.03369140625 0.58642578125 0.880859375 1796494
0.03369140625 0.58642578125 0.880859375 1796494
0.03369140625 0.58642578125 0.880859375 1796495
0.03369140625 0.58642578125 0.880859375 1796495
0.0458984375 0.57080078125 0.86572265625 1796597
0.0458984375 0.57080078125 0.86572265625 1796597
0.0458984375 0.57080078125 0.86572265625 1796598
0.0458984375 0.57080078125 0.86572265625 1796598
0.03173828125 0.58203125 0.87841796875 1796699
0.03173828125 0.58203125 0.87841796875 1796699
0.03173828125 0.58203125 0.87841796875 1796699
0.03173828125 0.58203125 0.87841796875 1796700
0.037109375 0.60107421875 0.88671875 1796890
0.037109375 0.60107421875 0.88671875 1796890
0.037109375 0.60107421875 0.88671875 1796891
0.037109375 0.60107421875 0.88671875 1796891
0.03515625 0.59716796875 0.86474609375 1796992
0.03515625 0.59716796875 0.86474609375 1796992
0.03515625 0.59716796875 0.86474609375 1796993
0.03515625 0.59716796875 0.86474609375 1796993
0.03515625 0.59619140625 0.865234375 1797096
0.03515625 0.59619140625 0.865234375 1797096
0.03515625 0.59619140625 0.865234375 1797096
0.04443359375 0.60302734375 0.869140625 1797199
0.04443359375 0.60302734375 0.869140625 1797199
0.04443359375 0.60302734375 0.869140625 1797200
0.04443359375 0.60302734375 0.869140625 1797200
0.04296875 0.61669921875 0.87255859375 1797392
0.04296875 0.61669921875 0.87255859375 1797392
0.04296875 0.61669921875 0.87255859375 1797393
0.04296875 0.61669921875 0.87255859375 1797393
0.03564453125 0.58935546875 0.86279296875 1797494
0.03564453125 0.58935546875 0.86279296875 1797494
0.03564453125 0.58935546875 0.86279296875 1797495
0.03564453125 0.58935546875 0.86279296875 1797495
0.04443359375 0.59912109375 0.86572265625 1797599
0.04443359375 0.59912109375 0.86572265625 1797599
0.04443359375 0.59912109375 0.86572265625 1797599
0.04443359375 0.59912109375 0.86572265625 1797600
0.0341796875 0.60107421875 0.86767578125 1797777
0.0341796875 0.60107421875 0.86767578125 1797778
0.0341796875 0.60107421875 0.86767578125 1797778
0.0341796875 0.60107421875 0.86767578125 1797779
0.04345703125 0.60791015625 0.86181640625 1797962
0.04345703125 0.60791015625 0.86181640625 1797963
0.04345703125 0.60791015625 0.86181640625 1797963
0.04345703125 0.60791015625 0.86181640625 1797963
0.0478515625 0.60205078125 0.87255859375 1798132
0.0478515625 0.60205078125 0.87255859375 1798133
0.0478515625 0.60205078125 0.87255859375 1798133
0.0478515625 0.60205078125 0.87255859375 1798134
0.025390625 0.61181640625 0.86572265625 1798257
0.025390625 0.61181640625 0.86572265625 1798258
0.025390625 0.61181640625 0.86572265625 1798259
0.025390625 0.61181640625 0.86572265625 1798259
0.0517578125 0.60400390625 0.86328125 1798371
0.0517578125 0.60400390625 0.86328125 1798372
0.0517578125 0.60400390625 0.86328125 1798372
0.0517578125 0.60400390625 0.86328125 1798372
0.03564453125 0.60595703125 0.86669921875 1798489
0.03564453125 0.60595703125 0.86669921875 1798489
0.03564453125 0.60595703125 0.86669921875 1798490
0.03564453125 0.60595703125 0.86669921875 1798490
0.03759765625 0.607421875 0.86328125 1798592
0.03759765625 0.607421875 0.86328125 1798592
0.03759765625 0.607421875 0.86328125 1798593
0.03759765625 0.607421875 0.86328125 1798593
0.0458984375 0.58837890625 0.85595703125 1798695
0.0458984375 0.58837890625 0.85595703125 1798695
0.0458984375 0.58837890625 0.85595703125 1798696
0.0458984375 0.58837890625 0.85595703125 1798696
0.0361328125 0.60400390625 0.86328125 1798798
0.0361328125 0.60400390625 0.86328125 1798798
0.0361328125 0.60400390625 0.86328125 1798798
0.0361328125 0.60400390625 0.86328125 1798799
0.04150390625 0.60791015625 0.8623046875 1798901
0.04150390625 0.60791015625 0.8623046875 1798901
0.04150390625 0.60791015625 0.8623046875 1798901
0.04150390625 0.60791015625 0.8623046875 1798902
0.03369140625 0.6044921875 0.8583984375 1799089
0.03369140625 0.6044921875 0.8583984375 1799089
0.03369140625 0.6044921875 0.8583984375 1799090
0.03369140625 0.6044921875 0.8583984375 1799090
0.05224609375 0.62060546875 0.86962890625 1799192
0.05224609375 0.62060546875 0.86962890625 1799192
0.05224609375 0.62060546875 0.86962890625 1799192
0.05224609375 0.62060546875 0.86962890625 1799193
0.02294921875 0.59619140625 0.8603515625 1799294
0.02294921875 0.59619140625 0.8603515625 1799294
0.02294921875 0.59619140625 0.8603515625 1799295
0.02294921875 0.59619140625 0.8603515625 1799295
0.0400390625 0.603515625 0.85498046875 1799397
0.0400390625 0.603515625 0.85498046875 1799397
0.0400390625 0.603515625 0.85498046875 1799398
0.0400390625 0.603515625 0.85498046875 1799398
0.0361328125 0.61669921875 0.857421875 1799501
0.0361328125 0.61669921875 0.857421875 1799501
0.0361328125 0.61669921875 0.857421875 1799502
0.0361328125 0.61669921875 0.857421875 1799502
0.02197265625 0.60986328125 0.86083984375 1799688
0.02197265625 0.60986328125 0.86083984375 1799688
0.02197265625 0.60986328125 0.86083984375 1799688
0.02197265625 0.60986328125 0.86083984375 1799689
0.02001953125 0.60546875 0.85791015625 1799790
0.02001953125 0.60546875 0.85791015625 1799791
0.02001953125 0.60546875 0.85791015625 1799797
0.02001953125 0.60546875 0.85791015625 1799797
0.033203125 0.603515625 0.85498046875 1799895
0.033203125 0.603515625 0.85498046875 1799895
0.02734375 0.61572265625 0.86181640625 1799983
0.02734375 0.61572265625 0.86181640625 1799983
0.0205078125 0.607421875 0.86376953125 1800088
0.0205078125 0.607421875 0.86376953125 1800088
0.0205078125 0.607421875 0.86376953125 1800089
0.0205078125 0.607421875 0.86376953125 1800089
0.01318359375 0.61376953125 0.85986328125 1800190
0.01318359375 0.61376953125 0.85986328125 1800190
0.01318359375 0.61376953125 0.85986328125 1800191
0.01318359375 0.61376953125 0.85986328125 1800191
0.02392578125 0.60009765625 0.861328125 1800292
0.02392578125 0.60009765625 0.861328125 1800292
0.02392578125 0.60009765625 0.861328125 1800293
0.02392578125 0.60009765625 0.861328125 1800293
0.01611328125 0.60498046875 0.85302734375 1800395
0.01611328125 0.60498046875 0.85302734375 1800395
0.01611328125 0.60498046875 0.85302734375 1800396
0.01611328125 0.60498046875 0.85302734375 1800396
0.02099609375 0.61181640625 0.85546875 1800497
0.02099609375 0.61181640625 0.85546875 1800498
0.02099609375 0.61181640625 0.85546875 1800498
0.02099609375 0.61181640625 0.85546875 1800498
0.01708984375 0.6044921875 0.857421875 1800686
0.01708984375 0.6044921875 0.857421875 1800687
0.01708984375 0.6044921875 0.857421875 1800688
0.01708984375 0.6044921875 0.857421875 1800688
0.00537109375 0.6064453125 0.8759765625 1800789
0.00537109375 0.6064453125 0.8759765625 1800789
0.00537109375 0.6064453125 0.8759765625 1800790
0.00537109375 0.6064453125 0.8759765625 1800790
-0.00830078125 0.609375 0.89208984375 1800891
-0.00830078125 0.609375 0.89208984375 1800891
-0.00830078125 0.609375 0.89208984375 1800893
-0.00830078125 0.609375 0.89208984375 1800893
0.0029296875 0.61865234375 0.8984375 1800993
0.0029296875 0.61865234375 0.8984375 1800994
0.0029296875 0.61865234375 0.8984375 1800994
0.0029296875 0.61865234375 0.8984375 1800994
-0.0205078125 0.58447265625 0.90185546875 1801096
-0.0205078125 0.58447265625 0.90185546875 1801097
-0.0205078125 0.58447265625 0.90185546875 1801097
-0.0205078125 0.58447265625 0.90185546875 1801098
0.009765625 0.60791015625 0.880859375 1801199
0.009765625 0.60791015625 0.880859375 1801200
0.009765625 0.60791015625 0.880859375 1801200
0.009765625 0.60791015625 0.880859375 1801201
0.02880859375 0.57177734375 0.76318359375 1801389
0.02880859375 0.57177734375 0.76318359375 1801389
0.02880859375 0.57177734375 0.76318359375 1801390
0.02880859375 0.57177734375 0.76318359375 1801390
0.08447265625 0.56689453125 0.75439453125 1801491
0.08447265625 0.56689453125 0.75439453125 1801491
0.08447265625 0.56689453125 0.75439453125 1801492
0.08447265625 0.56689453125 0.75439453125 1801492
0.07177734375 0.59228515625 0.82177734375 1801594
0.07177734375 0.59228515625 0.82177734375 1801594
0.07177734375 0.59228515625 0.82177734375 1801595
0.07177734375 0.59228515625 0.82177734375 1801595
-0.0322265625 0.74365234375 0.89501953125 1801697
-0.0322265625 0.74365234375 0.89501953125 1801698
-0.0322265625 0.74365234375 0.89501953125 1801698
-0.0322265625 0.74365234375 0.89501953125 1801699
0.07958984375 0.7685546875 0.8349609375 1801813
0.07958984375 0.7685546875 0.8349609375 1801813
0.07958984375 0.7685546875 0.8349609375 1801814
0.07958984375 0.7685546875 0.8349609375 1801814
0.46484375 0.59912109375 0.73095703125 1801992
0.46484375 0.59912109375 0.73095703125 1801992
0.46484375 0.59912109375 0.73095703125 1801993
0.46484375 0.59912109375 0.73095703125 1801993
0.7294921875 0.51611328125 0.53271484375 1802094
0.7294921875 0.51611328125 0.53271484375 1802097
0.7294921875 0.51611328125 0.53271484375 1802097
0.7294921875 0.51611328125 0.53271484375 1802098
0.82080078125 0.427734375 0.45263671875 1802196
0.92431640625 0.33251953125 0.265625 1802299
0.92431640625 0.33251953125 0.265625 1802299
0.92431640625 0.33251953125 0.265625 1802300
0.92431640625 0.33251953125 0.265625 1802300
1.31005859375 0.4970703125 -0.0966796875 1802487
1.31005859375 0.4970703125 -0.0966796875 1802487
1.31005859375 0.4970703125 -0.0966796875 1802488
1.31005859375 0.4970703125 -0.0966796875 1802488
0.71435546875 0.169921875 0.21728515625 1802590
0.71435546875 0.169921875 0.21728515625 1802590
0.71435546875 0.169921875 0.21728515625 1802590
0.71435546875 0.169921875 0.21728515625 1802591
1.08203125 0.50927734375 0.19091796875 1802693
1.08203125 0.50927734375 0.19091796875 1802694
1.08203125 0.50927734375 0.19091796875 1802694
1.08203125 0.50927734375 0.19091796875 1802695
0.77978515625 0.58935546875 0.537109375 1802796
0.77978515625 0.58935546875 0.537109375 1802796
0.77978515625 0.58935546875 0.537109375 1802797
0.77978515625 0.58935546875 0.537109375 1802797
0.5595703125 0.56298828125 0.76025390625 1802899
0.5595703125 0.56298828125 0.76025390625 1802900
0.5595703125 0.56298828125 0.76025390625 1802900
0.5595703125 0.56298828125 0.76025390625 1802900
0.28076171875 0.35498046875 0.87109375 1803095
0.28076171875 0.35498046875 0.87109375 1803096
0.28076171875 0.35498046875 0.87109375 1803096
0.28076171875 0.35498046875 0.87109375 1803097
0.115234375 0.4501953125 0.93603515625 1803284
0.115234375 0.4501953125 0.93603515625 1803284
0.115234375 0.4501953125 0.93603515625 1803285
0.115234375 0.4501953125 0.93603515625 1803285
0.072265625 0.48583984375 0.9697265625 1803386
0.072265625 0.48583984375 0.9697265625 1803387
0.072265625 0.48583984375 0.9697265625 1803387
0.072265625 0.48583984375 0.9697265625 1803387
0.17919921875 0.52783203125 0.9404296875 1803489
0.17919921875 0.52783203125 0.9404296875 1803489
0.17919921875 0.52783203125 0.9404296875 1803490
0.17919921875 0.52783203125 0.9404296875 1803490
0.150390625 0.5751953125 0.9619140625 1803591
0.150390625 0.5751953125 0.9619140625 1803592
0.150390625 0.5751953125 0.9619140625 1803592
0.150390625 0.5751953125 0.9619140625 1803592
0.20166015625 0.388671875 0.8681640625 1803694
0.20166015625 0.388671875 0.8681640625 1803695
0.20166015625 0.388671875 0.8681640625 1803695
0.20166015625 0.388671875 0.8681640625 1803695
0.1376953125 0.43896484375 0.916015625 1803797
0.1376953125 0.43896484375 0.916015625 1803798
0.1376953125 0.43896484375 0.916015625 1803798
0.1376953125 0.43896484375 0.916015625 1803799
0.1904296875 0.46630859375 0.91796875 1803987
0.1904296875 0.46630859375 0.91796875 1803988
0.1904296875 0.46630859375 0.91796875 1803988
0.1904296875 0.46630859375 0.91796875 1803988
0.18017578125 0.3994140625 0.92333984375 1804090
0.18017578125 0.3994140625 0.92333984375 1804091
0.18017578125 0.3994140625 0.92333984375 1804091
0.18017578125 0.3994140625 0.92333984375 1804091
0.09228515625 0.5634765625 0.82958984375 1804193
0.09228515625 0.5634765625 0.82958984375 1804193
0.09228515625 0.5634765625 0.82958984375 1804193
0.09228515625 0.5634765625 0.82958984375 1804194
0.07373046875 0.75244140625 0.8388671875 1804295
0.07373046875 0.75244140625 0.8388671875 1804295
0.07373046875 0.75244140625 0.8388671875 1804296
0.07373046875 0.75244140625 0.8388671875 1804296
0.0615234375 0.767578125 0.81591796875 1804398
0.0615234375 0.767578125 0.81591796875 1804398
0.0615234375 0.767578125 0.81591796875 1804399
0.0615234375 0.767578125 0.81591796875 1804400
0.06396484375 0.716796875 0.75830078125 1804588
0.06396484375 0.716796875 0.75830078125 1804588
0.06396484375 0.716796875 0.75830078125 1804589
0.06396484375 0.716796875 0.75830078125 1804589
0.02783203125 0.736328125 0.74267578125 1804690
0.02783203125 0.736328125 0.74267578125 1804690
0.02783203125 0.736328125 0.74267578125 1804691
0.02783203125 0.736328125 0.74267578125 1804691
0.052734375 0.78271484375 0.7734375 1804792
0.052734375 0.78271484375 0.7734375 1804792
0.052734375 0.78271484375 0.7734375 1804792
0.052734375 0.78271484375 0.7734375 1804793
0.0341796875 0.70068359375 0.80322265625 1804895
0.0341796875 0.70068359375 0.80322265625 1804895
0.0341796875 0.70068359375 0.80322265625 1804895
0.0341796875 0.70068359375 0.80322265625 1804896
0.0546875 0.6455078125 0.83984375 1805012
0.0546875 0.6455078125 0.83984375 1805013
0.0546875 0.6455078125 0.83984375 1805013
0.0546875 0.6455078125 0.83984375 1805013
0.048828125 0.59375 0.86962890625 1805189
0.048828125 0.59375 0.86962890625 1805189
0.048828125 0.59375 0.86962890625 1805190
0.048828125 0.59375 0.86962890625 1805190
0.03857421875 0.5615234375 0.87451171875 1805292
0.03857421875 0.5615234375 0.87451171875 1805292
0.03857421875 0.5615234375 0.87451171875 1805292
0.03857421875 0.5615234375 0.87451171875 1805292
0.06787109375 0.57421875 0.8779296875 1805396
0.06787109375 0.57421875 0.8779296875 1805397
0.06787109375 0.57421875 0.8779296875 1805398
0.06787109375 0.57421875 0.8779296875 1805398
0.07177734375 0.5703125 0.890625 1805496
0.0888671875 0.55712890625 0.88427734375 1805575
0.0888671875 0.55712890625 0.88427734375 1805575
0.0888671875 0.55712890625 0.88427734375 1805576
0.08935546875 0.5654296875 0.884765625 1805687
0.08935546875 0.5654296875 0.884765625 1805687
0.08935546875 0.5654296875 0.884765625 1805687
0.08935546875 0.5654296875 0.884765625 1805688
0.08740234375 0.552734375 0.8828125 1805788
0.08740234375 0.552734375 0.8828125 1805789
0.08740234375 0.552734375 0.8828125 1805789
0.08740234375 0.552734375 0.8828125 1805789
0.078125 0.56640625 0.8837890625 1805892
0.078125 0.56640625 0.8837890625 1805892
0.078125 0.56640625 0.8837890625 1805893
0.078125 0.56640625 0.8837890625 1805893
0.06787109375 0.5517578125 0.88525390625 1805995
0.06787109375 0.5517578125 0.88525390625 1805995
0.06787109375 0.5517578125 0.88525390625 1805995
0.06787109375 0.5517578125 0.88525390625 1805996
0.06298828125 0.56298828125 0.8837890625 1806097
0.06298828125 0.56298828125 0.8837890625 1806098
0.06298828125 0.56298828125 0.8837890625 1806098
0.06298828125 0.56298828125 0.8837890625 1806098
0.068359375 0.55810546875 0.87744140625 1806295
0.068359375 0.55810546875 0.87744140625 1806295
0.068359375 0.55810546875 0.87744140625 1806296
0.068359375 0.55810546875 0.87744140625 1806296
0.0625 0.5556640625 0.88134765625 1806484
0.0625 0.5556640625 0.88134765625 1806484
0.0625 0.5556640625 0.88134765625 1806484
0.0625 0.5556640625 0.88134765625 1806485
0.06396484375 0.578125 0.87841796875 1806586
0.06396484375 0.578125 0.87841796875 1806587
0.06396484375 0.578125 0.87841796875 1806587
0.06396484375 0.578125 0.87841796875 1806587
0.05859375 0.56591796875 0.88134765625 1806688
0.05859375 0.56591796875 0.88134765625 1806689
0.05859375 0.56591796875 0.88134765625 1806689
0.05859375 0.56591796875 0.88134765625 1806690
0.06103515625 0.57275390625 0.88427734375 1806791
0.06103515625 0.57275390625 0.88427734375 1806792
0.06103515625 0.57275390625 0.88427734375 1806792
0.05712890625 0.58837890625 0.89013671875 1806895
0.05712890625 0.58837890625 0.89013671875 1806895
0.05712890625 0.58837890625 0.89013671875 1806896
0.05712890625 0.58837890625 0.89013671875 1806896
0.044921875 0.57470703125 0.88232421875 1807085
0.044921875 0.57470703125 0.88232421875 1807085
0.044921875 0.57470703125 0.88232421875 1807086
0.044921875 0.57470703125 0.88232421875 1807087
0.0224609375 0.57177734375 0.8818359375 1807188
0.0224609375 0.57177734375 0.8818359375 1807188
0.0224609375 0.57177734375 0.8818359375 1807189
0.0224609375 0.57177734375 0.8818359375 1807189
0.0556640625 0.5712890625 0.875 1807290
0.0556640625 0.5712890625 0.875 1807291
0.0556640625 0.5712890625 0.875 1807291
0.0556640625 0.5712890625 0.875 1807291
0.0263671875 0.5771484375 0.8837890625 1807392
0.0263671875 0.5771484375 0.8837890625 1807392
0.0263671875 0.5771484375 0.8837890625 1807393
0.0263671875 0.5771484375 0.8837890625 1807393
0.04736328125 0.58251953125 0.88330078125 1807496
0.04736328125 0.58251953125 0.88330078125 1807496
0.04736328125 0.58251953125 0.88330078125 1807497
0.04736328125 0.58251953125 0.88330078125 1807497
0.04833984375 0.576171875 0.8779296875 1807686
0.04833984375 0.576171875 0.8779296875 1807686
0.04833984375 0.576171875 0.8779296875 1807687
0.04833984375 0.576171875 0.8779296875 1807687
0.04833984375 0.5810546875 0.87548828125 1807788
0.04833984375 0.5810546875 0.87548828125 1807789
0.04833984375 0.5810546875 0.87548828125 1807789
0.04833984375 0.5810546875 0.87548828125 1807790
0.0478515625 0.58349609375 0.87548828125 1807891
0.0478515625 0.58349609375 0.87548828125 1807891
0.0478515625 0.58349609375 0.87548828125 1807892
0.0478515625 0.58349609375 0.87548828125 1807892
0.04150390625 0.57763671875 0.8720703125 1807994
0.04150390625 0.57763671875 0.8720703125 1807994
0.04150390625 0.57763671875 0.8720703125 1807995
0.04150390625 0.57763671875 0.8720703125 1807995
0.03466796875 0.58447265625 0.87158203125 1808097
0.03466796875 0.58447265625 0.87158203125 1808097
0.03466796875 0.58447265625 0.87158203125 1808098
0.03466796875 0.58447265625 0.87158203125 1808098
0.03369140625 0.58544921875 0.8740234375 1808287
0.03369140625 0.58544921875 0.8740234375 1808287
0.03369140625 0.58544921875 0.8740234375 1808288
0.03369140625 0.58544921875 0.8740234375 1808288
0.0322265625 0.583984375 0.873046875 1808389
0.0322265625 0.583984375 0.873046875 1808389
0.0322265625 0.583984375 0.873046875 1808390
0.0322265625 0.583984375 0.873046875 1808390
0.03466796875 0.5751953125 0.87060546875 1808491
0.03466796875 0.5751953125 0.87060546875 1808491
0.03466796875 0.5751953125 0.87060546875 1808491
0.03466796875 0.5751953125 0.87060546875 1808492
0.029296875 0.59619140625 0.876953125 1808594
0.029296875 0.59619140625 0.876953125 1808594
0.029296875 0.59619140625 0.876953125 1808594
0.029296875 0.59619140625 0.876953125 1808594
0.0283203125 0.583984375 0.87646484375 1808697
0.0283203125 0.583984375 0.87646484375 1808697
0.0283203125 0.583984375 0.87646484375 1808698
0.0283203125 0.583984375 0.87646484375 1808698
0.03564453125 0.58349609375 0.87890625 1808886
0.03564453125 0.58349609375 0.87890625 1808886
0.03564453125 0.58349609375 0.87890625 1808886
0.03564453125 0.58349609375 0.87890625 1808887
0.01416015625 0.5859375 0.87158203125 1808988
0.01416015625 0.5859375 0.87158203125 1808988
0.01416015625 0.5859375 0.87158203125 1808988
0.01416015625 0.5859375 0.87158203125 1808989
0.021484375 0.5869140625 0.87353515625 1809090
0.021484375 0.5869140625 0.87353515625 1809090
0.021484375 0.5869140625 0.87353515625 1809091
0.021484375 0.5869140625 0.87353515625 1809091
0.0224609375 0.58349609375 0.88037109375 1809194
0.0224609375 0.58349609375 0.88037109375 1809194
0.0224609375 0.58349609375 0.88037109375 1809198
0.0224609375 0.58349609375 0.88037109375 1809198
0.02197265625 0.5810546875 0.869140625 1809296
0.02197265625 0.5810546875 0.869140625 1809296
0.01171875 0.5869140625 0.875 1809374
0.01171875 0.5869140625 0.875 1809374
0.01904296875 0.58837890625 0.8720703125 1809495
0.01904296875 0.58837890625 0.8720703125 1809495
0.01904296875 0.58837890625 0.8720703125 1809496
0.01904296875 0.58837890625 0.8720703125 1809496
0.0029296875 0.5830078125 0.87353515625 1809683
0.0029296875 0.5830078125 0.87353515625 1809683
0.0029296875 0.5830078125 0.87353515625 1809684
0.0029296875 0.5830078125 0.87353515625 1809684
0.02587890625 0.5869140625 0.8779296875 1809787
0.02587890625 0.5869140625 0.8779296875 1809787
0.02587890625 0.5869140625 0.8779296875 1809788
0.02587890625 0.5869140625 0.8779296875 1809788
0.00537109375 0.57763671875 0.8740234375 1809889
0.00537109375 0.57763671875 0.8740234375 1809889
0.00537109375 0.57763671875 0.8740234375 1809890
0.00537109375 0.57763671875 0.8740234375 1809890
0.0068359375 0.58935546875 0.87939453125 1809991
0.0068359375 0.58935546875 0.87939453125 1809991
0.0068359375 0.58935546875 0.87939453125 1809992
0.0068359375 0.58935546875 0.87939453125 1809992
0.0166015625 0.58154296875 0.8759765625 1810094
0.0166015625 0.58154296875 0.8759765625 1810094
0.0166015625 0.58154296875 0.8759765625 1810097
0.0166015625 0.58154296875 0.8759765625 1810098
0.00537109375 0.5947265625 0.876953125 1810283
0.00537109375 0.5947265625 0.876953125 1810283
0.00537109375 0.5947265625 0.876953125 1810283
0.00537109375 0.5947265625 0.876953125 1810284
0.00439453125 0.580078125 0.87255859375 1810386
0.00439453125 0.580078125 0.87255859375 1810386
0.00439453125 0.580078125 0.87255859375 1810387
0.00439453125 0.580078125 0.87255859375 1810387
0.01953125 0.58447265625 0.875 1810489
0.01953125 0.58447265625 0.875 1810489
0.01953125 0.58447265625 0.875 1810490
0.01953125 0.58447265625 0.875 1810490
-0.0126953125 0.57666015625 0.87548828125 1810591
-0.0126953125 0.57666015625 0.87548828125 1810591
-0.0126953125 0.57666015625 0.87548828125 1810591
-0.0126953125 0.57666015625 0.87548828125 1810592
0.02001953125 0.58935546875 0.87548828125 1810694
0.02001953125 0.58935546875 0.87548828125 1810694
0.02001953125 0.58935546875 0.87548828125 1810695
0.02001953125 0.58935546875 0.87548828125 1810695
-0.00146484375 0.5869140625 0.87646484375 1810885
-0.00146484375 0.5869140625 0.87646484375 1810885
-0.00146484375 0.5869140625 0.87646484375 1810886
-0.00146484375 0.5869140625 0.87646484375 1810886
0.00341796875 0.5859375 0.87109375 1810988
0.00341796875 0.5859375 0.87109375 1810989
0.00341796875 0.5859375 0.87109375 1810989
0.00341796875 0.5859375 0.87109375 1810990
0.01025390625 0.5830078125 0.87060546875 1811090
0.01025390625 0.5830078125 0.87060546875 1811090
0.01025390625 0.5830078125 0.87060546875 1811091
0.01025390625 0.5830078125 0.87060546875 1811091
-0.005859375 0.58740234375 0.88037109375 1811192
-0.005859375 0.58740234375 0.88037109375 1811192
-0.005859375 0.58740234375 0.88037109375 1811193
-0.005859375 0.58740234375 0.88037109375 1811193
0.005859375 0.58740234375 0.8798828125 1811296
0.005859375 0.58740234375 0.8798828125 1811296
0.005859375 0.58740234375 0.8798828125 1811297
0.005859375 0.58740234375 0.8798828125 1811297
-0.00634765625 0.59716796875 0.87841796875 1811485
-0.00634765625 0.59716796875 0.87841796875 1811485
-0.00634765625 0.59716796875 0.87841796875 1811486
-0.00634765625 0.59716796875 0.87841796875 1811486
0.01123046875 0.58935546875 0.8759765625 1811587
0.01123046875 0.58935546875 0.8759765625 1811587
0.01123046875 0.58935546875 0.8759765625 1811588
0.01123046875 0.58935546875 0.8759765625 1811588
-0.00390625 0.58154296875 0.8671875 1811690
-0.00390625 0.58154296875 0.8671875 1811690
-0.00390625 0.58154296875 0.8671875 1811691
-0.00390625 0.58154296875 0.8671875 1811691
-0.0048828125 0.59326171875 0.8798828125 1811793
-0.0048828125 0.59326171875 0.8798828125 1811793
-0.0048828125 0.59326171875 0.8798828125 1811794
-0.0048828125 0.59326171875 0.8798828125 1811795
0.00048828125 0.583984375 0.86865234375 1811895
0.00048828125 0.583984375 0.86865234375 1811895
0.00048828125 0.583984375 0.86865234375 1811896
0.00048828125 0.583984375 0.86865234375 1811896
-0.0009765625 0.583984375 0.87353515625 1812084
-0.0009765625 0.583984375 0.87353515625 1812084
-0.0009765625 0.583984375 0.87353515625 1812085
-0.0009765625 0.583984375 0.87353515625 1812085
0.01171875 0.580078125 0.869140625 1812188
0.01171875 0.580078125 0.869140625 1812188
0.01171875 0.580078125 0.869140625 1812189
0.01171875 0.580078125 0.869140625 1812189
-0.0048828125 0.591796875 0.87353515625 1812289
-0.0048828125 0.591796875 0.87353515625 1812289
-0.0048828125 0.591796875 0.87353515625 1812290
-0.0048828125 0.591796875 0.87353515625 1812290
0.00244140625 0.59033203125 0.86572265625 1812391
0.00244140625 0.59033203125 0.86572265625 1812391
0.00244140625 0.59033203125 0.86572265625 1812392
0.00244140625 0.59033203125 0.86572265625 1812392
0.00732421875 0.59130859375 0.8740234375 1812494
0.00732421875 0.59130859375 0.8740234375 1812494
0.00732421875 0.59130859375 0.8740234375 1812494
0.00732421875 0.59130859375 0.8740234375 1812495
0.0166015625 0.59228515625 0.86767578125 1812694
0.0166015625 0.59228515625 0.86767578125 1812695
0.0166015625 0.59228515625 0.86767578125 1812695
0.0166015625 0.59228515625 0.86767578125 1812696
0.00439453125 0.59521484375 0.87255859375 1812884
0.00439453125 0.59521484375 0.87255859375 1812885
0.00439453125 0.59521484375 0.87255859375 1812885
0.00439453125 0.59521484375 0.87255859375 1812886
0.00146484375 0.61279296875 0.87255859375 1812986
0.00146484375 0.61279296875 0.87255859375 1812986
0.00146484375 0.61279296875 0.87255859375 1812986
0.00146484375 0.61279296875 0.87255859375 1812987
0.013671875 0.59375 0.86376953125 1813089
0.013671875 0.59375 0.86376953125 1813089
0.013671875 0.59375 0.86376953125 1813090
0.009765625 0.580078125 0.86865234375 1813192
0.009765625 0.580078125 0.86865234375 1813193
0.009765625 0.580078125 0.86865234375 1813193
0.009765625 0.580078125 0.86865234375 1813194
-0.00244140625 0.6064453125 0.869140625 1813296
-0.00244140625 0.6064453125 0.869140625 1813297
-0.00244140625 0.6064453125 0.869140625 1813297
-0.00244140625 0.6064453125 0.869140625 1813298
0.00390625 0.58447265625 0.86669921875 1813484
0.00390625 0.58447265625 0.86669921875 1813484
0.00390625 0.58447265625 0.86669921875 1813485
0.00390625 0.58447265625 0.86669921875 1813485
0.00341796875 0.5986328125 0.8662109375 1813586
0.00341796875 0.5986328125 0.8662109375 1813587
0.00341796875 0.5986328125 0.8662109375 1813587
0.00341796875 0.5986328125 0.8662109375 1813588
0.00439453125 0.6005859375 0.86962890625 1813689
0.00439453125 0.6005859375 0.86962890625 1813689
0.00439453125 0.6005859375 0.86962890625 1813690
-0.02587890625 0.57958984375 0.8740234375 1813792
-0.02587890625 0.57958984375 0.8740234375 1813793
-0.02587890625 0.57958984375 0.8740234375 1813793
-0.02587890625 0.57958984375 0.8740234375 1813794
-0.04296875 0.61181640625 0.90234375 1813986
-0.04296875 0.61181640625 0.90234375 1813986
-0.04296875 0.61181640625 0.90234375 1813987
-0.04296875 0.61181640625 0.90234375 1813987
0.001953125 0.5859375 0.87744140625 1814089
0.001953125 0.5859375 0.87744140625 1814089
0.001953125 0.5859375 0.87744140625 1814090
0.01318359375 0.5498046875 0.85400390625 1814193
0.01318359375 0.5498046875 0.85400390625 1814194
0.01318359375 0.5498046875 0.85400390625 1814194
0.01318359375 0.5498046875 0.85400390625 1814195
0.07763671875 0.58251953125 0.79296875 1814387
0.07763671875 0.58251953125 0.79296875 1814387
0.07763671875 0.58251953125 0.79296875 1814388
0.07763671875 0.58251953125 0.79296875 1814388
0.0048828125 0.61181640625 0.8193359375 1814490
0.0048828125 0.61181640625 0.8193359375 1814490
0.0048828125 0.61181640625 0.8193359375 1814491
0.0048828125 0.61181640625 0.8193359375 1814491
0.03662109375 0.80615234375 0.82470703125 1814692
0.03662109375 0.80615234375 0.82470703125 1814692
0.03662109375 0.80615234375 0.82470703125 1814693
0.03662109375 0.80615234375 0.82470703125 1814693
0.5126953125 0.65576171875 0.70361328125 1814883
0.5126953125 0.65576171875 0.70361328125 1814883
0.5126953125 0.65576171875 0.70361328125 1814883
0.5126953125 0.65576171875 0.70361328125 1814883
0.7646484375 0.5283203125 0.53076171875 1814985
0.7646484375 0.5283203125 0.53076171875 1814985
0.7646484375 0.5283203125 0.53076171875 1814985
0.7646484375 0.5283203125 0.53076171875 1814986
0.85546875 0.47314453125 0.40478515625 1815087
0.85546875 0.47314453125 0.40478515625 1815087
0.85546875 0.47314453125 0.40478515625 1815088
0.85546875 0.47314453125 0.40478515625 1815088
0.98388671875 0.37646484375 0.25537109375 1815190
0.98388671875 0.37646484375 0.25537109375 1815190
0.98388671875 0.37646484375 0.25537109375 1815191
0.98388671875 0.37646484375 0.25537109375 1815191
0.685546875 0.0517578125 0.21044921875 1815293
0.685546875 0.0517578125 0.21044921875 1815293
0.685546875 0.0517578125 0.21044921875 1815294
0.685546875 0.0517578125 0.21044921875 1815294
0.90185546875 0.36083984375 0.21533203125 1815482
0.90185546875 0.36083984375 0.21533203125 1815482
0.90185546875 0.36083984375 0.21533203125 1815482
0.90185546875 0.36083984375 0.21533203125 1815483
0.8486328125 0.50390625 0.46728515625 1815585
0.8486328125 0.50390625 0.46728515625 1815585
0.8486328125 0.50390625 0.46728515625 1815585
0.8486328125 0.50390625 0.46728515625 1815586
0.56005859375 0.53564453125 0.76123046875 1815692
0.56005859375 0.53564453125 0.76123046875 1815692
0.56005859375 0.53564453125 0.76123046875 1815692
0.56005859375 0.53564453125 0.76123046875 1815693
0.47216796875 0.49462890625 0.81884765625 1815794
0.47216796875 0.49462890625 0.81884765625 1815794
0.47216796875 0.49462890625 0.81884765625 1815795
0.47216796875 0.49462890625 0.81884765625 1815795
0.275390625 0.3642578125 0.900390625 1815981
0.275390625 0.3642578125 0.900390625 1815982
0.275390625 0.3642578125 0.900390625 1815982
0.275390625 0.3642578125 0.900390625 1815982
0.08251953125 0.375 0.95166015625 1816083
0.08251953125 0.375 0.95166015625 1816084
0.08251953125 0.375 0.95166015625 1816084
0.08251953125 0.375 0.95166015625 1816084
0.15380859375 0.31982421875 0.9345703125 1816186
0.15380859375 0.31982421875 0.9345703125 1816187
0.15380859375 0.31982421875 0.9345703125 1816187
0.15380859375 0.31982421875 0.9345703125 1816188
0.19189453125 0.41943359375 0.9736328125 1816288
0.19189453125 0.41943359375 0.9736328125 1816289
0.19189453125 0.41943359375 0.9736328125 1816289
0.19189453125 0.41943359375 0.9736328125 1816289
0.1708984375 0.4228515625 0.978515625 1816391
0.1708984375 0.4228515625 0.978515625 1816391
0.1708984375 0.4228515625 0.978515625 1816392
0.1708984375 0.4228515625 0.978515625 1816392
0.197265625 0.45703125 0.939453125 1816582
0.197265625 0.45703125 0.939453125 1816583
0.197265625 0.45703125 0.939453125 1816583
0.197265625 0.45703125 0.939453125 1816583
0.1826171875 0.37841796875 0.9228515625 1816684
0.1826171875 0.37841796875 0.9228515625 1816685
0.1826171875 0.37841796875 0.9228515625 1816685
0.1826171875 0.37841796875 0.9228515625 1816686
0.19091796875 0.43359375 0.939453125 1816787
0.19091796875 0.43359375 0.939453125 1816788
0.19091796875 0.43359375 0.939453125 1816788
0.22509765625 0.41943359375 0.93212890625 1816891
0.22509765625 0.41943359375 0.93212890625 1816891
0.22509765625 0.41943359375 0.93212890625 1816891
0.22509765625 0.41943359375 0.93212890625 1816892
0.259765625 0.2890625 0.82666015625 1817082
0.259765625 0.2890625 0.82666015625 1817083
0.259765625 0.2890625 0.82666015625 1817083
0.259765625 0.2890625 0.82666015625 1817084
0.126953125 0.59423828125 0.76806640625 1817185
0.126953125 0.59423828125 0.76806640625 1817185
0.126953125 0.59423828125 0.76806640625 1817186
0.126953125 0.59423828125 0.76806640625 1817186
0.07666015625 0.76318359375 0.7548828125 1817287
0.07666015625 0.76318359375 0.7548828125 1817287
0.07666015625 0.76318359375 0.7548828125 1817288
0.0947265625 0.79443359375 0.72216796875 1817391
0.0947265625 0.79443359375 0.72216796875 1817391
0.0947265625 0.79443359375 0.72216796875 1817391
0.0947265625 0.79443359375 0.72216796875 1817392
0.0791015625 0.82470703125 0.67578125 1817585
0.0791015625 0.82470703125 0.67578125 1817585
0.0791015625 0.82470703125 0.67578125 1817586
0.0791015625 0.82470703125 0.67578125 1817586
0.0400390625 0.791015625 0.73291015625 1817687
0.0400390625 0.791015625 0.73291015625 1817687
0.0400390625 0.791015625 0.73291015625 1817688
0.0400390625 0.791015625 0.73291015625 1817688
0.04345703125 0.70751953125 0.7919921875 1817789
0.04345703125 0.70751953125 0.7919921875 1817789
0.04345703125 0.70751953125 0.7919921875 1817790
0.04345703125 0.70751953125 0.7919921875 1817790
0.01953125 0.62744140625 0.86181640625 1817984
0.01953125 0.62744140625 0.86181640625 1817984
0.01953125 0.62744140625 0.86181640625 1817985
0.01953125 0.62744140625 0.86181640625 1817985
0.06298828125 0.56396484375 0.84326171875 1818086
0.06298828125 0.56396484375 0.84326171875 1818087
0.06298828125 0.56396484375 0.84326171875 1818087
0.06298828125 0.56396484375 0.84326171875 1818088
0.0322265625 0.59716796875 0.873046875 1818189
0.0322265625 0.59716796875 0.873046875 1818189
0.0322265625 0.59716796875 0.873046875 1818189
0.0322265625 0.59716796875 0.873046875 1818190
0.05517578125 0.58349609375 0.876953125 1818291
0.05517578125 0.58349609375 0.876953125 1818291
0.05517578125 0.58349609375 0.876953125 1818292
0.05517578125 0.58349609375 0.876953125 1818292
0.07080078125 0.58056640625 0.8740234375 1818481
0.07080078125 0.58056640625 0.8740234375 1818481
0.07080078125 0.58056640625 0.8740234375 1818481
0.07080078125 0.58056640625 0.8740234375 1818482
0.09033203125 0.5693359375 0.85888671875 1818584
0.09033203125 0.5693359375 0.85888671875 1818584
0.09033203125 0.5693359375 0.85888671875 1818584
0.09033203125 0.5693359375 0.85888671875 1818585
0.10888671875 0.57958984375 0.87255859375 1818686
0.10888671875 0.57958984375 0.87255859375 1818686
0.10888671875 0.57958984375 0.87255859375 1818687
0.10888671875 0.57958984375 0.87255859375 1818687
0.09765625 0.5673828125 0.86279296875 1818790
0.09765625 0.5673828125 0.86279296875 1818791
0.09765625 0.5673828125 0.86279296875 1818791
0.09765625 0.5673828125 0.86279296875 1818792
0.11474609375 0.54150390625 0.865234375 1818891
0.11474609375 0.54150390625 0.865234375 1818891
0.11474609375 0.54150390625 0.865234375 1818892
0.09716796875 0.57373046875 0.8720703125 1818969
0.0986328125 0.59765625 0.86572265625 1819094
0.0986328125 0.59765625 0.86572265625 1819095
0.0986328125 0.59765625 0.86572265625 1819095
0.0986328125 0.59765625 0.86572265625 1819096
0.0859375 0.5830078125 0.869140625 1819283
0.0859375 0.5830078125 0.869140625 1819284
0.0859375 0.5830078125 0.869140625 1819284
0.0859375 0.5830078125 0.869140625 1819285
0.087890625 0.583984375 0.873046875 1819390
0.087890625 0.583984375 0.873046875 1819390
0.087890625 0.583984375 0.873046875 1819391
0.087890625 0.583984375 0.873046875 1819391
0.0966796875 0.57958984375 0.87060546875 1819496
0.0966796875 0.57958984375 0.87060546875 1819497
0.0966796875 0.57958984375 0.87060546875 1819497
0.0966796875 0.57958984375 0.87060546875 1819497
0.099609375 0.57763671875 0.85986328125 1819681
0.099609375 0.57763671875 0.85986328125 1819681
0.099609375 0.57763671875 0.85986328125 1819682
0.099609375 0.57763671875 0.85986328125 1819682
0.08740234375 0.58251953125 0.86376953125 1819787
0.08740234375 0.58251953125 0.86376953125 1819788
0.08740234375 0.58251953125 0.86376953125 1819788
0.08740234375 0.58251953125 0.86376953125 1819789
0.0810546875 0.58447265625 0.8720703125 1819891
0.0810546875 0.58447265625 0.8720703125 1819891
0.0810546875 0.58447265625 0.8720703125 1819892
0.0810546875 0.58447265625 0.8720703125 1819892
0.1015625 0.59814453125 0.86669921875 1819992
0.1015625 0.59814453125 0.86669921875 1819992
0.1015625 0.59814453125 0.86669921875 1819992
0.1015625 0.59814453125 0.86669921875 1819993
0.0908203125 0.6123046875 0.87158203125 1820181
0.0908203125 0.6123046875 0.87158203125 1820181
0.0908203125 0.6123046875 0.87158203125 1820181
0.0908203125 0.6123046875 0.87158203125 1820182
0.0712890625 0.59033203125 0.8681640625 1820283
0.0712890625 0.59033203125 0.8681640625 1820283
0.0712890625 0.59033203125 0.8681640625 1820284
0.0712890625 0.59033203125 0.8681640625 1820284
0.087890625 0.5927734375 0.8642578125 1820389
0.087890625 0.5927734375 0.8642578125 1820389
0.087890625 0.5927734375 0.8642578125 1820390
0.087890625 0.5927734375 0.8642578125 1820390
0.08154296875 0.59716796875 0.87255859375 1820496
0.08154296875 0.59716796875 0.87255859375 1820496
0.08154296875 0.59716796875 0.87255859375 1820496
0.08154296875 0.59716796875 0.87255859375 1820497
0.08056640625 0.580078125 0.8564453125 1820675
0.08056640625 0.580078125 0.8564453125 1820676
0.08056640625 0.580078125 0.8564453125 1820676
0.08056640625 0.580078125 0.8564453125 1820677
0.08935546875 0.595703125 0.87158203125 1820798
0.08935546875 0.595703125 0.87158203125 1820798
0.08935546875 0.595703125 0.87158203125 1820807
0.08935546875 0.595703125 0.87158203125 1820807
0.08251953125 0.59423828125 0.86279296875 1820985
0.08251953125 0.59423828125 0.86279296875 1820985
0.08251953125 0.59423828125 0.86279296875 1820985
0.08251953125 0.59423828125 0.86279296875 1820986
0.08154296875 0.59619140625 0.86865234375 1821089
0.08154296875 0.59619140625 0.86865234375 1821090
0.08154296875 0.59619140625 0.86865234375 1821090
0.08154296875 0.59619140625 0.86865234375 1821091
0.0791015625 0.58837890625 0.8583984375 1821196
0.0791015625 0.58837890625 0.8583984375 1821197
0.0791015625 0.58837890625 0.8583984375 1821198
0.0791015625 0.58837890625 0.8583984375 1821198
0.078125 0.595703125 0.8642578125 1821381
0.078125 0.595703125 0.8642578125 1821381
0.078125 0.595703125 0.8642578125 1821382
0.078125 0.595703125 0.8642578125 1821382
0.0791015625 0.60400390625 0.86767578125 1821484
0.0791015625 0.60400390625 0.86767578125 1821484
0.0791015625 0.60400390625 0.86767578125 1821485
0.0791015625 0.60400390625 0.86767578125 1821485
0.08740234375 0.5888671875 0.86083984375 1821586
0.08740234375 0.5888671875 0.86083984375 1821586
0.08740234375 0.5888671875 0.86083984375 1821587
0.08740234375 0.5888671875 0.86083984375 1821587
0.078125 0.59130859375 0.86376953125 1821689
0.078125 0.59130859375 0.86376953125 1821689
0.078125 0.59130859375 0.86376953125 1821689
0.078125 0.59130859375 0.86376953125 1821690
0.07763671875 0.58837890625 0.86474609375 1821792
0.07763671875 0.58837890625 0.86474609375 1821792
0.07763671875 0.58837890625 0.86474609375 1821793
0.07763671875 0.58837890625 0.86474609375 1821793
0.0810546875 0.609375 0.8671875 1821981
0.0810546875 0.609375 0.8671875 1821981
0.0810546875 0.609375 0.8671875 1821981
0.0810546875 0.609375 0.8671875 1821982
0.0771484375 0.58984375 0.865234375 1822084
0.0771484375 0.58984375 0.865234375 1822084
0.0771484375 0.58984375 0.865234375 1822085
0.0771484375 0.58984375 0.865234375 1822085
0.08349609375 0.58544921875 0.85986328125 1822186
0.08349609375 0.58544921875 0.85986328125 1822186
0.08349609375 0.58544921875 0.85986328125 1822187
0.08349609375 0.58544921875 0.85986328125 1822187
0.0927734375 0.61474609375 0.8662109375 1822294
0.0927734375 0.61474609375 0.8662109375 1822295
0.0927734375 0.61474609375 0.8662109375 1822295
0.0927734375 0.61474609375 0.8662109375 1822296
0.09326171875 0.5810546875 0.8642578125 1822483
0.09326171875 0.5810546875 0.8642578125 1822483
0.09326171875 0.5810546875 0.8642578125 1822483
0.09326171875 0.5810546875 0.8642578125 1822484
0.06494140625 0.607421875 0.86767578125 1822586
0.06494140625 0.607421875 0.86767578125 1822586
0.06494140625 0.607421875 0.86767578125 1822587
0.06494140625 0.607421875 0.86767578125 1822587
0.078125 0.59814453125 0.86572265625 1822688
0.078125 0.59814453125 0.86572265625 1822688
0.078125 0.59814453125 0.86572265625 1822689
0.078125 0.59814453125 0.86572265625 1822690
0.07861328125 0.58935546875 0.865234375 1822791
0.07861328125 0.58935546875 0.865234375 1822791
0.07861328125 0.58935546875 0.865234375 1822791
0.07861328125 0.58935546875 0.865234375 1822792
0.068359375 0.5966796875 0.86767578125 1822981
0.068359375 0.5966796875 0.86767578125 1822981
0.068359375 0.5966796875 0.86767578125 1822982
0.068359375 0.5966796875 0.86767578125 1822982
0.07568359375 0.60498046875 0.86767578125 1823084
0.07568359375 0.60498046875 0.86767578125 1823084
0.07568359375 0.60498046875 0.86767578125 1823085
0.07568359375 0.60498046875 0.86767578125 1823085
0.0693359375 0.5888671875 0.86083984375 1823186
0.0693359375 0.5888671875 0.86083984375 1823186
0.0693359375 0.5888671875 0.86083984375 1823187
0.0693359375 0.5888671875 0.86083984375 1823187
0.06787109375 0.59326171875 0.8642578125 1823288
0.06787109375 0.59326171875 0.8642578125 1823289
0.06787109375 0.59326171875 0.8642578125 1823289
0.06787109375 0.59326171875 0.8642578125 1823290
0.0673828125 0.58251953125 0.865234375 1823478
0.0673828125 0.58251953125 0.865234375 1823478
0.0673828125 0.58251953125 0.865234375 1823479
0.0673828125 0.58251953125 0.865234375 1823479
0.06640625 0.6044921875 0.87548828125 1823580
0.06640625 0.6044921875 0.87548828125 1823580
0.06640625 0.6044921875 0.87548828125 1823580
0.06640625 0.6044921875 0.87548828125 1823581
0.0810546875 0.5888671875 0.86328125 1823686
0.0810546875 0.5888671875 0.86328125 1823686
0.0810546875 0.5888671875 0.86328125 1823687
0.0810546875 0.5888671875 0.86328125 1823687
0.06298828125 0.591796875 0.865234375 1823788
0.06298828125 0.591796875 0.865234375 1823788
0.06298828125 0.591796875 0.865234375 1823788
0.06298828125 0.591796875 0.865234375 1823789
0.0595703125 0.58837890625 0.86328125 1823983
0.0595703125 0.58837890625 0.86328125 1823983
0.0595703125 0.58837890625 0.86328125 1823984
0.0595703125 0.58837890625 0.86328125 1823984
0.07861328125 0.6015625 0.8642578125 1824086
0.07861328125 0.6015625 0.8642578125 1824087
0.07861328125 0.6015625 0.8642578125 1824087
0.07861328125 0.6015625 0.8642578125 1824087
0.0546875 0.60546875 0.869140625 1824187
0.0546875 0.60546875 0.869140625 1824187
0.0546875 0.60546875 0.869140625 1824188
0.0546875 0.60546875 0.869140625 1824188
0.05712890625 0.60400390625 0.86083984375 1824382
0.05712890625 0.60400390625 0.86083984375 1824383
0.05712890625 0.60400390625 0.86083984375 1824383
0.05712890625 0.60400390625 0.86083984375 1824383
0.04345703125 0.60205078125 0.8681640625 1824484
0.04345703125 0.60205078125 0.8681640625 1824484
0.04345703125 0.60205078125 0.8681640625 1824485
0.04345703125 0.60205078125 0.8681640625 1824486
0.04541015625 0.587890625 0.8544921875 1824588
0.04541015625 0.587890625 0.8544921875 1824588
0.04541015625 0.587890625 0.8544921875 1824589
0.04541015625 0.587890625 0.8544921875 1824589
0.06298828125 0.6201171875 0.86376953125 1824690
0.06298828125 0.6201171875 0.86376953125 1824690
0.06298828125 0.6201171875 0.86376953125 1824691
0.06298828125 0.6201171875 0.86376953125 1824691
0.05029296875 0.60498046875 0.85888671875 1824878
0.05029296875 0.60498046875 0.85888671875 1824878
0.05029296875 0.60498046875 0.85888671875 1824879
0.05029296875 0.60498046875 0.85888671875 1824879
0.06640625 0.60888671875 0.8515625 1824981
0.06640625 0.60888671875 0.8515625 1824981
0.06640625 0.60888671875 0.8515625 1824981
0.06640625 0.60888671875 0.8515625 1824982
0.03662109375 0.6142578125 0.85888671875 1825090
0.03662109375 0.6142578125 0.85888671875 1825090
0.03662109375 0.6142578125 0.85888671875 1825091
0.03662109375 0.6142578125 0.85888671875 1825091
0.03759765625 0.5908203125 0.8564453125 1825288
0.03759765625 0.5908203125 0.8564453125 1825288
0.03759765625 0.5908203125 0.8564453125 1825289
0.03759765625 0.5908203125 0.8564453125 1825289
0.0439453125 0.611328125 0.85595703125 1825493
0.0439453125 0.611328125 0.85595703125 1825494
0.0439453125 0.611328125 0.85595703125 1825494
0.0439453125 0.611328125 0.85595703125 1825494
0.05810546875 0.60205078125 0.8603515625 1825594
0.05810546875 0.60205078125 0.8603515625 1825594
0.05810546875 0.60205078125 0.8603515625 1825595
0.05810546875 0.60205078125 0.8603515625 1825595
0.04541015625 0.6240234375 0.86474609375 1825787
0.04541015625 0.6240234375 0.86474609375 1825787
0.04541015625 0.6240234375 0.86474609375 1825788
0.04541015625 0.6240234375 0.86474609375 1825788
0.052734375 0.61181640625 0.86474609375 1825889
0.052734375 0.61181640625 0.86474609375 1825890
0.052734375 0.61181640625 0.86474609375 1825890
0.052734375 0.61181640625 0.86474609375 1825890
0.04931640625 0.61083984375 0.86083984375 1826077
0.04931640625 0.61083984375 0.86083984375 1826077
0.04931640625 0.61083984375 0.86083984375 1826077
0.04931640625 0.61083984375 0.86083984375 1826078
0.03759765625 0.599609375 0.857421875 1826179
0.03759765625 0.599609375 0.857421875 1826180
0.03759765625 0.599609375 0.857421875 1826180
0.03759765625 0.599609375 0.857421875 1826180
0.04052734375 0.615234375 0.8642578125 1826282
0.04052734375 0.615234375 0.8642578125 1826282
0.04052734375 0.615234375 0.8642578125 1826282
0.04052734375 0.615234375 0.8642578125 1826283
0.044921875 0.60595703125 0.85107421875 1826386
0.044921875 0.60595703125 0.85107421875 1826387
0.044921875 0.60595703125 0.85107421875 1826387
0.044921875 0.60595703125 0.85107421875 1826388
0.0322265625 0.60546875 0.85205078125 1826487
0.0322265625 0.60546875 0.85205078125 1826488
0.0322265625 0.60546875 0.85205078125 1826488
0.0322265625 0.60546875 0.85205078125 1826489
0.0390625 0.61279296875 0.85302734375 1826677
0.0390625 0.61279296875 0.85302734375 1826677
0.0390625 0.61279296875 0.85302734375 1826678
0.0390625 0.61279296875 0.85302734375 1826678
0.0341796875 0.61669921875 0.85400390625 1826779
0.0341796875 0.61669921875 0.85400390625 1826780
0.0341796875 0.61669921875 0.85400390625 1826780
0.0341796875 0.61669921875 0.85400390625 1826780
0.02392578125 0.6220703125 0.8525390625 1826887
0.02392578125 0.6220703125 0.8525390625 1826891
0.02392578125 0.6220703125 0.8525390625 1826891
0.02392578125 0.6220703125 0.8525390625 1826892
0.0302734375 0.62255859375 0.865234375 1826988
0.02490234375 0.60400390625 0.8564453125 1827067
0.02490234375 0.60400390625 0.8564453125 1827068
0.02490234375 0.60400390625 0.8564453125 1827068
0.01708984375 0.62353515625 0.8779296875 1827178
0.01708984375 0.62353515625 0.8779296875 1827179
0.01708984375 0.62353515625 0.8779296875 1827179
0.01708984375 0.62353515625 0.8779296875 1827179
0.056640625 0.62841796875 0.87451171875 1827280
0.056640625 0.62841796875 0.87451171875 1827281
0.056640625 0.62841796875 0.87451171875 1827281
0.056640625 0.62841796875 0.87451171875 1827281
0.001953125 0.6396484375 0.900390625 1827383
0.001953125 0.6396484375 0.900390625 1827383
0.001953125 0.6396484375 0.900390625 1827384
0.001953125 0.6396484375 0.900390625 1827384
0.03466796875 0.61865234375 0.8291015625 1827488
0.03466796875 0.61865234375 0.8291015625 1827488
0.03466796875 0.61865234375 0.8291015625 1827489
0.03466796875 0.61865234375 0.8291015625 1827489
0.0751953125 0.56591796875 0.7900390625 1827677
0.0751953125 0.56591796875 0.7900390625 1827677
0.0751953125 0.56591796875 0.7900390625 1827677
0.0751953125 0.56591796875 0.7900390625 1827678
0.138671875 0.7490234375 0.7705078125 1827779
0.138671875 0.7490234375 0.7705078125 1827779
0.138671875 0.7490234375 0.7705078125 1827779
0.138671875 0.7490234375 0.7705078125 1827780
0.34716796875 0.77294921875 0.71826171875 1827882
0.34716796875 0.77294921875 0.71826171875 1827882
0.34716796875 0.77294921875 0.71826171875 1827882
0.34716796875 0.77294921875 0.71826171875 1827883
0.59765625 0.66943359375 0.64794921875 1827985
0.59765625 0.66943359375 0.64794921875 1827985
0.59765625 0.66943359375 0.64794921875 1827986
0.59765625 0.66943359375 0.64794921875 1827986
0.783203125 0.54345703125 0.4609375 1828088
0.783203125 0.54345703125 0.4609375 1828088
0.783203125 0.54345703125 0.4609375 1828089
0.783203125 0.54345703125 0.4609375 1828089
0.96142578125 0.37646484375 0.185546875 1828277
0.96142578125 0.37646484375 0.185546875 1828277
0.96142578125 0.37646484375 0.185546875 1828278
0.96142578125 0.37646484375 0.185546875 1828278
1.017578125 0.25732421875 0.03271484375 1828380
1.017578125 0.25732421875 0.03271484375 1828380
1.017578125 0.25732421875 0.03271484375 1828381
1.017578125 0.25732421875 0.03271484375 1828381
0.57080078125 -0.06201171875 0.185546875 1828482
0.57080078125 -0.06201171875 0.185546875 1828482
0.57080078125 -0.06201171875 0.185546875 1828483
0.57080078125 -0.06201171875 0.185546875 1828483
1.4296875 0.49267578125 -0.3818359375 1828584
1.4296875 0.49267578125 -0.3818359375 1828584
1.4296875 0.49267578125 -0.3818359375 1828585
1.4296875 0.49267578125 -0.3818359375 1828586
0.87109375 0.2998046875 0.14404296875 1828694
0.87109375 0.2998046875 0.14404296875 1828694
0.87109375 0.2998046875 0.14404296875 1828695
0.87109375 0.2998046875 0.14404296875 1828695
