0.0556640625 0.57275390625 0.88818359375 1834641
0.0556640625 0.57275390625 0.88818359375 1834641
0.0556640625 0.57275390625 0.88818359375 1835069
0.0556640625 0.57275390625 0.88818359375 1835069
0.0556640625 0.57275390625 0.88818359375 1835070
0.05029296875 0.57861328125 0.87255859375 1835070
0.05029296875 0.576171875 0.88037109375 1835182
0.05029296875 0.576171875 0.88037109375 1835183
0.05029296875 0.576171875 0.88037109375 1835202
0.05029296875 0.576171875 0.88037109375 1835203
0.0498046875 0.57421875 0.88623046875 1835308
0.0498046875 0.57421875 0.88623046875 1835309
0.0498046875 0.57421875 0.88623046875 1835309
0.0498046875 0.57421875 0.88623046875 1835309
0.048828125 0.57568359375 0.87744140625 1835418
0.048828125 0.57568359375 0.87744140625 1835419
0.048828125 0.57568359375 0.87744140625 1835437
0.048828125 0.57568359375 0.87744140625 1835437
0.04638671875 0.5771484375 0.876953125 1835574
0.04638671875 0.5771484375 0.876953125 1835575
0.04638671875 0.5771484375 0.876953125 1835575
0.04638671875 0.5771484375 0.876953125 1835575
0.04931640625 0.57470703125 0.8818359375 1835776
0.04931640625 0.57470703125 0.8818359375 1835777
0.04931640625 0.57470703125 0.8818359375 1835777
0.04931640625 0.57470703125 0.8818359375 1835778
0.048828125 0.57373046875 0.88232421875 1835878
0.048828125 0.57373046875 0.88232421875 1835879
0.048828125 0.57373046875 0.88232421875 1835879
0.048828125 0.57373046875 0.88232421875 1835879
0.0498046875 0.57373046875 0.88623046875 1835981
0.0498046875 0.57373046875 0.88623046875 1835981
0.0498046875 0.57373046875 0.88623046875 1835981
0.0498046875 0.57373046875 0.88623046875 1835982
0.0498046875 0.5771484375 0.87744140625 1836083
0.0498046875 0.5771484375 0.87744140625 1836083
0.0498046875 0.5771484375 0.87744140625 1836084
0.0498046875 0.5771484375 0.87744140625 1836084
0.0498046875 0.57421875 0.884765625 1836186
0.0498046875 0.57421875 0.884765625 1836186
0.0498046875 0.57421875 0.884765625 1836186
0.0498046875 0.57421875 0.884765625 1836187
0.08837890625 0.578125 0.84765625 1836374
0.08837890625 0.578125 0.84765625 1836374
0.08837890625 0.578125 0.84765625 1836374
0.08837890625 0.578125 0.84765625 1836375
0.06005859375 0.56201171875 0.9013671875 1836485
0.06005859375 0.56201171875 0.9013671875 1836485
0.06005859375 0.56201171875 0.9013671875 1836486
0.06005859375 0.56201171875 0.9013671875 1836486
-0.00537109375 0.56884765625 0.87939453125 1836673
-0.00537109375 0.56884765625 0.87939453125 1836673
-0.00537109375 0.56884765625 0.87939453125 1836674
-0.00537109375 0.56884765625 0.87939453125 1836674
0.04345703125 0.58935546875 0.861328125 1836775
0.04345703125 0.58935546875 0.861328125 1836775
0.04345703125 0.58935546875 0.861328125 1836775
0.04345703125 0.58935546875 0.861328125 1836776
0.06396484375 0.59814453125 0.86376953125 1836878
0.06396484375 0.59814453125 0.86376953125 1836878
0.06396484375 0.59814453125 0.86376953125 1836878
0.06396484375 0.59814453125 0.86376953125 1836879
0.05859375 0.546875 0.83447265625 1836981
0.05859375 0.546875 0.83447265625 1836981
0.05859375 0.546875 0.83447265625 1836981
0.05859375 0.546875 0.83447265625 1836982
0.04736328125 0.63720703125 0.89111328125 1837084
0.04736328125 0.63720703125 0.89111328125 1837084
0.04736328125 0.63720703125 0.89111328125 1837085
0.04736328125 0.63720703125 0.89111328125 1837085
0.125 0.67431640625 0.78759765625 1837273
0.125 0.67431640625 0.78759765625 1837273
0.125 0.67431640625 0.78759765625 1837273
0.125 0.67431640625 0.78759765625 1837274
0.07275390625 0.669921875 0.8037109375 1837376
0.07275390625 0.669921875 0.8037109375 1837376
0.07275390625 0.669921875 0.8037109375 1837376
0.07275390625 0.669921875 0.8037109375 1837385
0.125 0.68115234375 0.8037109375 1837478
0.125 0.68115234375 0.8037109375 1837478
0.125 0.68115234375 0.8037109375 1837478
0.08056640625 0.64013671875 0.76708984375 1837580
0.08056640625 0.64013671875 0.76708984375 1837580
0.08056640625 0.64013671875 0.76708984375 1837580
0.08056640625 0.64013671875 0.76708984375 1837581
0.03076171875 0.6650390625 0.83740234375 1837683
0.03076171875 0.6650390625 0.83740234375 1837683
0.03076171875 0.6650390625 0.83740234375 1837684
0.03076171875 0.6650390625 0.83740234375 1837684
0.00537109375 0.6474609375 0.80810546875 1837877
0.00537109375 0.6474609375 0.80810546875 1837878
0.00537109375 0.6474609375 0.80810546875 1837878
0.00537109375 0.6474609375 0.80810546875 1837879
-0.0146484375 0.5830078125 0.86083984375 1838078
-0.0146484375 0.5830078125 0.86083984375 1838079
-0.0146484375 0.5830078125 0.86083984375 1838079
-0.0146484375 0.5830078125 0.86083984375 1838079
-0.00390625 0.5791015625 0.85693359375 1838180
-0.00390625 0.5791015625 0.85693359375 1838181
-0.00390625 0.5791015625 0.85693359375 1838181
-0.00390625 0.5791015625 0.85693359375 1838181
0.03955078125 0.56396484375 0.884765625 1838294
0.03955078125 0.56396484375 0.884765625 1838295
0.03955078125 0.56396484375 0.884765625 1838295
0.03955078125 0.56396484375 0.884765625 1838295
0.02587890625 0.55859375 0.92138671875 1838483
0.02587890625 0.55859375 0.92138671875 1838484
0.02587890625 0.55859375 0.92138671875 1838484
0.02587890625 0.55859375 0.92138671875 1838484
0.04150390625 0.5498046875 0.8876953125 1838673
0.04150390625 0.5498046875 0.8876953125 1838674
0.04150390625 0.5498046875 0.8876953125 1838674
0.04150390625 0.5498046875 0.8876953125 1838675
0.01220703125 0.5673828125 0.8837890625 1838775
0.01220703125 0.5673828125 0.8837890625 1838776
0.01220703125 0.5673828125 0.8837890625 1838776
0.01220703125 0.5673828125 0.8837890625 1838776
0.04150390625 0.58203125 0.89013671875 1838878
0.04150390625 0.58203125 0.89013671875 1838879
0.04150390625 0.58203125 0.89013671875 1838879
0.04150390625 0.58203125 0.89013671875 1838879
0.0361328125 0.556640625 0.8916015625 1838980
0.0361328125 0.556640625 0.8916015625 1838981
0.0361328125 0.556640625 0.8916015625 1838981
0.0361328125 0.556640625 0.8916015625 1838981
0.0546875 0.55322265625 0.884765625 1839083
0.0546875 0.55322265625 0.884765625 1839083
0.0546875 0.55322265625 0.884765625 1839084
0.0546875 0.55322265625 0.884765625 1839084
0.052734375 0.56396484375 0.87646484375 1839310
0.052734375 0.56396484375 0.87646484375 1839310
0.052734375 0.56396484375 0.87646484375 1839310
0.052734375 0.56396484375 0.87646484375 1839311
0.05859375 0.5390625 0.87060546875 1839478
0.05859375 0.5390625 0.87060546875 1839479
0.05859375 0.5390625 0.87060546875 1839479
0.05859375 0.5390625 0.87060546875 1839480
0.03955078125 0.56591796875 0.873046875 1839585
0.03955078125 0.56591796875 0.873046875 1839585
0.03955078125 0.56591796875 0.873046875 1839586
0.03955078125 0.56591796875 0.873046875 1839586
0.0537109375 0.595703125 0.873046875 1839769
0.0537109375 0.595703125 0.873046875 1839769
0.0537109375 0.595703125 0.873046875 1839770
0.0537109375 0.595703125 0.873046875 1839770
0.06298828125 0.58984375 0.88037109375 1839873
0.06298828125 0.58984375 0.88037109375 1839873
0.06298828125 0.58984375 0.88037109375 1839873
0.06298828125 0.58984375 0.88037109375 1839874
0.0390625 0.58203125 0.87548828125 1839975
0.0390625 0.58203125 0.87548828125 1839976
0.0390625 0.58203125 0.87548828125 1839976
0.0390625 0.58203125 0.87548828125 1839976
0.064453125 0.5849609375 0.86865234375 1840078
0.064453125 0.5849609375 0.86865234375 1840078
0.064453125 0.5849609375 0.86865234375 1840078
0.0517578125 0.587890625 0.8759765625 1840182
0.0517578125 0.587890625 0.8759765625 1840182
0.0517578125 0.587890625 0.8759765625 1840182
0.0517578125 0.587890625 0.8759765625 1840183
0.052734375 0.57275390625 0.87255859375 1840372
0.052734375 0.57275390625 0.87255859375 1840372
0.052734375 0.57275390625 0.87255859375 1840372
0.052734375 0.57275390625 0.87255859375 1840373
0.05615234375 0.580078125 0.88037109375 1840479
0.05615234375 0.580078125 0.88037109375 1840479
0.05615234375 0.580078125 0.88037109375 1840480
0.05615234375 0.580078125 0.88037109375 1840480
0.04443359375 0.56591796875 0.87255859375 1840586
0.04443359375 0.56591796875 0.87255859375 1840587
0.04443359375 0.56591796875 0.87255859375 1840587
0.04443359375 0.56591796875 0.87255859375 1840587
0.046875 0.5859375 0.87841796875 1840761
0.046875 0.5859375 0.87841796875 1840762
0.046875 0.5859375 0.87841796875 1840762
0.046875 0.5859375 0.87841796875 1840763
0.04248046875 0.5869140625 0.88037109375 1840879
0.04248046875 0.5869140625 0.88037109375 1840880
0.04248046875 0.5869140625 0.88037109375 1840880
0.04248046875 0.5869140625 0.88037109375 1840880
0.03955078125 0.57861328125 0.8779296875 1841067
0.03955078125 0.57861328125 0.8779296875 1841078
0.03955078125 0.57861328125 0.8779296875 1841078
0.03955078125 0.57861328125 0.8779296875 1841080
0.06103515625 0.580078125 0.87548828125 1841182
0.06103515625 0.580078125 0.87548828125 1841182
0.06103515625 0.580078125 0.87548828125 1841183
0.06103515625 0.580078125 0.87548828125 1841183
0.05322265625 0.576171875 0.873046875 1841372
0.05322265625 0.576171875 0.873046875 1841372
0.05322265625 0.576171875 0.873046875 1841373
0.05322265625 0.576171875 0.873046875 1841373
0.04150390625 0.5869140625 0.87451171875 1841474
0.04150390625 0.5869140625 0.87451171875 1841475
0.04150390625 0.5869140625 0.87451171875 1841475
0.04150390625 0.5869140625 0.87451171875 1841476
0.0595703125 0.58251953125 0.87109375 1841578
0.0595703125 0.58251953125 0.87109375 1841579
0.0595703125 0.58251953125 0.87109375 1841579
0.0595703125 0.58251953125 0.87109375 1841580
0.05517578125 0.58154296875 0.87890625 1841680
0.05517578125 0.58154296875 0.87890625 1841681
0.05517578125 0.58154296875 0.87890625 1841681
0.05517578125 0.58154296875 0.87890625 1841682
0.064453125 0.5830078125 0.869140625 1841783
0.064453125 0.5830078125 0.869140625 1841783
0.064453125 0.5830078125 0.869140625 1841784
0.064453125 0.5830078125 0.869140625 1841785
0.0419921875 0.58251953125 0.88671875 1841972
0.0419921875 0.58251953125 0.88671875 1841973
0.0419921875 0.58251953125 0.88671875 1841974
0.0419921875 0.58251953125 0.88671875 1841974
0.02978515625 0.58447265625 0.880859375 1842074
0.02978515625 0.58447265625 0.880859375 1842074
0.02978515625 0.58447265625 0.880859375 1842075
0.02978515625 0.58447265625 0.880859375 1842075
0.06396484375 0.59423828125 0.88818359375 1842177
0.06396484375 0.59423828125 0.88818359375 1842177
0.06396484375 0.59423828125 0.88818359375 1842178
0.06396484375 0.59423828125 0.88818359375 1842178
0.06787109375 0.58642578125 0.88525390625 1842279
0.06787109375 0.58642578125 0.88525390625 1842279
0.06787109375 0.58642578125 0.88525390625 1842280
0.06787109375 0.58642578125 0.88525390625 1842280
0.01953125 0.58447265625 0.88232421875 1842382
0.01953125 0.58447265625 0.88232421875 1842383
0.01953125 0.58447265625 0.88232421875 1842383
0.01953125 0.58447265625 0.88232421875 1842384
0.0458984375 0.5771484375 0.8828125 1842572
0.0458984375 0.5771484375 0.8828125 1842572
0.0458984375 0.5771484375 0.8828125 1842573
0.0458984375 0.5771484375 0.8828125 1842573
0.0869140625 0.6142578125 0.86767578125 1842674
0.0869140625 0.6142578125 0.86767578125 1842674
0.0869140625 0.6142578125 0.86767578125 1842675
0.0869140625 0.6142578125 0.86767578125 1842675
0.08447265625 0.58642578125 0.82958984375 1842777
0.08447265625 0.58642578125 0.82958984375 1842777
0.08447265625 0.58642578125 0.82958984375 1842778
0.08447265625 0.58642578125 0.82958984375 1842779
0.0966796875 0.68603515625 0.81982421875 1842972
0.0966796875 0.68603515625 0.81982421875 1842973
0.0966796875 0.68603515625 0.81982421875 1842973
0.0966796875 0.68603515625 0.81982421875 1842974
0.08935546875 0.61767578125 0.85693359375 1843074
0.08935546875 0.61767578125 0.85693359375 1843074
0.08935546875 0.61767578125 0.85693359375 1843075
0.08935546875 0.61767578125 0.85693359375 1843075
0.0556640625 0.63232421875 0.86962890625 1843177
0.0556640625 0.63232421875 0.86962890625 1843177
0.0556640625 0.63232421875 0.86962890625 1843178
0.0556640625 0.63232421875 0.86962890625 1843178
0.03369140625 0.61181640625 0.88623046875 1843279
0.03369140625 0.61181640625 0.88623046875 1843279
0.03369140625 0.61181640625 0.88623046875 1843280
0.03369140625 0.61181640625 0.88623046875 1843281
0.029296875 0.6044921875 0.859375 1843382
0.029296875 0.6044921875 0.859375 1843383
0.029296875 0.6044921875 0.859375 1843383
0.029296875 0.6044921875 0.859375 1843383
0.00634765625 0.5634765625 0.87548828125 1843572
0.00634765625 0.5634765625 0.87548828125 1843572
0.00634765625 0.5634765625 0.87548828125 1843573
0.00634765625 0.5634765625 0.87548828125 1843573
0.046875 0.57080078125 0.8623046875 1843674
0.046875 0.57080078125 0.8623046875 1843674
0.046875 0.57080078125 0.8623046875 1843675
0.046875 0.57080078125 0.8623046875 1843675
0.03466796875 0.55078125 0.88818359375 1843777
0.03466796875 0.55078125 0.88818359375 1843778
0.03466796875 0.55078125 0.88818359375 1843779
0.0205078125 0.56982421875 0.89453125 1843880
0.0205078125 0.56982421875 0.89453125 1843880
0.0205078125 0.56982421875 0.89453125 1843880
0.0205078125 0.56982421875 0.89453125 1843881
0.02001953125 0.5732421875 0.86865234375 1843983
0.02001953125 0.5732421875 0.86865234375 1843983
0.02001953125 0.5732421875 0.86865234375 1843984
0.02001953125 0.5732421875 0.86865234375 1843984
0.02734375 0.572265625 0.8818359375 1844170
0.02734375 0.572265625 0.8818359375 1844170
0.02734375 0.572265625 0.8818359375 1844170
0.02734375 0.572265625 0.8818359375 1844171
0.00732421875 0.59228515625 0.888671875 1844273
0.00732421875 0.59228515625 0.888671875 1844273
0.00732421875 0.59228515625 0.888671875 1844274
0.00732421875 0.59228515625 0.888671875 1844274
0.0341796875 0.56201171875 0.875 1844375
0.0341796875 0.56201171875 0.875 1844375
0.0341796875 0.56201171875 0.875 1844376
0.0341796875 0.56201171875 0.875 1844376
0.01904296875 0.568359375 0.88623046875 1844478
0.01904296875 0.568359375 0.88623046875 1844478
0.01904296875 0.568359375 0.88623046875 1844479
0.01904296875 0.568359375 0.88623046875 1844479
0.0263671875 0.59228515625 0.89013671875 1844582
0.0263671875 0.59228515625 0.89013671875 1844583
0.0263671875 0.59228515625 0.89013671875 1844584
0.0263671875 0.59228515625 0.89013671875 1844585
0.00634765625 0.5771484375 0.87890625 1844772
0.00634765625 0.5771484375 0.87890625 1844772
0.00634765625 0.5771484375 0.87890625 1844773
0.00634765625 0.5771484375 0.87890625 1844773
0.021484375 0.5810546875 0.89501953125 1844874
0.021484375 0.5810546875 0.89501953125 1844874
0.021484375 0.5810546875 0.89501953125 1844875
0.021484375 0.5810546875 0.89501953125 1844876
0.03173828125 0.57763671875 0.876953125 1844977
0.03173828125 0.57763671875 0.876953125 1844977
0.03173828125 0.57763671875 0.876953125 1844978
0.01123046875 0.568359375 0.884765625 1845081
0.01123046875 0.568359375 0.884765625 1845081
0.01123046875 0.568359375 0.884765625 1845082
0.01123046875 0.568359375 0.884765625 1845083
0.01025390625 0.57666015625 0.8798828125 1845270
0.01025390625 0.57666015625 0.8798828125 1845270
0.01025390625 0.57666015625 0.8798828125 1845271
0.01025390625 0.57666015625 0.8798828125 1845271
0.0107421875 0.56298828125 0.8779296875 1845373
0.0107421875 0.56298828125 0.8779296875 1845373
0.0107421875 0.56298828125 0.8779296875 1845373
0.0107421875 0.56298828125 0.8779296875 1845374
-0.02392578125 0.5732421875 0.876953125 1845476
-0.02392578125 0.5732421875 0.876953125 1845476
-0.02392578125 0.5732421875 0.876953125 1845477
-0.02392578125 0.5732421875 0.876953125 1845477
0.00927734375 0.5732421875 0.876953125 1845578
0.00927734375 0.5732421875 0.876953125 1845578
0.00927734375 0.5732421875 0.876953125 1845579
0.00927734375 0.5732421875 0.876953125 1845579
-0.01513671875 0.58837890625 0.8798828125 1845779
-0.01513671875 0.58837890625 0.8798828125 1845779
-0.01513671875 0.58837890625 0.8798828125 1845780
-0.01513671875 0.58837890625 0.8798828125 1845780
-0.033203125 0.57763671875 0.875 1845882
-0.033203125 0.57763671875 0.875 1845882
-0.033203125 0.57763671875 0.875 1845883
-0.033203125 0.57763671875 0.875 1845883
-0.033203125 0.5859375 0.88525390625 1846061
-0.033203125 0.5859375 0.88525390625 1846061
-0.033203125 0.5859375 0.88525390625 1846062
-0.033203125 0.5859375 0.88525390625 1846063
-0.02294921875 0.5771484375 0.876953125 1846172
-0.02294921875 0.5771484375 0.876953125 1846172
-0.02294921875 0.5771484375 0.876953125 1846173
-0.02294921875 0.5771484375 0.876953125 1846173
-0.0068359375 0.5732421875 0.8720703125 1846274
-0.0068359375 0.5732421875 0.8720703125 1846274
-0.0068359375 0.5732421875 0.8720703125 1846275
-0.0068359375 0.5732421875 0.8720703125 1846275
-0.01708984375 0.57373046875 0.869140625 1846377
-0.01708984375 0.57373046875 0.869140625 1846377
-0.01708984375 0.57373046875 0.869140625 1846377
-0.01708984375 0.57373046875 0.869140625 1846378
-0.04345703125 0.6015625 0.88720703125 1846480
-0.04345703125 0.6015625 0.88720703125 1846480
-0.04345703125 0.6015625 0.88720703125 1846480
-0.04345703125 0.6015625 0.88720703125 1846481
-0.001953125 0.58349609375 0.87451171875 1846582
-0.001953125 0.58349609375 0.87451171875 1846582
-0.001953125 0.58349609375 0.87451171875 1846583
-0.001953125 0.58349609375 0.87451171875 1846583
-0.0224609375 0.58251953125 0.88232421875 1846771
-0.0224609375 0.58251953125 0.88232421875 1846771
-0.0224609375 0.58251953125 0.88232421875 1846771
-0.0224609375 0.58251953125 0.88232421875 1846772
-0.0146484375 0.57958984375 0.87158203125 1846873
-0.0146484375 0.57958984375 0.87158203125 1846873
-0.0146484375 0.57958984375 0.87158203125 1846873
-0.0146484375 0.57958984375 0.87158203125 1846874
-0.01416015625 0.58251953125 0.88232421875 1846975
-0.01416015625 0.58251953125 0.88232421875 1846975
-0.01416015625 0.58251953125 0.88232421875 1846976
-0.0166015625 0.5703125 0.873046875 1847079
-0.0166015625 0.5703125 0.873046875 1847079
-0.0166015625 0.5703125 0.873046875 1847080
-0.0166015625 0.5703125 0.873046875 1847081
-0.01806640625 0.5849609375 0.87353515625 1847182
-0.01806640625 0.5849609375 0.87353515625 1847182
-0.01806640625 0.5849609375 0.87353515625 1847183
-0.01806640625 0.5849609375 0.87353515625 1847183
-0.029296875 0.59765625 0.87841796875 1847369
-0.029296875 0.59765625 0.87841796875 1847370
-0.029296875 0.59765625 0.87841796875 1847370
-0.029296875 0.59765625 0.87841796875 1847371
-0.00537109375 0.58740234375 0.88037109375 1847471
-0.00537109375 0.58740234375 0.88037109375 1847471
-0.00537109375 0.58740234375 0.88037109375 1847472
-0.00537109375 0.58740234375 0.88037109375 1847472
-0.0068359375 0.57568359375 0.87646484375 1847574
-0.0068359375 0.57568359375 0.87646484375 1847574
-0.0068359375 0.57568359375 0.87646484375 1847575
-0.0068359375 0.57568359375 0.87646484375 1847575
-0.00830078125 0.58740234375 0.8759765625 1847677
-0.00830078125 0.58740234375 0.8759765625 1847677
-0.00830078125 0.58740234375 0.8759765625 1847678
-0.00830078125 0.58740234375 0.8759765625 1847678
-0.00732421875 0.59765625 0.8798828125 1847779
-0.00732421875 0.59765625 0.8798828125 1847779
-0.00732421875 0.59765625 0.8798828125 1847780
-0.00732421875 0.59765625 0.8798828125 1847781
-0.00244140625 0.5771484375 0.8720703125 1847970
-0.00244140625 0.5771484375 0.8720703125 1847970
-0.00244140625 0.5771484375 0.8720703125 1847971
-0.00244140625 0.5771484375 0.8720703125 1847971
-0.0126953125 0.5869140625 0.8818359375 1848073
-0.0126953125 0.5869140625 0.8818359375 1848073
-0.0126953125 0.5869140625 0.8818359375 1848074
-0.0126953125 0.5869140625 0.8818359375 1848074
0.0009765625 0.58349609375 0.87890625 1848176
0.0009765625 0.58349609375 0.87890625 1848177
0.0009765625 0.58349609375 0.87890625 1848177
0.0009765625 0.58349609375 0.87890625 1848178
-0.013671875 0.57763671875 0.88134765625 1848278
-0.013671875 0.57763671875 0.88134765625 1848278
-0.013671875 0.57763671875 0.88134765625 1848279
-0.013671875 0.57763671875 0.88134765625 1848279
-0.00537109375 0.58544921875 0.8779296875 1848380
-0.00537109375 0.58544921875 0.8779296875 1848380
-0.00537109375 0.58544921875 0.8779296875 1848381
-0.00537109375 0.58544921875 0.8779296875 1848382
0.00146484375 0.59423828125 0.8818359375 1848569
0.00146484375 0.59423828125 0.8818359375 1848570
0.00146484375 0.59423828125 0.8818359375 1848571
0.00146484375 0.59423828125 0.8818359375 1848572
-0.009765625 0.57666015625 0.87255859375 1848672
-0.009765625 0.57666015625 0.87255859375 1848672
-0.009765625 0.57666015625 0.87255859375 1848673
-0.009765625 0.57666015625 0.87255859375 1848675
-0.0283203125 0.58349609375 0.87548828125 1848774
-0.0283203125 0.58349609375 0.87548828125 1848774
-0.0283203125 0.58349609375 0.87548828125 1848775
-0.0283203125 0.58349609375 0.87548828125 1848776
-0.03125 0.59423828125 0.89306640625 1848877
-0.03125 0.59423828125 0.89306640625 1848877
-0.03125 0.59423828125 0.89306640625 1848878
-0.03125 0.59423828125 0.89306640625 1848878
0.00830078125 0.5703125 0.8525390625 1848979
0.00830078125 0.5703125 0.8525390625 1848980
0.00830078125 0.5703125 0.8525390625 1848980
0.00830078125 0.5703125 0.8525390625 1848981
-0.02099609375 0.61572265625 0.873046875 1849187
-0.02099609375 0.61572265625 0.873046875 1849188
-0.02099609375 0.61572265625 0.873046875 1849188
-0.02099609375 0.61572265625 0.873046875 1849189
-0.03662109375 0.58154296875 0.87255859375 1849370
-0.03662109375 0.58154296875 0.87255859375 1849371
-0.03662109375 0.58154296875 0.87255859375 1849371
-0.03662109375 0.58154296875 0.87255859375 1849372
0.00830078125 0.58984375 0.8603515625 1849473
0.00830078125 0.58984375 0.8603515625 1849474
0.00830078125 0.58984375 0.8603515625 1849474
0.00830078125 0.58984375 0.8603515625 1849475
-0.00341796875 0.607421875 0.8720703125 1849575
-0.00341796875 0.607421875 0.8720703125 1849577
-0.00341796875 0.607421875 0.8720703125 1849577
-0.00341796875 0.607421875 0.8720703125 1849578
-0.037109375 0.599609375 0.87158203125 1849678
-0.037109375 0.599609375 0.87158203125 1849679
-0.037109375 0.599609375 0.87158203125 1849679
-0.037109375 0.599609375 0.87158203125 1849680
-0.0029296875 0.58740234375 0.8681640625 1849780
-0.0029296875 0.58740234375 0.8681640625 1849781
-0.0029296875 0.58740234375 0.8681640625 1849781
-0.0029296875 0.58740234375 0.8681640625 1849782
-0.00634765625 0.57373046875 0.8642578125 1849969
-0.00634765625 0.57373046875 0.8642578125 1849970
-0.00634765625 0.57373046875 0.8642578125 1849971
-0.00634765625 0.57373046875 0.8642578125 1849971
-0.03369140625 0.57373046875 0.87060546875 1850071
-0.03369140625 0.57373046875 0.87060546875 1850072
-0.03369140625 0.57373046875 0.87060546875 1850072
-0.03369140625 0.57373046875 0.87060546875 1850073
0.07421875 0.6552734375 0.8564453125 1850174
0.07421875 0.6552734375 0.8564453125 1850175
0.07421875 0.6552734375 0.8564453125 1850176
0.3515625 0.61474609375 0.802734375 1850278
0.3515625 0.61474609375 0.802734375 1850278
0.3515625 0.61474609375 0.802734375 1850279
0.3515625 0.61474609375 0.802734375 1850279
0.9111328125 0.35693359375 0.3671875 1850468
0.9111328125 0.35693359375 0.3671875 1850468
0.9111328125 0.35693359375 0.3671875 1850468
0.9111328125 0.35693359375 0.3671875 1850469
1.0322265625 0.2490234375 0.1083984375 1850570
1.0322265625 0.2490234375 0.1083984375 1850575
1.0322265625 0.2490234375 0.1083984375 1850580
1.0322265625 0.2490234375 0.1083984375 1850583
0.77197265625 0.0478515625 0.11474609375 1850673
1.16357421875 0.29736328125 -0.30078125 1850775
1.16357421875 0.29736328125 -0.30078125 1850775
1.16357421875 0.29736328125 -0.30078125 1850776
1.16357421875 0.29736328125 -0.30078125 1850776
1.09814453125 0.28076171875 0.0908203125 1850878
1.09814453125 0.28076171875 0.0908203125 1850878
1.09814453125 0.28076171875 0.0908203125 1850879
1.09814453125 0.28076171875 0.0908203125 1850879
0.93505859375 0.3017578125 0.263671875 1851068
0.93505859375 0.3017578125 0.263671875 1851068
0.93505859375 0.3017578125 0.263671875 1851069
0.93505859375 0.3017578125 0.263671875 1851069
0.91357421875 0.40625 0.56396484375 1851172
0.91357421875 0.40625 0.56396484375 1851172
0.91357421875 0.40625 0.56396484375 1851173
0.91357421875 0.40625 0.56396484375 1851174
0.68896484375 0.25048828125 0.67236328125 1851274
0.68896484375 0.25048828125 0.67236328125 1851274
0.68896484375 0.25048828125 0.67236328125 1851275
0.68896484375 0.25048828125 0.67236328125 1851276
0.48291015625 0.11669921875 0.77490234375 1851377
0.48291015625 0.11669921875 0.77490234375 1851377
0.48291015625 0.11669921875 0.77490234375 1851378
0.48291015625 0.11669921875 0.77490234375 1851378
0.2685546875 0.16650390625 0.9248046875 1851480
0.2685546875 0.16650390625 0.9248046875 1851480
0.2685546875 0.16650390625 0.9248046875 1851481
0.2685546875 0.16650390625 0.9248046875 1851482
0.3193359375 0.4267578125 0.962890625 1851669
0.3193359375 0.4267578125 0.962890625 1851669
0.3193359375 0.4267578125 0.962890625 1851670
0.3193359375 0.4267578125 0.962890625 1851670
0.3544921875 0.43798828125 0.93701171875 1851771
0.3544921875 0.43798828125 0.93701171875 1851772
0.3544921875 0.43798828125 0.93701171875 1851772
0.3544921875 0.43798828125 0.93701171875 1851773
0.28759765625 0.58984375 0.9111328125 1851873
0.28759765625 0.58984375 0.9111328125 1851873
0.28759765625 0.58984375 0.9111328125 1851874
0.28759765625 0.58984375 0.9111328125 1851875
0.18212890625 0.46923828125 0.82080078125 1851975
0.18212890625 0.46923828125 0.82080078125 1851975
0.18212890625 0.46923828125 0.82080078125 1851976
0.18212890625 0.46923828125 0.82080078125 1851976
0.12841796875 0.66552734375 0.83740234375 1852079
0.12841796875 0.66552734375 0.83740234375 1852079
0.12841796875 0.66552734375 0.83740234375 1852080
0.12841796875 0.66552734375 0.83740234375 1852080
0.09326171875 0.62939453125 0.7958984375 1852269
0.09326171875 0.62939453125 0.7958984375 1852269
0.09326171875 0.62939453125 0.7958984375 1852270
0.09326171875 0.62939453125 0.7958984375 1852270
0.1005859375 0.66845703125 0.7890625 1852373
0.1005859375 0.66845703125 0.7890625 1852373
0.1005859375 0.66845703125 0.7890625 1852374
0.1005859375 0.66845703125 0.7890625 1852374
0.06396484375 0.68701171875 0.81982421875 1852571
0.06396484375 0.68701171875 0.81982421875 1852572
0.06396484375 0.68701171875 0.81982421875 1852572
0.06396484375 0.68701171875 0.81982421875 1852573
0.076171875 0.67919921875 0.77783203125 1852671
0.0810546875 0.68212890625 0.7822265625 1852774
0.0810546875 0.68212890625 0.7822265625 1852775
0.0810546875 0.68212890625 0.7822265625 1852775
0.0810546875 0.68212890625 0.7822265625 1852776
0.06640625 0.703125 0.79052734375 1852876
0.06640625 0.703125 0.79052734375 1852876
0.06640625 0.703125 0.79052734375 1852877
0.06640625 0.703125 0.79052734375 1852878
0.0625 0.69921875 0.77978515625 1852979
0.0625 0.69921875 0.77978515625 1852979
0.0625 0.69921875 0.77978515625 1852980
0.0625 0.69921875 0.77978515625 1852981
0.0693359375 0.70556640625 0.77392578125 1853168
0.0693359375 0.70556640625 0.77392578125 1853169
0.0693359375 0.70556640625 0.77392578125 1853169
0.0693359375 0.70556640625 0.77392578125 1853170
0.07080078125 0.67626953125 0.77392578125 1853270
0.07080078125 0.67626953125 0.77392578125 1853270
0.07080078125 0.67626953125 0.77392578125 1853271
0.07080078125 0.67626953125 0.77392578125 1853271
0.095703125 0.68212890625 0.7919921875 1853373
0.095703125 0.68212890625 0.7919921875 1853408
0.095703125 0.68212890625 0.7919921875 1853409
0.0576171875 0.6748046875 0.80859375 1853477
0.0576171875 0.6748046875 0.80859375 1853478
0.10107421875 0.677734375 0.8134765625 1853568
0.10107421875 0.677734375 0.8134765625 1853569
0.05810546875 0.68798828125 0.82861328125 1853667
0.05810546875 0.68798828125 0.82861328125 1853667
0.06103515625 0.63525390625 0.833984375 1853770
0.06103515625 0.63525390625 0.833984375 1853770
0.06103515625 0.63525390625 0.833984375 1853771
0.06103515625 0.63525390625 0.833984375 1853771
0.048828125 0.6513671875 0.8486328125 1853872
0.048828125 0.6513671875 0.8486328125 1853872
0.048828125 0.6513671875 0.8486328125 1853873
0.048828125 0.6513671875 0.8486328125 1853873
0.04150390625 0.57421875 0.8330078125 1853974
0.04150390625 0.57421875 0.8330078125 1853974
0.04150390625 0.57421875 0.8330078125 1853975
0.04150390625 0.57421875 0.8330078125 1853975
0.01708984375 0.59521484375 0.89306640625 1854076
0.01708984375 0.59521484375 0.89306640625 1854077
0.01708984375 0.59521484375 0.89306640625 1854078
0.01708984375 0.59521484375 0.89306640625 1854078
0.02880859375 0.57958984375 0.87841796875 1854266
0.02880859375 0.57958984375 0.87841796875 1854267
0.02880859375 0.57958984375 0.87841796875 1854267
0.02880859375 0.57958984375 0.87841796875 1854268
0.04052734375 0.57861328125 0.87841796875 1854370
0.04052734375 0.57861328125 0.87841796875 1854370
0.04052734375 0.57861328125 0.87841796875 1854371
0.04052734375 0.57861328125 0.87841796875 1854371
0.041015625 0.57666015625 0.876953125 1854473
0.041015625 0.57666015625 0.876953125 1854473
0.041015625 0.57666015625 0.876953125 1854473
0.041015625 0.57666015625 0.876953125 1854474
0.03369140625 0.56982421875 0.8876953125 1854576
0.03369140625 0.56982421875 0.8876953125 1854576
0.03369140625 0.56982421875 0.8876953125 1854576
0.03369140625 0.56982421875 0.8876953125 1854577
0.01416015625 0.56640625 0.89306640625 1854766
0.01416015625 0.56640625 0.89306640625 1854767
0.01416015625 0.56640625 0.89306640625 1854767
0.01416015625 0.56640625 0.89306640625 1854767
0.05078125 0.607421875 0.900390625 1854869
0.05078125 0.607421875 0.900390625 1854869
0.05078125 0.607421875 0.900390625 1854869
0.05078125 0.607421875 0.900390625 1854870
0.0126953125 0.6455078125 0.8662109375 1854971
0.0126953125 0.6455078125 0.8662109375 1854972
0.0126953125 0.6455078125 0.8662109375 1854972
0.0126953125 0.6455078125 0.8662109375 1854972
0.05859375 0.671875 0.86572265625 1855074
0.05859375 0.671875 0.86572265625 1855075
0.05859375 0.671875 0.86572265625 1855075
0.05859375 0.671875 0.86572265625 1855075
0.0322265625 0.57421875 0.8662109375 1855177
0.0322265625 0.57421875 0.8662109375 1855177
0.0322265625 0.57421875 0.8662109375 1855178
0.0322265625 0.57421875 0.8662109375 1855178
0.05078125 0.5341796875 0.9072265625 1855367
0.05078125 0.5341796875 0.9072265625 1855367
0.05078125 0.5341796875 0.9072265625 1855367
0.05078125 0.5341796875 0.9072265625 1855368
0.07080078125 0.525390625 0.90283203125 1855483
0.07080078125 0.525390625 0.90283203125 1855483
0.07080078125 0.525390625 0.90283203125 1855483
0.07080078125 0.525390625 0.90283203125 1855484
0.056640625 0.50732421875 0.90283203125 1855654
0.056640625 0.50732421875 0.90283203125 1855655
0.056640625 0.50732421875 0.90283203125 1855655
0.056640625 0.50732421875 0.90283203125 1855655
0.07666015625 0.521484375 0.90625 1855767
0.07666015625 0.521484375 0.90625 1855767
0.07666015625 0.521484375 0.90625 1855768
0.07666015625 0.521484375 0.90625 1855768
0.05419921875 0.52880859375 0.90625 1855872
0.05419921875 0.52880859375 0.90625 1855872
0.05419921875 0.52880859375 0.90625 1855873
0.05419921875 0.52880859375 0.90625 1855873
0.0712890625 0.52197265625 0.9111328125 1855974
0.0712890625 0.52197265625 0.9111328125 1855975
0.0712890625 0.52197265625 0.9111328125 1855975
0.0712890625 0.52197265625 0.9111328125 1855976
0.056640625 0.5087890625 0.90234375 1856077
0.056640625 0.5087890625 0.90234375 1856077
0.056640625 0.5087890625 0.90234375 1856078
0.056640625 0.5087890625 0.90234375 1856078
0.04296875 0.5244140625 0.91259765625 1856266
0.04296875 0.5244140625 0.91259765625 1856266
0.04296875 0.5244140625 0.91259765625 1856267
0.04296875 0.5244140625 0.91259765625 1856267
0.05224609375 0.5107421875 0.91162109375 1856369
0.05224609375 0.5107421875 0.91162109375 1856370
0.05224609375 0.5107421875 0.91162109375 1856370
0.05224609375 0.5107421875 0.91162109375 1856371
0.0341796875 0.52490234375 0.9140625 1856471
0.0341796875 0.52490234375 0.9140625 1856471
0.0341796875 0.52490234375 0.9140625 1856472
0.03369140625 0.51220703125 0.90673828125 1856575
0.03369140625 0.51220703125 0.90673828125 1856575
0.03369140625 0.51220703125 0.90673828125 1856576
0.03369140625 0.51220703125 0.90673828125 1856577
0.06103515625 0.52294921875 0.91064453125 1856678
0.06103515625 0.52294921875 0.91064453125 1856679
0.06103515625 0.52294921875 0.91064453125 1856679
0.06103515625 0.52294921875 0.91064453125 1856680
0.05517578125 0.533203125 0.9052734375 1856861
0.05517578125 0.533203125 0.9052734375 1856872
0.05517578125 0.533203125 0.9052734375 1856873
0.05517578125 0.533203125 0.9052734375 1856873
0.0498046875 0.54345703125 0.900390625 1856975
0.0498046875 0.54345703125 0.900390625 1856976
0.0498046875 0.54345703125 0.900390625 1856976
0.0498046875 0.54345703125 0.900390625 1856976
0.05517578125 0.5400390625 0.89794921875 1857165
0.05517578125 0.5400390625 0.89794921875 1857166
0.05517578125 0.5400390625 0.89794921875 1857166
0.05517578125 0.5400390625 0.89794921875 1857167
0.0439453125 0.53662109375 0.900390625 1857267
0.0439453125 0.53662109375 0.900390625 1857268
0.0439453125 0.53662109375 0.900390625 1857268
0.0439453125 0.53662109375 0.900390625 1857268
0.04638671875 0.54833984375 0.8916015625 1857370
0.04638671875 0.54833984375 0.8916015625 1857370
0.04638671875 0.54833984375 0.8916015625 1857370
0.04638671875 0.54833984375 0.8916015625 1857371
0.0478515625 0.52783203125 0.89599609375 1857472
0.0478515625 0.52783203125 0.89599609375 1857473
0.0478515625 0.52783203125 0.89599609375 1857473
0.0478515625 0.52783203125 0.89599609375 1857473
0.04248046875 0.56689453125 0.90087890625 1857576
0.04248046875 0.56689453125 0.90087890625 1857577
0.04248046875 0.56689453125 0.90087890625 1857577
0.04248046875 0.56689453125 0.90087890625 1857578
0.0380859375 0.55029296875 0.9033203125 1857765
0.0380859375 0.55029296875 0.9033203125 1857766
0.0380859375 0.55029296875 0.9033203125 1857767
0.0380859375 0.55029296875 0.9033203125 1857767
0.044921875 0.5517578125 0.900390625 1857867
0.044921875 0.5517578125 0.900390625 1857867
0.044921875 0.5517578125 0.900390625 1857868
0.044921875 0.5517578125 0.900390625 1857868
0.03564453125 0.5439453125 0.89208984375 1857970
0.03564453125 0.5439453125 0.89208984375 1857971
0.03564453125 0.5439453125 0.89208984375 1857972
0.03564453125 0.5439453125 0.89208984375 1857973
0.03759765625 0.5595703125 0.900390625 1858077
0.03759765625 0.5595703125 0.900390625 1858077
0.03759765625 0.5595703125 0.900390625 1858078
0.03759765625 0.5595703125 0.900390625 1858078
0.0546875 0.5556640625 0.89892578125 1858268
0.0546875 0.5556640625 0.89892578125 1858268
0.0546875 0.5556640625 0.89892578125 1858269
0.0546875 0.5556640625 0.89892578125 1858270
0.02685546875 0.5439453125 0.892578125 1858370
0.02685546875 0.5439453125 0.892578125 1858370
0.02685546875 0.5439453125 0.892578125 1858371
0.02685546875 0.5439453125 0.892578125 1858372
0.04638671875 0.5556640625 0.89990234375 1858473
0.04638671875 0.5556640625 0.89990234375 1858473
0.04638671875 0.5556640625 0.89990234375 1858474
0.04638671875 0.5556640625 0.89990234375 1858474
0.03564453125 0.55517578125 0.89501953125 1858576
0.03564453125 0.55517578125 0.89501953125 1858576
0.03564453125 0.55517578125 0.89501953125 1858577
0.03564453125 0.55517578125 0.89501953125 1858577
0.0458984375 0.541015625 0.89892578125 1858790
0.0458984375 0.541015625 0.89892578125 1858791
0.0458984375 0.541015625 0.89892578125 1858791
0.0458984375 0.541015625 0.89892578125 1858791
0.03759765625 0.5625 0.89697265625 1858963
0.03759765625 0.5625 0.89697265625 1858963
0.03759765625 0.5625 0.89697265625 1858964
0.03759765625 0.5625 0.89697265625 1858964
0.0458984375 0.556640625 0.896484375 1859066
0.0458984375 0.556640625 0.896484375 1859067
0.0458984375 0.556640625 0.896484375 1859067
0.0458984375 0.556640625 0.896484375 1859068
0.0390625 0.5537109375 0.8974609375 1859168
0.0390625 0.5537109375 0.8974609375 1859169
0.0390625 0.5537109375 0.8974609375 1859170
0.0390625 0.5537109375 0.8974609375 1859170
0.0380859375 0.55810546875 0.8974609375 1859271
0.0380859375 0.55810546875 0.8974609375 1859271
0.0380859375 0.55810546875 0.8974609375 1859272
0.0380859375 0.55810546875 0.8974609375 1859273
0.03515625 0.5615234375 0.8955078125 1859373
0.03515625 0.5615234375 0.8955078125 1859373
0.03515625 0.5615234375 0.8955078125 1859374
0.03515625 0.5615234375 0.8955078125 1859374
0.04248046875 0.5576171875 0.89599609375 1859477
0.04248046875 0.5576171875 0.89599609375 1859477
0.04248046875 0.5576171875 0.89599609375 1859478
0.04248046875 0.5576171875 0.89599609375 1859478
0.029296875 0.5595703125 0.90087890625 1859674
0.029296875 0.5595703125 0.90087890625 1859674
0.029296875 0.5595703125 0.90087890625 1859675
0.029296875 0.5595703125 0.90087890625 1859675
0.04736328125 0.556640625 0.89111328125 1859776
0.04736328125 0.556640625 0.89111328125 1859776
0.04736328125 0.556640625 0.89111328125 1859777
0.04736328125 0.556640625 0.89111328125 1859777
0.0361328125 0.55322265625 0.89404296875 1859963
0.0361328125 0.55322265625 0.89404296875 1859964
0.0361328125 0.55322265625 0.89404296875 1859965
0.0361328125 0.55322265625 0.89404296875 1859965
0.0390625 0.5595703125 0.89501953125 1860067
0.0390625 0.5595703125 0.89501953125 1860067
0.0390625 0.5595703125 0.89501953125 1860068
0.0390625 0.5595703125 0.89501953125 1860068
0.03857421875 0.54248046875 0.89453125 1860169
0.03857421875 0.54248046875 0.89453125 1860169
0.03857421875 0.54248046875 0.89453125 1860170
0.03857421875 0.54248046875 0.89453125 1860171
0.04052734375 0.5654296875 0.8955078125 1860271
0.04052734375 0.5654296875 0.8955078125 1860271
0.04052734375 0.5654296875 0.8955078125 1860272
0.04052734375 0.5654296875 0.8955078125 1860272
0.03271484375 0.55908203125 0.89599609375 1860374
0.03271484375 0.55908203125 0.89599609375 1860374
0.03271484375 0.55908203125 0.89599609375 1860375
0.03271484375 0.55908203125 0.89599609375 1860376
0.03125 0.55517578125 0.900390625 1860564
0.03125 0.55517578125 0.900390625 1860565
0.03125 0.55517578125 0.900390625 1860566
0.03125 0.55517578125 0.900390625 1860566
0.0400390625 0.55615234375 0.89892578125 1860671
0.0400390625 0.55615234375 0.89892578125 1860671
0.0400390625 0.55615234375 0.89892578125 1860672
0.0400390625 0.55615234375 0.89892578125 1860672
0.03125 0.5556640625 0.89794921875 1860864
0.03125 0.5556640625 0.89794921875 1860864
0.03125 0.5556640625 0.89794921875 1860865
0.03125 0.5556640625 0.89794921875 1860865
0.03564453125 0.544921875 0.89892578125 1860967
0.03564453125 0.544921875 0.89892578125 1860967
0.03564453125 0.544921875 0.89892578125 1860968
0.03564453125 0.544921875 0.89892578125 1860968
0.0400390625 0.54638671875 0.89111328125 1861069
0.0400390625 0.54638671875 0.89111328125 1861069
0.0400390625 0.54638671875 0.89111328125 1861070
0.0400390625 0.54638671875 0.89111328125 1861071
0.03076171875 0.56396484375 0.9033203125 1861172
0.03076171875 0.56396484375 0.9033203125 1861172
0.03076171875 0.56396484375 0.9033203125 1861173
0.03076171875 0.56396484375 0.9033203125 1861173
0.04248046875 0.546875 0.890625 1861274
0.04248046875 0.546875 0.890625 1861274
0.04248046875 0.546875 0.890625 1861275
0.04248046875 0.546875 0.890625 1861276
0.04345703125 0.5498046875 0.89306640625 1861464
0.04345703125 0.5498046875 0.89306640625 1861464
0.04345703125 0.5498046875 0.89306640625 1861465
0.04345703125 0.5498046875 0.89306640625 1861465
0.04248046875 0.5478515625 0.89306640625 1861567
0.04248046875 0.5478515625 0.89306640625 1861568
0.04248046875 0.5478515625 0.89306640625 1861569
0.04248046875 0.5478515625 0.89306640625 1861570
0.0224609375 0.55517578125 0.896484375 1861669
0.0224609375 0.55517578125 0.896484375 1861669
0.0224609375 0.55517578125 0.896484375 1861670
0.0224609375 0.55517578125 0.896484375 1861670
0.044921875 0.564453125 0.90087890625 1861774
0.044921875 0.564453125 0.90087890625 1861775
0.044921875 0.564453125 0.90087890625 1861775
0.044921875 0.564453125 0.90087890625 1861776
0.0322265625 0.556640625 0.896484375 1861973
0.0322265625 0.556640625 0.896484375 1861973
0.0322265625 0.556640625 0.896484375 1861974
0.0322265625 0.556640625 0.896484375 1861974
0.02685546875 0.56787109375 0.8984375 1862163
0.02685546875 0.56787109375 0.8984375 1862164
0.02685546875 0.56787109375 0.8984375 1862165
0.02685546875 0.56787109375 0.8984375 1862166
0.0419921875 0.55224609375 0.88720703125 1862266
0.0419921875 0.55224609375 0.88720703125 1862266
0.0419921875 0.55224609375 0.88720703125 1862267
0.0419921875 0.55224609375 0.88720703125 1862267
0.01904296875 0.564453125 0.896484375 1862368
0.01904296875 0.564453125 0.896484375 1862368
0.01904296875 0.564453125 0.896484375 1862369
0.01904296875 0.564453125 0.896484375 1862369
0.0361328125 0.56201171875 0.89697265625 1862470
0.0361328125 0.56201171875 0.89697265625 1862470
0.0361328125 0.56201171875 0.89697265625 1862471
0.0361328125 0.56201171875 0.89697265625 1862471
0.0283203125 0.552734375 0.8916015625 1862573
0.0283203125 0.552734375 0.8916015625 1862574
0.0283203125 0.552734375 0.8916015625 1862574
0.0283203125 0.552734375 0.8916015625 1862575
0.03076171875 0.564453125 0.89208984375 1862764
0.03076171875 0.564453125 0.89208984375 1862764
0.03076171875 0.564453125 0.89208984375 1862765
0.03076171875 0.564453125 0.89208984375 1862765
0.029296875 0.56103515625 0.89208984375 1862866
0.029296875 0.56103515625 0.89208984375 1862866
0.029296875 0.56103515625 0.89208984375 1862867
0.029296875 0.56103515625 0.89208984375 1862867
0.03369140625 0.5595703125 0.8974609375 1862969
0.03369140625 0.5595703125 0.8974609375 1862969
0.03369140625 0.5595703125 0.8974609375 1862970
0.025390625 0.5673828125 0.8876953125 1863072
0.025390625 0.5673828125 0.8876953125 1863072
0.025390625 0.5673828125 0.8876953125 1863073
0.025390625 0.5673828125 0.8876953125 1863073
0.025390625 0.55712890625 0.8916015625 1863175
0.025390625 0.55712890625 0.8916015625 1863176
0.025390625 0.55712890625 0.8916015625 1863176
0.025390625 0.55712890625 0.8916015625 1863176
0.03271484375 0.5595703125 0.88818359375 1863365
0.03271484375 0.5595703125 0.88818359375 1863366
0.03271484375 0.5595703125 0.88818359375 1863367
0.03271484375 0.5595703125 0.88818359375 1863368
0.02001953125 0.56396484375 0.89501953125 1863467
0.02001953125 0.56396484375 0.89501953125 1863467
0.02001953125 0.56396484375 0.89501953125 1863468
0.02001953125 0.56396484375 0.89501953125 1863468
0.0341796875 0.55419921875 0.88525390625 1863570
0.0341796875 0.55419921875 0.88525390625 1863570
0.0341796875 0.55419921875 0.88525390625 1863571
0.0341796875 0.55419921875 0.88525390625 1863571
0.03125 0.56201171875 0.8916015625 1863673
0.03125 0.56201171875 0.8916015625 1863673
0.03125 0.56201171875 0.8916015625 1863674
0.03125 0.56201171875 0.8916015625 1863674
0.0361328125 0.5654296875 0.89404296875 1863862
0.0361328125 0.5654296875 0.89404296875 1863863
0.0361328125 0.5654296875 0.89404296875 1863863
0.0361328125 0.5654296875 0.89404296875 1863864
0.03369140625 0.55517578125 0.88916015625 1863966
0.03369140625 0.55517578125 0.88916015625 1863967
0.03369140625 0.55517578125 0.88916015625 1863968
0.03369140625 0.55517578125 0.88916015625 1863969
0.02490234375 0.55224609375 0.89599609375 1864069
0.02490234375 0.55224609375 0.89599609375 1864108
0.02490234375 0.55224609375 0.89599609375 1864109
0.02490234375 0.55224609375 0.89599609375 1864110
0.037109375 0.57421875 0.892578125 1864172
0.04150390625 0.568359375 0.89111328125 1864251
0.04150390625 0.568359375 0.89111328125 1864252
0.04150390625 0.568359375 0.89111328125 1864253
0.01708984375 0.55419921875 0.892578125 1864362
0.01708984375 0.55419921875 0.892578125 1864363
0.01708984375 0.55419921875 0.892578125 1864363
0.01708984375 0.55419921875 0.892578125 1864364
0.03369140625 0.56103515625 0.89208984375 1864465
0.03369140625 0.56103515625 0.89208984375 1864467
0.03369140625 0.56103515625 0.89208984375 1864467
0.03369140625 0.56103515625 0.89208984375 1864468
0.04833984375 0.56005859375 0.88623046875 1864568
0.04833984375 0.56005859375 0.88623046875 1864569
0.04833984375 0.56005859375 0.88623046875 1864570
0.04833984375 0.56005859375 0.88623046875 1864571
0.029296875 0.564453125 0.8896484375 1864672
0.029296875 0.564453125 0.8896484375 1864672
0.029296875 0.564453125 0.8896484375 1864673
0.029296875 0.564453125 0.8896484375 1864674
0.0517578125 0.56005859375 0.8876953125 1864774
0.0517578125 0.56005859375 0.8876953125 1864775
0.0517578125 0.56005859375 0.8876953125 1864775
0.0517578125 0.56005859375 0.8876953125 1864776
0.03076171875 0.56396484375 0.888671875 1864963
0.03076171875 0.56396484375 0.888671875 1864963
0.03076171875 0.56396484375 0.888671875 1864964
0.03076171875 0.56396484375 0.888671875 1864965
0.04638671875 0.5703125 0.8876953125 1865065
0.04638671875 0.5703125 0.8876953125 1865065
0.04638671875 0.5703125 0.8876953125 1865066
0.04638671875 0.5703125 0.8876953125 1865066
0.0390625 0.5712890625 0.88720703125 1865174
0.0390625 0.5712890625 0.88720703125 1865174
0.0390625 0.5712890625 0.88720703125 1865174
0.0390625 0.5712890625 0.88720703125 1865175
0.0244140625 0.548828125 0.88671875 1865363
0.0244140625 0.548828125 0.88671875 1865363
0.0244140625 0.548828125 0.88671875 1865364
0.0244140625 0.548828125 0.88671875 1865365
0.03662109375 0.57763671875 0.91552734375 1865466
0.03662109375 0.57763671875 0.91552734375 1865466
0.03662109375 0.57763671875 0.91552734375 1865467
0.03662109375 0.57763671875 0.91552734375 1865467
0.03271484375 0.57080078125 0.89990234375 1865567
0.03271484375 0.57080078125 0.89990234375 1865567
0.03271484375 0.57080078125 0.89990234375 1865568
0.0244140625 0.55908203125 0.89697265625 1865666
0.0458984375 0.55322265625 0.89404296875 1865750
0.0458984375 0.55322265625 0.89404296875 1865751
0.0458984375 0.55322265625 0.89404296875 1865752
0.00244140625 0.6015625 0.8916015625 1865861
0.00244140625 0.6015625 0.8916015625 1865862
0.00244140625 0.6015625 0.8916015625 1865863
0.00244140625 0.6015625 0.8916015625 1865863
0.05908203125 0.56787109375 0.85498046875 1865964
0.05908203125 0.56787109375 0.85498046875 1865965
0.05908203125 0.56787109375 0.85498046875 1865965
0.05908203125 0.56787109375 0.85498046875 1865966
0.06787109375 0.591796875 0.865234375 1866066
0.06787109375 0.591796875 0.865234375 1866066
0.06787109375 0.591796875 0.865234375 1866067
0.06787109375 0.591796875 0.865234375 1866069
0.02294921875 0.5732421875 0.8583984375 1866169
0.02294921875 0.5732421875 0.8583984375 1866170
0.02294921875 0.5732421875 0.8583984375 1866170
0.02294921875 0.5732421875 0.8583984375 1866171
0.0732421875 0.5634765625 0.822265625 1866271
0.0732421875 0.5634765625 0.822265625 1866271
0.0732421875 0.5634765625 0.822265625 1866272
0.0732421875 0.5634765625 0.822265625 1866272
0.07373046875 0.59765625 0.84423828125 1866462
0.07373046875 0.59765625 0.84423828125 1866462
0.07373046875 0.59765625 0.84423828125 1866463
0.07373046875 0.59765625 0.84423828125 1866464
0.18359375 0.7060546875 0.85107421875 1866566
0.18359375 0.7060546875 0.85107421875 1866566
0.18359375 0.7060546875 0.85107421875 1866566
0.18359375 0.7060546875 0.85107421875 1866567
0.33251953125 0.67822265625 0.80810546875 1866669
0.33251953125 0.67822265625 0.80810546875 1866670
0.33251953125 0.67822265625 0.80810546875 1866670
0.33251953125 0.67822265625 0.80810546875 1866671
0.56103515625 0.59912109375 0.724609375 1866771
0.56103515625 0.59912109375 0.724609375 1866772
0.56103515625 0.59912109375 0.724609375 1866772
0.56103515625 0.59912109375 0.724609375 1866773
0.90380859375 0.3759765625 0.423828125 1866962
0.90380859375 0.3759765625 0.423828125 1866962
0.90380859375 0.3759765625 0.423828125 1866963
0.90380859375 0.3759765625 0.423828125 1866964
0.92333984375 0.21337890625 0.29736328125 1867064
0.92333984375 0.21337890625 0.29736328125 1867064
0.92333984375 0.21337890625 0.29736328125 1867065
0.92333984375 0.21337890625 0.29736328125 1867065
0.82470703125 0.06201171875 0.181640625 1867167
0.82470703125 0.06201171875 0.181640625 1867168
0.82470703125 0.06201171875 0.181640625 1867168
0.82470703125 0.06201171875 0.181640625 1867169
0.84619140625 0.1484375 -0.13916015625 1867270
0.84619140625 0.1484375 -0.13916015625 1867270
0.84619140625 0.1484375 -0.13916015625 1867271
0.84619140625 0.1484375 -0.13916015625 1867271
1.14404296875 0.24072265625 -0.09716796875 1867373
1.14404296875 0.24072265625 -0.09716796875 1867374
1.14404296875 0.24072265625 -0.09716796875 1867374
1.14404296875 0.24072265625 -0.09716796875 1867375
0.9462890625 0.47607421875 0.51611328125 1867561
0.9462890625 0.47607421875 0.51611328125 1867562
0.9462890625 0.47607421875 0.51611328125 1867562
0.9462890625 0.47607421875 0.51611328125 1867563
0.7744140625 0.3994140625 0.65869140625 1867664
0.7744140625 0.3994140625 0.65869140625 1867666
0.7744140625 0.3994140625 0.65869140625 1867666
0.7744140625 0.3994140625 0.65869140625 1867667
0.44873046875 0.2939453125 0.86376953125 1867767
0.44873046875 0.2939453125 0.86376953125 1867768
0.44873046875 0.2939453125 0.86376953125 1867768
0.44873046875 0.2939453125 0.86376953125 1867769
0.4091796875 0.228515625 0.8935546875 1867869
0.4091796875 0.228515625 0.8935546875 1867869
0.4091796875 0.228515625 0.8935546875 1867869
0.4091796875 0.228515625 0.8935546875 1867871
0.37890625 0.10986328125 0.88232421875 1867971
0.37890625 0.10986328125 0.88232421875 1867972
0.37890625 0.10986328125 0.88232421875 1867972
0.37890625 0.10986328125 0.88232421875 1867973
0.32275390625 0.23291015625 0.9384765625 1868161
0.32275390625 0.23291015625 0.9384765625 1868162
0.32275390625 0.23291015625 0.9384765625 1868162
0.32275390625 0.23291015625 0.9384765625 1868163
0.27685546875 0.1396484375 0.90869140625 1868264
0.27685546875 0.1396484375 0.90869140625 1868265
0.27685546875 0.1396484375 0.90869140625 1868265
0.27685546875 0.1396484375 0.90869140625 1868266
0.1708984375 0.5078125 1.0615234375 1868374
0.1708984375 0.5078125 1.0615234375 1868375
0.1708984375 0.5078125 1.0615234375 1868375
0.1708984375 0.5078125 1.0615234375 1868376
0.0693359375 0.78466796875 0.84814453125 1868563
0.0693359375 0.78466796875 0.84814453125 1868563
0.0693359375 0.78466796875 0.84814453125 1868564
0.0693359375 0.78466796875 0.84814453125 1868564
0.01123046875 0.80908203125 0.79833984375 1868667
0.01123046875 0.80908203125 0.79833984375 1868667
0.01123046875 0.80908203125 0.79833984375 1868668
0.04150390625 0.67822265625 0.73095703125 1868770
0.04150390625 0.67822265625 0.73095703125 1868770
0.04150390625 0.67822265625 0.73095703125 1868771
0.04150390625 0.67822265625 0.73095703125 1868772
-0.0107421875 0.69091796875 0.71728515625 1868872
-0.0107421875 0.69091796875 0.71728515625 1868872
-0.0107421875 0.69091796875 0.71728515625 1868873
-0.0107421875 0.69091796875 0.71728515625 1868873
-0.02734375 0.73876953125 0.78759765625 1869060
-0.02734375 0.73876953125 0.78759765625 1869060
-0.02734375 0.73876953125 0.78759765625 1869061
-0.02734375 0.73876953125 0.78759765625 1869061
0.0087890625 0.677734375 0.82080078125 1869163
0.0087890625 0.677734375 0.82080078125 1869164
0.0087890625 0.677734375 0.82080078125 1869165
0.0087890625 0.677734375 0.82080078125 1869165
-0.0009765625 0.63916015625 0.87255859375 1869265
-0.0009765625 0.63916015625 0.87255859375 1869265
-0.0009765625 0.63916015625 0.87255859375 1869266
-0.0009765625 0.63916015625 0.87255859375 1869266
0.001953125 0.56689453125 0.890625 1869367
0.001953125 0.56689453125 0.890625 1869367
0.001953125 0.56689453125 0.890625 1869368
0.001953125 0.56689453125 0.890625 1869368
-0.00244140625 0.52783203125 0.90380859375 1869469
-0.00244140625 0.52783203125 0.90380859375 1869470
-0.00244140625 0.52783203125 0.90380859375 1869471
-0.00244140625 0.52783203125 0.90380859375 1869471
0.01953125 0.52978515625 0.91748046875 1869660
0.01953125 0.52978515625 0.91748046875 1869660
0.01953125 0.52978515625 0.91748046875 1869662
0.01953125 0.52978515625 0.91748046875 1869662
0.0341796875 0.51806640625 0.91552734375 1869764
0.0341796875 0.51806640625 0.91552734375 1869764
0.0341796875 0.51806640625 0.91552734375 1869765
0.0341796875 0.51806640625 0.91552734375 1869765
0.052734375 0.50146484375 0.91015625 1869868
0.052734375 0.50146484375 0.91015625 1869868
0.052734375 0.50146484375 0.91015625 1869869
0.052734375 0.50146484375 0.91015625 1869869
0.03369140625 0.521484375 0.90869140625 1869970
0.03369140625 0.521484375 0.90869140625 1869971
0.03369140625 0.521484375 0.90869140625 1869971
0.03369140625 0.521484375 0.90869140625 1869972
0.06298828125 0.517578125 0.9189453125 1870161
0.06298828125 0.517578125 0.9189453125 1870162
0.06298828125 0.517578125 0.9189453125 1870162
0.06298828125 0.517578125 0.9189453125 1870163
0.05712890625 0.51806640625 0.904296875 1870263
0.05712890625 0.51806640625 0.904296875 1870263
0.05712890625 0.51806640625 0.904296875 1870264
0.05712890625 0.51806640625 0.904296875 1870264
0.06640625 0.51416015625 0.9052734375 1870366
0.06640625 0.51416015625 0.9052734375 1870367
0.06640625 0.51416015625 0.9052734375 1870368
0.06640625 0.51416015625 0.9052734375 1870368
0.07568359375 0.541015625 0.91015625 1870469
0.07568359375 0.541015625 0.91015625 1870469
0.07568359375 0.541015625 0.91015625 1870470
0.07568359375 0.541015625 0.91015625 1870471
0.052734375 0.53369140625 0.9013671875 1870587
0.052734375 0.53369140625 0.9013671875 1870587
0.052734375 0.53369140625 0.9013671875 1870588
0.052734375 0.53369140625 0.9013671875 1870588
0.05810546875 0.53564453125 0.900390625 1870761
0.05810546875 0.53564453125 0.900390625 1870761
0.05810546875 0.53564453125 0.900390625 1870762
0.05810546875 0.53564453125 0.900390625 1870762
0.05517578125 0.54345703125 0.9013671875 1870863
0.05517578125 0.54345703125 0.9013671875 1870864
0.05517578125 0.54345703125 0.9013671875 1870865
0.05517578125 0.54345703125 0.9013671875 1870865
0.07666015625 0.53955078125 0.8974609375 1870966
0.07666015625 0.53955078125 0.8974609375 1870967
0.07666015625 0.53955078125 0.8974609375 1870967
0.07666015625 0.53955078125 0.8974609375 1870968
0.052734375 0.55419921875 0.91064453125 1871069
0.052734375 0.55419921875 0.91064453125 1871069
0.052734375 0.55419921875 0.91064453125 1871070
0.052734375 0.55419921875 0.91064453125 1871070
0.05126953125 0.54541015625 0.8994140625 1871171
0.05126953125 0.54541015625 0.8994140625 1871171
0.05126953125 0.54541015625 0.8994140625 1871172
0.05126953125 0.54541015625 0.8994140625 1871172
0.0703125 0.54248046875 0.8974609375 1871360
0.0703125 0.54248046875 0.8974609375 1871361
0.0703125 0.54248046875 0.8974609375 1871362
0.0703125 0.54248046875 0.8974609375 1871362
0.04833984375 0.53076171875 0.89794921875 1871462
0.04833984375 0.53076171875 0.89794921875 1871462
0.04833984375 0.53076171875 0.89794921875 1871463
0.04833984375 0.53076171875 0.89794921875 1871463
0.0673828125 0.5517578125 0.89990234375 1871576
0.0673828125 0.5517578125 0.89990234375 1871577
0.0673828125 0.5517578125 0.89990234375 1871577
0.0673828125 0.5517578125 0.89990234375 1871578
0.06982421875 0.5595703125 0.90234375 1871763
0.06982421875 0.5595703125 0.90234375 1871763
0.06982421875 0.5595703125 0.90234375 1871764
0.06982421875 0.5595703125 0.90234375 1871764
0.041015625 0.5498046875 0.88916015625 1871867
0.041015625 0.5498046875 0.88916015625 1871867
0.041015625 0.5498046875 0.88916015625 1871868
0.041015625 0.5498046875 0.88916015625 1871868
0.0625 0.54931640625 0.89208984375 1871969
0.0625 0.54931640625 0.89208984375 1871970
0.0625 0.54931640625 0.89208984375 1871970
0.0625 0.54931640625 0.89208984375 1871971
0.046875 0.54541015625 0.8935546875 1872071
0.046875 0.54541015625 0.8935546875 1872071
0.046875 0.54541015625 0.8935546875 1872072
0.046875 0.54541015625 0.8935546875 1872072
0.046875 0.546875 0.8896484375 1872259
0.046875 0.546875 0.8896484375 1872259
0.046875 0.546875 0.8896484375 1872260
0.046875 0.546875 0.8896484375 1872260
0.0595703125 0.5615234375 0.88671875 1872362
0.0595703125 0.5615234375 0.88671875 1872363
0.0595703125 0.5615234375 0.88671875 1872364
0.0595703125 0.5615234375 0.88671875 1872365
0.0419921875 0.55712890625 0.89111328125 1872464
0.0419921875 0.55712890625 0.89111328125 1872464
0.0419921875 0.55712890625 0.89111328125 1872465
0.0419921875 0.55712890625 0.89111328125 1872465
0.052734375 0.552734375 0.88134765625 1872566
0.052734375 0.552734375 0.88134765625 1872566
0.052734375 0.552734375 0.88134765625 1872567
0.052734375 0.552734375 0.88134765625 1872567
0.06201171875 0.57763671875 0.89306640625 1872668
0.06201171875 0.57763671875 0.89306640625 1872668
0.06201171875 0.57763671875 0.89306640625 1872669
0.06201171875 0.57763671875 0.89306640625 1872669
0.0419921875 0.56201171875 0.89306640625 1872858
0.0419921875 0.56201171875 0.89306640625 1872858
0.0419921875 0.56201171875 0.89306640625 1872859
0.0419921875 0.56201171875 0.89306640625 1872859
0.0546875 0.56640625 0.88330078125 1872966
0.0546875 0.56640625 0.88330078125 1872966
0.0546875 0.56640625 0.88330078125 1872966
0.03369140625 0.5693359375 0.884765625 1873069
0.03369140625 0.5693359375 0.884765625 1873069
0.03369140625 0.5693359375 0.884765625 1873070
0.03369140625 0.5693359375 0.884765625 1873070
0.0478515625 0.56689453125 0.8779296875 1873259
0.0478515625 0.56689453125 0.8779296875 1873259
0.0478515625 0.56689453125 0.8779296875 1873259
0.0478515625 0.56689453125 0.8779296875 1873260
0.044921875 0.57666015625 0.8916015625 1873361
0.044921875 0.57666015625 0.8916015625 1873362
0.044921875 0.57666015625 0.8916015625 1873362
0.044921875 0.57666015625 0.8916015625 1873363
0.05224609375 0.564453125 0.87939453125 1873464
0.05224609375 0.564453125 0.87939453125 1873464
0.05224609375 0.564453125 0.87939453125 1873465
0.05224609375 0.564453125 0.87939453125 1873465
0.05224609375 0.568359375 0.88720703125 1873568
0.05224609375 0.568359375 0.88720703125 1873569
0.05224609375 0.568359375 0.88720703125 1873570
0.05224609375 0.568359375 0.88720703125 1873571
0.0546875 0.560546875 0.873046875 1873670
0.0546875 0.560546875 0.873046875 1873670
0.0546875 0.560546875 0.873046875 1873671
0.0546875 0.560546875 0.873046875 1873671
0.0576171875 0.57275390625 0.88134765625 1873859
0.0576171875 0.57275390625 0.88134765625 1873859
0.0576171875 0.57275390625 0.88134765625 1873860
0.0576171875 0.57275390625 0.88134765625 1873860
0.0341796875 0.56982421875 0.8837890625 1873962
0.0341796875 0.56982421875 0.8837890625 1873962
0.0341796875 0.56982421875 0.8837890625 1873963
0.0341796875 0.56982421875 0.8837890625 1873964
0.060546875 0.58544921875 0.89111328125 1874063
0.060546875 0.58544921875 0.89111328125 1874063
0.060546875 0.58544921875 0.89111328125 1874064
0.060546875 0.58544921875 0.89111328125 1874064
0.04541015625 0.5673828125 0.88427734375 1874167
0.04541015625 0.5673828125 0.88427734375 1874174
0.04541015625 0.5673828125 0.88427734375 1874175
0.04541015625 0.5673828125 0.88427734375 1874175
0.0419921875 0.568359375 0.884765625 1874361
0.0419921875 0.568359375 0.884765625 1874361
0.0419921875 0.568359375 0.884765625 1874362
0.0419921875 0.568359375 0.884765625 1874362
0.04736328125 0.55810546875 0.88134765625 1874464
0.04736328125 0.55810546875 0.88134765625 1874464
0.04736328125 0.55810546875 0.88134765625 1874465
0.04736328125 0.55810546875 0.88134765625 1874465
0.0400390625 0.5732421875 0.88916015625 1874567
0.0400390625 0.5732421875 0.88916015625 1874568
0.0400390625 0.5732421875 0.88916015625 1874568
0.0400390625 0.5732421875 0.88916015625 1874569
0.0400390625 0.57470703125 0.88427734375 1874774
0.0400390625 0.57470703125 0.88427734375 1874774
0.0400390625 0.57470703125 0.88427734375 1874774
0.0400390625 0.57470703125 0.88427734375 1874775
0.044921875 0.57177734375 0.87939453125 1874962
0.044921875 0.57177734375 0.87939453125 1874962
0.044921875 0.57177734375 0.87939453125 1874963
0.044921875 0.57177734375 0.87939453125 1874963
0.03515625 0.5869140625 0.8837890625 1875064
0.03515625 0.5869140625 0.8837890625 1875064
0.03515625 0.5869140625 0.8837890625 1875065
0.03515625 0.5869140625 0.8837890625 1875065
0.0302734375 0.57470703125 0.88525390625 1875167
0.0302734375 0.57470703125 0.88525390625 1875168
0.0302734375 0.57470703125 0.88525390625 1875168
0.0302734375 0.57470703125 0.88525390625 1875170
0.0517578125 0.5771484375 0.88671875 1875270
0.0517578125 0.5771484375 0.88671875 1875270
0.0517578125 0.5771484375 0.88671875 1875271
0.0517578125 0.5771484375 0.88671875 1875271
0.0263671875 0.57568359375 0.8857421875 1875458
0.0263671875 0.57568359375 0.8857421875 1875458
0.0263671875 0.57568359375 0.8857421875 1875459
0.0263671875 0.57568359375 0.8857421875 1875459
0.04443359375 0.578125 0.88525390625 1875560
0.04443359375 0.578125 0.88525390625 1875561
0.04443359375 0.578125 0.88525390625 1875561
0.04443359375 0.578125 0.88525390625 1875562
0.03173828125 0.57861328125 0.87744140625 1875662
0.03173828125 0.57861328125 0.87744140625 1875663
0.03173828125 0.57861328125 0.87744140625 1875663
0.03173828125 0.57861328125 0.87744140625 1875663
0.0341796875 0.5712890625 0.876953125 1875865
0.0341796875 0.5712890625 0.876953125 1875865
0.0341796875 0.5712890625 0.876953125 1875866
0.0341796875 0.5712890625 0.876953125 1875866
0.03271484375 0.57275390625 0.8876953125 1875967
0.03271484375 0.57275390625 0.8876953125 1875967
0.03271484375 0.57275390625 0.8876953125 1875968
0.03271484375 0.57275390625 0.8876953125 1875969
0.0263671875 0.5712890625 0.880859375 1876165
0.0263671875 0.5712890625 0.880859375 1876165
0.0263671875 0.5712890625 0.880859375 1876166
0.0263671875 0.5712890625 0.880859375 1876167
0.0361328125 0.56982421875 0.880859375 1876268
0.0361328125 0.56982421875 0.880859375 1876269
0.0361328125 0.56982421875 0.880859375 1876269
0.0361328125 0.56982421875 0.880859375 1876270
0.0283203125 0.576171875 0.880859375 1876458
0.0283203125 0.576171875 0.880859375 1876458
0.0283203125 0.576171875 0.880859375 1876459
0.0283203125 0.576171875 0.880859375 1876460
0.0361328125 0.57861328125 0.884765625 1876560
0.0361328125 0.57861328125 0.884765625 1876560
0.0361328125 0.57861328125 0.884765625 1876561
0.0361328125 0.57861328125 0.884765625 1876561
0.02685546875 0.5771484375 0.87451171875 1876663
0.02685546875 0.5771484375 0.87451171875 1876663
0.02685546875 0.5771484375 0.87451171875 1876664
0.02685546875 0.5771484375 0.87451171875 1876664
0.03662109375 0.5810546875 0.88232421875 1876766
0.03662109375 0.5810546875 0.88232421875 1876766
0.03662109375 0.5810546875 0.88232421875 1876767
0.03662109375 0.5810546875 0.88232421875 1876768
0.037109375 0.58837890625 0.87158203125 1876869
0.037109375 0.58837890625 0.87158203125 1876869
0.037109375 0.58837890625 0.87158203125 1876870
0.037109375 0.58837890625 0.87158203125 1876870
0.04248046875 0.5830078125 0.86865234375 1877058
0.04248046875 0.5830078125 0.86865234375 1877058
0.04248046875 0.5830078125 0.86865234375 1877058
0.04248046875 0.5830078125 0.86865234375 1877058
0.0322265625 0.60400390625 0.875 1877160
0.0322265625 0.60400390625 0.875 1877160
0.0322265625 0.60400390625 0.875 1877161
0.0322265625 0.60400390625 0.875 1877162
0.0234375 0.59716796875 0.87255859375 1877262
0.0234375 0.59716796875 0.87255859375 1877262
0.0234375 0.59716796875 0.87255859375 1877263
0.0234375 0.59716796875 0.87255859375 1877263
0.01220703125 0.583984375 0.86474609375 1877365
0.01220703125 0.583984375 0.86474609375 1877366
0.01220703125 0.583984375 0.86474609375 1877367
0.01220703125 0.583984375 0.86474609375 1877367
0.04443359375 0.60693359375 0.87158203125 1877467
0.04443359375 0.60693359375 0.87158203125 1877468
0.04443359375 0.60693359375 0.87158203125 1877468
0.04443359375 0.60693359375 0.87158203125 1877469
0.02978515625 0.59228515625 0.8701171875 1877657
0.02978515625 0.59228515625 0.8701171875 1877658
0.02978515625 0.59228515625 0.8701171875 1877658
0.02978515625 0.59228515625 0.8701171875 1877659
0.00634765625 0.58740234375 0.859375 1877759
0.00634765625 0.58740234375 0.859375 1877760
0.00634765625 0.58740234375 0.859375 1877761
0.00634765625 0.58740234375 0.859375 1877761
0.033203125 0.60205078125 0.87939453125 1877862
0.033203125 0.60205078125 0.87939453125 1877863
0.033203125 0.60205078125 0.87939453125 1877864
0.033203125 0.60205078125 0.87939453125 1877865
0.02978515625 0.59423828125 0.8623046875 1877973
0.02978515625 0.59423828125 0.8623046875 1877974
0.02978515625 0.59423828125 0.8623046875 1877974
0.02978515625 0.59423828125 0.8623046875 1877975
0.0341796875 0.58642578125 0.86572265625 1878152
0.0341796875 0.58642578125 0.86572265625 1878163
0.0341796875 0.58642578125 0.86572265625 1878164
0.0341796875 0.58642578125 0.86572265625 1878165
0.00390625 0.58935546875 0.87353515625 1878266
0.00390625 0.58935546875 0.87353515625 1878266
0.00390625 0.58935546875 0.87353515625 1878267
0.00390625 0.58935546875 0.87353515625 1878267
-0.00732421875 0.591796875 0.8994140625 1878368
-0.00732421875 0.591796875 0.8994140625 1878369
-0.00732421875 0.591796875 0.8994140625 1878369
-0.00732421875 0.591796875 0.8994140625 1878369
0.00390625 0.58740234375 0.9228515625 1878556
0.00390625 0.58740234375 0.9228515625 1878557
0.00390625 0.58740234375 0.9228515625 1878558
0.00390625 0.58740234375 0.9228515625 1878558
-0.01123046875 0.56591796875 0.89453125 1878658
-0.01123046875 0.56591796875 0.89453125 1878659
-0.01123046875 0.56591796875 0.89453125 1878659
-0.01123046875 0.56591796875 0.89453125 1878660
-0.00341796875 0.58984375 0.89208984375 1878761
-0.00341796875 0.58984375 0.89208984375 1878761
-0.00341796875 0.58984375 0.89208984375 1878762
-0.00341796875 0.58984375 0.89208984375 1878762
-0.00537109375 0.56689453125 0.86328125 1878863
-0.00537109375 0.56689453125 0.86328125 1878864
-0.00537109375 0.56689453125 0.86328125 1878864
-0.00537109375 0.56689453125 0.86328125 1878865
0.0283203125 0.5693359375 0.83935546875 1878966
0.0283203125 0.5693359375 0.83935546875 1878967
0.0283203125 0.5693359375 0.83935546875 1878968
0.0283203125 0.5693359375 0.83935546875 1878969
0.02880859375 0.6064453125 0.8056640625 1879156
0.02880859375 0.6064453125 0.8056640625 1879156
0.02880859375 0.6064453125 0.8056640625 1879157
0.02880859375 0.6064453125 0.8056640625 1879157
0.1796875 0.71044921875 0.8076171875 1879258
0.1796875 0.71044921875 0.8076171875 1879258
0.1796875 0.71044921875 0.8076171875 1879258
0.1796875 0.71044921875 0.8076171875 1879259
0.4130859375 0.74560546875 0.76904296875 1879365
0.4130859375 0.74560546875 0.76904296875 1879366
0.4130859375 0.74560546875 0.76904296875 1879367
0.4130859375 0.74560546875 0.76904296875 1879368
0.6181640625 0.6083984375 0.67236328125 1879467
0.6181640625 0.6083984375 0.67236328125 1879467
0.6181640625 0.6083984375 0.67236328125 1879468
0.6181640625 0.6083984375 0.67236328125 1879468
0.94775390625 0.27587890625 0.25244140625 1879656
0.94775390625 0.27587890625 0.25244140625 1879656
0.94775390625 0.27587890625 0.25244140625 1879657
0.94775390625 0.27587890625 0.25244140625 1879657
0.8740234375 0.099609375 0.1220703125 1879759
0.8740234375 0.099609375 0.1220703125 1879759
0.8740234375 0.099609375 0.1220703125 1879760
0.8740234375 0.099609375 0.1220703125 1879761
1.22216796875 0.4638671875 -0.17236328125 1879861
1.22216796875 0.4638671875 -0.17236328125 1879861
1.22216796875 0.4638671875 -0.17236328125 1879862
1.22216796875 0.4638671875 -0.17236328125 1879863
0.98486328125 0.29052734375 0.064453125 1879965
0.98486328125 0.29052734375 0.064453125 1879966
0.98486328125 0.29052734375 0.064453125 1879966
0.98486328125 0.29052734375 0.064453125 1879967
0.890625 0.51904296875 0.39892578125 1880068
0.890625 0.51904296875 0.39892578125 1880068
0.890625 0.51904296875 0.39892578125 1880069
0.890625 0.51904296875 0.39892578125 1880069
0.43896484375 0.3701171875 0.85595703125 1880257
0.43896484375 0.3701171875 0.85595703125 1880257
0.43896484375 0.3701171875 0.85595703125 1880258
0.43896484375 0.3701171875 0.85595703125 1880259
0.08837890625 0.21240234375 0.904296875 1880359
0.08837890625 0.21240234375 0.904296875 1880359
0.08837890625 0.21240234375 0.904296875 1880360
0.08837890625 0.21240234375 0.904296875 1880360
0.0703125 0.330078125 0.95654296875 1880461
0.0703125 0.330078125 0.95654296875 1880462
0.0703125 0.330078125 0.95654296875 1880462
0.0703125 0.330078125 0.95654296875 1880463
0.07470703125 0.39111328125 1.00537109375 1880564
0.07470703125 0.39111328125 1.00537109375 1880565
0.07470703125 0.39111328125 1.00537109375 1880565
0.07470703125 0.39111328125 1.00537109375 1880566
