506 1937207
512 1937255
509 1937255
510 1937255
514 1937256
513 1937256
511 1937256
509 1937256
509 1937257
507 1937257
508 1937257
510 1937258
509 1937258
518 1937258
508 1937258
509 1937259
509 1937259
508 1937259
512 1937259
509 1937259
510 1937260
513 1937260
512 1937260
510 1937262
513 1937262
510 1937262
508 1937262
508 1937263
512 1937263
506 1937263
511 1937263
511 1937263
503 1937264
506 1937264
510 1937264
507 1937264
507 1937265
511 1937265
508 1937265
509 1937265
507 1937266
509 1937266
512 1937266
508 1937266
507 1937266
508 1937267
510 1937267
510 1937267
509 1937267
506 1937267
506 1937268
508 1937268
510 1937268
511 1937269
503 1937269
510 1937269
511 1937269
510 1937269
507 1937270
508 1937270
510 1937270
508 1937270
510 1937273
510 1937275
511 1937285
508 1937298
508 1937336
510 1937354
508 1937354
509 1937375
510 1937385
507 1937396
507 1937405
506 1937415
505 1937426
508 1937435
507 1937445
509 1937455
510 1937465
512 1937475
508 1937485
507 1937495
512 1937505
509 1937515
506 1937538
508 1937538
508 1937545
508 1937555
509 1937565
510 1937575
504 1937585
506 1937595
509 1937605
509 1937615
509 1937625
509 1937635
511 1937645
510 1937655
507 1937665
507 1937675
509 1937685
509 1937695
508 1937705
507 1937716
511 1937750
511 1937752
508 1937763
509 1937763
510 1937765
511 1937775
499 1937785
514 1937794
514 1937805
502 1937828
500 1937828
488 1937835
491 1937845
519 1937855
509 1937865
517 1937875
512 1937885
498 1937905
517 1937915
517 1937925
512 1937935
512 1937945
507 1937955
512 1937965
510 1937975
507 1937985
508 1937995
509 1938006
515 1938016
510 1938038
508 1938038
512 1938045
516 1938055
508 1938065
511 1938088
509 1938088
506 1938095
507 1938105
508 1938115
511 1938125
511 1938135
510 1938145
510 1938168
509 1938168
510 1938175
505 1938185
510 1938195
512 1938205
511 1938215
508 1938225
509 1938248
510 1938248
504 1938255
508 1938265
509 1938275
504 1938285
516 1938295
503 1938305
498 1938315
520 1938325
490 1938335
491 1938345
503 1938355
531 1938378
528 1938378
515 1938385
498 1938395
510 1938406
510 1938415
499 1938425
512 1938435
502 1938445
498 1938455
500 1938465
507 1938475
512 1938485
510 1938495
509 1938505
510 1938515
512 1938538
513 1938538
504 1938557
511 1938558
511 1938565
508 1938575
522 1938585
512 1938595
501 1938605
512 1938615
503 1938625
502 1938645
505 1938655
508 1938665
511 1938675
511 1938685
512 1938695
505 1938705
507 1938715
507 1938725
509 1938735
510 1938745
511 1938755
517 1938765
523 1938775
511 1938785
508 1938808
507 1938808
508 1938827
509 1938827
509 1938835
509 1938845
508 1938855
510 1938865
509 1938887
506 1938887
509 1938895
511 1938918
499 1938918
510 1938926
515 1938948
513 1938948
509 1938956
503 1938965
515 1938975
507 1938985
508 1938996
506 1939005
521 1939015
504 1939026
509 1939035
504 1939058
514 1939058
504 1939078
507 1939078
504 1939085
509 1939095
510 1939105
511 1939115
510 1939125
511 1939135
510 1939145
509 1939155
506 1939165
510 1939187
504 1939187
507 1939195
509 1939205
509 1939215
508 1939225
511 1939247
511 1939247
518 1939255
506 1939265
511 1939275
510 1939286
510 1939296
511 1939306
510 1939316
510 1939326
511 1939335
508 1939345
508 1939355
506 1939365
505 1939376
516 1939385
510 1939396
500 1939413
515 1939425
506 1939443
503 1939453
508 1939463
515 1939486
507 1939488
510 1939488
509 1939495
512 1939505
509 1939526
508 1939537
509 1939537
505 1939545
506 1939555
509 1939565
508 1939575
512 1939585
510 1939595
511 1939605
510 1939615
505 1939625
509 1939635
510 1939645
509 1939656
508 1939666
508 1939688
509 1939688
511 1939696
510 1939705
507 1939715
515 1939726
502 1939735
508 1939758
510 1939758
510 1939765
507 1939775
508 1939785
515 1939795
511 1939805
504 1939815
506 1939825
513 1939835
508 1939845
509 1939855
509 1939865
511 1939875
513 1939897
510 1939897
511 1939905
508 1939915
514 1939925
509 1939945
508 1939957
507 1939957
509 1939965
512 1939975
512 1939985
508 1939995
512 1940005
509 1940015
511 1940025
509 1940036
513 1940046
513 1940056
507 1940066
509 1940076
504 1940085
505 1940095
504 1940106
508 1940115
507 1940135
511 1940145
509 1940155
511 1940165
508 1940175
510 1940185
506 1940195
506 1940205
507 1940228
511 1940228
509 1940235
510 1940258
509 1940258
509 1940265
507 1940275
510 1940285
504 1940295
505 1940305
505 1940315
512 1940325
511 1940335
507 1940345
511 1940355
510 1940365
509 1940375
509 1940385
508 1940395
510 1940405
511 1940415
512 1940425
513 1940447
511 1940447
510 1940455
510 1940465
508 1940475
510 1940485
510 1940495
508 1940505
508 1940515
509 1940528
509 1940535
509 1940545
506 1940555
506 1940565
515 1940575
503 1940585
521 1940595
495 1940605
526 1940615
497 1940625
519 1940635
492 1940658
521 1940658
508 1940665
509 1940675
505 1940685
510 1940695
510 1940705
508 1940715
512 1940725
509 1940735
510 1940745
505 1940755
510 1940765
509 1940775
510 1940785
511 1940795
511 1940805
508 1940815
509 1940825
510 1940845
505 1940850
510 1940890
507 1940890
513 1940898
507 1940898
501 1940920
526 1940920
499 1940925
512 1940935
501 1940971
529 1940975
526 1940975
506 1940977
497 1940985
517 1940994
508 1941005
511 1941027
506 1941027
512 1941035
509 1941045
507 1941068
511 1941068
525 1941075
533 1941085
549 1941108
523 1941125
478 1941127
509 1941127
497 1941138
511 1941145
508 1941155
517 1941165
510 1941175
515 1941197
508 1941197
508 1941205
510 1941215
511 1941225
506 1941236
509 1941245
511 1941255
510 1941265
507 1941275
511 1941285
500 1941295
499 1941305
519 1941315
511 1941325
501 1941335
513 1941345
523 1941355
512 1941365
516 1941375
501 1941385
506 1941408
508 1941408
504 1941415
510 1941425
505 1941435
510 1941471
514 1941475
509 1941475
507 1941476
508 1941485
509 1941495
508 1941504
511 1941515
511 1941537
512 1941537
512 1941545
508 1941555
509 1941565
505 1941575
510 1941598
505 1941598
506 1941605
523 1941625
517 1941636
507 1941645
502 1941680
508 1941682
500 1941684
515 1941698
507 1941698
507 1941705
504 1941715
512 1941725
510 1941735
508 1941771
507 1941775
511 1941775
510 1941777
511 1942033
508 1942033
508 1942034
508 1942034
509 1942034
508 1942034
511 1942035
508 1942035
509 1942036
508 1942036
508 1942036
508 1942036
507 1942037
508 1942037
509 1942037
511 1942037
510 1942038
508 1942038
510 1942038
510 1942038
508 1942039
511 1942039
508 1942039
508 1942039
510 1942040
507 1942042
507 1942044
509 1942055
508 1942065
509 1942075
512 1942086
508 1942108
509 1942108
509 1942115
508 1942125
507 1942136
510 1942146
507 1942156
509 1942165
509 1942175
509 1942185
508 1942195
510 1942205
509 1942215
508 1942237
509 1942237
509 1942246
510 1942256
509 1942278
509 1942278
507 1942285
511 1942301
509 1942318
508 1942318
511 1942336
507 1942346
509 1942395
509 1942395
509 1942395
509 1942397
507 1942939
509 1942939
507 1942940
508 1942940
510 1942941
508 1942941
508 1942941
511 1942942
508 1942942
508 1942942
507 1942943
507 1942943
509 1942943
506 1942944
509 1942944
509 1942944
509 1942944
510 1942945
511 1942945
511 1942945
508 1942946
508 1942946
507 1942946
509 1942946
508 1942947
511 1942947
508 1942947
512 1942947
512 1942947
508 1942947
508 1942948
508 1942948
509 1942948
509 1942948
509 1942948
508 1942948
506 1942949
512 1942949
509 1942949
506 1942949
507 1942949
509 1942949
507 1942950
509 1942950
508 1942950
508 1942950
510 1942950
508 1942950
509 1942951
510 1942951
509 1942951
508 1942951
509 1942951
509 1942951
509 1942952
508 1942954
510 1942954
508 1942965
509 1942975
511 1943541
508 1943542
508 1943542
510 1943543
511 1943543
510 1943544
513 1943544
508 1943544
505 1943544
508 1943545
508 1943545
510 1943545
510 1943545
510 1943546
509 1943546
511 1943546
509 1943546
508 1943547
509 1943547
508 1943547
508 1943547
508 1943548
509 1943548
509 1943548
510 1943548
509 1943548
506 1943549
509 1943549
508 1943549
510 1943549
511 1943549
509 1943550
510 1943550
513 1943550
511 1943550
507 1943550
510 1943551
509 1943551
509 1943551
510 1943551
506 1943551
509 1943552
511 1943552
510 1943552
509 1943552
508 1943552
509 1943553
510 1943553
509 1943553
509 1943553
510 1943554
509 1943554
509 1943554
507 1943554
508 1943554
509 1943557
510 1943557
508 1943565
510 1943587
509 1943588
508 1944140
510 1944140
509 1944141
508 1944141
507 1944141
510 1944142
508 1944142
509 1944142
509 1944143
509 1944143
510 1944143
509 1944144
507 1944144
496 1944144
532 1944145
512 1944145
514 1944145
505 1944146
521 1944146
505 1944146
518 1944147
490 1944147
506 1944147
504 1944147
512 1944147
513 1944148
508 1944148
509 1944148
513 1944148
509 1944149
508 1944149
505 1944149
508 1944149
510 1944150
509 1944150
507 1944150
509 1944150
512 1944150
509 1944151
506 1944151
507 1944151
510 1944151
510 1944152
509 1944152
506 1944153
505 1944153
509 1944154
509 1944154
501 1944154
508 1944154
509 1944155
509 1944155
512 1944155
509 1944155
509 1944157
509 1944157
509 1944165
508 1944176
507 1944732
510 1944733
509 1944733
507 1944734
508 1944734
509 1944735
512 1944735
516 1944736
505 1944736
509 1944737
501 1944737
508 1944738
510 1944738
514 1944738
507 1944738
510 1944739
509 1944739
511 1944739
508 1944739
507 1944740
510 1944740
509 1944740
511 1944740
508 1944741
509 1944741
507 1944741
510 1944742
509 1944742
508 1944742
508 1944742
509 1944742
508 1944743
509 1944743
508 1944743
513 1944743
511 1944744
508 1944744
507 1944744
508 1944744
511 1944744
508 1944744
509 1944745
510 1944745
510 1944745
509 1944745
508 1944745
507 1944745
510 1944746
508 1944746
509 1944746
510 1944746
509 1944746
509 1944746
510 1944747
509 1944749
509 1944749
509 1944768
508 1944768
509 1944775
510 1945039
510 1945040
508 1945040
508 1945040
510 1945041
506 1945041
508 1945042
509 1945042
508 1945042
509 1945043
509 1945043
510 1945043
512 1945044
509 1945044
507 1945044
508 1945044
510 1945045
510 1945045
512 1945045
510 1945045
508 1945046
509 1945046
507 1945046
506 1945046
509 1945047
509 1945049
509 1945049
510 1945055
509 1945065
508 1945335
511 1945335
508 1945336
509 1945336
507 1945336
508 1945336
509 1945337
508 1945337
509 1945337
510 1945338
511 1945338
510 1945338
507 1945338
508 1945339
509 1945339
508 1945339
507 1945339
510 1945340
511 1945340
508 1945340
508 1945340
508 1945341
507 1945341
511 1945341
508 1945341
511 1945341
505 1945344
508 1945355
508 1945378
510 1945398
508 1945400
509 1945408
508 1945410
508 1945428
510 1945428
511 1945448
509 1945448
508 1945468
512 1945468
511 1945475
510 1945485
509 1945495
508 1945505
508 1945515
510 1945525
508 1945535
510 1945545
511 1945555
511 1945565
507 1945587
508 1945587
510 1945608
509 1945608
508 1945616
508 1945626
512 1945636
511 1945658
510 1945658
506 1945941
508 1945942
510 1945942
509 1945942
509 1945942
509 1945943
508 1945943
511 1945944
508 1945944
508 1945944
508 1945945
510 1945945
507 1945945
510 1945946
508 1945946
509 1945946
509 1945947
509 1945947
507 1945948
508 1945948
510 1945948
508 1945948
508 1945949
509 1945949
511 1945949
509 1945949
511 1945950
507 1945950
506 1945957
507 1945957
511 1945977
509 1945977
508 1945986
508 1945996
511 1946005
510 1946015
510 1946025
509 1946035
508 1946046
509 1946078
508 1946078
509 1946085
506 1946095
511 1946106
510 1946116
508 1946138
507 1946138
508 1946145
508 1946155
510 1946165
509 1946175
509 1946186
510 1946196
511 1946205
509 1946215
508 1946225
507 1946235
510 1946245
512 1946284
508 1946285
508 1946285
509 1946287
509 1946295
510 1946317
507 1946317
509 1946539
508 1946539
509 1946540
509 1946540
508 1946540
509 1946540
509 1946541
508 1946541
509 1946541
506 1946542
508 1946542
507 1946542
509 1946542
511 1946543
507 1946543
511 1946543
509 1946543
510 1946544
506 1946544
507 1946544
508 1946544
509 1946547
510 1946549
510 1946555
510 1946566
509 1946575
509 1946585
508 1946595
510 1946605
509 1946615
509 1946625
509 1946635
510 1946657
509 1946657
511 1946692
510 1946694
507 1946696
509 1946696
507 1946706
509 1946716
508 1946726
509 1946735
509 1946758
509 1946758
509 1946765
507 1946775
508 1947116
509 1947118
507 1947118
507 1947118
511 1947118
507 1947118
510 1947119
508 1947119
510 1947119
509 1947119
510 1947119
506 1947119
509 1947120
508 1947120
509 1947120
508 1947120
510 1947120
508 1947120
507 1947121
510 1947121
510 1947121
509 1947121
508 1947121
510 1947122
510 1947122
510 1947122
507 1947122
507 1947122
508 1947122
507 1947123
509 1947123
510 1947131
509 1947135
509 1947135
510 1947137
510 1947151
509 1947154
509 1947165
507 1947175
509 1947728
509 1947728
507 1947728
510 1947728
511 1947729
508 1947729
508 1947729
508 1947729
511 1947729
507 1947729
510 1947730
509 1947730
510 1947730
509 1947730
510 1947730
507 1947730
509 1947731
509 1947731
510 1947731
511 1947731
509 1947731
507 1947731
512 1947731
508 1947732
508 1947732
505 1947732
508 1947732
510 1947732
509 1947732
509 1947733
508 1947733
510 1947733
509 1947733
508 1947733
507 1947733
508 1947733
510 1947734
509 1947734
510 1947734
509 1947734
510 1947734
511 1947734
509 1947735
507 1947735
509 1947735
508 1947735
509 1947735
507 1947735
507 1947736
512 1947736
510 1947736
511 1947736
509 1947737
508 1947737
508 1947743
509 1947743
509 1947755
508 1947765
510 1947776
510 1947785
509 1947795
508 1948031
509 1948031
510 1948032
510 1948032
508 1948032
506 1948033
509 1948033
512 1948034
507 1948034
507 1948034
508 1948035
508 1948035
508 1948035
507 1948036
510 1948036
507 1948037
513 1948037
507 1948037
508 1948037
508 1948038
509 1948038
509 1948038
508 1948039
506 1948041
508 1948043
509 1948067
509 1948067
509 1948075
506 1948098
510 1948098
507 1948105
508 1948116
508 1948125
510 1948136
509 1948145
508 1948168
509 1948168
509 1948175
511 1948186
508 1948195
507 1948205
510 1948215
510 1948225
509 1948235
511 1948246
511 1948255
508 1948265
509 1948285
508 1948295
509 1948305
508 1948315
510 1948325
508 1948335
510 1948632
508 1948632
508 1948632
507 1948632
509 1948633
507 1948633
509 1948633
508 1948633
510 1948635
511 1948635
510 1948635
508 1948635
509 1948635
508 1948635
507 1948635
508 1948635
509 1948636
510 1948636
511 1948636
509 1948638
507 1948638
508 1948638
511 1948638
508 1948639
509 1948639
507 1948639
509 1948639
510 1948639
509 1948639
508 1948642
507 1948646
508 1948668
507 1948668
510 1948938
508 1948938
504 1948939
509 1948939
507 1948939
507 1948940
507 1948940
508 1948940
508 1948941
509 1948941
509 1948941
510 1948942
508 1948942
510 1948942
508 1948942
507 1948943
510 1948943
509 1948943
508 1948943
509 1948943
510 1948944
511 1948944
511 1948944
508 1948944
506 1948945
508 1948945
510 1948947
509 1948947
509 1948956
511 1948978
511 1948978
511 1949230
510 1949230
507 1949231
508 1949231
508 1949231
509 1949232
508 1949232
508 1949232
510 1949233
512 1949233
507 1949234
506 1949234
508 1949235
509 1949235
508 1949235
509 1949236
509 1949236
509 1949236
508 1949236
510 1949237
508 1949237
508 1949237
511 1949237
509 1949240
510 1949240
509 1949245
509 1949280
509 1949282
510 1949284
508 1949298
508 1949298
509 1949317
509 1949317
508 1949538
510 1949538
508 1949539
510 1949539
509 1949539
509 1949539
508 1949540
510 1949540
508 1949540
508 1949541
509 1949541
509 1949541
511 1949541
511 1949542
508 1949542
508 1949542
508 1949542
508 1949543
509 1949543
507 1949543
512 1949544
512 1949544
509 1949546
504 1949555
510 1949578
514 1949578
505 1949816
509 1949816
510 1949816
511 1949817
509 1949817
510 1949817
509 1949817
504 1949818
506 1949818
507 1949818
516 1949818
513 1949818
510 1949819
497 1949819
510 1949819
514 1949819
512 1949819
511 1949820
508 1949820
508 1949820
506 1949820
508 1949820
510 1949821
509 1949825
492 1949835
521 1949845
510 1949855
507 1949865
503 1949887
509 1949887
509 1949895
508 1949905
512 1949915
512 1949925
509 1949947
508 1949947
508 1949955
506 1950133
508 1950133
507 1950134
503 1950134
505 1950134
512 1950134
507 1950135
512 1950135
508 1950135
509 1950135
507 1950136
511 1950136
509 1950136
512 1950137
511 1950137
509 1950137
508 1950138
508 1950140
508 1950145
508 1950155
510 1950415
510 1950415
510 1950415
512 1950416
507 1950416
506 1950416
509 1950416
508 1950416
508 1950416
508 1950416
510 1950417
509 1950417
510 1950417
510 1950417
507 1950417
508 1950417
509 1950418
507 1950418
510 1950418
508 1950418
507 1950418
511 1950418
509 1950419
509 1950419
507 1950419
511 1950428
507 1950428
510 1950435
508 1950446
510 1950467
509 1950480
509 1950483
510 1950498
508 1950498
510 1950748
508 1950748
509 1950749
510 1950749
509 1950750
509 1950750
511 1950750
509 1950750
509 1950750
509 1950750
508 1950751
510 1950751
510 1950751
510 1950751
508 1950751
513 1950781
508 1950782
507 1950782
508 1950782
508 1950782
508 1950782
508 1950784
511 1950784
510 1950784
510 1950784
507 1950784
505 1950784
508 1950785
510 1950795
508 1950805
509 1950814
509 1950825
510 1950847
510 1950847
508 1950855
507 1950865
509 1950887
512 1950887
509 1950895
509 1950905
509 1950915
510 1950925
511 1950935
510 1950945
509 1950955
508 1950965
510 1950987
508 1951039
509 1951042
508 1951042
508 1951042
509 1951042
510 1951042
509 1951045
508 1951056
509 1951064
508 1951087
508 1951087
509 1951095
509 1951105
509 1951115
509 1951125
509 1951135
507 1951145
507 1951155
507 1951165
510 1951175
510 1951185
507 1951195
510 1951205
511 1951227
509 1951227
507 1951235
509 1951245
510 1951255
510 1951287
511 1951287
509 1951295
509 1951305
510 1951327
508 1951327
507 1951335
507 1951345
509 1951355
510 1951365
509 1951375
508 1951397
510 1951397
513 1951405
509 1951414
509 1951425
508 1951434
509 1951445
511 1951454
507 1951464
509 1951475
509 1951497
510 1951497
509 1951505
509 1951527
506 1951527
510 1951535
507 1951544
509 1951567
511 1951567
507 1951574
510 1951585
510 1951595
509 1951605
508 1951616
509 1951625
508 1951635
509 1951645
510 1951655
508 1951665
503 1951675
514 1951697
508 1951697
506 1951704
506 1951714
503 1951725
501 1951734
507 1951744
509 1951754
511 1951764
509 1951775
509 1951797
504 1951798
509 1951805
508 1951815
509 1951837
508 1951837
509 1951845
506 1951855
511 1951877
507 1951878
508 1951885
507 1951895
509 1951905
507 1951914
507 1951925
508 1951934
511 1951944
511 1951954
505 1951965
514 1951975
512 1951995
502 1952005
514 1952015
506 1952025
512 1952035
505 1952057
509 1952057
507 1952065
510 1952074
507 1952097
509 1952097
507 1952104
510 1952127
510 1952127
510 1952134
511 1952145
510 1952155
508 1952165
509 1952175
511 1952197
513 1952197
512 1952205
494 1952224
522 1952237
502 1952237
516 1952244
510 1952255
499 1952264
520 1952275
522 1952297
492 1952297
520 1952304
511 1952314
505 1952324
507 1952335
508 1952345
507 1952367
507 1952367
510 1952401
510 1952405
510 1952405
505 1952407
509 1952418
510 1952425
509 1952435
508 1952444
514 1952455
506 1952464
509 1952475
510 1952484
505 1952494
513 1952504
512 1952514
506 1952525
513 1952535
507 1952545
509 1952555
508 1952577
510 1952577
511 1952584
509 1952607
511 1952607
509 1952614
510 1952625
510 1952635
511 1952645
512 1952655
514 1952665
506 1952675
506 1952684
512 1952694
511 1952704
511 1952741
508 1952743
494 1952744
502 1952755
506 1952765
512 1952775
504 1952785
509 1952794
512 1952805
511 1952815
505 1952837
502 1952837
518 1952844
526 1952854
504 1952864
498 1952874
499 1952884
533 1952894
510 1952905
519 1952915
504 1952925
506 1952935
515 1952945
503 1952955
490 1952965
507 1952975
507 1953010
513 1953014
506 1953014
512 1953016
508 1953065
508 1953066
508 1953066
510 1953066
509 1953077
512 1953077
506 1953084
507 1953094
508 1953105
511 1953115
509 1953125
510 1953148
509 1953148
508 1953154
510 1953165
509 1953175
508 1953184
508 1953194
510 1953206
508 1953215
511 1953238
508 1953238
510 1953415
511 1953415
508 1953415
506 1953416
510 1953416
508 1953416
509 1953416
508 1953417
511 1953417
510 1953417
510 1953417
512 1953418
507 1953418
509 1953418
508 1953418
508 1953419
509 1953419
508 1953419
510 1953437
509 1953437
511 1953444
509 1953468
507 1953468
506 1953485
509 1953495
506 1953518
509 1953518
509 1953538
510 1953538
508 1953545
511 1953555
507 1953577
507 1953577
509 1953585
509 1953608
509 1953608
508 1953615
510 1953625
509 1953635
510 1953647
507 1953655
507 1953665
508 1953675
510 1953685
509 1953707
508 1953707
509 1953715
512 1953725
507 1953735
507 1953745
507 1953755
508 1953764
508 1953775
508 1953784
507 1953796
510 1953805
509 1953815
509 1953825
507 1953835
509 1953858
506 1953858
511 1953891
510 1953893
507 1953895
507 1953897
511 1953917
509 1953917
508 1954636
507 1954637
509 1954637
511 1954638
508 1954638
508 1954638
508 1954638
506 1954639
511 1954639
508 1954639
508 1954639
508 1954640
509 1954640
509 1954640
509 1954640
510 1954640
509 1954641
510 1954641
509 1954641
507 1954642
508 1954642
507 1954642
508 1954643
504 1954643
508 1954643
511 1954643
511 1954644
508 1954644
506 1954644
509 1954644
509 1954644
510 1954645
508 1954645
509 1954645
508 1954645
510 1954645
507 1954645
508 1954646
507 1954646
511 1954646
511 1954646
509 1954646
509 1954646
510 1954647
512 1954647
511 1954647
509 1954647
507 1954647
510 1954648
510 1954648
508 1954648
511 1954648
508 1954649
507 1954649
510 1954649
510 1954649
508 1954650
507 1954650
510 1954650
509 1954650
514 1954651
509 1954651
508 1954651
512 1954651
508 1954651
508 1954651
511 1954652
507 1954652
510 1954652
509 1954652
508 1954653
511 1954655
509 1954655
509 1954665
506 1954675
508 1955213
509 1955214
510 1955214
509 1955214
508 1955214
511 1955214
511 1955215
509 1955215
506 1955215
508 1955215
511 1955216
511 1955216
510 1955216
508 1955216
508 1955216
511 1955217
509 1955217
510 1955217
510 1955217
510 1955218
507 1955218
516 1955218
508 1955218
512 1955218
509 1955219
508 1955219
508 1955219
513 1955219
520 1955219
510 1955220
518 1955220
511 1955220
506 1955220
508 1955220
507 1955221
508 1955221
507 1955221
509 1955221
508 1955222
508 1955222
507 1955222
510 1955222
509 1955222
509 1955223
509 1955223
507 1955223
509 1955223
509 1955223
509 1955224
510 1955224
511 1955224
511 1955224
515 1955224
511 1955226
509 1955234
516 1955244
519 1955814
497 1955814
525 1955815
535 1955815
536 1955815
504 1955815
509 1955816
505 1955816
502 1955816
504 1955817
510 1955817
509 1955817
510 1955817
503 1955818
514 1955818
508 1955818
526 1955818
505 1955819
515 1955819
499 1955819
502 1955819
509 1955820
499 1955820
512 1955820
518 1955821
511 1955821
502 1955821
508 1955821
507 1955822
509 1955822
512 1955822
511 1955822
509 1955822
510 1955823
513 1955823
503 1955823
509 1955824
509 1955824
503 1955824
499 1955824
504 1955824
510 1955825
516 1955825
505 1955825
518 1955825
504 1955826
496 1955826
512 1955826
512 1955826
506 1955826
505 1955827
513 1955827
508 1955827
508 1955827
510 1955828
505 1955828
504 1955837
508 1955838
511 1955869
510 1955871
509 1956138
505 1956138
504 1956139
507 1956139
506 1956139
510 1956139
507 1956139
510 1956140
512 1956140
512 1956140
507 1956140
503 1956141
507 1956141
511 1956141
505 1956141
513 1956142
507 1956142
506 1956142
517 1956142
510 1956143
507 1956143
507 1956143
509 1956143
509 1956143
508 1956144
509 1956144
509 1956144
510 1956144
508 1956158
508 1956158
509 1956165
512 1956728
508 1956728
509 1956729
510 1956729
508 1956729
510 1956730
512 1956730
508 1956730
507 1956730
510 1956731
510 1956731
510 1956731
509 1956731
510 1956732
508 1956732
508 1956732
510 1956732
506 1956733
509 1956733
511 1956733
510 1956734
510 1956734
509 1956734
507 1956735
510 1956735
509 1956735
509 1956736
509 1956736
509 1956736
509 1956736
509 1956737
507 1956737
510 1956737
511 1956737
510 1956738
508 1956738
507 1956739
509 1956739
508 1956739
509 1956739
508 1956740
510 1956740
513 1956740
509 1956740
508 1956740
510 1956741
511 1956741
510 1956741
507 1956741
508 1956741
508 1956742
511 1956742
510 1956742
506 1956742
508 1956744
509 1956744
507 1956744
506 1956755
508 1956777
513 1956777
513 1957029
517 1957029
514 1957030
511 1957030
517 1957031
515 1957031
509 1957031
507 1957032
504 1957032
508 1957032
505 1957033
508 1957033
507 1957033
504 1957033
509 1957034
504 1957034
508 1957034
513 1957034
509 1957035
508 1957035
521 1957035
505 1957035
507 1957036
505 1957036
502 1957050
507 1957050
507 1957052
507 1957077
516 1957077
509 1957629
509 1957629
509 1957630
510 1957630
507 1957631
511 1957631
507 1957632
509 1957632
511 1957632
508 1957633
511 1957633
511 1957633
509 1957633
506 1957634
509 1957634
508 1957634
508 1957635
511 1957635
509 1957635
509 1957636
510 1957636
511 1957636
508 1957636
507 1957636
507 1957637
509 1957637
505 1957637
510 1957637
507 1957638
508 1957638
511 1957638
507 1957638
509 1957639
511 1957639
511 1957639
510 1957639
512 1957639
513 1957640
509 1957640
508 1957640
510 1957640
507 1957641
509 1957641
511 1957641
508 1957641
508 1957641
509 1957642
508 1957642
509 1957642
509 1957642
510 1957644
511 1957645
509 1957645
511 1957645
511 1957645
509 1957647
508 1957647
509 1957654
508 1957664
507 1958228
507 1958228
509 1958229
507 1958229
511 1958230
509 1958230
509 1958230
509 1958230
509 1958231
508 1958231
510 1958231
508 1958231
509 1958232
512 1958232
509 1958232
508 1958232
507 1958232
520 1958233
478 1958233
504 1958233
490 1958233
523 1958234
505 1958234
513 1958234
491 1958235
514 1958235
503 1958235
493 1958235
502 1958235
508 1958236
511 1958236
517 1958236
514 1958236
507 1958236
508 1958237
504 1958237
509 1958237
512 1958237
512 1958238
510 1958238
509 1958238
505 1958238
513 1958238
507 1958239
508 1958239
507 1958239
511 1958239
509 1958239
507 1958240
506 1958240
512 1958240
505 1958240
512 1958240
502 1958240
514 1958241
509 1958243
510 1958243
513 1958255
512 1958264
511 1959428
510 1959429
515 1959429
504 1959429
505 1959430
511 1959430
518 1959431
506 1959431
509 1959432
512 1959433
513 1959433
509 1959433
509 1959433
507 1959434
507 1959434
512 1959434
506 1959435
512 1959435
514 1959435
504 1959435
514 1959436
512 1959436
516 1959436
505 1959436
511 1959437
512 1959437
514 1959437
500 1959437
510 1959437
507 1959438
514 1959438
507 1959438
510 1959438
509 1959438
510 1959438
506 1959439
507 1959439
506 1959439
510 1959439
507 1959439
510 1959439
509 1959439
509 1959440
510 1959440
508 1959440
508 1959440
509 1959440
508 1959441
509 1959441
508 1959441
507 1959441
508 1959441
507 1959441
509 1959442
510 1959442
510 1959442
509 1959442
506 1959442
508 1959442
509 1959443
511 1959443
508 1959443
507 1959443
511 1959443
512 1959443
510 1959444
507 1959444
509 1959444
506 1959444
508 1959444
510 1959444
508 1959445
508 1959445
509 1959445
511 1959445
507 1959445
509 1959445
506 1959446
511 1959450
508 1959450
507 1959450
509 1959451
508 1959451
510 1959451
508 1959452
507 1959452
509 1959452
510 1959452
507 1959453
508 1959453
509 1959453
511 1959454
510 1959454
510 1959454
508 1959454
508 1959455
508 1959455
511 1959455
508 1959455
510 1959455
510 1959456
513 1959456
510 1959456
508 1959456
506 1959457
509 1959457
510 1959457
510 1959457
508 1959458
510 1959458
511 1959458
508 1959458
504 1959458
505 1959459
508 1959461
510 1959461
508 1959461
509 1959463
509 1959474
511 1959484
510 1959494
506 1959504
509 1959515
511 1959525
509 1959535
509 1959545
509 1959555
508 1959565
510 1959575
510 1959585
505 1959594
506 1959604
511 1959614
509 1959625
508 1959635
505 1959645
509 1959655
507 1959665
507 1959674
508 1959685
507 1959716
508 1959717
509 1959717
508 1959725
507 1959735
510 1960031
509 1960031
509 1960031
507 1960032
507 1960032
508 1960033
505 1960033
506 1960033
508 1960033
509 1960034
513 1960034
511 1960035
510 1960035
508 1960035
509 1960035
511 1960035
511 1960036
511 1960036
507 1960036
509 1960036
510 1960036
511 1960037
508 1960037
505 1960037
507 1960037
509 1960037
506 1960037
507 1960038
508 1960038
508 1960040
512 1960044
508 1960054
507 1960617
513 1960617
507 1960618
511 1960618
506 1960618
510 1960619
511 1960619
509 1960619
509 1960619
509 1960620
507 1960620
508 1960620
510 1960620
508 1960621
511 1960621
512 1960621
512 1960622
508 1960622
506 1960622
507 1960622
508 1960623
508 1960623
510 1960623
509 1960623
507 1960623
507 1960624
511 1960624
508 1960624
508 1960624
509 1960624
507 1960625
509 1960625
509 1960625
512 1960625
510 1960625
508 1960626
505 1960626
509 1960626
509 1960627
509 1960627
506 1960627
506 1960628
511 1960628
512 1960628
508 1960628
508 1960629
509 1960629
509 1960629
510 1960629
509 1960629
510 1960630
510 1960630
510 1960630
510 1960630
507 1960631
508 1960633
506 1960633
508 1960644
508 1960654
509 1961728
508 1961728
510 1961729
509 1961729
508 1961729
508 1961730
511 1961730
510 1961730
508 1961731
510 1961731
508 1961731
510 1961731
510 1961731
509 1961732
507 1961732
510 1961732
509 1961732
509 1961732
510 1961733
510 1961733
512 1961733
510 1961733
508 1961734
507 1961734
510 1961734
509 1961734
508 1961734
508 1961735
512 1961735
508 1961735
509 1961735
510 1961735
508 1961736
509 1961736
508 1961736
510 1961736
507 1961737
511 1961737
508 1961737
512 1961737
510 1961738
508 1961738
507 1961738
508 1961738
509 1961738
510 1961739
510 1961739
510 1961739
511 1961739
511 1961739
507 1961740
507 1961740
510 1961740
509 1961740
509 1961740
509 1961741
508 1961741
509 1961741
510 1961741
509 1961741
507 1961742
507 1961742
509 1961742
510 1961742
507 1961742
508 1961742
504 1961743
510 1961743
507 1961743
509 1961743
510 1961743
509 1961743
508 1961744
508 1961744
506 1961744
510 1961744
510 1961744
507 1961744
508 1961745
510 1961745
508 1961745
507 1961745
509 1961745
509 1961745
511 1961746
510 1961746
509 1961746
509 1961746
508 1961746
510 1961746
509 1961747
508 1961747
508 1961747
510 1961747
512 1961747
508 1961748
510 1961748
508 1961748
509 1961748
510 1961748
509 1961748
507 1961749
509 1961749
512 1961749
510 1961749
505 1961751
509 1961751
509 1961753
508 1961765
508 1961775
506 1961784
510 1961794
511 1961818
508 1961818
509 1961825
509 1961834
508 1961857
510 1961857
509 1961865
508 1961875
509 1961885
509 1961895
510 1961904
509 1961941
507 1961944
509 1961944
509 1961946
508 1961955
508 1962733
507 1962733
508 1962734
510 1962734
507 1962734
508 1962735
509 1962735
507 1962735
510 1962735
509 1962736
510 1962736
507 1962736
508 1962737
509 1962737
507 1962737
508 1962738
507 1962738
507 1962738
511 1962738
511 1962739
508 1962739
510 1962739
509 1962739
507 1962740
507 1962740
508 1962740
509 1962740
509 1962741
510 1962741
508 1962741
512 1962741
509 1962742
506 1962742
506 1962742
509 1962742
508 1962742
510 1962743
509 1962743
509 1962743
510 1962743
510 1962743
508 1962744
507 1962744
507 1962744
508 1962744
509 1962744
506 1962745
510 1962745
511 1962745
508 1962745
510 1962746
507 1962746
510 1962746
505 1962746
508 1962746
507 1962747
510 1962747
511 1962747
511 1962747
508 1962747
507 1962748
510 1962748
507 1962748
509 1962748
511 1962748
512 1962749
510 1962749
510 1962749
508 1962749
508 1962749
508 1962750
510 1962750
510 1962750
509 1962750
508 1962752
510 1962753
510 1962753
508 1962755
506 1962755
508 1962765
508 1962775
507 1963333
507 1963333
508 1963334
509 1963334
510 1963335
508 1963335
510 1963335
508 1963336
508 1963336
510 1963336
509 1963337
509 1963337
512 1963338
509 1963338
509 1963338
506 1963338
510 1963339
510 1963339
508 1963339
509 1963340
509 1963340
508 1963340
510 1963341
511 1963341
508 1963341
510 1963341
507 1963342
508 1963342
509 1963342
509 1963343
508 1963343
510 1963343
509 1963343
509 1963344
508 1963344
511 1963344
510 1963345
508 1963345
509 1963345
511 1963345
509 1963346
510 1963346
508 1963346
509 1963347
509 1963347
510 1963347
510 1963347
510 1963348
510 1963348
510 1963348
511 1963348
509 1963348
508 1963349
508 1963349
507 1963349
508 1963351
508 1963353
512 1963365
509 1963625
512 1963625
508 1963626
507 1963626
508 1963627
509 1963627
510 1963627
509 1963627
509 1963628
510 1963628
510 1963628
509 1963628
508 1963629
508 1963629
510 1963629
508 1963629
508 1963630
509 1963630
506 1963630
509 1963630
509 1963631
507 1963631
509 1963631
509 1963631
506 1963631
510 1963638
510 1963638
508 1963644
509 1963667
511 1963667
508 1963674
508 1963685
510 1963695
509 1963705
511 1963714
510 1963724
507 1963734
508 1963744
511 1963754
508 1963764
508 1963774
509 1963785
506 1963808
509 1963808
510 1963815
511 1963837
509 1963837
511 1963845
510 1963854
509 1963864
507 1963874
508 1963907
509 1963907
509 1963915
507 1963937
507 1963937
513 1963945
510 1964524
508 1964524
508 1964525
509 1964525
510 1964526
510 1964526
510 1964526
508 1964527
509 1964527
509 1964527
508 1964527
507 1964528
510 1964528
506 1964528
508 1964528
507 1964529
509 1964529
511 1964529
509 1964530
509 1964530
508 1964530
510 1964530
509 1964530
509 1964531
508 1964531
508 1964531
510 1964531
511 1964531
509 1964532
507 1964532
508 1964532
511 1964532
507 1964533
508 1964533
508 1964533
507 1964533
508 1964534
509 1964534
509 1964534
509 1964534
509 1964534
510 1964535
509 1964535
509 1964535
509 1964535
510 1964535
508 1964536
507 1964536
508 1964536
510 1964536
508 1964536
509 1964536
510 1964537
510 1964537
510 1964537
510 1964538
507 1964538
509 1964538
510 1964541
509 1964545
510 1964555
509 1965123
509 1965123
511 1965124
511 1965124
508 1965124
510 1965125
508 1965125
511 1965125
509 1965125
508 1965126
510 1965126
512 1965126
510 1965127
509 1965127
509 1965127
509 1965128
508 1965128
509 1965128
509 1965128
508 1965129
510 1965129
509 1965129
509 1965130
508 1965130
510 1965130
511 1965130
509 1965131
511 1965131
508 1965131
510 1965131
510 1965132
509 1965132
507 1965132
510 1965132
510 1965132
509 1965133
507 1965133
509 1965133
509 1965133
511 1965134
507 1965134
507 1965134
509 1965134
507 1965134
510 1965135
508 1965135
509 1965135
508 1965135
508 1965135
508 1965136
507 1965136
508 1965136
508 1965136
509 1965136
511 1965137
508 1965137
509 1965139
512 1965144
508 1965154
506 1965724
508 1965724
509 1965725
508 1965725
509 1965725
509 1965726
508 1965726
511 1965727
510 1965727
509 1965727
508 1965729
508 1965729
507 1965730
509 1965730
506 1965730
508 1965730
511 1965730
509 1965731
508 1965731
507 1965731
512 1965732
508 1965732
509 1965732
509 1965733
508 1965733
509 1965733
509 1965734
507 1965734
506 1965734
509 1965735
508 1965735
512 1965735
509 1965735
509 1965736
508 1965736
510 1965736
508 1965736
509 1965737
506 1965737
509 1965737
511 1965738
508 1965738
508 1965738
509 1965738
511 1965739
508 1965739
508 1965739
507 1965739
507 1965739
508 1965740
509 1965740
511 1965740
509 1965740
510 1965741
508 1965741
507 1965741
508 1965747
508 1965747
511 1965754
509 1965764
508 1965787
510 1965787
512 1965795
510 1965817
506 1965817
508 1965825
507 1965835
511 1965857
509 1965857
508 1965865
509 1965874
510 1965884
510 1965895
508 1965925
509 1965935
510 1965948
510 1965948
508 1965957
506 1965957
509 1965964
508 1965974
509 1965984
506 1965994
508 1966017
508 1966017
509 1966024
511 1966034
512 1966044
508 1966066
509 1966066
509 1966086
507 1966087
507 1966327
505 1966328
521 1966328
518 1966329
512 1966329
511 1966329
517 1966330
512 1966330
506 1966330
509 1966331
508 1966331
507 1966331
512 1966332
507 1966332
510 1966332
509 1966332
512 1966333
509 1966333
509 1966333
507 1966334
509 1966334
508 1966334
511 1966334
508 1966336
511 1966344
512 1966354
509 1966634
506 1966635
505 1966635
510 1966635
512 1966636
514 1966636
504 1966636
504 1966636
505 1966637
506 1966637
507 1966637
507 1966637
510 1966638
510 1966638
507 1966638
510 1966638
509 1966638
510 1966639
509 1966639
510 1966639
507 1966639
509 1966639
508 1966640
509 1966640
508 1966640
507 1966640
523 1966641
514 1966641
504 1966643
523 1966696
503 1966697
513 1966699
519 1966699
511 1966701
507 1967223
514 1967223
496 1967223
507 1967224
513 1967224
507 1967225
508 1967225
506 1967225
509 1967225
509 1967226
511 1967226
512 1967226
506 1967227
507 1967227
509 1967227
508 1967227
514 1967228
512 1967228
507 1967228
510 1967229
509 1967229
512 1967229
504 1967229
508 1967230
510 1967230
508 1967230
507 1967230
511 1967231
506 1967231
512 1967231
510 1967231
507 1967232
509 1967232
508 1967232
511 1967233
511 1967233
511 1967233
512 1967233
508 1967234
507 1967234
507 1967234
507 1967234
506 1967235
506 1967235
505 1967235
525 1967235
517 1967236
504 1967236
509 1967236
509 1967236
508 1967237
511 1967237
507 1967239
515 1967244
508 1967265
503 1967532
501 1967532
502 1967532
501 1967533
515 1967533
513 1967533
505 1967534
532 1967534
500 1967534
506 1967534
495 1967535
512 1967535
518 1967535
511 1967535
511 1967536
504 1967536
509 1967536
508 1967536
512 1967537
510 1967537
510 1967537
509 1967537
509 1967538
507 1967538
508 1967538
510 1967538
510 1967538
508 1967547
510 1967547
509 1967567
510 1967567
507 1967825
510 1967825
511 1967825
508 1967826
507 1967826
509 1967827
507 1967827
509 1967827
508 1967828
508 1967828
508 1967828
508 1967829
507 1967829
510 1967829
508 1967829
507 1967830
507 1967830
510 1967830
507 1967831
509 1967831
509 1967831
507 1967832
510 1967832
509 1967832
507 1967833
511 1967835
509 1967845
508 1967855
511 1968426
509 1968426
508 1968427
509 1968427
510 1968428
508 1968428
510 1968428
508 1968429
510 1968429
510 1968429
508 1968430
510 1968430
510 1968430
508 1968430
510 1968431
509 1968431
510 1968431
510 1968431
508 1968432
508 1968432
509 1968432
508 1968432
508 1968433
509 1968433
509 1968433
510 1968433
509 1968433
508 1968434
509 1968434
506 1968434
509 1968434
507 1968434
510 1968435
510 1968435
509 1968435
511 1968435
507 1968435
508 1968435
509 1968436
510 1968436
510 1968436
509 1968436
509 1968436
510 1968437
508 1968437
507 1968437
507 1968437
508 1968437
507 1968438
511 1968438
510 1968438
507 1968438
507 1968438
507 1968438
511 1968439
506 1968441
510 1968441
509 1968443
507 1968454
511 1968464
508 1968474
509 1968484
511 1968494
509 1968504
507 1968514
506 1968524
508 1968535
510 1968545
510 1968555
508 1968564
511 1968574
508 1968584
510 1968594
509 1968604
510 1968615
510 1968625
508 1968647
509 1968647
508 1968655
507 1968664
511 1968674
507 1968684
510 1968694
504 1968704
511 1968734
509 1968735
509 1968735
508 1968745
509 1968755
509 1969026
509 1969027
509 1969027
508 1969028
510 1969028
508 1969028
512 1969029
508 1969029
508 1969029
509 1969029
510 1969030
510 1969030
506 1969030
509 1969030
509 1969031
508 1969031
510 1969031
510 1969031
507 1969032
508 1969032
510 1969032
509 1969032
508 1969033
508 1969033
508 1969033
507 1969033
510 1969033
509 1969036
509 1969044
509 1969054
510 1969624
508 1969625
507 1969626
506 1969626
509 1969627
510 1969627
512 1969627
513 1969627
512 1969627
508 1969628
509 1969628
509 1969628
509 1969628
509 1969629
507 1969629
510 1969629
512 1969629
510 1969630
509 1969630
510 1969630
508 1969630
509 1969630
507 1969631
511 1969631
509 1969631
516 1969631
510 1969632
513 1969632
516 1969632
510 1969632
516 1969632
503 1969633
511 1969633
508 1969633
510 1969633
509 1969633
508 1969634
508 1969634
509 1969634
509 1969634
509 1969634
510 1969635
509 1969635
510 1969635
510 1969635
507 1969635
510 1969636
509 1969636
508 1969636
510 1969636
507 1969636
510 1969636
506 1969637
509 1969637
509 1969637
500 1969637
515 1969639
502 1969644
502 1969667
503 1969668
495 1970218
517 1970218
504 1970218
515 1970219
508 1970219
510 1970219
504 1970220
510 1970220
510 1970220
514 1970221
512 1970221
513 1970221
513 1970221
489 1970222
504 1970222
513 1970222
500 1970222
509 1970223
502 1970223
499 1970223
505 1970223
508 1970224
506 1970224
509 1970224
508 1970224
509 1970225
506 1970225
507 1970225
511 1970225
511 1970225
512 1970226
507 1970226
507 1970226
511 1970226
513 1970227
512 1970227
506 1970227
497 1970227
509 1970227
502 1970228
527 1970229
534 1970229
520 1970230
519 1970230
516 1970230
508 1970230
511 1970231
507 1970231
511 1970231
507 1970231
509 1970232
507 1970232
505 1970232
508 1970232
506 1970234
506 1970234
507 1970245
514 1970254
512 1970810
507 1970810
507 1970811
510 1970811
509 1970811
506 1970812
509 1970812
508 1970812
502 1970813
517 1970813
508 1970813
510 1970813
512 1970814
509 1970814
507 1970814
505 1970816
510 1970816
511 1970816
508 1970817
507 1970817
508 1970817
512 1970817
510 1970817
510 1970818
510 1970818
510 1970818
511 1970818
509 1970818
510 1970819
509 1970819
509 1970819
511 1970819
511 1970819
492 1970820
504 1970820
514 1970820
511 1970820
514 1970820
507 1970821
506 1970821
508 1970821
510 1970821
508 1970821
508 1970822
508 1970822
510 1970822
510 1970822
506 1970822
507 1970822
507 1970823
511 1970823
509 1970823
510 1970823
509 1970823
509 1970825
510 1970825
508 1970834
509 1970844
510 1971122
508 1971122
509 1971123
511 1971123
512 1971124
512 1971124
509 1971125
507 1971125
509 1971125
511 1971125
512 1971126
508 1971126
509 1971126
508 1971126
507 1971127
509 1971127
510 1971127
505 1971127
503 1971128
509 1971128
508 1971128
511 1971128
510 1971129
508 1971129
511 1971129
515 1971129
511 1971130
510 1971132
512 1971134
505 1971144
508 1971430
506 1971431
512 1971431
511 1971431
509 1971432
509 1971432
511 1971432
508 1971433
508 1971433
511 1971433
509 1971434
507 1971434
517 1971434
515 1971435
503 1971435
509 1971435
513 1971436
509 1971436
512 1971436
510 1971436
509 1971436
513 1971437
509 1971437
509 1971437
508 1971437
509 1971438
508 1971438
510 1971440
509 1971444
509 1971454
509 1972010
509 1972010
509 1972011
510 1972011
509 1972011
508 1972012
509 1972012
510 1972012
511 1972012
511 1972012
509 1972013
507 1972013
507 1972013
509 1972014
509 1972014
508 1972014
509 1972014
510 1972015
510 1972015
509 1972015
508 1972015
508 1972015
513 1972016
508 1972016
509 1972016
511 1972016
508 1972016
509 1972017
509 1972017
509 1972017
509 1972017
509 1972017
507 1972018
508 1972018
509 1972018
509 1972018
508 1972019
507 1972019
509 1972019
507 1972019
508 1972019
509 1972019
507 1972020
508 1972020
507 1972020
510 1972020
512 1972020
508 1972021
508 1972021
508 1972021
507 1972021
509 1972021
511 1972022
509 1972022
509 1972027
510 1972027
509 1972034
509 1972044
507 1972054
508 1972064
510 1972074
509 1972084
514 1972095
512 1972117
515 1972117
510 1972149
509 1972151
509 1972155
510 1972155
508 1972609
508 1972610
509 1972610
508 1972610
510 1972611
508 1972611
502 1972611
537 1972611
506 1972611
485 1972612
517 1972612
483 1972612
510 1972612
507 1972612
520 1972613
531 1972613
514 1972613
507 1972613
497 1972614
509 1972614
511 1972614
510 1972614
512 1972614
511 1972615
509 1972615
507 1972615
510 1972615
507 1972616
512 1972616
507 1972616
506 1972616
512 1972617
513 1972617
506 1972617
504 1972617
511 1972617
506 1972618
506 1972618
510 1972618
508 1972618
511 1972618
510 1972619
512 1972619
509 1972619
506 1972621
510 1972627
508 1972627
509 1972661
510 1972664
509 1972664
508 1972676
508 1972677
509 1972684
505 1972694
507 1972717
509 1972718
510 1972724
510 1972734
509 1972744
513 1972754
514 1972765
507 1972774
511 1972785
513 1972816
509 1972817
511 1972824
506 1972834
513 1972857
508 1972857
512 1972864
507 1972874
508 1972884
510 1972894
509 1972904
510 1972927
510 1972927
512 1972934
507 1972944
512 1972955
511 1972964
515 1972974
510 1973208
509 1973208
507 1973208
509 1973209
509 1973209
509 1973209
510 1973209
507 1973210
510 1973210
509 1973210
510 1973210
511 1973211
509 1973211
509 1973211
510 1973211
513 1973212
509 1973212
506 1973212
506 1973212
508 1973213
507 1973213
510 1973213
509 1973216
508 1973216
508 1973224
510 1973234
508 1973256
508 1973257
509 1973276
508 1973276
509 1973296
508 1973296
511 1973304
510 1973315
509 1973325
509 1973334
512 1973344
508 1973366
511 1973367
506 1973386
511 1973386
507 1973394
510 1973416
508 1973416
507 1973424
508 1973434
507 1973457
510 1973457
509 1973465
509 1973487
510 1973487
509 1973495
511 1973505
507 1973525
509 1973534
507 1973544
510 1973554
510 1973577
509 1973577
509 1973597
510 1973597
510 1973604
509 1973627
506 1973627
508 1973646
510 1973646
510 1973654
509 1973664
509 1973674
508 1973684
510 1973694
508 1973704
505 1973714
506 1973724
509 1973734
510 1973744
509 1973766
511 1973766
509 1973786
513 1973786
509 1973794
509 1973804
508 1973814
510 1973837
510 1973837
509 1973857
510 1973857
509 1973865
511 1973875
511 1973897
508 1973897
510 1973905
510 1973927
511 1973927
508 1973936
508 1973944
507 1973954
510 1973964
510 1973974
508 1973984
508 1973994
509 1974017
509 1974018
508 1974036
511 1974036
508 1974044
510 1974054
509 1974064
507 1974074
508 1974085
510 1974095
510 1974104
509 1974115
510 1974124
511 1974135
510 1974144
510 1974155
508 1974165
508 1974175
508 1974197
508 1974197
508 1974204
509 1974238
508 1974238
511 1974247
511 1974247
509 1974254
506 1974264
507 1974274
508 1974429
508 1974429
508 1974430
509 1974430
509 1974430
509 1974430
508 1974431
507 1974431
509 1974431
509 1974431
508 1974432
510 1974432
509 1974432
509 1974437
512 1974437
508 1974445
508 1974467
511 1974467
510 1974474
508 1974484
509 1974506
509 1974506
507 1974514
511 1974524
511 1974534
507 1974545
507 1974567
508 1974567
509 1974574
509 1974584
508 1974594
509 1974605
510 1974625
509 1974637
510 1974637
507 1974644
508 1974654
509 1974664
506 1974687
509 1974687
508 1974694
508 1974704
509 1974714
510 1974724
506 1974736
508 1975007
510 1975007
509 1975007
510 1975008
508 1975008
509 1975008
512 1975008
509 1975009
509 1975009
508 1975009
508 1975009
508 1975010
509 1975010
509 1975010
510 1975010
512 1975010
509 1975011
507 1975011
508 1975011
509 1975011
509 1975012
510 1975012
508 1975012
510 1975012
512 1975015
509 1975015
506 1975015
508 1975025
509 1975035
510 1975326
508 1975326
509 1975327
509 1975327
511 1975327
510 1975328
507 1975328
508 1975328
510 1975328
511 1975329
509 1975329
510 1975329
511 1975329
509 1975330
510 1975330
508 1975330
508 1975330
510 1975330
508 1975331
509 1975331
508 1975331
509 1975331
510 1975331
509 1975332
509 1975332
509 1975332
509 1975332
507 1975332
510 1975335
509 1975347
511 1975347
510 1975354
511 1975623
508 1975624
507 1975624
507 1975624
510 1975625
508 1975625
510 1975626
509 1975626
508 1975626
512 1975627
509 1975627
507 1975627
509 1975627
510 1975628
509 1975628
509 1975628
509 1975628
509 1975629
511 1975629
511 1975629
508 1975629
511 1975631
510 1975632
508 1975632
509 1975632
508 1975632
509 1975637
510 1975637
508 1975645
507 1975930
510 1975930
509 1975930
508 1975931
510 1975931
509 1975931
508 1975931
510 1975931
509 1975932
510 1975932
507 1975932
509 1975932
509 1975933
509 1975933
509 1975933
508 1975933
507 1975933
510 1975934
508 1975934
507 1975934
509 1975934
509 1975934
507 1975935
509 1975935
509 1975935
507 1975935
510 1975935
509 1975938
509 1975957
510 1975958
507 1975965
508 1976530
508 1976530
510 1976539
512 1976540
512 1976540
509 1976540
507 1976540
508 1976541
510 1976541
509 1976541
508 1976541
507 1976542
509 1976542
512 1976542
509 1976542
510 1976543
510 1976543
508 1976543
510 1976543
508 1976544
508 1976544
508 1976544
510 1976544
509 1976544
509 1976545
506 1976545
509 1976545
510 1976545
509 1976546
507 1976546
507 1976546
511 1976546
509 1976547
509 1976547
508 1976547
510 1976547
509 1976548
510 1976548
509 1976548
508 1976548
508 1976549
509 1976549
510 1976549
507 1976549
511 1976550
506 1976550
508 1976550
510 1976550
511 1976551
510 1976551
510 1976551
509 1976551
507 1976551
509 1976552
509 1976552
510 1976554
510 1976554
509 1976554
509 1976564
511 1976586
509 1976586
508 1976823
508 1976823
506 1976824
509 1976825
511 1976825
508 1976825
509 1976826
511 1976826
510 1976826
509 1976827
507 1976827
509 1976827
509 1976828
508 1976828
511 1976828
509 1976829
509 1976829
510 1976829
507 1976830
509 1976830
509 1976830
510 1976830
509 1976832
510 1976837
509 1976837
510 1976844
509 1977726
509 1977727
507 1977727
511 1977727
507 1977727
507 1977729
509 1977729
505 1977729
508 1977730
510 1977730
510 1977730
507 1977730
509 1977730
507 1977731
509 1977731
509 1977731
509 1977731
510 1977731
511 1977732
510 1977732
506 1977732
507 1977732
506 1977733
508 1977733
509 1977733
510 1977733
510 1977734
511 1977734
507 1977734
508 1977734
507 1977734
509 1977735
509 1977735
508 1977735
509 1977735
509 1977735
511 1977735
510 1977736
507 1977736
508 1977736
506 1977736
508 1977737
509 1977737
509 1977737
509 1977737
509 1977737
508 1977737
508 1977738
507 1977738
506 1977738
507 1977738
507 1977738
509 1977739
507 1977739
509 1977739
511 1977739
509 1977739
509 1977740
507 1977740
510 1977740
509 1977740
508 1977741
510 1977741
508 1977741
509 1977741
510 1977741
508 1977742
509 1977742
508 1977742
509 1977743
509 1977743
508 1977743
509 1977743
510 1977743
508 1977744
509 1977744
509 1977744
510 1977744
508 1977744
511 1977745
508 1977745
509 1977745
508 1977745
509 1977745
506 1977746
508 1977746
507 1977746
511 1977748
509 1977748
511 1977754
508 1977764
512 1978025
507 1978026
508 1978026
508 1978027
509 1978028
511 1978028
509 1978029
507 1978029
509 1978029
511 1978029
510 1978030
508 1978030
510 1978030
510 1978031
509 1978031
508 1978031
508 1978031
509 1978031
511 1978032
510 1978032
509 1978032
507 1978032
513 1978032
508 1978033
511 1978037
506 1978037
510 1978044
509 1978054
509 1978064
507 1978074
508 1978084
509 1978094
508 1978104
509 1978114
508 1978124
508 1978134
508 1978144
510 1978154
507 1978165
506 1978185
508 1978197
507 1978197
509 1978204
509 1978214
508 1978224
509 1978247
509 1978247
509 1978255
508 1978264
509 1978274
506 1978284
508 1978294
510 1978304
508 1978317
510 1978324
510 1978334
509 1978344
506 1978354
509 1978364
509 1978373
508 1978383
510 1978406
509 1978406
509 1978414
510 1978424
509 1978434
507 1978445
508 1978455
510 1978465
510 1978475
511 1978484
508 1978494
508 1978504
509 1978514
511 1978524
507 1978534
510 1978544
505 1978579
510 1978579
509 1978584
508 1978584
509 1978594
510 1978604
510 1978615
510 1978624
508 1978634
508 1978644
509 1978667
508 1978667
509 1978674
510 1978684
510 1978694
509 1978704
508 1978714
509 1978734
510 1978756
509 1978756
509 1978764
510 1978774
509 1978784
510 1978794
511 1978804
507 1978815
508 1978824
509 1978835
509 1978845
509 1978855
509 1978865
509 1978874
511 1978885
511 1978894
509 1978904
509 1978914
506 1978924
509 1978934
508 1978944
509 1978985
510 1979018
509 1979018
510 1979024
510 1979024
508 1979024
506 1979026
510 1979026
509 1979034
508 1979044
507 1979249
509 1979250
511 1979250
509 1979273
509 1979273
507 1979274
510 1979274
507 1979275
510 1979275
510 1979275
506 1979275
509 1979275
509 1979299
506 1979300
508 1979300
508 1979300
508 1979300
507 1979300
508 1979301
508 1979301
510 1979326
510 1979327
508 1979327
508 1979327
508 1979327
509 1979327
509 1979328
508 1979340
509 1979340
510 1979382
511 1979395
508 1979395
507 1979395
506 1979395
506 1979416
510 1979417
509 1979449
510 1979449
508 1979450
512 1979466
508 1979467
506 1979647
508 1979647
508 1979647
509 1979648
509 1979648
509 1979648
509 1979648
511 1979648
511 1979654
508 1979655
507 1979655
510 1979655
509 1979655
509 1979655
508 1979655
510 1979656
511 1979656
509 1979656
508 1979709
508 1979767
508 1979767
506 1979767
509 1979767
511 1979768
510 1979841
510 1979863
511 1979864
509 1979864
509 1979864
509 1979874
511 1979875
510 1979875
509 1979875
507 1979875
508 1979875
509 1979875
507 1979876
508 1979876
510 1979876
507 1979876
509 1979878
509 1979884
506 1979894
509 1979916
511 1979916
509 1979955
507 1979955
508 1979956
509 1979956
508 1979964
508 1979986
509 1979986
509 1979994
510 1980016
509 1980016
507 1980024
509 1980034
509 1980044
510 1980054
508 1980064
507 1980100
510 1980101
511 1980103
507 1980116
508 1980116
508 1980124
506 1980147
504 1980147
521 1980166
519 1980166
515 1980174
511 1980183
510 1980194
508 1980214
506 1980236
510 1980236
508 1980245
505 1980253
511 1980277
509 1980287
510 1980288
510 1980306
508 1980306
508 1980314
510 1980324
508 1980334
508 1980356
508 1980356
507 1980405
509 1980405
509 1980407
509 1980407
505 1980409
510 1980414
507 1980424
509 1980434
509 1980470
506 1980474
505 1980474
515 1980476
507 1980484
508 1980494
511 1980514
505 1980537
504 1980537
509 1980564
509 1980564
511 1980566
511 1980566
507 1980595
506 1980609
507 1980609
508 1980611
510 1980626
508 1980628
509 1980632
506 1980656
512 1980656
519 1980676
509 1980676
501 1980696
524 1980696
503 1980716
510 1980717
518 1980724
514 1980734
504 1980744
522 1980766
501 1980766
509 1980774
513 1980791
509 1980793
508 1980803
507 1980814
511 1980824
509 1980834
510 1980856
508 1980856
508 1980864
509 1980884
511 1980914
508 1980935
512 1980935
513 1980937
505 1980937
511 1980939
508 1980954
508 1980989
505 1980993
507 1980993
511 1980995
506 1981006
508 1981013
510 1981024
508 1981034
508 1981057
506 1981057
510 1981065
509 1981074
509 1981084
512 1981094
507 1981104
509 1981113
511 1981124
504 1981134
508 1981144
510 1981166
505 1981166
505 1981186
506 1981186
511 1981193
523 1981203
522 1981226
505 1981226
505 1981234
511 1981256
508 1981257
512 1981264
508 1981274
513 1981284
509 1981294
512 1981304
505 1981326
505 1981326
503 1981334
518 1981343
518 1981353
515 1981363
520 1981374
509 1981396
489 1981396
492 1981416
515 1981416
522 1981424
507 1981434
512 1981444
506 1981466
509 1981467
507 1981474
514 1981484
512 1981494
508 1981504
507 1981514
510 1981536
510 1981536
508 1981556
508 1981556
510 1981586
510 1981586
509 1981606
507 1981606
508 1981626
510 1981626
510 1981646
510 1981646
509 1981665
511 1981676
508 1981676
511 1981696
508 1981696
508 1981716
510 1981716
508 1981724
509 1981733
509 1981756
508 1981766
512 1981766
512 1981787
508 1981787
506 1981794
508 1981804
508 1981835
509 1981866
508 1981866
510 1981868
509 1981868
511 1981870
510 1981874
508 1981884
508 1981907
510 1981907
511 1981914
508 1981924
507 1981934
506 1981944
511 1981954
510 1981964
510 1981974
509 1981984
507 1981994
509 1982004
508 1982014
509 1982024
512 1982040
511 1982044
510 1982054
509 1982064
507 1982074
511 1982096
507 1982096
509 1982104
508 1982113
508 1982123
510 1982133
510 1982143
508 1982155
508 1982164
509 1982174
507 1982184
510 1982194
509 1982204
507 1982214
510 1982224
511 1982234
511 1982244
507 1982254
510 1982264
507 1982274
509 1982284
510 1982294
508 1982304
509 1982314
508 1982324
508 1982334
508 1982344
508 1982354
510 1982364
510 1982374
509 1982384
508 1982394
511 1982404
512 1982414
509 1982424
506 1982444
509 1982466
510 1982466
508 1982474
509 1982483
508 1982493
509 1982503
510 1982514
510 1982524
509 1982534
510 1982544
510 1982554
509 1982564
508 1982574
507 1982584
510 1982594
510 1982604
511 1982614
509 1982624
508 1982647
509 1982647
511 1982666
510 1982666
509 1982674
505 1982684
512 1982694
510 1982704
509 1982714
509 1982724
505 1982734
512 1982744
510 1982766
508 1982766
508 1982774
509 1982784
510 1982794
507 1982804
507 1982814
507 1982836
509 1982836
508 1982843
507 1982853
506 1982863
510 1982873
512 1982883
508 1982894
506 1982961
508 1982962
510 1982962
509 1982962
510 1982962
509 1982963
506 1982964
511 1982974
509 1982984
509 1983006
506 1983007
508 1983014
509 1983024
510 1983034
509 1983044
509 1983053
512 1983063
510 1983074
509 1983083
506 1983094
507 1983116
506 1983117
509 1983124
506 1983134
517 1983144
516 1983154
514 1983164
501 1983184
510 1983194
511 1983204
512 1983214
510 1983224
508 1983233
508 1983243
503 1983254
508 1983263
510 1983273
509 1983283
511 1983294
510 1983304
507 1983314
506 1983324
507 1983334
508 1983344
506 1983354
504 1983364
509 1983374
507 1983384
508 1983394
512 1983403
508 1983413
510 1983423
500 1983433
530 1983444
507 1983454
476 1983464
473 1983474
486 1983484
496 1983494
508 1983504
516 1983514
515 1983524
520 1983546
522 1983546
511 1983554
505 1983564
506 1983574
509 1983583
508 1983593
509 1983603
508 1983613
505 1983623
509 1983633
506 1983643
507 1983653
510 1983676
509 1983677
509 1983684
511 1983694
515 1983729
509 1983734
515 1983734
507 1983735
504 1983744
513 1983754
512 1983764
507 1983786
507 1983786
511 1983793
508 1983816
507 1983816
507 1983823
509 1983834
507 1983843
507 1983854
508 1983864
509 1983874
511 1983884
510 1983894
514 1983904
521 1983924
522 1983934
505 1983944
498 1983954
512 1983963
503 1983973
505 1983984
518 1983993
521 1984003
514 1984024
508 1984045
508 1984065
515 1984065
508 1984065
511 1984067
506 1984086
509 1984086
513 1984094
508 1984105
507 1984114
508 1984124
508 1984159
511 1984159
507 1984165
508 1984175
511 1984398
