0.00732421875 0.62548828125 0.84716796875 1887067
0.00732421875 0.62548828125 0.84716796875 1887067
0.00732421875 0.62548828125 0.84716796875 1887068
0.00732421875 0.62548828125 0.84716796875 1887068
0.00732421875 0.62548828125 0.84716796875 1887069
0.02880859375 0.609375 0.8583984375 1887253
0.02880859375 0.609375 0.8583984375 1887254
0.02880859375 0.609375 0.8583984375 1887254
0.02880859375 0.609375 0.8583984375 1887254
0.01953125 0.611328125 0.8525390625 1887356
0.01953125 0.611328125 0.8525390625 1887356
0.01953125 0.611328125 0.8525390625 1887357
0.01953125 0.611328125 0.8525390625 1887357
0.0205078125 0.60400390625 0.85546875 1887458
0.0205078125 0.60400390625 0.85546875 1887459
0.0205078125 0.60400390625 0.85546875 1887459
0.0205078125 0.60400390625 0.85546875 1887460
0.00634765625 0.6083984375 0.86376953125 1887573
0.00634765625 0.6083984375 0.86376953125 1887574
0.00634765625 0.6083984375 0.86376953125 1887574
0.00634765625 0.6083984375 0.86376953125 1887574
0.0185546875 0.5791015625 0.8798828125 1887762
0.0185546875 0.5791015625 0.8798828125 1887763
0.0185546875 0.5791015625 0.8798828125 1887763
0.0185546875 0.5791015625 0.8798828125 1887764
0.01708984375 0.57373046875 0.88671875 1887864
0.01708984375 0.57373046875 0.88671875 1887865
0.01708984375 0.57373046875 0.88671875 1887865
0.01708984375 0.57373046875 0.88671875 1887866
0.03564453125 0.58642578125 0.859375 1888054
0.03564453125 0.58642578125 0.859375 1888055
0.03564453125 0.58642578125 0.859375 1888055
0.03564453125 0.58642578125 0.859375 1888055
0.025390625 0.59130859375 0.865234375 1888174
0.025390625 0.59130859375 0.865234375 1888174
0.025390625 0.59130859375 0.865234375 1888175
0.025390625 0.59130859375 0.865234375 1888175
0.01708984375 0.68212890625 0.85546875 1888362
0.01708984375 0.68212890625 0.85546875 1888362
0.01708984375 0.68212890625 0.85546875 1888362
0.01708984375 0.68212890625 0.85546875 1888363
0.01513671875 0.64306640625 0.76904296875 1888465
0.01513671875 0.64306640625 0.76904296875 1888465
0.01513671875 0.64306640625 0.76904296875 1888465
0.01513671875 0.64306640625 0.76904296875 1888465
0.00048828125 0.67138671875 0.841796875 1888653
0.00048828125 0.67138671875 0.841796875 1888653
0.00048828125 0.67138671875 0.841796875 1888654
0.00048828125 0.67138671875 0.841796875 1888654
-0.00537109375 0.6416015625 0.85986328125 1888756
-0.00537109375 0.6416015625 0.85986328125 1888756
-0.00537109375 0.6416015625 0.85986328125 1888756
-0.00537109375 0.6416015625 0.85986328125 1888757
-0.00341796875 0.6220703125 0.84521484375 1888858
-0.00341796875 0.6220703125 0.84521484375 1888858
-0.00341796875 0.6220703125 0.84521484375 1888858
-0.01171875 0.6279296875 0.83349609375 1888940
-0.0166015625 0.62353515625 0.83984375 1889052
-0.0166015625 0.62353515625 0.83984375 1889052
-0.0166015625 0.62353515625 0.83984375 1889053
-0.0166015625 0.62353515625 0.83984375 1889054
0.01416015625 0.63330078125 0.841796875 1889155
0.01416015625 0.63330078125 0.841796875 1889155
0.01416015625 0.63330078125 0.841796875 1889156
0.01416015625 0.63330078125 0.841796875 1889156
-0.0234375 0.6357421875 0.84228515625 1889257
-0.0234375 0.6357421875 0.84228515625 1889257
-0.0234375 0.6357421875 0.84228515625 1889258
-0.0234375 0.6357421875 0.84228515625 1889258
-0.01123046875 0.63818359375 0.86376953125 1889360
-0.01123046875 0.63818359375 0.86376953125 1889360
-0.01123046875 0.63818359375 0.86376953125 1889361
-0.01123046875 0.63818359375 0.86376953125 1889361
-0.00830078125 0.62646484375 0.833984375 1889462
-0.00830078125 0.62646484375 0.833984375 1889462
-0.00830078125 0.62646484375 0.833984375 1889463
-0.00830078125 0.62646484375 0.833984375 1889463
-0.01904296875 0.61279296875 0.86328125 1889652
-0.01904296875 0.61279296875 0.86328125 1889652
-0.01904296875 0.61279296875 0.86328125 1889653
-0.01904296875 0.61279296875 0.86328125 1889653
0.01513671875 0.65771484375 0.87646484375 1889755
0.01513671875 0.65771484375 0.87646484375 1889755
0.01513671875 0.65771484375 0.87646484375 1889756
0.01513671875 0.65771484375 0.87646484375 1889757
-0.0546875 0.6025390625 0.8876953125 1889857
-0.0546875 0.6025390625 0.8876953125 1889857
-0.0546875 0.6025390625 0.8876953125 1889857
-0.0546875 0.6025390625 0.8876953125 1889859
-0.02294921875 0.5625 0.90087890625 1889960
-0.02294921875 0.5625 0.90087890625 1889960
-0.02294921875 0.5625 0.90087890625 1889961
-0.02294921875 0.5625 0.90087890625 1889961
-0.02001953125 0.54833984375 0.904296875 1890062
-0.02001953125 0.54833984375 0.904296875 1890063
-0.02001953125 0.54833984375 0.904296875 1890064
-0.02001953125 0.54833984375 0.904296875 1890064
-0.00439453125 0.52099609375 0.91650390625 1890253
-0.00439453125 0.52099609375 0.91650390625 1890253
-0.00439453125 0.52099609375 0.91650390625 1890254
-0.00439453125 0.52099609375 0.91650390625 1890255
-0.0107421875 0.529296875 0.9189453125 1890355
-0.0107421875 0.529296875 0.9189453125 1890355
-0.0107421875 0.529296875 0.9189453125 1890356
-0.0107421875 0.529296875 0.9189453125 1890356
0.0126953125 0.5283203125 0.912109375 1890457
0.0126953125 0.5283203125 0.912109375 1890458
0.0126953125 0.5283203125 0.912109375 1890459
0.0126953125 0.5283203125 0.912109375 1890459
0 0.54345703125 0.9033203125 1890559
0 0.54345703125 0.9033203125 1890560
0 0.54345703125 0.9033203125 1890561
0 0.54345703125 0.9033203125 1890561
0.02294921875 0.541015625 0.89990234375 1890662
0.02294921875 0.541015625 0.89990234375 1890663
0.02294921875 0.541015625 0.89990234375 1890663
0.02294921875 0.541015625 0.89990234375 1890664
0.02099609375 0.53076171875 0.90087890625 1890843
0.02099609375 0.53076171875 0.90087890625 1890843
0.02099609375 0.53076171875 0.90087890625 1890844
0.02099609375 0.53076171875 0.90087890625 1890844
0.0341796875 0.5205078125 0.88671875 1890953
0.0341796875 0.5205078125 0.88671875 1890954
0.0341796875 0.5205078125 0.88671875 1890954
0.0341796875 0.5205078125 0.88671875 1890955
0.0478515625 0.51904296875 0.876953125 1891056
0.0478515625 0.51904296875 0.876953125 1891056
0.0478515625 0.51904296875 0.876953125 1891057
0.0478515625 0.51904296875 0.876953125 1891057
0.00244140625 0.58056640625 0.8896484375 1891158
0.00244140625 0.58056640625 0.8896484375 1891159
0.00244140625 0.58056640625 0.8896484375 1891160
0.00244140625 0.58056640625 0.8896484375 1891160
0.0283203125 0.58642578125 0.90966796875 1891261
0.0283203125 0.58642578125 0.90966796875 1891261
0.0283203125 0.58642578125 0.90966796875 1891262
0.0283203125 0.58642578125 0.90966796875 1891262
0.078125 0.48681640625 0.89990234375 1891363
0.078125 0.48681640625 0.89990234375 1891363
0.078125 0.48681640625 0.89990234375 1891364
0.078125 0.48681640625 0.89990234375 1891364
0.05322265625 0.80908203125 0.91162109375 1891552
0.05322265625 0.80908203125 0.91162109375 1891553
0.05322265625 0.80908203125 0.91162109375 1891553
0.05322265625 0.80908203125 0.91162109375 1891554
0.08837890625 0.68505859375 0.82373046875 1891654
0.08837890625 0.68505859375 0.82373046875 1891654
0.08837890625 0.68505859375 0.82373046875 1891655
0.08837890625 0.68505859375 0.82373046875 1891655
0.17431640625 0.755859375 0.75244140625 1891757
0.17431640625 0.755859375 0.75244140625 1891757
0.17431640625 0.755859375 0.75244140625 1891758
0.27197265625 0.78857421875 0.72509765625 1891860
0.27197265625 0.78857421875 0.72509765625 1891860
0.27197265625 0.78857421875 0.72509765625 1891861
0.27197265625 0.78857421875 0.72509765625 1891861
0.27880859375 0.63232421875 0.71044921875 1891963
0.27880859375 0.63232421875 0.71044921875 1891963
0.27880859375 0.63232421875 0.71044921875 1891964
0.27880859375 0.63232421875 0.71044921875 1891965
-0.06884765625 0.67041015625 0.8095703125 1892140
-0.06884765625 0.67041015625 0.8095703125 1892140
-0.06884765625 0.67041015625 0.8095703125 1892141
-0.06884765625 0.67041015625 0.8095703125 1892141
-0.02294921875 0.7041015625 0.87451171875 1892250
-0.02294921875 0.7041015625 0.87451171875 1892250
-0.02294921875 0.7041015625 0.87451171875 1892251
-0.02294921875 0.7041015625 0.87451171875 1892252
-0.0302734375 0.65673828125 0.8740234375 1892354
-0.0302734375 0.65673828125 0.8740234375 1892354
-0.0302734375 0.65673828125 0.8740234375 1892355
-0.0302734375 0.65673828125 0.8740234375 1892355
-0.02490234375 0.6259765625 0.83544921875 1892455
-0.02490234375 0.6259765625 0.83544921875 1892455
-0.02490234375 0.6259765625 0.83544921875 1892456
-0.02490234375 0.6259765625 0.83544921875 1892457
0.0361328125 0.6201171875 0.8505859375 1892558
0.0361328125 0.6201171875 0.8505859375 1892559
0.0361328125 0.6201171875 0.8505859375 1892560
0.0361328125 0.6201171875 0.8505859375 1892560
0.03515625 0.587890625 0.84814453125 1892661
0.03515625 0.587890625 0.84814453125 1892661
0.03515625 0.587890625 0.84814453125 1892662
0.03515625 0.587890625 0.84814453125 1892662
0.087890625 0.5986328125 0.845703125 1892851
0.087890625 0.5986328125 0.845703125 1892851
0.087890625 0.5986328125 0.845703125 1892852
0.087890625 0.5986328125 0.845703125 1892852
0.05078125 0.6015625 0.8583984375 1892954
0.05078125 0.6015625 0.8583984375 1892955
0.05078125 0.6015625 0.8583984375 1892955
0.05078125 0.6015625 0.8583984375 1892955
0.0732421875 0.603515625 0.865234375 1893056
0.0732421875 0.603515625 0.865234375 1893056
0.0732421875 0.603515625 0.865234375 1893057
0.0732421875 0.603515625 0.865234375 1893058
0.07861328125 0.6123046875 0.86376953125 1893158
0.07861328125 0.6123046875 0.86376953125 1893158
0.07861328125 0.6123046875 0.86376953125 1893159
0.07861328125 0.6123046875 0.86376953125 1893159
0.07958984375 0.5771484375 0.84619140625 1893261
0.07958984375 0.5771484375 0.84619140625 1893261
0.07958984375 0.5771484375 0.84619140625 1893262
0.07958984375 0.5771484375 0.84619140625 1893263
0.09228515625 0.60400390625 0.87158203125 1893452
0.09228515625 0.60400390625 0.87158203125 1893452
0.09228515625 0.60400390625 0.87158203125 1893453
0.09228515625 0.60400390625 0.87158203125 1893453
0.07177734375 0.611328125 0.84814453125 1893555
0.07177734375 0.611328125 0.84814453125 1893555
0.07177734375 0.611328125 0.84814453125 1893556
0.07177734375 0.611328125 0.84814453125 1893557
0.1015625 0.611328125 0.84765625 1893657
0.1015625 0.611328125 0.84765625 1893658
0.1015625 0.611328125 0.84765625 1893658
0.1015625 0.611328125 0.84765625 1893659
0.08154296875 0.6162109375 0.8544921875 1893760
0.08154296875 0.6162109375 0.8544921875 1893760
0.08154296875 0.6162109375 0.8544921875 1893761
0.08154296875 0.6162109375 0.8544921875 1893761
0.0439453125 0.61474609375 0.85986328125 1893862
0.0439453125 0.61474609375 0.85986328125 1893863
0.0439453125 0.61474609375 0.85986328125 1893863
0.0439453125 0.61474609375 0.85986328125 1893864
0.0478515625 0.6064453125 0.85107421875 1894052
0.0478515625 0.6064453125 0.85107421875 1894053
0.0478515625 0.6064453125 0.85107421875 1894054
0.0478515625 0.6064453125 0.85107421875 1894054
0.046875 0.6083984375 0.85546875 1894155
0.046875 0.6083984375 0.85546875 1894155
0.046875 0.6083984375 0.85546875 1894156
0.046875 0.6083984375 0.85546875 1894156
0.033203125 0.60595703125 0.849609375 1894258
0.033203125 0.60595703125 0.849609375 1894258
0.033203125 0.60595703125 0.849609375 1894259
0.033203125 0.60595703125 0.849609375 1894260
0.04345703125 0.6005859375 0.8505859375 1894360
0.04345703125 0.6005859375 0.8505859375 1894360
0.04345703125 0.6005859375 0.8505859375 1894360
0.04345703125 0.6005859375 0.8505859375 1894361
0.03759765625 0.6103515625 0.84765625 1894462
0.03759765625 0.6103515625 0.84765625 1894463
0.03759765625 0.6103515625 0.84765625 1894464
0.03759765625 0.6103515625 0.84765625 1894464
0.02197265625 0.62841796875 0.853515625 1894651
0.02197265625 0.62841796875 0.853515625 1894651
0.02197265625 0.62841796875 0.853515625 1894652
0.02197265625 0.62841796875 0.853515625 1894652
0.033203125 0.62109375 0.8486328125 1894753
0.033203125 0.62109375 0.8486328125 1894753
0.033203125 0.62109375 0.8486328125 1894754
0.033203125 0.62109375 0.8486328125 1894754
0.02294921875 0.62158203125 0.85498046875 1894856
0.02294921875 0.62158203125 0.85498046875 1894856
0.02294921875 0.62158203125 0.85498046875 1894857
0.013671875 0.62548828125 0.85302734375 1894959
0.013671875 0.62548828125 0.85302734375 1894959
0.013671875 0.62548828125 0.85302734375 1894960
0.013671875 0.62548828125 0.85302734375 1894961
0.03564453125 0.61962890625 0.8369140625 1895062
0.03564453125 0.61962890625 0.8369140625 1895063
0.03564453125 0.61962890625 0.8369140625 1895064
0.03564453125 0.61962890625 0.8369140625 1895065
0.02392578125 0.63232421875 0.85107421875 1895251
0.02392578125 0.63232421875 0.85107421875 1895252
0.02392578125 0.63232421875 0.85107421875 1895253
0.02392578125 0.63232421875 0.85107421875 1895253
0.01318359375 0.62939453125 0.85888671875 1895450
0.01318359375 0.62939453125 0.85888671875 1895450
0.01318359375 0.62939453125 0.85888671875 1895451
0.01318359375 0.62939453125 0.85888671875 1895451
0.02392578125 0.630859375 0.84375 1895552
0.02392578125 0.630859375 0.84375 1895553
0.02392578125 0.630859375 0.84375 1895553
0.02392578125 0.630859375 0.84375 1895554
0.02685546875 0.61962890625 0.84228515625 1895654
0.02685546875 0.61962890625 0.84228515625 1895654
0.02685546875 0.61962890625 0.84228515625 1895655
0.02685546875 0.61962890625 0.84228515625 1895655
0.037109375 0.62939453125 0.84375 1895861
0.037109375 0.62939453125 0.84375 1895861
0.037109375 0.62939453125 0.84375 1895862
0.037109375 0.62939453125 0.84375 1895862
0.04833984375 0.61376953125 0.84228515625 1896049
0.04833984375 0.61376953125 0.84228515625 1896050
0.04833984375 0.61376953125 0.84228515625 1896050
0.04833984375 0.61376953125 0.84228515625 1896051
0.04736328125 0.6298828125 0.84228515625 1896152
0.04736328125 0.6298828125 0.84228515625 1896152
0.04736328125 0.6298828125 0.84228515625 1896153
0.04736328125 0.6298828125 0.84228515625 1896153
0.04931640625 0.63134765625 0.84228515625 1896255
0.04931640625 0.63134765625 0.84228515625 1896256
0.04931640625 0.63134765625 0.84228515625 1896256
0.04931640625 0.63134765625 0.84228515625 1896257
0.0439453125 0.63037109375 0.84326171875 1896357
0.0439453125 0.63037109375 0.84326171875 1896357
0.0439453125 0.63037109375 0.84326171875 1896358
0.0439453125 0.63037109375 0.84326171875 1896359
0.0595703125 0.623046875 0.84228515625 1896460
0.0595703125 0.623046875 0.84228515625 1896460
0.0595703125 0.623046875 0.84228515625 1896461
0.0595703125 0.623046875 0.84228515625 1896461
0.046875 0.63623046875 0.84619140625 1896651
0.046875 0.63623046875 0.84619140625 1896651
0.046875 0.63623046875 0.84619140625 1896652
0.046875 0.63623046875 0.84619140625 1896652
0.05126953125 0.6162109375 0.841796875 1896753
0.05126953125 0.6162109375 0.841796875 1896753
0.05126953125 0.6162109375 0.841796875 1896754
0.05126953125 0.6162109375 0.841796875 1896754
0.0439453125 0.62939453125 0.85107421875 1896855
0.0439453125 0.62939453125 0.85107421875 1896855
0.0439453125 0.62939453125 0.85107421875 1896855
0.0439453125 0.62939453125 0.85107421875 1896856
0.03466796875 0.62451171875 0.853515625 1896958
0.03466796875 0.62451171875 0.853515625 1896958
0.03466796875 0.62451171875 0.853515625 1896959
0.03466796875 0.62451171875 0.853515625 1896960
0.04833984375 0.6328125 0.84375 1897061
0.04833984375 0.6328125 0.84375 1897062
0.04833984375 0.6328125 0.84375 1897063
0.04833984375 0.6328125 0.84375 1897063
0.04931640625 0.6357421875 0.85302734375 1897250
0.04931640625 0.6357421875 0.85302734375 1897250
0.04931640625 0.6357421875 0.85302734375 1897251
0.04931640625 0.6357421875 0.85302734375 1897252
0.03369140625 0.60595703125 0.84033203125 1897353
0.03369140625 0.60595703125 0.84033203125 1897353
0.03369140625 0.60595703125 0.84033203125 1897354
0.03369140625 0.60595703125 0.84033203125 1897354
0.04296875 0.63818359375 0.8583984375 1897456
0.04296875 0.63818359375 0.8583984375 1897456
0.04296875 0.63818359375 0.8583984375 1897457
0.04296875 0.63818359375 0.8583984375 1897457
0.0419921875 0.6142578125 0.845703125 1897558
0.0419921875 0.6142578125 0.845703125 1897559
0.0419921875 0.6142578125 0.845703125 1897559
0.0419921875 0.6142578125 0.845703125 1897560
0.03125 0.60986328125 0.84375 1897660
0.03125 0.60986328125 0.84375 1897660
0.03125 0.60986328125 0.84375 1897661
0.03125 0.60986328125 0.84375 1897661
0.03759765625 0.6064453125 0.8486328125 1897848
0.03759765625 0.6064453125 0.8486328125 1897848
0.03759765625 0.6064453125 0.8486328125 1897848
0.03759765625 0.6064453125 0.8486328125 1897849
0.03759765625 0.62451171875 0.849609375 1897956
0.03759765625 0.62451171875 0.849609375 1897956
0.03759765625 0.62451171875 0.849609375 1897957
0.03759765625 0.62451171875 0.849609375 1897957
0.02685546875 0.623046875 0.85546875 1898058
0.02685546875 0.623046875 0.85546875 1898059
0.02685546875 0.623046875 0.85546875 1898059
0.02685546875 0.623046875 0.85546875 1898060
0.04345703125 0.6201171875 0.85107421875 1898248
0.04345703125 0.6201171875 0.85107421875 1898248
0.04345703125 0.6201171875 0.85107421875 1898249
0.04345703125 0.6201171875 0.85107421875 1898250
0.02783203125 0.6201171875 0.84375 1898350
0.02783203125 0.6201171875 0.84375 1898350
0.02783203125 0.6201171875 0.84375 1898350
0.02783203125 0.6201171875 0.84375 1898351
0.03125 0.61865234375 0.85693359375 1898453
0.03125 0.61865234375 0.85693359375 1898453
0.03125 0.61865234375 0.85693359375 1898454
0.03125 0.61865234375 0.85693359375 1898454
0.01904296875 0.6103515625 0.849609375 1898649
0.01904296875 0.6103515625 0.849609375 1898654
0.01904296875 0.6103515625 0.849609375 1898654
0.01904296875 0.6103515625 0.849609375 1898655
0.05126953125 0.62158203125 0.84814453125 1898751
0.03369140625 0.62451171875 0.857421875 1898855
0.03369140625 0.62451171875 0.857421875 1898855
0.03369140625 0.62451171875 0.857421875 1898855
0.03369140625 0.62451171875 0.857421875 1898856
0.02587890625 0.611328125 0.849609375 1898957
0.02587890625 0.611328125 0.849609375 1898957
0.02587890625 0.611328125 0.849609375 1898958
0.02587890625 0.611328125 0.849609375 1898958
0.04345703125 0.6142578125 0.84326171875 1899060
0.04345703125 0.6142578125 0.84326171875 1899060
0.04345703125 0.6142578125 0.84326171875 1899061
0.04345703125 0.6142578125 0.84326171875 1899061
0.03173828125 0.6123046875 0.84130859375 1899249
0.03173828125 0.6123046875 0.84130859375 1899249
0.03173828125 0.6123046875 0.84130859375 1899250
0.03173828125 0.6123046875 0.84130859375 1899250
0.02490234375 0.6142578125 0.84423828125 1899352
0.02490234375 0.6142578125 0.84423828125 1899352
0.02490234375 0.6142578125 0.84423828125 1899353
0.02490234375 0.6142578125 0.84423828125 1899353
0.0263671875 0.6220703125 0.84765625 1899454
0.0263671875 0.6220703125 0.84765625 1899455
0.0263671875 0.6220703125 0.84765625 1899455
0.0263671875 0.6220703125 0.84765625 1899456
0.0361328125 0.61767578125 0.84765625 1899558
0.0361328125 0.61767578125 0.84765625 1899559
0.0361328125 0.61767578125 0.84765625 1899559
0.0361328125 0.61767578125 0.84765625 1899560
0.033203125 0.62353515625 0.8486328125 1899659
0.033203125 0.62353515625 0.8486328125 1899660
0.033203125 0.62353515625 0.8486328125 1899660
0.033203125 0.62353515625 0.8486328125 1899661
0.04736328125 0.62109375 0.8349609375 1899849
0.04736328125 0.62109375 0.8349609375 1899849
0.04736328125 0.62109375 0.8349609375 1899849
0.04736328125 0.62109375 0.8349609375 1899850
0.02734375 0.611328125 0.84814453125 1899951
0.02734375 0.611328125 0.84814453125 1899951
0.02734375 0.611328125 0.84814453125 1899952
0.02734375 0.611328125 0.84814453125 1899952
0.02587890625 0.62841796875 0.8486328125 1900053
0.02587890625 0.62841796875 0.8486328125 1900053
0.02587890625 0.62841796875 0.8486328125 1900054
0.02587890625 0.62841796875 0.8486328125 1900054
0.0341796875 0.64306640625 0.85986328125 1900156
0.0341796875 0.64306640625 0.85986328125 1900156
0.0341796875 0.64306640625 0.85986328125 1900157
0.0341796875 0.64306640625 0.85986328125 1900157
0.0283203125 0.60595703125 0.83935546875 1900259
0.0283203125 0.60595703125 0.83935546875 1900259
0.0283203125 0.60595703125 0.83935546875 1900260
0.0283203125 0.60595703125 0.83935546875 1900260
0.0224609375 0.623046875 0.8408203125 1900449
0.0224609375 0.623046875 0.8408203125 1900449
0.0224609375 0.623046875 0.8408203125 1900450
0.0224609375 0.623046875 0.8408203125 1900451
0.0244140625 0.6220703125 0.84130859375 1900552
0.0244140625 0.6220703125 0.84130859375 1900552
0.0244140625 0.6220703125 0.84130859375 1900552
0.0244140625 0.6220703125 0.84130859375 1900553
0.01318359375 0.6298828125 0.8486328125 1900655
0.01318359375 0.6298828125 0.8486328125 1900655
0.01318359375 0.6298828125 0.8486328125 1900656
0.01318359375 0.6298828125 0.8486328125 1900657
0.03466796875 0.63427734375 0.85107421875 1900758
0.03466796875 0.63427734375 0.85107421875 1900758
0.03466796875 0.63427734375 0.85107421875 1900759
0.03466796875 0.63427734375 0.85107421875 1900759
0.0322265625 0.640625 0.84521484375 1900935
0.0322265625 0.640625 0.84521484375 1900936
0.0322265625 0.640625 0.84521484375 1900936
0.0322265625 0.640625 0.84521484375 1900937
0.0146484375 0.63330078125 0.8388671875 1901047
0.0146484375 0.63330078125 0.8388671875 1901096
0.0146484375 0.63330078125 0.8388671875 1901097
0.0146484375 0.63330078125 0.8388671875 1901097
0.0458984375 0.62939453125 0.84423828125 1901149
0.01904296875 0.62353515625 0.84130859375 1901251
0.01904296875 0.62353515625 0.84130859375 1901252
0.01904296875 0.62353515625 0.84130859375 1901253
0.01904296875 0.62353515625 0.84130859375 1901253
0.01953125 0.626953125 0.84326171875 1901354
0.01953125 0.626953125 0.84326171875 1901355
0.01953125 0.626953125 0.84326171875 1901355
0.01953125 0.626953125 0.84326171875 1901355
0.0390625 0.62890625 0.8447265625 1901456
0.0390625 0.62890625 0.8447265625 1901457
0.0390625 0.62890625 0.8447265625 1901457
0.0390625 0.62890625 0.8447265625 1901458
0.033203125 0.64501953125 0.84912109375 1901653
0.033203125 0.64501953125 0.84912109375 1901653
0.033203125 0.64501953125 0.84912109375 1901654
0.033203125 0.64501953125 0.84912109375 1901654
0.02392578125 0.6328125 0.8447265625 1901848
0.02392578125 0.6328125 0.8447265625 1901848
0.02392578125 0.6328125 0.8447265625 1901848
0.02392578125 0.6328125 0.8447265625 1901849
0.017578125 0.615234375 0.84033203125 1901950
0.017578125 0.615234375 0.84033203125 1901951
0.017578125 0.615234375 0.84033203125 1901951
0.017578125 0.615234375 0.84033203125 1901952
0.025390625 0.64697265625 0.85205078125 1902053
0.025390625 0.64697265625 0.85205078125 1902054
0.025390625 0.64697265625 0.85205078125 1902055
0.025390625 0.64697265625 0.85205078125 1902055
0.03564453125 0.63720703125 0.845703125 1902155
0.03564453125 0.63720703125 0.845703125 1902156
0.03564453125 0.63720703125 0.845703125 1902156
0.03564453125 0.63720703125 0.845703125 1902157
0.0234375 0.64404296875 0.845703125 1902258
0.0234375 0.64404296875 0.845703125 1902258
0.0234375 0.64404296875 0.845703125 1902259
0.0234375 0.64404296875 0.845703125 1902260
0.04150390625 0.638671875 0.83056640625 1902447
0.04150390625 0.638671875 0.83056640625 1902447
0.04150390625 0.638671875 0.83056640625 1902448
0.04150390625 0.638671875 0.83056640625 1902448
0.03955078125 0.6591796875 0.83544921875 1902550
0.03955078125 0.6591796875 0.83544921875 1902551
0.03955078125 0.6591796875 0.83544921875 1902551
0.03955078125 0.6591796875 0.83544921875 1902552
0.03955078125 0.63330078125 0.84033203125 1902652
0.03955078125 0.63330078125 0.84033203125 1902652
0.03955078125 0.63330078125 0.84033203125 1902653
0.03955078125 0.63330078125 0.84033203125 1902653
0.03515625 0.61328125 0.8251953125 1902754
0.03515625 0.61328125 0.8251953125 1902754
0.03515625 0.61328125 0.8251953125 1902755
0.03515625 0.61328125 0.8251953125 1902755
0.0615234375 0.61767578125 0.8349609375 1902857
0.0615234375 0.61767578125 0.8349609375 1902857
0.0615234375 0.61767578125 0.8349609375 1902857
0.0615234375 0.61767578125 0.8349609375 1902858
0.02197265625 0.6181640625 0.84814453125 1903047
0.02197265625 0.6181640625 0.84814453125 1903047
0.02197265625 0.6181640625 0.84814453125 1903048
0.02197265625 0.6181640625 0.84814453125 1903048
-0.00244140625 0.61474609375 0.873046875 1903149
-0.00244140625 0.61474609375 0.873046875 1903149
-0.00244140625 0.61474609375 0.873046875 1903150
-0.00244140625 0.61474609375 0.873046875 1903152
-0.01123046875 0.62890625 0.8505859375 1903252
-0.01123046875 0.62890625 0.8505859375 1903252
-0.01123046875 0.62890625 0.8505859375 1903253
-0.01123046875 0.62890625 0.8505859375 1903254
-0.0009765625 0.61669921875 0.85107421875 1903355
-0.0009765625 0.61669921875 0.85107421875 1903355
-0.0009765625 0.61669921875 0.85107421875 1903356
-0.0009765625 0.61669921875 0.85107421875 1903356
0.02197265625 0.6201171875 0.7841796875 1903457
0.02197265625 0.6201171875 0.7841796875 1903457
0.02197265625 0.6201171875 0.7841796875 1903458
0.02197265625 0.6201171875 0.7841796875 1903458
0.3125 0.64599609375 0.7451171875 1903648
0.3125 0.64599609375 0.7451171875 1903648
0.3125 0.64599609375 0.7451171875 1903648
0.3125 0.64599609375 0.7451171875 1903649
0.5546875 0.69384765625 0.7216796875 1903751
0.5546875 0.69384765625 0.7216796875 1903751
0.5546875 0.69384765625 0.7216796875 1903752
0.5546875 0.69384765625 0.7216796875 1903752
0.6650390625 0.56787109375 0.62548828125 1903856
0.6650390625 0.56787109375 0.62548828125 1903856
0.6650390625 0.56787109375 0.62548828125 1903857
0.6650390625 0.56787109375 0.62548828125 1903858
0.88525390625 0.45751953125 0.4560546875 1903958
0.88525390625 0.45751953125 0.4560546875 1903958
0.88525390625 0.45751953125 0.4560546875 1903959
0.88525390625 0.45751953125 0.4560546875 1903959
0.8798828125 0.1171875 0.1650390625 1904146
0.8798828125 0.1171875 0.1650390625 1904147
0.8798828125 0.1171875 0.1650390625 1904147
0.8798828125 0.1171875 0.1650390625 1904148
0.5966796875 -0.07177734375 0.02001953125 1904248
0.5966796875 -0.07177734375 0.02001953125 1904248
0.5966796875 -0.07177734375 0.02001953125 1904249
0.5966796875 -0.07177734375 0.02001953125 1904250
1.2177734375 0.4609375 0.09228515625 1904351
1.2177734375 0.4609375 0.09228515625 1904351
1.2177734375 0.4609375 0.09228515625 1904352
1.2177734375 0.4609375 0.09228515625 1904353
0.94921875 0.3349609375 0.1943359375 1904453
0.94921875 0.3349609375 0.1943359375 1904453
0.94921875 0.3349609375 0.1943359375 1904454
0.94921875 0.3349609375 0.1943359375 1904455
0.8955078125 0.4130859375 0.3984375 1904556
0.8955078125 0.4130859375 0.3984375 1904556
0.8955078125 0.4130859375 0.3984375 1904557
0.8955078125 0.4130859375 0.3984375 1904558
0.388671875 0.33203125 0.90966796875 1904745
0.388671875 0.33203125 0.90966796875 1904746
0.388671875 0.33203125 0.90966796875 1904747
0.388671875 0.33203125 0.90966796875 1904747
0.34912109375 0.28662109375 0.88720703125 1904852
0.34912109375 0.28662109375 0.88720703125 1904852
0.34912109375 0.28662109375 0.88720703125 1904853
0.34912109375 0.28662109375 0.88720703125 1904853
0.34130859375 0.30029296875 0.95556640625 1905047
0.34130859375 0.30029296875 0.95556640625 1905048
0.34130859375 0.30029296875 0.95556640625 1905049
0.34130859375 0.30029296875 0.95556640625 1905049
0.244140625 0.2724609375 0.958984375 1905149
0.244140625 0.2724609375 0.958984375 1905149
0.244140625 0.2724609375 0.958984375 1905150
0.244140625 0.2724609375 0.958984375 1905150
0.20849609375 0.28759765625 0.9794921875 1905252
0.20849609375 0.28759765625 0.9794921875 1905252
0.20849609375 0.28759765625 0.9794921875 1905253
0.20849609375 0.28759765625 0.9794921875 1905254
0.25390625 0.28369140625 0.97509765625 1905354
0.25390625 0.28369140625 0.97509765625 1905354
0.25390625 0.28369140625 0.97509765625 1905354
0.25390625 0.28369140625 0.97509765625 1905355
0.26904296875 0.32568359375 1.00537109375 1905457
0.26904296875 0.32568359375 1.00537109375 1905458
0.26904296875 0.32568359375 1.00537109375 1905458
0.26904296875 0.32568359375 1.00537109375 1905459
0.3046875 0.25927734375 1.00634765625 1905645
0.3046875 0.25927734375 1.00634765625 1905646
0.3046875 0.25927734375 1.00634765625 1905646
0.3046875 0.25927734375 1.00634765625 1905646
0.24951171875 0.20263671875 0.92578125 1905748
0.24951171875 0.20263671875 0.92578125 1905749
0.24951171875 0.20263671875 0.92578125 1905750
0.24951171875 0.20263671875 0.92578125 1905750
0.06201171875 0.728515625 0.81982421875 1905949
0.06201171875 0.728515625 0.81982421875 1905950
0.06201171875 0.728515625 0.81982421875 1905951
0.06201171875 0.728515625 0.81982421875 1905951
0.07421875 0.8515625 0.70361328125 1906052
0.07421875 0.8515625 0.70361328125 1906053
0.07421875 0.8515625 0.70361328125 1906053
0.07421875 0.8515625 0.70361328125 1906054
0.02685546875 0.8505859375 0.67431640625 1906154
0.02685546875 0.8505859375 0.67431640625 1906154
0.02685546875 0.8505859375 0.67431640625 1906155
0.02685546875 0.8505859375 0.67431640625 1906156
0.0927734375 0.80322265625 0.6533203125 1906257
0.0927734375 0.80322265625 0.6533203125 1906258
0.0927734375 0.80322265625 0.6533203125 1906258
0.0927734375 0.80322265625 0.6533203125 1906259
0.02685546875 0.74609375 0.69580078125 1906447
0.02685546875 0.74609375 0.69580078125 1906447
0.02685546875 0.74609375 0.69580078125 1906448
0.02685546875 0.74609375 0.69580078125 1906448
0.0458984375 0.7265625 0.80224609375 1906549
0.0458984375 0.7265625 0.80224609375 1906550
0.0458984375 0.7265625 0.80224609375 1906550
0.0458984375 0.7265625 0.80224609375 1906551
0.00927734375 0.73046875 0.86474609375 1906651
0.00927734375 0.73046875 0.86474609375 1906651
0.00927734375 0.73046875 0.86474609375 1906652
0.00927734375 0.73046875 0.86474609375 1906652
0.02880859375 0.67919921875 0.8896484375 1906769
0.02880859375 0.67919921875 0.8896484375 1906769
0.02880859375 0.67919921875 0.8896484375 1906770
0.02880859375 0.67919921875 0.8896484375 1906770
0.06494140625 0.58349609375 0.87890625 1906944
0.06494140625 0.58349609375 0.87890625 1906944
0.06494140625 0.58349609375 0.87890625 1906945
0.06494140625 0.58349609375 0.87890625 1906945
0.0537109375 0.56982421875 0.88525390625 1907071
0.0537109375 0.56982421875 0.88525390625 1907072
0.0537109375 0.56982421875 0.88525390625 1907075
0.0537109375 0.56982421875 0.88525390625 1907075
0.0859375 0.58251953125 0.85595703125 1907251
0.0859375 0.58251953125 0.85595703125 1907251
0.0859375 0.58251953125 0.85595703125 1907252
0.0859375 0.58251953125 0.85595703125 1907252
0.087890625 0.568359375 0.86181640625 1907355
0.087890625 0.568359375 0.86181640625 1907355
0.087890625 0.568359375 0.86181640625 1907356
0.087890625 0.568359375 0.86181640625 1907357
0.0625 0.5810546875 0.87548828125 1907544
0.0625 0.5810546875 0.87548828125 1907545
0.0625 0.5810546875 0.87548828125 1907546
0.0625 0.5810546875 0.87548828125 1907546
0.08154296875 0.58447265625 0.8740234375 1907646
0.08154296875 0.58447265625 0.8740234375 1907647
0.08154296875 0.58447265625 0.8740234375 1907647
0.08154296875 0.58447265625 0.8740234375 1907648
0.05908203125 0.5869140625 0.875 1907749
0.05908203125 0.5869140625 0.875 1907750
0.05908203125 0.5869140625 0.875 1907750
0.05908203125 0.5869140625 0.875 1907751
0.068359375 0.55859375 0.86767578125 1907851
0.068359375 0.55859375 0.86767578125 1907852
0.068359375 0.55859375 0.86767578125 1907852
0.068359375 0.55859375 0.86767578125 1907852
0.0732421875 0.59130859375 0.87646484375 1907954
0.0732421875 0.59130859375 0.87646484375 1907955
0.0732421875 0.59130859375 0.87646484375 1907955
0.0732421875 0.59130859375 0.87646484375 1907956
0.06298828125 0.5771484375 0.87548828125 1908138
0.06298828125 0.5771484375 0.87548828125 1908138
0.06298828125 0.5771484375 0.87548828125 1908139
0.06298828125 0.5771484375 0.87548828125 1908139
0.07470703125 0.59716796875 0.8740234375 1908244
0.07470703125 0.59716796875 0.8740234375 1908245
0.07470703125 0.59716796875 0.8740234375 1908245
0.07470703125 0.59716796875 0.8740234375 1908246
0.06982421875 0.59228515625 0.87109375 1908346
0.06982421875 0.59228515625 0.87109375 1908347
0.06982421875 0.59228515625 0.87109375 1908347
0.06982421875 0.59228515625 0.87109375 1908347
0.07958984375 0.59033203125 0.8642578125 1908449
0.07958984375 0.59033203125 0.8642578125 1908450
0.07958984375 0.59033203125 0.8642578125 1908450
0.07958984375 0.59033203125 0.8642578125 1908450
0.06591796875 0.58544921875 0.86474609375 1908552
0.06591796875 0.58544921875 0.86474609375 1908552
0.06591796875 0.58544921875 0.86474609375 1908553
0.06591796875 0.58544921875 0.86474609375 1908553
0.076171875 0.62451171875 0.8759765625 1908654
0.076171875 0.62451171875 0.8759765625 1908655
0.076171875 0.62451171875 0.8759765625 1908656
0.076171875 0.62451171875 0.8759765625 1908656
0.068359375 0.60400390625 0.87646484375 1908845
0.068359375 0.60400390625 0.87646484375 1908845
0.068359375 0.60400390625 0.87646484375 1908845
0.068359375 0.60400390625 0.87646484375 1908846
0.0771484375 0.5908203125 0.86767578125 1908946
0.0771484375 0.5908203125 0.86767578125 1908946
0.0771484375 0.5908203125 0.86767578125 1908947
0.0771484375 0.5908203125 0.86767578125 1908947
0.05615234375 0.58447265625 0.86328125 1909049
0.05615234375 0.58447265625 0.86328125 1909049
0.05615234375 0.58447265625 0.86328125 1909050
0.05615234375 0.58447265625 0.86328125 1909050
0.0732421875 0.587890625 0.86767578125 1909152
0.0732421875 0.587890625 0.86767578125 1909152
0.0732421875 0.587890625 0.86767578125 1909153
0.0732421875 0.587890625 0.86767578125 1909153
0.064453125 0.60302734375 0.875 1909254
0.064453125 0.60302734375 0.875 1909254
0.064453125 0.60302734375 0.875 1909255
0.064453125 0.60302734375 0.875 1909255
0.0703125 0.60302734375 0.86865234375 1909444
0.0703125 0.60302734375 0.86865234375 1909445
0.0703125 0.60302734375 0.86865234375 1909445
0.0703125 0.60302734375 0.86865234375 1909446
0.05810546875 0.58984375 0.8603515625 1909547
0.05810546875 0.58984375 0.8603515625 1909548
0.05810546875 0.58984375 0.8603515625 1909548
0.05810546875 0.58984375 0.8603515625 1909549
0.0712890625 0.5966796875 0.87060546875 1909649
0.0712890625 0.5966796875 0.87060546875 1909652
0.0712890625 0.5966796875 0.87060546875 1909654
0.0537109375 0.59521484375 0.8720703125 1909752
0.0537109375 0.59521484375 0.8720703125 1909752
0.0537109375 0.59521484375 0.8720703125 1909753
0.0478515625 0.57861328125 0.8681640625 1909855
0.0478515625 0.57861328125 0.8681640625 1909855
0.0478515625 0.57861328125 0.8681640625 1909856
0.0478515625 0.57861328125 0.8681640625 1909857
0.0478515625 0.5966796875 0.87060546875 1910045
0.0478515625 0.5966796875 0.87060546875 1910045
0.0478515625 0.5966796875 0.87060546875 1910046
0.0478515625 0.5966796875 0.87060546875 1910046
0.06103515625 0.6025390625 0.87109375 1910147
0.06103515625 0.6025390625 0.87109375 1910148
0.06103515625 0.6025390625 0.87109375 1910148
0.06103515625 0.6025390625 0.87109375 1910149
0.05322265625 0.58203125 0.8642578125 1910250
0.05322265625 0.58203125 0.8642578125 1910250
0.05322265625 0.58203125 0.8642578125 1910251
0.0634765625 0.59521484375 0.873046875 1910353
0.0634765625 0.59521484375 0.873046875 1910353
0.0634765625 0.59521484375 0.873046875 1910354
0.0634765625 0.59521484375 0.873046875 1910354
0.06103515625 0.58935546875 0.873046875 1910543
0.06103515625 0.58935546875 0.873046875 1910544
0.06103515625 0.58935546875 0.873046875 1910545
0.06103515625 0.58935546875 0.873046875 1910546
0.0498046875 0.58837890625 0.8701171875 1910645
0.0498046875 0.58837890625 0.8701171875 1910645
0.0498046875 0.58837890625 0.8701171875 1910646
0.0498046875 0.58837890625 0.8701171875 1910646
0.05712890625 0.5888671875 0.87158203125 1910748
0.05712890625 0.5888671875 0.87158203125 1910748
0.05712890625 0.5888671875 0.87158203125 1910749
0.05712890625 0.5888671875 0.87158203125 1910749
0.0595703125 0.59619140625 0.86767578125 1910850
0.0595703125 0.59619140625 0.86767578125 1910850
0.0595703125 0.59619140625 0.86767578125 1910850
0.0595703125 0.59619140625 0.86767578125 1910851
0.04736328125 0.59130859375 0.87353515625 1910955
0.04736328125 0.59130859375 0.87353515625 1910955
0.04736328125 0.59130859375 0.87353515625 1910956
0.04736328125 0.59130859375 0.87353515625 1910956
0.05419921875 0.5869140625 0.87060546875 1911143
0.05419921875 0.5869140625 0.87060546875 1911144
0.05419921875 0.5869140625 0.87060546875 1911144
0.05419921875 0.5869140625 0.87060546875 1911145
0.05078125 0.5859375 0.8740234375 1911252
0.05078125 0.5859375 0.8740234375 1911253
0.05078125 0.5859375 0.8740234375 1911253
0.05078125 0.5859375 0.8740234375 1911254
0.05615234375 0.59423828125 0.87255859375 1911442
0.05615234375 0.59423828125 0.87255859375 1911442
0.05615234375 0.59423828125 0.87255859375 1911443
0.05615234375 0.59423828125 0.87255859375 1911443
0.04638671875 0.58349609375 0.87060546875 1911544
0.04638671875 0.58349609375 0.87060546875 1911545
0.04638671875 0.58349609375 0.87060546875 1911545
0.04638671875 0.58349609375 0.87060546875 1911546
0.052734375 0.591796875 0.87060546875 1911646
0.052734375 0.591796875 0.87060546875 1911646
0.052734375 0.591796875 0.87060546875 1911647
0.052734375 0.591796875 0.87060546875 1911647
0.048828125 0.6044921875 0.8740234375 1911749
0.048828125 0.6044921875 0.8740234375 1911749
0.048828125 0.6044921875 0.8740234375 1911750
0.048828125 0.6044921875 0.8740234375 1911750
0.05029296875 0.58544921875 0.8701171875 1911852
0.05029296875 0.58544921875 0.8701171875 1911852
0.05029296875 0.58544921875 0.8701171875 1911853
0.05029296875 0.58544921875 0.8701171875 1911854
0.07080078125 0.59619140625 0.8671875 1912043
0.07080078125 0.59619140625 0.8671875 1912044
0.07080078125 0.59619140625 0.8671875 1912045
0.07080078125 0.59619140625 0.8671875 1912045
0.0517578125 0.5888671875 0.86572265625 1912145
0.0517578125 0.5888671875 0.86572265625 1912145
0.0517578125 0.5888671875 0.86572265625 1912146
0.0517578125 0.5888671875 0.86572265625 1912146
0.0556640625 0.60546875 0.86962890625 1912248
0.0556640625 0.60546875 0.86962890625 1912285
0.0556640625 0.60546875 0.86962890625 1912286
0.0556640625 0.60546875 0.86962890625 1912287
0.07666015625 0.59521484375 0.861328125 1912352
0.06640625 0.5947265625 0.86279296875 1912454
0.06640625 0.5947265625 0.86279296875 1912455
0.06640625 0.5947265625 0.86279296875 1912455
0.06640625 0.5947265625 0.86279296875 1912456
0.06640625 0.59814453125 0.85791015625 1912644
0.06640625 0.59814453125 0.85791015625 1912644
0.06640625 0.59814453125 0.85791015625 1912645
0.06640625 0.59814453125 0.85791015625 1912646
0.0654296875 0.60888671875 0.86474609375 1912746
0.0654296875 0.60888671875 0.86474609375 1912746
0.0654296875 0.60888671875 0.86474609375 1912747
0.0654296875 0.60888671875 0.86474609375 1912747
0.06298828125 0.61083984375 0.859375 1912849
0.06298828125 0.61083984375 0.859375 1912849
0.06298828125 0.61083984375 0.859375 1912849
0.06298828125 0.61083984375 0.859375 1912850
0.05419921875 0.58740234375 0.857421875 1912953
0.05419921875 0.58740234375 0.857421875 1912953
0.05419921875 0.58740234375 0.857421875 1912954
0.05419921875 0.58740234375 0.857421875 1912954
0.07177734375 0.6015625 0.8564453125 1913142
0.07177734375 0.6015625 0.8564453125 1913142
0.07177734375 0.6015625 0.8564453125 1913143
0.07177734375 0.6015625 0.8564453125 1913144
0.05224609375 0.60009765625 0.86328125 1913245
0.05224609375 0.60009765625 0.86328125 1913245
0.05224609375 0.60009765625 0.86328125 1913246
0.05224609375 0.60009765625 0.86328125 1913247
0.05517578125 0.60888671875 0.86376953125 1913348
0.05517578125 0.60888671875 0.86376953125 1913348
0.05517578125 0.60888671875 0.86376953125 1913349
0.06298828125 0.59765625 0.8544921875 1913452
0.06298828125 0.59765625 0.8544921875 1913452
0.06298828125 0.59765625 0.8544921875 1913452
0.06298828125 0.59765625 0.8544921875 1913453
0.0634765625 0.60302734375 0.8564453125 1913641
0.0634765625 0.60302734375 0.8564453125 1913642
0.0634765625 0.60302734375 0.8564453125 1913642
0.0634765625 0.60302734375 0.8564453125 1913643
0.06494140625 0.59814453125 0.85888671875 1913744
0.06494140625 0.59814453125 0.85888671875 1913744
0.06494140625 0.59814453125 0.85888671875 1913745
0.06494140625 0.59814453125 0.85888671875 1913745
0.06494140625 0.61083984375 0.8623046875 1913847
0.06494140625 0.61083984375 0.8623046875 1913847
0.06494140625 0.61083984375 0.8623046875 1913848
0.06494140625 0.61083984375 0.8623046875 1913848
0.0498046875 0.6005859375 0.8603515625 1913950
0.0498046875 0.6005859375 0.8603515625 1913950
0.0498046875 0.6005859375 0.8603515625 1913951
0.0498046875 0.6005859375 0.8603515625 1913952
0.064453125 0.59814453125 0.861328125 1914052
0.064453125 0.59814453125 0.861328125 1914052
0.064453125 0.59814453125 0.861328125 1914053
0.064453125 0.59814453125 0.861328125 1914054
0.04541015625 0.60009765625 0.85888671875 1914242
0.04541015625 0.60009765625 0.85888671875 1914243
0.04541015625 0.60009765625 0.85888671875 1914243
0.04541015625 0.60009765625 0.85888671875 1914243
0.0673828125 0.60546875 0.85546875 1914344
0.0673828125 0.60546875 0.85546875 1914344
0.0673828125 0.60546875 0.85546875 1914345
0.0673828125 0.60546875 0.85546875 1914345
0.0654296875 0.611328125 0.86279296875 1914452
0.0654296875 0.611328125 0.86279296875 1914452
0.0654296875 0.611328125 0.86279296875 1914453
0.0654296875 0.611328125 0.86279296875 1914453
0.05712890625 0.60009765625 0.85302734375 1914645
0.05712890625 0.60009765625 0.85302734375 1914645
0.05712890625 0.60009765625 0.85302734375 1914646
0.05712890625 0.60009765625 0.85302734375 1914646
0.06201171875 0.61865234375 0.8662109375 1914746
0.06201171875 0.61865234375 0.8662109375 1914746
0.06201171875 0.61865234375 0.8662109375 1914747
0.06201171875 0.61865234375 0.8662109375 1914748
0.0517578125 0.6142578125 0.859375 1914849
0.0517578125 0.6142578125 0.859375 1914849
0.0517578125 0.6142578125 0.859375 1914850
0.0517578125 0.6142578125 0.859375 1914850
0.05322265625 0.5986328125 0.85107421875 1914952
0.05322265625 0.5986328125 0.85107421875 1914952
0.05322265625 0.5986328125 0.85107421875 1914953
0.05322265625 0.5986328125 0.85107421875 1914953
0.05224609375 0.6044921875 0.85302734375 1915141
0.05224609375 0.6044921875 0.85302734375 1915142
0.05224609375 0.6044921875 0.85302734375 1915142
0.05224609375 0.6044921875 0.85302734375 1915142
0.05419921875 0.6123046875 0.8583984375 1915244
0.05419921875 0.6123046875 0.8583984375 1915244
0.05419921875 0.6123046875 0.8583984375 1915245
0.05419921875 0.6123046875 0.8583984375 1915245
0.0546875 0.615234375 0.857421875 1915346
0.0546875 0.615234375 0.857421875 1915346
0.0546875 0.615234375 0.857421875 1915347
0.05419921875 0.6162109375 0.85009765625 1915451
0.05419921875 0.6162109375 0.85009765625 1915451
0.05419921875 0.6162109375 0.85009765625 1915452
0.05419921875 0.6162109375 0.85009765625 1915453
0.060546875 0.6025390625 0.85986328125 1915553
0.060546875 0.6025390625 0.85986328125 1915553
0.060546875 0.6025390625 0.85986328125 1915554
0.060546875 0.6025390625 0.85986328125 1915554
0.064453125 0.61328125 0.8603515625 1915740
0.064453125 0.61328125 0.8603515625 1915741
0.064453125 0.61328125 0.8603515625 1915741
0.064453125 0.61328125 0.8603515625 1915742
0.046875 0.60595703125 0.85205078125 1915850
0.046875 0.60595703125 0.85205078125 1915850
0.046875 0.60595703125 0.85205078125 1915851
0.046875 0.60595703125 0.85205078125 1915851
0.04833984375 0.6142578125 0.8564453125 1916041
0.04833984375 0.6142578125 0.8564453125 1916041
0.04833984375 0.6142578125 0.8564453125 1916042
0.04833984375 0.6142578125 0.8564453125 1916043
0.0625 0.62646484375 0.857421875 1916143
0.0625 0.62646484375 0.857421875 1916144
0.0625 0.62646484375 0.857421875 1916145
0.0625 0.62646484375 0.857421875 1916145
0.04736328125 0.62109375 0.8525390625 1916245
0.04736328125 0.62109375 0.8525390625 1916246
0.04736328125 0.62109375 0.8525390625 1916246
0.04736328125 0.62109375 0.8525390625 1916247
0.0546875 0.60986328125 0.8525390625 1916347
0.0546875 0.60986328125 0.8525390625 1916348
0.0546875 0.60986328125 0.8525390625 1916348
0.0546875 0.60986328125 0.8525390625 1916348
0.05810546875 0.61767578125 0.8564453125 1916451
0.05810546875 0.61767578125 0.8564453125 1916452
0.05810546875 0.61767578125 0.8564453125 1916452
0.05810546875 0.61767578125 0.8564453125 1916453
0.044921875 0.61767578125 0.8740234375 1916640
0.044921875 0.61767578125 0.8740234375 1916641
0.044921875 0.61767578125 0.8740234375 1916641
0.044921875 0.61767578125 0.8740234375 1916642
0.0390625 0.60400390625 0.87109375 1916743
0.0390625 0.60400390625 0.87109375 1916743
0.0390625 0.60400390625 0.87109375 1916744
0.0390625 0.60400390625 0.87109375 1916744
0.04541015625 0.60693359375 0.86767578125 1916845
0.04541015625 0.60693359375 0.86767578125 1916846
0.04541015625 0.60693359375 0.86767578125 1916847
0.04541015625 0.60693359375 0.86767578125 1916847
0.04296875 0.60205078125 0.884765625 1916948
0.04296875 0.60205078125 0.884765625 1916948
0.04296875 0.60205078125 0.884765625 1916949
0.04296875 0.60205078125 0.884765625 1916949
0.0126953125 0.60791015625 0.88720703125 1917050
0.0126953125 0.60791015625 0.88720703125 1917051
0.0126953125 0.60791015625 0.88720703125 1917051
0.0126953125 0.60791015625 0.88720703125 1917051
0.09033203125 0.56103515625 0.77197265625 1917241
0.09033203125 0.56103515625 0.77197265625 1917241
0.09033203125 0.56103515625 0.77197265625 1917242
0.09033203125 0.56103515625 0.77197265625 1917242
0.10791015625 0.5556640625 0.75732421875 1917343
0.10791015625 0.5556640625 0.75732421875 1917343
0.10791015625 0.5556640625 0.75732421875 1917344
0.10791015625 0.5556640625 0.75732421875 1917344
0.12744140625 0.63134765625 0.8017578125 1917445
0.12744140625 0.63134765625 0.8017578125 1917445
0.12744140625 0.63134765625 0.8017578125 1917447
0.12744140625 0.63134765625 0.8017578125 1917448
0.17578125 0.8037109375 0.84130859375 1917548
0.17578125 0.8037109375 0.84130859375 1917548
0.17578125 0.8037109375 0.84130859375 1917549
0.17578125 0.8037109375 0.84130859375 1917550
0.32958984375 0.6689453125 0.7880859375 1917652
0.32958984375 0.6689453125 0.7880859375 1917653
0.32958984375 0.6689453125 0.7880859375 1917654
0.32958984375 0.6689453125 0.7880859375 1917654
0.7451171875 0.48583984375 0.5537109375 1917841
0.7451171875 0.48583984375 0.5537109375 1917841
0.7451171875 0.48583984375 0.5537109375 1917841
0.7451171875 0.48583984375 0.5537109375 1917842
0.86328125 0.35205078125 0.39892578125 1917945
0.86328125 0.35205078125 0.39892578125 1917945
0.86328125 0.35205078125 0.39892578125 1917946
0.86328125 0.35205078125 0.39892578125 1917946
0.90625 0.27978515625 0.2841796875 1918047
0.90625 0.27978515625 0.2841796875 1918048
0.90625 0.27978515625 0.2841796875 1918049
0.90625 0.27978515625 0.2841796875 1918050
0.9814453125 0.26611328125 0.2158203125 1918149
0.9814453125 0.26611328125 0.2158203125 1918149
0.9814453125 0.26611328125 0.2158203125 1918150
0.9814453125 0.26611328125 0.2158203125 1918150
0.892578125 0.21142578125 0.24267578125 1918252
0.892578125 0.21142578125 0.24267578125 1918252
0.892578125 0.21142578125 0.24267578125 1918253
0.892578125 0.21142578125 0.24267578125 1918253
0.84033203125 0.13720703125 0.26904296875 1918440
0.84033203125 0.13720703125 0.26904296875 1918440
0.84033203125 0.13720703125 0.26904296875 1918441
0.84033203125 0.13720703125 0.26904296875 1918442
1.02685546875 0.35009765625 0.1650390625 1918545
1.02685546875 0.35009765625 0.1650390625 1918546
1.02685546875 0.35009765625 0.1650390625 1918547
0.8798828125 0.19873046875 0.283203125 1918649
0.8798828125 0.19873046875 0.283203125 1918649
0.8798828125 0.19873046875 0.283203125 1918650
0.8798828125 0.19873046875 0.283203125 1918650
1.0166015625 0.4443359375 0.3994140625 1918751
1.0166015625 0.4443359375 0.3994140625 1918752
1.0166015625 0.4443359375 0.3994140625 1918752
1.0166015625 0.4443359375 0.3994140625 1918753
0.56201171875 0.4423828125 0.7861328125 1918939
0.56201171875 0.4423828125 0.7861328125 1918939
0.56201171875 0.4423828125 0.7861328125 1918940
0.56201171875 0.4423828125 0.7861328125 1918941
0.4716796875 0.42138671875 0.84765625 1919044
0.4716796875 0.42138671875 0.84765625 1919044
0.4716796875 0.42138671875 0.84765625 1919045
0.4716796875 0.42138671875 0.84765625 1919045
0.35009765625 0.3837890625 0.88427734375 1919146
0.35009765625 0.3837890625 0.88427734375 1919147
0.35009765625 0.3837890625 0.88427734375 1919147
0.35009765625 0.3837890625 0.88427734375 1919148
0.3076171875 0.330078125 0.921875 1919249
0.3076171875 0.330078125 0.921875 1919249
0.3076171875 0.330078125 0.921875 1919250
0.3076171875 0.330078125 0.921875 1919251
0.3251953125 0.345703125 0.92138671875 1919439
0.3251953125 0.345703125 0.92138671875 1919439
0.3251953125 0.345703125 0.92138671875 1919440
0.3251953125 0.345703125 0.92138671875 1919440
0.22509765625 0.3369140625 0.9697265625 1919541
0.22509765625 0.3369140625 0.9697265625 1919542
0.22509765625 0.3369140625 0.9697265625 1919542
0.22509765625 0.3369140625 0.9697265625 1919543
0.33251953125 0.2431640625 0.88037109375 1919740
0.33251953125 0.2431640625 0.88037109375 1919741
0.33251953125 0.2431640625 0.88037109375 1919741
0.33251953125 0.2431640625 0.88037109375 1919742
0.1552734375 0.6142578125 0.95458984375 1919843
0.1552734375 0.6142578125 0.95458984375 1919843
0.1552734375 0.6142578125 0.95458984375 1919844
0.1552734375 0.6142578125 0.95458984375 1919844
-0.0078125 0.65087890625 0.8603515625 1919945
-0.0078125 0.65087890625 0.8603515625 1919946
-0.0078125 0.65087890625 0.8603515625 1919947
-0.0078125 0.65087890625 0.8603515625 1919947
0.0498046875 0.7392578125 0.80908203125 1920048
0.0498046875 0.7392578125 0.80908203125 1920049
0.0498046875 0.7392578125 0.80908203125 1920049
0.0498046875 0.7392578125 0.80908203125 1920050
0.01220703125 0.7412109375 0.74658203125 1920150
0.01220703125 0.7412109375 0.74658203125 1920150
0.01220703125 0.7412109375 0.74658203125 1920151
0.01220703125 0.7412109375 0.74658203125 1920151
-0.0166015625 0.72021484375 0.697265625 1920339
-0.0166015625 0.72021484375 0.697265625 1920339
-0.0166015625 0.72021484375 0.697265625 1920340
-0.0166015625 0.72021484375 0.697265625 1920341
-0.02099609375 0.70166015625 0.7431640625 1920442
-0.02099609375 0.70166015625 0.7431640625 1920442
-0.02099609375 0.70166015625 0.7431640625 1920443
-0.02099609375 0.70166015625 0.7431640625 1920443
0.0322265625 0.70947265625 0.78759765625 1920545
0.0322265625 0.70947265625 0.78759765625 1920546
0.0322265625 0.70947265625 0.78759765625 1920546
0.0322265625 0.70947265625 0.78759765625 1920547
-0.0048828125 0.76904296875 0.8193359375 1920647
-0.0048828125 0.76904296875 0.8193359375 1920647
-0.0048828125 0.76904296875 0.8193359375 1920648
-0.0048828125 0.76904296875 0.8193359375 1920648
0.0078125 0.658203125 0.84716796875 1920749
0.0078125 0.658203125 0.84716796875 1920749
0.0078125 0.658203125 0.84716796875 1920750
0.0078125 0.658203125 0.84716796875 1920750
0.01611328125 0.63671875 0.876953125 1920933
0.01611328125 0.63671875 0.876953125 1920933
0.01611328125 0.63671875 0.876953125 1920934
0.01611328125 0.63671875 0.876953125 1920934
0.0419921875 0.57275390625 0.861328125 1921039
0.0419921875 0.57275390625 0.861328125 1921040
0.0419921875 0.57275390625 0.861328125 1921041
0.0419921875 0.57275390625 0.861328125 1921041
0.06298828125 0.57470703125 0.86376953125 1921142
0.06298828125 0.57470703125 0.86376953125 1921142
0.06298828125 0.57470703125 0.86376953125 1921143
0.06298828125 0.57470703125 0.86376953125 1921143
0.06396484375 0.5791015625 0.86181640625 1921244
0.06396484375 0.5791015625 0.86181640625 1921244
0.06396484375 0.5791015625 0.86181640625 1921245
0.06396484375 0.5791015625 0.86181640625 1921245
0.0732421875 0.56005859375 0.875 1921347
0.0732421875 0.56005859375 0.875 1921347
0.0732421875 0.56005859375 0.875 1921348
0.0732421875 0.56005859375 0.875 1921348
0.08447265625 0.5517578125 0.87255859375 1921451
0.08447265625 0.5517578125 0.87255859375 1921451
0.08447265625 0.5517578125 0.87255859375 1921451
0.08447265625 0.5517578125 0.87255859375 1921452
0.06591796875 0.56591796875 0.8818359375 1921639
0.06591796875 0.56591796875 0.8818359375 1921639
0.06591796875 0.56591796875 0.8818359375 1921640
0.06591796875 0.56591796875 0.8818359375 1921640
0.0693359375 0.56494140625 0.8876953125 1921741
0.0693359375 0.56494140625 0.8876953125 1921741
0.0693359375 0.56494140625 0.8876953125 1921742
0.0693359375 0.56494140625 0.8876953125 1921743
0.07568359375 0.578125 0.8818359375 1921947
0.07568359375 0.578125 0.8818359375 1921948
0.07568359375 0.578125 0.8818359375 1921948
0.07568359375 0.578125 0.8818359375 1921948
0.05810546875 0.5595703125 0.8779296875 1922050
0.05810546875 0.5595703125 0.8779296875 1922050
0.05810546875 0.5595703125 0.8779296875 1922051
0.05810546875 0.5595703125 0.8779296875 1922051
0.0654296875 0.5859375 0.884765625 1922242
0.0654296875 0.5859375 0.884765625 1922243
0.0654296875 0.5859375 0.884765625 1922243
0.0654296875 0.5859375 0.884765625 1922244
0.04443359375 0.5712890625 0.86962890625 1922345
0.04443359375 0.5712890625 0.86962890625 1922345
0.04443359375 0.5712890625 0.86962890625 1922346
0.04443359375 0.5712890625 0.86962890625 1922346
0.07958984375 0.59228515625 0.87890625 1922447
0.07958984375 0.59228515625 0.87890625 1922448
0.07958984375 0.59228515625 0.87890625 1922448
0.07958984375 0.59228515625 0.87890625 1922448
0.0693359375 0.58056640625 0.8642578125 1922637
0.0693359375 0.58056640625 0.8642578125 1922638
0.0693359375 0.58056640625 0.8642578125 1922638
0.0693359375 0.58056640625 0.8642578125 1922639
0.08642578125 0.5869140625 0.8720703125 1922740
0.08642578125 0.5869140625 0.8720703125 1922740
0.08642578125 0.5869140625 0.8720703125 1922741
0.08642578125 0.5869140625 0.8720703125 1922741
0.060546875 0.587890625 0.86962890625 1922844
0.060546875 0.587890625 0.86962890625 1922844
0.060546875 0.587890625 0.86962890625 1922845
0.060546875 0.587890625 0.86962890625 1922846
0.08251953125 0.59912109375 0.875 1922946
0.08251953125 0.59912109375 0.875 1922947
0.08251953125 0.59912109375 0.875 1922947
0.08251953125 0.59912109375 0.875 1922948
0.08837890625 0.57373046875 0.86572265625 1923049
0.08837890625 0.57373046875 0.86572265625 1923049
0.08837890625 0.57373046875 0.86572265625 1923050
0.08837890625 0.57373046875 0.86572265625 1923051
0.06787109375 0.572265625 0.8740234375 1923238
0.06787109375 0.572265625 0.8740234375 1923238
0.06787109375 0.572265625 0.8740234375 1923239
0.06787109375 0.572265625 0.8740234375 1923240
0.08984375 0.59228515625 0.86962890625 1923341
0.08984375 0.59228515625 0.86962890625 1923342
0.08984375 0.59228515625 0.86962890625 1923342
0.08984375 0.59228515625 0.86962890625 1923343
0.0703125 0.5751953125 0.86572265625 1923443
0.0703125 0.5751953125 0.86572265625 1923443
0.0703125 0.5751953125 0.86572265625 1923443
0.0703125 0.5751953125 0.86572265625 1923444
0.08203125 0.591796875 0.87109375 1923545
0.08203125 0.591796875 0.87109375 1923545
0.08203125 0.591796875 0.87109375 1923545
0.08203125 0.591796875 0.87109375 1923546
0.0615234375 0.5849609375 0.87060546875 1923738
0.0615234375 0.5849609375 0.87060546875 1923738
0.0615234375 0.5849609375 0.87060546875 1923738
0.0615234375 0.5849609375 0.87060546875 1923739
0.06689453125 0.5888671875 0.87060546875 1923840
0.06689453125 0.5888671875 0.87060546875 1923840
0.06689453125 0.5888671875 0.87060546875 1923841
0.06689453125 0.5888671875 0.87060546875 1923842
0.0771484375 0.59912109375 0.87060546875 1923943
0.0771484375 0.59912109375 0.87060546875 1923943
0.0771484375 0.59912109375 0.87060546875 1923943
0.0771484375 0.59912109375 0.87060546875 1923944
0.0537109375 0.583984375 0.8701171875 1924052
0.0537109375 0.583984375 0.8701171875 1924053
0.0537109375 0.583984375 0.8701171875 1924053
0.0537109375 0.583984375 0.8701171875 1924054
0.0595703125 0.58544921875 0.86572265625 1924241
0.0595703125 0.58544921875 0.86572265625 1924242
0.0595703125 0.58544921875 0.86572265625 1924242
0.0595703125 0.58544921875 0.86572265625 1924243
0.0673828125 0.60107421875 0.8701171875 1924344
0.0673828125 0.60107421875 0.8701171875 1924345
0.0673828125 0.60107421875 0.8701171875 1924345
0.0673828125 0.60107421875 0.8701171875 1924346
0.0625 0.59423828125 0.8642578125 1924448
0.0625 0.59423828125 0.8642578125 1924448
0.0625 0.59423828125 0.8642578125 1924448
0.0625 0.59423828125 0.8642578125 1924449
0.06982421875 0.57666015625 0.86328125 1924637
0.06982421875 0.57666015625 0.86328125 1924637
0.06982421875 0.57666015625 0.86328125 1924638
0.06982421875 0.57666015625 0.86328125 1924639
0.0751953125 0.59912109375 0.8671875 1924740
0.0751953125 0.59912109375 0.8671875 1924740
0.0751953125 0.59912109375 0.8671875 1924740
0.0751953125 0.59912109375 0.8671875 1924741
0.04296875 0.5927734375 0.8701171875 1924843
0.04296875 0.5927734375 0.8701171875 1924843
0.04296875 0.5927734375 0.8701171875 1924844
0.07568359375 0.5859375 0.8623046875 1924946
0.07568359375 0.5859375 0.8623046875 1924946
0.07568359375 0.5859375 0.8623046875 1924946
0.07568359375 0.5859375 0.8623046875 1924947
0.07080078125 0.58544921875 0.86767578125 1925136
0.07080078125 0.58544921875 0.86767578125 1925136
0.07080078125 0.58544921875 0.86767578125 1925137
0.07080078125 0.58544921875 0.86767578125 1925138
0.06787109375 0.59814453125 0.86767578125 1925239
0.06787109375 0.59814453125 0.86767578125 1925239
0.06787109375 0.59814453125 0.86767578125 1925240
0.06787109375 0.59814453125 0.86767578125 1925240
0.05712890625 0.599609375 0.8662109375 1925342
0.05712890625 0.599609375 0.8662109375 1925342
0.05712890625 0.599609375 0.8662109375 1925343
0.05712890625 0.599609375 0.8662109375 1925343
0.06982421875 0.59912109375 0.86328125 1925480
0.06982421875 0.59912109375 0.86328125 1925480
0.06982421875 0.59912109375 0.86328125 1925481
0.06982421875 0.59912109375 0.86328125 1925481
0.05078125 0.60546875 0.8671875 1925649
0.05078125 0.60546875 0.8671875 1925649
0.05078125 0.60546875 0.8671875 1925649
0.05078125 0.60546875 0.8671875 1925650
0.05126953125 0.59912109375 0.859375 1925856
0.05126953125 0.59912109375 0.859375 1925856
0.05126953125 0.59912109375 0.859375 1925857
0.05126953125 0.59912109375 0.859375 1925857
0.0556640625 0.61669921875 0.86572265625 1926046
0.0556640625 0.61669921875 0.86572265625 1926046
0.0556640625 0.61669921875 0.86572265625 1926047
0.0556640625 0.61669921875 0.86572265625 1926047
0.04931640625 0.61328125 0.8603515625 1926236
0.04931640625 0.61328125 0.8603515625 1926236
0.04931640625 0.61328125 0.8603515625 1926237
0.04931640625 0.61328125 0.8603515625 1926237
0.0458984375 0.6171875 0.859375 1926339
0.0458984375 0.6171875 0.859375 1926339
0.0458984375 0.6171875 0.859375 1926340
0.0458984375 0.6171875 0.859375 1926341
0.0302734375 0.61181640625 0.85595703125 1926441
0.0302734375 0.61181640625 0.85595703125 1926441
0.0302734375 0.61181640625 0.85595703125 1926441
0.0302734375 0.61181640625 0.85595703125 1926442
0.048828125 0.60107421875 0.8564453125 1926543
0.048828125 0.60107421875 0.8564453125 1926543
0.048828125 0.60107421875 0.8564453125 1926545
0.048828125 0.60107421875 0.8564453125 1926546
0.02587890625 0.6171875 0.8642578125 1926647
0.02587890625 0.6171875 0.8642578125 1926648
0.02587890625 0.6171875 0.8642578125 1926649
0.02587890625 0.6171875 0.8642578125 1926649
0.02685546875 0.60302734375 0.86181640625 1926836
0.02685546875 0.60302734375 0.86181640625 1926836
0.02685546875 0.60302734375 0.86181640625 1926837
0.02685546875 0.60302734375 0.86181640625 1926838
0.0166015625 0.6064453125 0.86083984375 1926954
0.0166015625 0.6064453125 0.86083984375 1926954
0.0166015625 0.6064453125 0.86083984375 1926954
0.0166015625 0.6064453125 0.86083984375 1926955
0.03173828125 0.59716796875 0.86474609375 1927145
0.03173828125 0.59716796875 0.86474609375 1927145
0.03173828125 0.59716796875 0.86474609375 1927146
0.03173828125 0.59716796875 0.86474609375 1927146
0.0322265625 0.603515625 0.86474609375 1927251
0.0322265625 0.603515625 0.86474609375 1927251
0.0322265625 0.603515625 0.86474609375 1927252
0.0322265625 0.603515625 0.86474609375 1927252
0.0458984375 0.59765625 0.865234375 1927440
0.0458984375 0.59765625 0.865234375 1927440
0.0458984375 0.59765625 0.865234375 1927440
0.0458984375 0.59765625 0.865234375 1927441
0.03759765625 0.60595703125 0.87109375 1927548
0.03759765625 0.60595703125 0.87109375 1927548
0.03759765625 0.60595703125 0.87109375 1927549
0.03759765625 0.60595703125 0.87109375 1927549
0.0478515625 0.60595703125 0.869140625 1927724
0.0478515625 0.60595703125 0.869140625 1927724
0.0478515625 0.60595703125 0.869140625 1927725
0.0478515625 0.60595703125 0.869140625 1927725
0.05810546875 0.58642578125 0.86279296875 1927835
0.05810546875 0.58642578125 0.86279296875 1927835
0.05810546875 0.58642578125 0.86279296875 1927836
0.05810546875 0.58642578125 0.86279296875 1927837
0.05029296875 0.59033203125 0.87060546875 1927938
0.05029296875 0.59033203125 0.87060546875 1927938
0.05029296875 0.59033203125 0.87060546875 1927939
0.05029296875 0.59033203125 0.87060546875 1927939
0.05126953125 0.60498046875 0.87109375 1928040
0.05126953125 0.60498046875 0.87109375 1928040
0.05126953125 0.60498046875 0.87109375 1928041
0.05126953125 0.60498046875 0.87109375 1928041
0.04638671875 0.580078125 0.87255859375 1928143
0.04638671875 0.580078125 0.87255859375 1928143
0.04638671875 0.580078125 0.87255859375 1928143
0.04638671875 0.580078125 0.87255859375 1928144
0.05029296875 0.5869140625 0.87255859375 1928245
0.05029296875 0.5869140625 0.87255859375 1928245
0.05029296875 0.5869140625 0.87255859375 1928246
0.05029296875 0.5869140625 0.87255859375 1928246
0.0654296875 0.58837890625 0.876953125 1928435
0.0654296875 0.58837890625 0.876953125 1928435
0.0654296875 0.58837890625 0.876953125 1928436
0.0654296875 0.58837890625 0.876953125 1928436
0.05859375 0.57275390625 0.87060546875 1928537
0.05859375 0.57275390625 0.87060546875 1928537
0.05859375 0.57275390625 0.87060546875 1928538
0.05859375 0.57275390625 0.87060546875 1928538
0.06005859375 0.59228515625 0.88134765625 1928645
0.06005859375 0.59228515625 0.88134765625 1928645
0.06005859375 0.59228515625 0.88134765625 1928646
0.06005859375 0.59228515625 0.88134765625 1928646
0.05859375 0.56201171875 0.86962890625 1928842
0.05859375 0.56201171875 0.86962890625 1928843
0.05859375 0.56201171875 0.86962890625 1928843
0.05859375 0.56201171875 0.86962890625 1928843
0.0546875 0.57763671875 0.87890625 1929040
0.0546875 0.57763671875 0.87890625 1929040
0.0546875 0.57763671875 0.87890625 1929041
0.0546875 0.57763671875 0.87890625 1929041
0.068359375 0.56689453125 0.8779296875 1929143
0.068359375 0.56689453125 0.8779296875 1929143
0.068359375 0.56689453125 0.8779296875 1929144
0.068359375 0.56689453125 0.8779296875 1929144
0.0634765625 0.57568359375 0.87646484375 1929246
0.0634765625 0.57568359375 0.87646484375 1929247
0.0634765625 0.57568359375 0.87646484375 1929247
0.0634765625 0.57568359375 0.87646484375 1929247
0.06640625 0.59814453125 0.87451171875 1929435
0.06640625 0.59814453125 0.87451171875 1929436
0.06640625 0.59814453125 0.87451171875 1929436
0.06640625 0.59814453125 0.87451171875 1929437
0.064453125 0.5830078125 0.876953125 1929538
0.064453125 0.5830078125 0.876953125 1929538
0.064453125 0.5830078125 0.876953125 1929538
0.064453125 0.5830078125 0.876953125 1929539
0.07958984375 0.57861328125 0.880859375 1929640
0.07958984375 0.57861328125 0.880859375 1929640
0.07958984375 0.57861328125 0.880859375 1929641
0.07958984375 0.57861328125 0.880859375 1929641
0.068359375 0.5712890625 0.87109375 1929743
0.068359375 0.5712890625 0.87109375 1929743
0.068359375 0.5712890625 0.87109375 1929743
0.068359375 0.5712890625 0.87109375 1929744
0.06103515625 0.58203125 0.87744140625 1929845
0.06103515625 0.58203125 0.87744140625 1929845
0.06103515625 0.58203125 0.87744140625 1929846
0.06103515625 0.58203125 0.87744140625 1929846
0.03369140625 0.59033203125 0.92919921875 1930035
0.03369140625 0.59033203125 0.92919921875 1930035
0.03369140625 0.59033203125 0.92919921875 1930035
0.03369140625 0.59033203125 0.92919921875 1930036
0.02294921875 0.57470703125 0.9208984375 1930137
0.02294921875 0.57470703125 0.9208984375 1930138
0.02294921875 0.57470703125 0.9208984375 1930138
0.02294921875 0.57470703125 0.9208984375 1930138
0.04736328125 0.53857421875 0.90380859375 1930240
0.04736328125 0.53857421875 0.90380859375 1930241
0.04736328125 0.53857421875 0.90380859375 1930241
0.04736328125 0.53857421875 0.90380859375 1930241
0.08203125 0.48828125 0.818359375 1930343
0.08203125 0.48828125 0.818359375 1930344
0.08203125 0.48828125 0.818359375 1930344
0.08203125 0.48828125 0.818359375 1930344
0.05810546875 0.64208984375 0.7890625 1930452
0.05810546875 0.64208984375 0.7890625 1930453
0.05810546875 0.64208984375 0.7890625 1930454
0.05810546875 0.64208984375 0.7890625 1930455
0.2998046875 0.716796875 0.77783203125 1930641
0.2998046875 0.716796875 0.77783203125 1930641
0.2998046875 0.716796875 0.77783203125 1930641
0.2998046875 0.716796875 0.77783203125 1930643
0.50390625 0.65478515625 0.75 1930744
0.50390625 0.65478515625 0.75 1930744
0.50390625 0.65478515625 0.75 1930744
0.50390625 0.65478515625 0.75 1930745
0.875 0.3974609375 0.470703125 1930925
0.875 0.3974609375 0.470703125 1930925
0.875 0.3974609375 0.470703125 1930926
0.875 0.3974609375 0.470703125 1930926
1.0224609375 0.33544921875 0.29150390625 1931035
1.0224609375 0.33544921875 0.29150390625 1931035
1.0224609375 0.33544921875 0.29150390625 1931035
1.0224609375 0.33544921875 0.29150390625 1931036
0.7431640625 0.03076171875 0.2373046875 1931138
0.7431640625 0.03076171875 0.2373046875 1931139
0.7431640625 0.03076171875 0.2373046875 1931139
0.7431640625 0.03076171875 0.2373046875 1931140
1.21435546875 0.392578125 -0.048828125 1931240
1.21435546875 0.392578125 -0.048828125 1931240
1.21435546875 0.392578125 -0.048828125 1931240
0.98828125 0.2373046875 0.10400390625 1931344
0.98828125 0.2373046875 0.10400390625 1931344
0.98828125 0.2373046875 0.10400390625 1931344
0.98828125 0.2373046875 0.10400390625 1931345
0.74609375 0.3720703125 0.65283203125 1931534
0.74609375 0.3720703125 0.65283203125 1931534
0.74609375 0.3720703125 0.65283203125 1931535
0.74609375 0.3720703125 0.65283203125 1931535
0.615234375 0.41943359375 0.78125 1931636
0.615234375 0.41943359375 0.78125 1931636
0.615234375 0.41943359375 0.78125 1931636
0.615234375 0.41943359375 0.78125 1931637
0.56640625 0.4169921875 0.8466796875 1931739
0.56640625 0.4169921875 0.8466796875 1931739
0.56640625 0.4169921875 0.8466796875 1931740
0.56640625 0.4169921875 0.8466796875 1931740
0.38427734375 0.2783203125 0.8740234375 1931844
0.38427734375 0.2783203125 0.8740234375 1931844
0.38427734375 0.2783203125 0.8740234375 1931844
0.38427734375 0.2783203125 0.8740234375 1931845
0.3671875 0.271484375 0.92724609375 1932033
0.3671875 0.271484375 0.92724609375 1932055
0.3671875 0.271484375 0.92724609375 1932056
0.3671875 0.271484375 0.92724609375 1932056
