0.1337890625 0.177734375 1.01220703125 1685380
0.1337890625 0.177734375 1.01220703125 1685380
0.1337890625 0.177734375 1.01220703125 1685708
0.1337890625 0.177734375 1.01220703125 1685709
0.1337890625 0.177734375 1.01220703125 1685709
0.12744140625 0.2041015625 1.04736328125 1685710
0.14599609375 0.20947265625 1.02685546875 1685834
0.14599609375 0.20947265625 1.02685546875 1685835
0.14599609375 0.20947265625 1.02685546875 1685835
0.14599609375 0.20947265625 1.02685546875 1685836
0.1328125 0.19921875 1.01806640625 1686024
0.1328125 0.19921875 1.01806640625 1686024
0.1328125 0.19921875 1.01806640625 1686025
0.1328125 0.19921875 1.01806640625 1686025
0.15869140625 0.22314453125 1.0205078125 1686126
0.15869140625 0.22314453125 1.0205078125 1686127
0.15869140625 0.22314453125 1.0205078125 1686128
0.15869140625 0.22314453125 1.0205078125 1686128
0.1591796875 0.23095703125 1.0126953125 1686229
0.1591796875 0.23095703125 1.0126953125 1686230
0.1591796875 0.23095703125 1.0126953125 1686230
0.1591796875 0.23095703125 1.0126953125 1686231
0.1435546875 0.2099609375 1.02392578125 1686333
0.1435546875 0.2099609375 1.02392578125 1686334
0.1435546875 0.2099609375 1.02392578125 1686335
0.1435546875 0.2099609375 1.02392578125 1686335
0.12548828125 0.20556640625 1.0205078125 1686434
0.12548828125 0.20556640625 1.0205078125 1686434
0.12548828125 0.20556640625 1.0205078125 1686435
0.12548828125 0.20556640625 1.0205078125 1686435
0.1416015625 0.21875 1.02392578125 1686624
0.1416015625 0.21875 1.02392578125 1686624
0.1416015625 0.21875 1.02392578125 1686625
0.1416015625 0.21875 1.02392578125 1686625
0.14404296875 0.220703125 1.02197265625 1686729
0.14404296875 0.220703125 1.02197265625 1686730
0.14404296875 0.220703125 1.02197265625 1686730
0.14404296875 0.220703125 1.02197265625 1686731
0.1240234375 0.216796875 1.02587890625 1686835
0.1240234375 0.216796875 1.02587890625 1686835
0.1240234375 0.216796875 1.02587890625 1686836
0.1240234375 0.216796875 1.02587890625 1686837
0.126953125 0.2236328125 1.01806640625 1687012
0.126953125 0.2236328125 1.01806640625 1687013
0.126953125 0.2236328125 1.01806640625 1687013
0.126953125 0.2236328125 1.01806640625 1687014
0.13525390625 0.2451171875 1.03955078125 1687124
0.13525390625 0.2451171875 1.03955078125 1687124
0.13525390625 0.2451171875 1.03955078125 1687125
0.13525390625 0.2451171875 1.03955078125 1687125
0.11181640625 0.22509765625 1.0146484375 1687227
0.11181640625 0.22509765625 1.0146484375 1687227
0.11181640625 0.22509765625 1.0146484375 1687228
0.11181640625 0.22509765625 1.0146484375 1687229
0.05859375 0.33154296875 1.0966796875 1687331
0.05859375 0.33154296875 1.0966796875 1687332
0.05859375 0.33154296875 1.0966796875 1687333
0.05859375 0.33154296875 1.0966796875 1687333
0.12841796875 0.11474609375 0.98876953125 1687433
0.12841796875 0.11474609375 0.98876953125 1687433
0.12841796875 0.11474609375 0.98876953125 1687434
0.12841796875 0.11474609375 0.98876953125 1687434
0.11083984375 0.0966796875 0.97265625 1687622
0.11083984375 0.0966796875 0.97265625 1687623
0.11083984375 0.0966796875 0.97265625 1687623
0.11083984375 0.0966796875 0.97265625 1687624
0.091796875 0.171875 1.03173828125 1687725
0.091796875 0.171875 1.03173828125 1687726
0.091796875 0.171875 1.03173828125 1687726
0.091796875 0.171875 1.03173828125 1687727
0.09033203125 0.19189453125 1.04541015625 1687828
0.09033203125 0.19189453125 1.04541015625 1687829
0.09033203125 0.19189453125 1.04541015625 1687829
0.09033203125 0.19189453125 1.04541015625 1687830
0.08642578125 0.1923828125 1.044921875 1687930
0.08642578125 0.1923828125 1.044921875 1687930
0.08642578125 0.1923828125 1.044921875 1687931
0.08642578125 0.1923828125 1.044921875 1687931
0.08056640625 0.1904296875 1.0234375 1688033
0.08056640625 0.1904296875 1.0234375 1688034
0.08056640625 0.1904296875 1.0234375 1688034
0.08056640625 0.1904296875 1.0234375 1688035
0.08203125 0.2041015625 1.02587890625 1688222
0.08203125 0.2041015625 1.02587890625 1688222
0.08203125 0.2041015625 1.02587890625 1688223
0.08203125 0.2041015625 1.02587890625 1688223
0.083984375 0.20263671875 1.0244140625 1688325
0.083984375 0.20263671875 1.0244140625 1688326
0.083984375 0.20263671875 1.0244140625 1688326
0.083984375 0.20263671875 1.0244140625 1688327
0.09130859375 0.2041015625 1.02001953125 1688428
0.09130859375 0.2041015625 1.02001953125 1688429
0.09130859375 0.2041015625 1.02001953125 1688429
0.09130859375 0.2041015625 1.02001953125 1688430
0.08984375 0.220703125 1.0361328125 1688537
0.08984375 0.220703125 1.0361328125 1688538
0.08984375 0.220703125 1.0361328125 1688539
0.08984375 0.220703125 1.0361328125 1688539
0.0888671875 0.2041015625 1.02294921875 1688727
0.0888671875 0.2041015625 1.02294921875 1688727
0.0888671875 0.2041015625 1.02294921875 1688728
0.0888671875 0.2041015625 1.02294921875 1688729
0.1044921875 0.2294921875 1.02685546875 1688831
0.1044921875 0.2294921875 1.02685546875 1688832
0.1044921875 0.2294921875 1.02685546875 1688832
0.1044921875 0.2294921875 1.02685546875 1688833
0.09814453125 0.20947265625 1.0087890625 1688933
0.09814453125 0.20947265625 1.0087890625 1688933
0.09814453125 0.20947265625 1.0087890625 1688934
0.09814453125 0.20947265625 1.0087890625 1688935
0.099609375 0.21728515625 1.02294921875 1689035
0.099609375 0.21728515625 1.02294921875 1689035
0.099609375 0.21728515625 1.02294921875 1689036
0.099609375 0.21728515625 1.02294921875 1689036
0.1220703125 0.2236328125 1.02294921875 1689222
0.1220703125 0.2236328125 1.02294921875 1689223
0.1220703125 0.2236328125 1.02294921875 1689223
0.1220703125 0.2236328125 1.02294921875 1689223
0.10986328125 0.224609375 1.02587890625 1689340
0.10986328125 0.224609375 1.02587890625 1689340
0.10986328125 0.224609375 1.02587890625 1689341
0.10986328125 0.224609375 1.02587890625 1689342
0.1240234375 0.2021484375 1.06005859375 1689532
0.1240234375 0.2021484375 1.06005859375 1689533
0.1240234375 0.2021484375 1.06005859375 1689534
0.1240234375 0.2021484375 1.06005859375 1689534
0.1484375 0.23291015625 1.06494140625 1689634
0.1484375 0.23291015625 1.06494140625 1689634
0.1484375 0.23291015625 1.06494140625 1689635
0.1484375 0.23291015625 1.06494140625 1689635
0.13330078125 0.23095703125 0.9755859375 1689821
0.13330078125 0.23095703125 0.9755859375 1689822
0.13330078125 0.23095703125 0.9755859375 1689822
0.13330078125 0.23095703125 0.9755859375 1689823
0.154296875 0.2578125 0.96533203125 1689929
0.154296875 0.2578125 0.96533203125 1689930
0.154296875 0.2578125 0.96533203125 1689931
0.154296875 0.2578125 0.96533203125 1689932
0.14208984375 0.26953125 0.98046875 1690032
0.14208984375 0.26953125 0.98046875 1690032
0.14208984375 0.26953125 0.98046875 1690033
0.14208984375 0.26953125 0.98046875 1690033
0.1708984375 0.26318359375 0.99755859375 1690222
0.1708984375 0.26318359375 0.99755859375 1690222
0.1708984375 0.26318359375 0.99755859375 1690223
0.1708984375 0.26318359375 0.99755859375 1690223
0.1201171875 0.34716796875 0.95751953125 1690422
0.1201171875 0.34716796875 0.95751953125 1690423
0.1201171875 0.34716796875 0.95751953125 1690424
0.1201171875 0.34716796875 0.95751953125 1690424
0.19580078125 0.4794921875 0.96435546875 1690525
0.19580078125 0.4794921875 0.96435546875 1690526
0.19580078125 0.4794921875 0.96435546875 1690526
0.19580078125 0.4794921875 0.96435546875 1690527
0.314453125 0.49169921875 0.82373046875 1690628
0.314453125 0.49169921875 0.82373046875 1690629
0.314453125 0.49169921875 0.82373046875 1690629
0.314453125 0.49169921875 0.82373046875 1690630
0.41015625 0.57763671875 0.7529296875 1690731
0.41015625 0.57763671875 0.7529296875 1690731
0.41015625 0.57763671875 0.7529296875 1690732
0.41015625 0.57763671875 0.7529296875 1690732
0.5166015625 0.67138671875 0.65283203125 1690925
0.5166015625 0.67138671875 0.65283203125 1690926
0.5166015625 0.67138671875 0.65283203125 1690926
0.5166015625 0.67138671875 0.65283203125 1690927
0.54638671875 0.6689453125 0.6083984375 1691027
0.54638671875 0.6689453125 0.6083984375 1691027
0.54638671875 0.6689453125 0.6083984375 1691028
0.54638671875 0.6689453125 0.6083984375 1691028
0.53955078125 0.654296875 0.5830078125 1691132
0.53955078125 0.654296875 0.5830078125 1691132
0.53955078125 0.654296875 0.5830078125 1691133
0.53955078125 0.654296875 0.5830078125 1691133
0.52783203125 0.720703125 0.544921875 1691325
0.52783203125 0.720703125 0.544921875 1691326
0.52783203125 0.720703125 0.544921875 1691326
0.52783203125 0.720703125 0.544921875 1691327
0.52392578125 0.74169921875 0.5400390625 1691428
0.52392578125 0.74169921875 0.5400390625 1691429
0.52392578125 0.74169921875 0.5400390625 1691430
0.52392578125 0.74169921875 0.5400390625 1691431
0.32421875 0.74267578125 0.6572265625 1691532
0.32421875 0.74267578125 0.6572265625 1691532
0.32421875 0.74267578125 0.6572265625 1691533
0.32421875 0.74267578125 0.6572265625 1691533
0.21435546875 0.69384765625 0.80517578125 1691633
0.21435546875 0.69384765625 0.80517578125 1691634
0.21435546875 0.69384765625 0.80517578125 1691634
0.21435546875 0.69384765625 0.80517578125 1691634
0.1845703125 0.6611328125 0.84716796875 1691733
0.1845703125 0.6611328125 0.84716796875 1691734
0.1845703125 0.6611328125 0.84716796875 1691734
0.1845703125 0.6611328125 0.84716796875 1691735
0.1826171875 0.5927734375 0.826171875 1691925
0.1826171875 0.5927734375 0.826171875 1691926
0.1826171875 0.5927734375 0.826171875 1691926
0.1826171875 0.5927734375 0.826171875 1691927
0.14990234375 0.57958984375 0.8623046875 1692027
0.14990234375 0.57958984375 0.8623046875 1692028
0.14990234375 0.57958984375 0.8623046875 1692029
0.14990234375 0.57958984375 0.8623046875 1692029
0.12158203125 0.5439453125 0.890625 1692130
0.12158203125 0.5439453125 0.890625 1692131
0.12158203125 0.5439453125 0.890625 1692131
0.12158203125 0.5439453125 0.890625 1692132
0.11083984375 0.5107421875 0.8916015625 1692232
0.11083984375 0.5107421875 0.8916015625 1692233
0.11083984375 0.5107421875 0.8916015625 1692233
0.11083984375 0.5107421875 0.8916015625 1692234
0.1162109375 0.56396484375 0.91845703125 1692420
0.1162109375 0.56396484375 0.91845703125 1692420
0.1162109375 0.56396484375 0.91845703125 1692421
0.1162109375 0.56396484375 0.91845703125 1692421
0.11474609375 0.5205078125 0.90283203125 1692523
0.11474609375 0.5205078125 0.90283203125 1692524
0.11474609375 0.5205078125 0.90283203125 1692524
0.11474609375 0.5205078125 0.90283203125 1692525
0.13037109375 0.5185546875 0.8876953125 1692625
0.13037109375 0.5185546875 0.8876953125 1692625
0.13037109375 0.5185546875 0.8876953125 1692626
0.13037109375 0.5185546875 0.8876953125 1692627
0.1279296875 0.52001953125 0.8974609375 1692728
0.1279296875 0.52001953125 0.8974609375 1692728
0.1279296875 0.52001953125 0.8974609375 1692729
0.1279296875 0.52001953125 0.8974609375 1692729
0.14208984375 0.5126953125 0.9013671875 1692831
0.14208984375 0.5126953125 0.9013671875 1692831
0.14208984375 0.5126953125 0.9013671875 1692832
0.14208984375 0.5126953125 0.9013671875 1692832
0.12646484375 0.51318359375 0.90283203125 1693020
0.12646484375 0.51318359375 0.90283203125 1693021
0.12646484375 0.51318359375 0.90283203125 1693022
0.12646484375 0.51318359375 0.90283203125 1693022
0.12060546875 0.49365234375 0.9072265625 1693130
0.12060546875 0.49365234375 0.9072265625 1693131
0.12060546875 0.49365234375 0.9072265625 1693132
0.12060546875 0.49365234375 0.9072265625 1693132
0.10986328125 0.515625 0.91845703125 1693325
0.10986328125 0.515625 0.91845703125 1693326
0.10986328125 0.515625 0.91845703125 1693327
0.10986328125 0.515625 0.91845703125 1693327
0.1162109375 0.501953125 0.9052734375 1693427
0.1162109375 0.501953125 0.9052734375 1693428
0.1162109375 0.501953125 0.9052734375 1693428
0.1162109375 0.501953125 0.9052734375 1693429
0.1005859375 0.50048828125 0.91162109375 1693530
0.1005859375 0.50048828125 0.91162109375 1693531
0.1005859375 0.50048828125 0.91162109375 1693531
0.1005859375 0.50048828125 0.91162109375 1693532
0.10791015625 0.4951171875 0.9052734375 1693631
0.10791015625 0.4951171875 0.9052734375 1693632
0.10791015625 0.4951171875 0.9052734375 1693632
0.10791015625 0.4951171875 0.9052734375 1693633
0.08154296875 0.513671875 0.91357421875 1693820
0.08154296875 0.513671875 0.91357421875 1693820
0.08154296875 0.513671875 0.91357421875 1693821
0.08154296875 0.513671875 0.91357421875 1693821
0.0693359375 0.51953125 0.91064453125 1693924
0.0693359375 0.51953125 0.91064453125 1693924
0.0693359375 0.51953125 0.91064453125 1693925
0.0693359375 0.51953125 0.91064453125 1693925
0.0576171875 0.505859375 0.90478515625 1694025
0.0576171875 0.505859375 0.90478515625 1694026
0.0576171875 0.505859375 0.90478515625 1694026
0.0576171875 0.505859375 0.90478515625 1694027
0.03125 0.509765625 0.91552734375 1694128
0.03125 0.509765625 0.91552734375 1694129
0.03125 0.509765625 0.91552734375 1694129
0.03125 0.509765625 0.91552734375 1694130
0.01708984375 0.51708984375 0.91650390625 1694312
0.01708984375 0.51708984375 0.91650390625 1694313
0.01708984375 0.51708984375 0.91650390625 1694314
0.01708984375 0.51708984375 0.91650390625 1694314
0.02099609375 0.51171875 0.9091796875 1694425
0.02099609375 0.51171875 0.9091796875 1694426
0.02099609375 0.51171875 0.9091796875 1694426
0.02099609375 0.51171875 0.9091796875 1694427
0.0302734375 0.53466796875 0.91796875 1694527
0.0302734375 0.53466796875 0.91796875 1694527
0.0302734375 0.53466796875 0.91796875 1694528
0.0302734375 0.53466796875 0.91796875 1694528
0.02783203125 0.52197265625 0.9130859375 1694632
0.02783203125 0.52197265625 0.9130859375 1694632
0.02783203125 0.52197265625 0.9130859375 1694633
0.02783203125 0.52197265625 0.9130859375 1694633
0.025390625 0.509765625 0.90478515625 1694821
0.025390625 0.509765625 0.90478515625 1694821
0.025390625 0.509765625 0.90478515625 1694822
0.025390625 0.509765625 0.90478515625 1694822
0.0322265625 0.5234375 0.91455078125 1694935
0.0322265625 0.5234375 0.91455078125 1694936
0.0322265625 0.5234375 0.91455078125 1694936
0.0322265625 0.5234375 0.91455078125 1694937
0.01318359375 0.5224609375 0.9140625 1695114
0.01318359375 0.5224609375 0.9140625 1695126
0.01318359375 0.5224609375 0.9140625 1695127
0.01318359375 0.5224609375 0.9140625 1695127
0.03125 0.53466796875 0.90673828125 1695229
0.03125 0.53466796875 0.90673828125 1695229
0.03125 0.53466796875 0.90673828125 1695230
0.03125 0.53466796875 0.90673828125 1695230
0.01025390625 0.5078125 0.904296875 1695420
0.01025390625 0.5078125 0.904296875 1695421
0.01025390625 0.5078125 0.904296875 1695421
0.01025390625 0.5078125 0.904296875 1695422
0.0224609375 0.529296875 0.9296875 1695521
0.0224609375 0.529296875 0.9296875 1695522
0.0224609375 0.529296875 0.9296875 1695522
0.02294921875 0.51171875 0.8974609375 1695624
0.02294921875 0.51171875 0.8974609375 1695624
0.02294921875 0.51171875 0.8974609375 1695625
0.02294921875 0.51171875 0.8974609375 1695625
0.0283203125 0.53369140625 0.912109375 1695726
0.0283203125 0.53369140625 0.912109375 1695726
0.0283203125 0.53369140625 0.912109375 1695727
0.0283203125 0.53369140625 0.912109375 1695727
0.015625 0.5166015625 0.912109375 1695833
0.015625 0.5166015625 0.912109375 1695834
0.015625 0.5166015625 0.912109375 1695835
0.015625 0.5166015625 0.912109375 1695836
0.0078125 0.53857421875 0.9169921875 1696020
0.0078125 0.53857421875 0.9169921875 1696021
0.0078125 0.53857421875 0.9169921875 1696022
0.0078125 0.53857421875 0.9169921875 1696023
0.0146484375 0.5283203125 0.90869140625 1696122
0.0146484375 0.5283203125 0.90869140625 1696123
0.0146484375 0.5283203125 0.90869140625 1696123
0.0146484375 0.5283203125 0.90869140625 1696124
-0.001953125 0.5234375 0.91064453125 1696228
-0.001953125 0.5234375 0.91064453125 1696229
-0.001953125 0.5234375 0.91064453125 1696229
-0.001953125 0.5234375 0.91064453125 1696229
-0.00048828125 0.53759765625 0.91552734375 1696331
-0.00048828125 0.53759765625 0.91552734375 1696332
-0.00048828125 0.53759765625 0.91552734375 1696332
-0.00048828125 0.53759765625 0.91552734375 1696333
0.00048828125 0.51318359375 0.91064453125 1696522
0.00048828125 0.51318359375 0.91064453125 1696523
0.00048828125 0.51318359375 0.91064453125 1696523
0.00048828125 0.51318359375 0.91064453125 1696524
-0.01025390625 0.52001953125 0.91845703125 1696623
-0.01025390625 0.52001953125 0.91845703125 1696623
-0.01025390625 0.52001953125 0.91845703125 1696624
-0.01025390625 0.52001953125 0.91845703125 1696625
0.0009765625 0.5185546875 0.9140625 1696726
0.0009765625 0.5185546875 0.9140625 1696726
0.0009765625 0.5185546875 0.9140625 1696727
0.0009765625 0.5185546875 0.9140625 1696727
-0.00146484375 0.52880859375 0.9150390625 1696830
-0.00146484375 0.52880859375 0.9150390625 1696831
-0.00146484375 0.52880859375 0.9150390625 1696832
-0.00146484375 0.52880859375 0.9150390625 1696832
-0.01318359375 0.5126953125 0.91064453125 1697021
-0.01318359375 0.5126953125 0.91064453125 1697021
-0.01318359375 0.5126953125 0.91064453125 1697022
-0.01318359375 0.5126953125 0.91064453125 1697022
-0.00732421875 0.53466796875 0.91845703125 1697121
-0.00732421875 0.53466796875 0.91845703125 1697122
-0.00732421875 0.53466796875 0.91845703125 1697122
-0.00732421875 0.53466796875 0.91845703125 1697123
-0.01416015625 0.521484375 0.91259765625 1697225
-0.01416015625 0.521484375 0.91259765625 1697226
-0.01416015625 0.521484375 0.91259765625 1697227
-0.0126953125 0.515625 0.9033203125 1697327
-0.0126953125 0.515625 0.9033203125 1697327
-0.0126953125 0.515625 0.9033203125 1697328
-0.0126953125 0.515625 0.9033203125 1697329
-0.00634765625 0.5263671875 0.91748046875 1697430
-0.00634765625 0.5263671875 0.91748046875 1697430
-0.00634765625 0.5263671875 0.91748046875 1697431
-0.00634765625 0.5263671875 0.91748046875 1697432
-0.01513671875 0.515625 0.912109375 1697618
-0.01513671875 0.515625 0.912109375 1697618
-0.01513671875 0.515625 0.912109375 1697619
-0.01513671875 0.515625 0.912109375 1697620
-0.01025390625 0.52978515625 0.91552734375 1697721
-0.01025390625 0.52978515625 0.91552734375 1697722
-0.01025390625 0.52978515625 0.91552734375 1697722
-0.01025390625 0.52978515625 0.91552734375 1697723
-0.0126953125 0.5146484375 0.9052734375 1697822
-0.0126953125 0.5146484375 0.9052734375 1697822
-0.0126953125 0.5146484375 0.9052734375 1697823
-0.0126953125 0.5146484375 0.9052734375 1697823
-0.01806640625 0.5205078125 0.916015625 1697926
-0.01806640625 0.5205078125 0.916015625 1697927
-0.01806640625 0.5205078125 0.916015625 1697928
-0.01806640625 0.5205078125 0.916015625 1697928
-0.01513671875 0.5224609375 0.9140625 1698028
-0.01513671875 0.5224609375 0.9140625 1698028
-0.01513671875 0.5224609375 0.9140625 1698029
-0.01513671875 0.5224609375 0.9140625 1698029
-0.02490234375 0.5107421875 0.904296875 1698219
-0.02490234375 0.5107421875 0.904296875 1698220
-0.02490234375 0.5107421875 0.904296875 1698220
-0.02490234375 0.5107421875 0.904296875 1698220
-0.009765625 0.52978515625 0.921875 1698321
-0.009765625 0.52978515625 0.921875 1698322
-0.009765625 0.52978515625 0.921875 1698323
-0.009765625 0.52978515625 0.921875 1698323
-0.01806640625 0.5078125 0.91162109375 1698423
-0.01806640625 0.5078125 0.91162109375 1698424
-0.01806640625 0.5078125 0.91162109375 1698424
-0.01806640625 0.5078125 0.91162109375 1698425
-0.02734375 0.515625 0.9140625 1698526
-0.02734375 0.515625 0.9140625 1698527
-0.02734375 0.515625 0.9140625 1698527
-0.02734375 0.515625 0.9140625 1698528
-0.01171875 0.52685546875 0.91943359375 1698631
-0.01171875 0.52685546875 0.91943359375 1698632
-0.01171875 0.52685546875 0.91943359375 1698632
-0.01171875 0.52685546875 0.91943359375 1698633
-0.00146484375 0.53076171875 0.91552734375 1698818
-0.00146484375 0.53076171875 0.91552734375 1698818
-0.00146484375 0.53076171875 0.91552734375 1698819
-0.00146484375 0.53076171875 0.91552734375 1698819
-0.00390625 0.52685546875 0.91015625 1698920
-0.00390625 0.52685546875 0.91015625 1698921
-0.00390625 0.52685546875 0.91015625 1698921
-0.00390625 0.52685546875 0.91015625 1698922
0.00830078125 0.529296875 0.91845703125 1699023
0.00830078125 0.529296875 0.91845703125 1699024
0.00830078125 0.529296875 0.91845703125 1699025
0.00830078125 0.529296875 0.91845703125 1699025
-0.01318359375 0.505859375 0.91064453125 1699128
-0.01318359375 0.505859375 0.91064453125 1699128
-0.01318359375 0.505859375 0.91064453125 1699129
-0.01318359375 0.505859375 0.91064453125 1699130
0.0087890625 0.53076171875 0.9208984375 1699306
0.0087890625 0.53076171875 0.9208984375 1699307
0.0087890625 0.53076171875 0.9208984375 1699307
0.0087890625 0.53076171875 0.9208984375 1699308
0.00439453125 0.50927734375 0.90966796875 1699418
0.00439453125 0.50927734375 0.90966796875 1699419
0.00439453125 0.50927734375 0.90966796875 1699420
0.00439453125 0.50927734375 0.90966796875 1699420
0.0107421875 0.5302734375 0.91845703125 1699529
0.0107421875 0.5302734375 0.91845703125 1699530
0.0107421875 0.5302734375 0.91845703125 1699530
0.0107421875 0.5302734375 0.91845703125 1699530
0.01220703125 0.52099609375 0.91015625 1699721
0.01220703125 0.52099609375 0.91015625 1699722
0.01220703125 0.52099609375 0.91015625 1699722
0.01220703125 0.52099609375 0.91015625 1699723
0.01318359375 0.529296875 0.912109375 1699821
0.01318359375 0.529296875 0.912109375 1699822
0.01318359375 0.529296875 0.912109375 1699823
0.01318359375 0.529296875 0.912109375 1699823
0.0263671875 0.5234375 0.90625 1699923
0.0263671875 0.5234375 0.90625 1699924
0.0263671875 0.5234375 0.90625 1699925
0.0263671875 0.5234375 0.90625 1699925
0.0263671875 0.53125 0.90966796875 1700026
0.0263671875 0.53125 0.90966796875 1700027
0.0263671875 0.53125 0.90966796875 1700027
0.0263671875 0.53125 0.90966796875 1700028
0.00830078125 0.52734375 0.92919921875 1700231
0.00830078125 0.52734375 0.92919921875 1700231
0.00830078125 0.52734375 0.92919921875 1700232
0.00830078125 0.52734375 0.92919921875 1700232
0.02587890625 0.54443359375 0.9345703125 1700421
0.02587890625 0.54443359375 0.9345703125 1700421
0.02587890625 0.54443359375 0.9345703125 1700422
0.02587890625 0.54443359375 0.9345703125 1700422
0.01806640625 0.5166015625 0.91015625 1700523
0.01806640625 0.5166015625 0.91015625 1700523
0.01806640625 0.5166015625 0.91015625 1700524
0.01806640625 0.5166015625 0.91015625 1700525
0.0361328125 0.4912109375 0.890625 1700626
0.0361328125 0.4912109375 0.890625 1700626
0.0361328125 0.4912109375 0.890625 1700627
0.0361328125 0.4912109375 0.890625 1700627
0.0244140625 0.5205078125 0.90771484375 1700817
0.0244140625 0.5205078125 0.90771484375 1700818
0.0244140625 0.5205078125 0.90771484375 1700818
0.0244140625 0.5205078125 0.90771484375 1700819
0.04736328125 0.53271484375 0.89208984375 1700919
0.04736328125 0.53271484375 0.89208984375 1700919
0.04736328125 0.53271484375 0.89208984375 1700920
0.04736328125 0.53271484375 0.89208984375 1700920
0.044921875 0.517578125 0.87158203125 1701022
0.044921875 0.517578125 0.87158203125 1701023
0.044921875 0.517578125 0.87158203125 1701023
0.044921875 0.517578125 0.87158203125 1701024
0.01904296875 0.51171875 0.88671875 1701124
0.01904296875 0.51171875 0.88671875 1701125
0.01904296875 0.51171875 0.88671875 1701125
0.01904296875 0.51171875 0.88671875 1701126
0.03369140625 0.517578125 0.857421875 1701226
0.03369140625 0.517578125 0.857421875 1701227
0.03369140625 0.517578125 0.857421875 1701227
0.03369140625 0.517578125 0.857421875 1701228
0.166015625 0.61083984375 0.86474609375 1701419
0.166015625 0.61083984375 0.86474609375 1701419
0.166015625 0.61083984375 0.86474609375 1701420
0.166015625 0.61083984375 0.86474609375 1701421
0.357421875 0.6533203125 0.80224609375 1701522
0.357421875 0.6533203125 0.80224609375 1701522
0.357421875 0.6533203125 0.80224609375 1701523
0.357421875 0.6533203125 0.80224609375 1701523
0.7197265625 0.55517578125 0.537109375 1701725
0.7197265625 0.55517578125 0.537109375 1701726
0.7197265625 0.55517578125 0.537109375 1701726
0.7197265625 0.55517578125 0.537109375 1701727
0.8427734375 0.50927734375 0.375 1701828
0.8427734375 0.50927734375 0.375 1701829
0.8427734375 0.50927734375 0.375 1701829
0.8427734375 0.50927734375 0.375 1701830
1.021484375 0.400390625 0.078125 1702016
1.021484375 0.400390625 0.078125 1702017
1.021484375 0.400390625 0.078125 1702017
1.021484375 0.400390625 0.078125 1702017
0.685546875 0.00390625 0.06591796875 1702119
0.685546875 0.00390625 0.06591796875 1702119
0.685546875 0.00390625 0.06591796875 1702120
0.685546875 0.00390625 0.06591796875 1702121
1.09423828125 0.46435546875 -0.150390625 1702222
1.09423828125 0.46435546875 -0.150390625 1702223
1.09423828125 0.46435546875 -0.150390625 1702223
1.09423828125 0.46435546875 -0.150390625 1702224
0.99755859375 0.57421875 0.25537109375 1702324
0.99755859375 0.57421875 0.25537109375 1702325
0.99755859375 0.57421875 0.25537109375 1702325
0.99755859375 0.57421875 0.25537109375 1702326
0.7158203125 0.4501953125 0.625 1702428
0.7158203125 0.4501953125 0.625 1702428
0.7158203125 0.4501953125 0.625 1702429
0.7158203125 0.4501953125 0.625 1702429
0.54931640625 0.3623046875 0.84423828125 1702617
0.54931640625 0.3623046875 0.84423828125 1702618
0.54931640625 0.3623046875 0.84423828125 1702618
0.54931640625 0.3623046875 0.84423828125 1702619
0.34814453125 0.216796875 0.84716796875 1702814
0.34814453125 0.216796875 0.84716796875 1702815
0.34814453125 0.216796875 0.84716796875 1702815
0.34814453125 0.216796875 0.84716796875 1702816
0.33056640625 0.3271484375 0.88623046875 1702917
0.33056640625 0.3271484375 0.88623046875 1702918
0.33056640625 0.3271484375 0.88623046875 1702919
0.33056640625 0.3271484375 0.88623046875 1702919
0.2685546875 0.47900390625 1.0029296875 1703020
0.2685546875 0.47900390625 1.0029296875 1703021
0.2685546875 0.47900390625 1.0029296875 1703021
0.2685546875 0.47900390625 1.0029296875 1703022
0.3095703125 0.466796875 0.93505859375 1703124
0.3095703125 0.466796875 0.93505859375 1703124
0.3095703125 0.466796875 0.93505859375 1703125
0.3095703125 0.466796875 0.93505859375 1703125
0.26171875 0.55322265625 0.92138671875 1703227
0.26171875 0.55322265625 0.92138671875 1703227
0.26171875 0.55322265625 0.92138671875 1703228
0.26171875 0.55322265625 0.92138671875 1703229
0.25390625 0.5234375 0.875 1703414
0.25390625 0.5234375 0.875 1703414
0.25390625 0.5234375 0.875 1703415
0.25390625 0.5234375 0.875 1703415
0.28173828125 0.56884765625 0.853515625 1703519
0.28173828125 0.56884765625 0.853515625 1703520
0.28173828125 0.56884765625 0.853515625 1703520
0.28173828125 0.56884765625 0.853515625 1703521
0.275390625 0.5458984375 0.82470703125 1703621
0.275390625 0.5458984375 0.82470703125 1703622
0.275390625 0.5458984375 0.82470703125 1703623
0.275390625 0.5458984375 0.82470703125 1703623
0.27685546875 0.583984375 0.8310546875 1703722
0.27685546875 0.583984375 0.8310546875 1703723
0.27685546875 0.583984375 0.8310546875 1703723
0.27685546875 0.583984375 0.8310546875 1703724
0.330078125 0.62939453125 0.80029296875 1703826
0.330078125 0.62939453125 0.80029296875 1703826
0.330078125 0.62939453125 0.80029296875 1703827
0.330078125 0.62939453125 0.80029296875 1703827
0.36865234375 0.64990234375 0.7236328125 1704016
0.36865234375 0.64990234375 0.7236328125 1704016
0.36865234375 0.64990234375 0.7236328125 1704017
0.36865234375 0.64990234375 0.7236328125 1704017
0.380859375 0.673828125 0.71435546875 1704119
0.380859375 0.673828125 0.71435546875 1704119
0.380859375 0.673828125 0.71435546875 1704120
0.380859375 0.673828125 0.71435546875 1704120
0.3408203125 0.6689453125 0.7265625 1704221
0.3408203125 0.6689453125 0.7265625 1704221
0.3408203125 0.6689453125 0.7265625 1704222
0.3408203125 0.6689453125 0.7265625 1704222
0.3427734375 0.681640625 0.72119140625 1704323
0.3427734375 0.681640625 0.72119140625 1704323
0.3427734375 0.681640625 0.72119140625 1704324
0.3427734375 0.681640625 0.72119140625 1704324
0.31494140625 0.7392578125 0.75390625 1704424
0.31494140625 0.7392578125 0.75390625 1704425
0.31494140625 0.7392578125 0.75390625 1704425
0.31494140625 0.7392578125 0.75390625 1704426
0.185546875 0.673828125 0.80322265625 1704537
0.185546875 0.673828125 0.80322265625 1704538
0.185546875 0.673828125 0.80322265625 1704538
0.185546875 0.673828125 0.80322265625 1704539
0.1064453125 0.62841796875 0.86083984375 1704727
0.1064453125 0.62841796875 0.86083984375 1704728
0.1064453125 0.62841796875 0.86083984375 1704728
0.1064453125 0.62841796875 0.86083984375 1704729
0.00732421875 0.51806640625 0.90869140625 1704917
0.00732421875 0.51806640625 0.90869140625 1704917
0.00732421875 0.51806640625 0.90869140625 1704917
0.00732421875 0.51806640625 0.90869140625 1704918
0.044921875 0.525390625 0.9091796875 1705021
0.044921875 0.525390625 0.9091796875 1705022
0.044921875 0.525390625 0.9091796875 1705023
0.044921875 0.525390625 0.9091796875 1705023
0.0244140625 0.55615234375 0.916015625 1705135
0.0244140625 0.55615234375 0.916015625 1705136
0.0244140625 0.55615234375 0.916015625 1705136
0.0244140625 0.55615234375 0.916015625 1705137
0.0634765625 0.51708984375 0.90771484375 1705305
0.0634765625 0.51708984375 0.90771484375 1705305
0.0634765625 0.51708984375 0.90771484375 1705306
0.0634765625 0.51708984375 0.90771484375 1705306
0.0595703125 0.49462890625 0.90283203125 1705415
0.0595703125 0.49462890625 0.90283203125 1705415
0.0595703125 0.49462890625 0.90283203125 1705416
0.0595703125 0.49462890625 0.90283203125 1705416
0.05224609375 0.5166015625 0.9140625 1705517
0.05224609375 0.5166015625 0.9140625 1705518
0.05224609375 0.5166015625 0.9140625 1705519
0.05224609375 0.5166015625 0.9140625 1705519
0.05712890625 0.49951171875 0.91015625 1705618
0.05712890625 0.49951171875 0.91015625 1705619
0.05712890625 0.49951171875 0.91015625 1705619
0.05712890625 0.49951171875 0.91015625 1705620
0.056640625 0.51220703125 0.91162109375 1705720
0.056640625 0.51220703125 0.91162109375 1705720
0.056640625 0.51220703125 0.91162109375 1705721
0.056640625 0.51220703125 0.91162109375 1705721
0.0556640625 0.52783203125 0.93212890625 1705825
0.0556640625 0.52783203125 0.93212890625 1705825
0.0556640625 0.52783203125 0.93212890625 1705826
0.0556640625 0.52783203125 0.93212890625 1705827
0.05859375 0.51611328125 0.9189453125 1706013
0.05859375 0.51611328125 0.9189453125 1706013
0.05859375 0.51611328125 0.9189453125 1706014
0.05859375 0.51611328125 0.9189453125 1706014
0.04296875 0.5263671875 0.91162109375 1706117
0.04296875 0.5263671875 0.91162109375 1706118
0.04296875 0.5263671875 0.91162109375 1706118
0.04296875 0.5263671875 0.91162109375 1706119
0.03369140625 0.52978515625 0.89892578125 1706218
0.03369140625 0.52978515625 0.89892578125 1706218
0.03369140625 0.52978515625 0.89892578125 1706219
0.03369140625 0.52978515625 0.89892578125 1706219
0.0498046875 0.525390625 0.90283203125 1706322
0.0498046875 0.525390625 0.90283203125 1706322
0.0498046875 0.525390625 0.90283203125 1706323
0.0498046875 0.525390625 0.90283203125 1706323
0.03564453125 0.52294921875 0.9130859375 1706423
0.03564453125 0.52294921875 0.9130859375 1706424
0.03564453125 0.52294921875 0.9130859375 1706424
0.03564453125 0.52294921875 0.9130859375 1706425
0.0380859375 0.53466796875 0.90869140625 1706615
0.0380859375 0.53466796875 0.90869140625 1706616
0.0380859375 0.53466796875 0.90869140625 1706616
0.0380859375 0.53466796875 0.90869140625 1706617
0.046875 0.51171875 0.89599609375 1706717
0.046875 0.51171875 0.89599609375 1706718
0.046875 0.51171875 0.89599609375 1706719
0.046875 0.51171875 0.89599609375 1706719
0.04248046875 0.53125 0.908203125 1706820
0.04248046875 0.53125 0.908203125 1706820
0.04248046875 0.53125 0.908203125 1706821
0.04248046875 0.53125 0.908203125 1706822
0.03955078125 0.51953125 0.90283203125 1706923
0.03955078125 0.51953125 0.90283203125 1706924
0.03955078125 0.51953125 0.90283203125 1706924
0.03955078125 0.51953125 0.90283203125 1706925
0.048828125 0.533203125 0.9091796875 1707024
0.048828125 0.533203125 0.9091796875 1707025
0.048828125 0.533203125 0.9091796875 1707025
0.048828125 0.533203125 0.9091796875 1707026
0.0400390625 0.52099609375 0.9072265625 1707214
0.0400390625 0.52099609375 0.9072265625 1707215
0.0400390625 0.52099609375 0.9072265625 1707216
0.0400390625 0.52099609375 0.9072265625 1707216
0.046875 0.5361328125 0.90966796875 1707315
0.046875 0.5361328125 0.90966796875 1707316
0.046875 0.5361328125 0.90966796875 1707316
0.046875 0.5361328125 0.90966796875 1707317
0.0341796875 0.51904296875 0.9052734375 1707420
0.0341796875 0.51904296875 0.9052734375 1707420
0.0341796875 0.51904296875 0.9052734375 1707421
0.0341796875 0.51904296875 0.9052734375 1707421
0.01904296875 0.515625 0.90625 1707522
0.01904296875 0.515625 0.90625 1707523
0.01904296875 0.515625 0.90625 1707523
0.01904296875 0.515625 0.90625 1707523
0.04296875 0.54296875 0.91552734375 1707626
0.04296875 0.54296875 0.91552734375 1707626
0.04296875 0.54296875 0.91552734375 1707627
0.04296875 0.54296875 0.91552734375 1707628
0.03662109375 0.52880859375 0.90625 1707814
0.03662109375 0.52880859375 0.90625 1707815
0.03662109375 0.52880859375 0.90625 1707815
0.03662109375 0.52880859375 0.90625 1707816
0.0322265625 0.52392578125 0.9052734375 1707916
0.0322265625 0.52392578125 0.9052734375 1707917
0.0322265625 0.52392578125 0.9052734375 1707918
0.0322265625 0.52392578125 0.9052734375 1707918
0.02490234375 0.53173828125 0.9150390625 1708019
0.02490234375 0.53173828125 0.9150390625 1708019
0.02490234375 0.53173828125 0.9150390625 1708020
0.02197265625 0.52783203125 0.90771484375 1708122
0.02197265625 0.52783203125 0.90771484375 1708123
0.02197265625 0.52783203125 0.90771484375 1708123
0.02197265625 0.52783203125 0.90771484375 1708124
0.0263671875 0.53662109375 0.90966796875 1708317
0.0263671875 0.53662109375 0.90966796875 1708318
0.0263671875 0.53662109375 0.90966796875 1708318
0.0263671875 0.53662109375 0.90966796875 1708318
0.04345703125 0.53857421875 0.9091796875 1708419
0.04345703125 0.53857421875 0.9091796875 1708420
0.04345703125 0.53857421875 0.9091796875 1708420
0.0224609375 0.53076171875 0.91015625 1708523
0.0224609375 0.53076171875 0.91015625 1708524
0.0224609375 0.53076171875 0.91015625 1708525
0.0224609375 0.53076171875 0.91015625 1708526
0.0322265625 0.525390625 0.91162109375 1708716
0.0322265625 0.525390625 0.91162109375 1708717
0.0322265625 0.525390625 0.91162109375 1708717
0.0322265625 0.525390625 0.91162109375 1708719
0.029296875 0.51708984375 0.908203125 1708818
0.029296875 0.51708984375 0.908203125 1708818
0.029296875 0.51708984375 0.908203125 1708819
0.03369140625 0.54541015625 0.91748046875 1708923
0.03369140625 0.54541015625 0.91748046875 1708924
0.03369140625 0.54541015625 0.91748046875 1708925
0.03369140625 0.54541015625 0.91748046875 1708925
0.02978515625 0.51611328125 0.8984375 1709026
0.02978515625 0.51611328125 0.8984375 1709026
0.02978515625 0.51611328125 0.8984375 1709027
0.02978515625 0.51611328125 0.8984375 1709028
0.03515625 0.52099609375 0.90625 1709214
0.03515625 0.52099609375 0.90625 1709214
0.03515625 0.52099609375 0.90625 1709215
0.03515625 0.52099609375 0.90625 1709215
0.0341796875 0.5234375 0.91357421875 1709317
0.0341796875 0.5234375 0.91357421875 1709317
0.0341796875 0.5234375 0.91357421875 1709318
0.0341796875 0.5234375 0.91357421875 1709318
0.0302734375 0.52197265625 0.91064453125 1709519
0.0302734375 0.52197265625 0.91064453125 1709520
0.0302734375 0.52197265625 0.91064453125 1709521
0.0302734375 0.52197265625 0.91064453125 1709521
0.02734375 0.5439453125 0.916015625 1709620
0.02734375 0.5439453125 0.916015625 1709621
0.02734375 0.5439453125 0.916015625 1709621
0.02734375 0.5439453125 0.916015625 1709621
0.0244140625 0.533203125 0.908203125 1709724
0.0244140625 0.533203125 0.908203125 1709724
0.0244140625 0.533203125 0.908203125 1709725
0.0244140625 0.533203125 0.908203125 1709726
0.04296875 0.51806640625 0.904296875 1709934
0.04296875 0.51806640625 0.904296875 1709934
0.04296875 0.51806640625 0.904296875 1709935
0.04296875 0.51806640625 0.904296875 1709935
0.037109375 0.5185546875 0.904296875 1710122
0.037109375 0.5185546875 0.904296875 1710123
0.037109375 0.5185546875 0.904296875 1710124
0.037109375 0.5185546875 0.904296875 1710124
0.02783203125 0.51904296875 0.904296875 1710224
0.02783203125 0.51904296875 0.904296875 1710225
0.02783203125 0.51904296875 0.904296875 1710225
0.02783203125 0.51904296875 0.904296875 1710226
0.02783203125 0.53564453125 0.916015625 1710412
0.02783203125 0.53564453125 0.916015625 1710412
0.02783203125 0.53564453125 0.916015625 1710413
0.02783203125 0.53564453125 0.916015625 1710414
0.04638671875 0.5126953125 0.90087890625 1710514
0.04638671875 0.5126953125 0.90087890625 1710515
0.04638671875 0.5126953125 0.90087890625 1710515
0.04638671875 0.5126953125 0.90087890625 1710516
-0.00830078125 0.52978515625 0.9140625 1710615
-0.00830078125 0.52978515625 0.9140625 1710616
-0.00830078125 0.52978515625 0.9140625 1710616
-0.00830078125 0.52978515625 0.9140625 1710616
0.0205078125 0.53759765625 0.9111328125 1710718
0.0205078125 0.53759765625 0.9111328125 1710719
0.0205078125 0.53759765625 0.9111328125 1710719
0.0205078125 0.53759765625 0.9111328125 1710720
0.02587890625 0.5380859375 0.90869140625 1710821
0.02587890625 0.5380859375 0.90869140625 1710822
0.02587890625 0.5380859375 0.90869140625 1710822
0.02587890625 0.5380859375 0.90869140625 1710823
0.02978515625 0.53662109375 0.9091796875 1711012
0.02978515625 0.53662109375 0.9091796875 1711012
0.02978515625 0.53662109375 0.9091796875 1711013
0.02978515625 0.53662109375 0.9091796875 1711013
0.02783203125 0.54345703125 0.90966796875 1711115
0.02783203125 0.54345703125 0.90966796875 1711116
0.02783203125 0.54345703125 0.90966796875 1711117
0.02783203125 0.54345703125 0.90966796875 1711118
0.029296875 0.53662109375 0.900390625 1711218
0.029296875 0.53662109375 0.900390625 1711218
0.029296875 0.53662109375 0.900390625 1711219
0.029296875 0.53662109375 0.900390625 1711220
0.0166015625 0.52978515625 0.90771484375 1711320
0.0166015625 0.52978515625 0.90771484375 1711321
0.0166015625 0.52978515625 0.90771484375 1711322
0.0166015625 0.52978515625 0.90771484375 1711322
0.0400390625 0.53369140625 0.9013671875 1711422
0.0400390625 0.53369140625 0.9013671875 1711422
0.0400390625 0.53369140625 0.9013671875 1711423
0.0400390625 0.53369140625 0.9013671875 1711423
0.03466796875 0.53125 0.90625 1711613
0.03466796875 0.53125 0.90625 1711614
0.03466796875 0.53125 0.90625 1711614
0.03466796875 0.53125 0.90625 1711615
0.03125 0.5361328125 0.90234375 1711714
0.03125 0.5361328125 0.90234375 1711714
0.03125 0.5361328125 0.90234375 1711715
0.03125 0.5361328125 0.90234375 1711716
0.03125 0.53857421875 0.90625 1711817
0.03125 0.53857421875 0.90625 1711818
0.03125 0.53857421875 0.90625 1711819
0.03125 0.53857421875 0.90625 1711819
0.02197265625 0.53125 0.89697265625 1711918
0.02197265625 0.53125 0.89697265625 1711919
0.02197265625 0.53125 0.89697265625 1711919
0.02197265625 0.53125 0.89697265625 1711920
0.02734375 0.552734375 0.90771484375 1712021
0.02734375 0.552734375 0.90771484375 1712021
0.02734375 0.552734375 0.90771484375 1712022
0.02734375 0.552734375 0.90771484375 1712022
0.0302734375 0.5537109375 0.89697265625 1712217
0.0302734375 0.5537109375 0.89697265625 1712218
0.0302734375 0.5537109375 0.89697265625 1712218
0.0302734375 0.5537109375 0.89697265625 1712219
-0.00048828125 0.5390625 0.90576171875 1712412
-0.00048828125 0.5390625 0.90576171875 1712413
-0.00048828125 0.5390625 0.90576171875 1712414
-0.00048828125 0.5390625 0.90576171875 1712414
0.03515625 0.5537109375 0.8955078125 1712515
0.03515625 0.5537109375 0.8955078125 1712515
0.03515625 0.5537109375 0.8955078125 1712516
0.03515625 0.5537109375 0.8955078125 1712516
0.01123046875 0.53515625 0.89306640625 1712617
0.01123046875 0.53515625 0.89306640625 1712618
0.01123046875 0.53515625 0.89306640625 1712618
0.01123046875 0.53515625 0.89306640625 1712619
0.01953125 0.5302734375 0.9111328125 1712720
0.01953125 0.5302734375 0.9111328125 1712721
0.01953125 0.5302734375 0.9111328125 1712721
0.01953125 0.5302734375 0.9111328125 1712722
0 0.548828125 0.90771484375 1712822
0 0.548828125 0.90771484375 1712822
0 0.548828125 0.90771484375 1712823
0 0.548828125 0.90771484375 1712824
0.00830078125 0.5498046875 0.908203125 1713010
0.00830078125 0.5498046875 0.908203125 1713011
0.00830078125 0.5498046875 0.908203125 1713012
0.00830078125 0.5498046875 0.908203125 1713012
0.00537109375 0.5458984375 0.90966796875 1713114
0.00537109375 0.5458984375 0.90966796875 1713115
0.00537109375 0.5458984375 0.90966796875 1713115
0.00537109375 0.5458984375 0.90966796875 1713116
0.01123046875 0.546875 0.92236328125 1713216
0.01123046875 0.546875 0.92236328125 1713217
0.01123046875 0.546875 0.92236328125 1713218
0.00390625 0.53564453125 0.92138671875 1713319
0.00390625 0.53564453125 0.92138671875 1713320
0.00390625 0.53564453125 0.92138671875 1713320
0.00390625 0.53564453125 0.92138671875 1713320
-0.015625 0.51171875 0.9091796875 1713422
-0.015625 0.51171875 0.9091796875 1713422
-0.015625 0.51171875 0.9091796875 1713423
-0.015625 0.51171875 0.9091796875 1713424
-0.00634765625 0.51806640625 0.87548828125 1713610
-0.00634765625 0.51806640625 0.87548828125 1713611
-0.00634765625 0.51806640625 0.87548828125 1713611
-0.00634765625 0.51806640625 0.87548828125 1713612
0.00341796875 0.48583984375 0.8740234375 1713713
0.00341796875 0.48583984375 0.8740234375 1713714
0.00341796875 0.48583984375 0.8740234375 1713714
0.00341796875 0.48583984375 0.8740234375 1713715
0.0234375 0.58251953125 0.87451171875 1713816
0.0234375 0.58251953125 0.87451171875 1713816
0.0234375 0.58251953125 0.87451171875 1713817
0.0234375 0.58251953125 0.87451171875 1713818
0.09130859375 0.6220703125 0.83837890625 1713917
0.09130859375 0.6220703125 0.83837890625 1713917
0.09130859375 0.6220703125 0.83837890625 1713918
0.09130859375 0.6220703125 0.83837890625 1713918
0.220703125 0.68896484375 0.8408203125 1714020
0.220703125 0.68896484375 0.8408203125 1714021
0.220703125 0.68896484375 0.8408203125 1714021
0.220703125 0.68896484375 0.8408203125 1714022
0.71484375 0.55224609375 0.552734375 1714211
0.71484375 0.55224609375 0.552734375 1714211
0.71484375 0.55224609375 0.552734375 1714212
0.71484375 0.55224609375 0.552734375 1714212
0.89306640625 0.47998046875 0.33349609375 1714313
0.89306640625 0.47998046875 0.33349609375 1714314
0.89306640625 0.47998046875 0.33349609375 1714314
0.89306640625 0.47998046875 0.33349609375 1714315
0.8154296875 0.39990234375 -0.33203125 1714517
0.8154296875 0.39990234375 -0.33203125 1714518
0.8154296875 0.39990234375 -0.33203125 1714518
0.8154296875 0.39990234375 -0.33203125 1714519
0.96875 0.6650390625 0.0830078125 1714618
0.96875 0.6650390625 0.0830078125 1714628
0.96875 0.6650390625 0.0830078125 1714629
0.96875 0.6650390625 0.0830078125 1714629
0.81689453125 0.6015625 0.4775390625 1714721
0.5419921875 0.45361328125 0.77880859375 1714799
0.5419921875 0.45361328125 0.77880859375 1714800
0.5419921875 0.45361328125 0.77880859375 1714801
0.3095703125 0.263671875 0.8623046875 1714912
0.3095703125 0.263671875 0.8623046875 1714912
0.3095703125 0.263671875 0.8623046875 1714913
0.3095703125 0.263671875 0.8623046875 1714913
0.11669921875 0.2734375 0.9150390625 1715015
0.11669921875 0.2734375 0.9150390625 1715015
0.11669921875 0.2734375 0.9150390625 1715016
0.11669921875 0.2734375 0.9150390625 1715016
0.06640625 0.49560546875 0.953125 1715116
0.06640625 0.49560546875 0.953125 1715116
0.06640625 0.49560546875 0.953125 1715117
0.06640625 0.49560546875 0.953125 1715117
0.12939453125 0.70068359375 0.92236328125 1715220
0.12939453125 0.70068359375 0.92236328125 1715220
0.12939453125 0.70068359375 0.92236328125 1715221
0.12939453125 0.70068359375 0.92236328125 1715222
0.11083984375 0.71923828125 0.85205078125 1715320
0.11083984375 0.71923828125 0.85205078125 1715321
0.11083984375 0.71923828125 0.85205078125 1715321
0.11083984375 0.71923828125 0.85205078125 1715322
-0.0078125 0.68505859375 0.8115234375 1715503
-0.0078125 0.68505859375 0.8115234375 1715522
-0.0078125 0.68505859375 0.8115234375 1715523
-0.0078125 0.68505859375 0.8115234375 1715523
0.01220703125 0.67529296875 0.81005859375 1715609
0.00439453125 0.64208984375 0.79931640625 1715712
0.00439453125 0.64208984375 0.79931640625 1715713
0.00439453125 0.64208984375 0.79931640625 1715713
0.00439453125 0.64208984375 0.79931640625 1715714
0.02490234375 0.685546875 0.814453125 1715816
0.02490234375 0.685546875 0.814453125 1715816
0.02490234375 0.685546875 0.814453125 1715817
0.03515625 0.75634765625 0.80517578125 1715919
0.03515625 0.75634765625 0.80517578125 1715920
0.03515625 0.75634765625 0.80517578125 1715920
0.03515625 0.75634765625 0.80517578125 1715921
0.0126953125 0.61474609375 0.84814453125 1716113
0.0126953125 0.61474609375 0.84814453125 1716114
0.0126953125 0.61474609375 0.84814453125 1716114
0.0126953125 0.61474609375 0.84814453125 1716115
-0.00048828125 0.61474609375 0.87646484375 1716215
-0.00048828125 0.61474609375 0.87646484375 1716216
-0.00048828125 0.61474609375 0.87646484375 1716216
-0.00439453125 0.5703125 0.873046875 1716318
-0.00439453125 0.5703125 0.873046875 1716318
-0.00439453125 0.5703125 0.873046875 1716319
-0.00439453125 0.5703125 0.873046875 1716319
0.01123046875 0.56005859375 0.8955078125 1716513
0.01123046875 0.56005859375 0.8955078125 1716513
0.01123046875 0.56005859375 0.8955078125 1716514
0.01123046875 0.56005859375 0.8955078125 1716514
0.005859375 0.544921875 0.90673828125 1716615
0.005859375 0.544921875 0.90673828125 1716616
0.005859375 0.544921875 0.90673828125 1716617
0.005859375 0.544921875 0.90673828125 1716617
0.01416015625 0.52783203125 0.900390625 1716718
0.01416015625 0.52783203125 0.900390625 1716719
0.01416015625 0.52783203125 0.900390625 1716719
0.01416015625 0.52783203125 0.900390625 1716720
0.04345703125 0.525390625 0.89892578125 1716822
0.04345703125 0.525390625 0.89892578125 1716823
0.04345703125 0.525390625 0.89892578125 1716823
0.04345703125 0.525390625 0.89892578125 1716824
0.03369140625 0.5185546875 0.9111328125 1717008
0.03369140625 0.5185546875 0.9111328125 1717009
0.03369140625 0.5185546875 0.9111328125 1717009
0.03369140625 0.5185546875 0.9111328125 1717010
0.03955078125 0.5224609375 0.90771484375 1717112
0.03955078125 0.5224609375 0.90771484375 1717112
0.03955078125 0.5224609375 0.90771484375 1717112
0.03955078125 0.5224609375 0.90771484375 1717113
0.03271484375 0.51416015625 0.9072265625 1717214
0.03271484375 0.51416015625 0.9072265625 1717215
0.03271484375 0.51416015625 0.9072265625 1717215
0.03271484375 0.51416015625 0.9072265625 1717216
0.02685546875 0.521484375 0.91650390625 1717315
0.02685546875 0.521484375 0.91650390625 1717316
0.02685546875 0.521484375 0.91650390625 1717316
0.02685546875 0.521484375 0.91650390625 1717317
0.03173828125 0.51904296875 0.91015625 1717420
0.03173828125 0.51904296875 0.91015625 1717420
0.03173828125 0.51904296875 0.91015625 1717421
0.03173828125 0.51904296875 0.91015625 1717421
0.025390625 0.52587890625 0.9072265625 1717608
0.025390625 0.52587890625 0.9072265625 1717609
0.025390625 0.52587890625 0.9072265625 1717610
0.025390625 0.52587890625 0.9072265625 1717610
0.0341796875 0.53759765625 0.92138671875 1717713
0.0341796875 0.53759765625 0.92138671875 1717713
0.0341796875 0.53759765625 0.92138671875 1717714
0.0341796875 0.53759765625 0.92138671875 1717714
0.04248046875 0.5224609375 0.9013671875 1717813
0.04248046875 0.5224609375 0.9013671875 1717814
0.04248046875 0.5224609375 0.9013671875 1717815
0.04248046875 0.5224609375 0.9013671875 1717815
0.03564453125 0.529296875 0.9091796875 1717916
0.03564453125 0.529296875 0.9091796875 1717917
0.03564453125 0.529296875 0.9091796875 1717918
0.03564453125 0.529296875 0.9091796875 1717919
0.03271484375 0.52880859375 0.91259765625 1718019
0.03271484375 0.52880859375 0.91259765625 1718019
0.03271484375 0.52880859375 0.91259765625 1718020
0.03271484375 0.52880859375 0.91259765625 1718020
0.03125 0.5302734375 0.91015625 1718208
0.03125 0.5302734375 0.91015625 1718208
0.03125 0.5302734375 0.91015625 1718209
0.03125 0.5302734375 0.91015625 1718209
0.05615234375 0.52978515625 0.91259765625 1718310
0.05615234375 0.52978515625 0.91259765625 1718311
0.05615234375 0.52978515625 0.91259765625 1718312
0.05615234375 0.52978515625 0.91259765625 1718312
0.03759765625 0.52099609375 0.89892578125 1718414
0.03759765625 0.52099609375 0.89892578125 1718415
0.03759765625 0.52099609375 0.89892578125 1718415
0.0419921875 0.5341796875 0.9111328125 1718519
0.0419921875 0.5341796875 0.9111328125 1718519
0.0419921875 0.5341796875 0.9111328125 1718520
0.0419921875 0.5341796875 0.9111328125 1718520
0.0341796875 0.541015625 0.91455078125 1718620
0.0341796875 0.541015625 0.91455078125 1718621
0.0341796875 0.541015625 0.91455078125 1718621
0.0341796875 0.541015625 0.91455078125 1718622
0.03271484375 0.52978515625 0.91015625 1718806
0.03271484375 0.52978515625 0.91015625 1718807
0.03271484375 0.52978515625 0.91015625 1718807
0.03271484375 0.52978515625 0.91015625 1718808
0.03271484375 0.525390625 0.90771484375 1718908
0.03271484375 0.525390625 0.90771484375 1718908
0.03271484375 0.525390625 0.90771484375 1718909
0.03271484375 0.525390625 0.90771484375 1718909
0.0380859375 0.52978515625 0.90625 1719012
0.0380859375 0.52978515625 0.90625 1719013
0.0380859375 0.52978515625 0.90625 1719014
0.0380859375 0.52978515625 0.90625 1719014
0.0361328125 0.5263671875 0.90380859375 1719114
0.0361328125 0.5263671875 0.90380859375 1719115
0.0361328125 0.5263671875 0.90380859375 1719115
0.02685546875 0.53564453125 0.91162109375 1719217
0.02685546875 0.53564453125 0.91162109375 1719218
0.02685546875 0.53564453125 0.91162109375 1719218
0.02685546875 0.53564453125 0.91162109375 1719219
0.0341796875 0.5361328125 0.8994140625 1719407
0.0341796875 0.5361328125 0.8994140625 1719407
0.0341796875 0.5361328125 0.8994140625 1719408
0.0341796875 0.5361328125 0.8994140625 1719408
0.03466796875 0.529296875 0.8974609375 1719511
0.03466796875 0.529296875 0.8974609375 1719511
0.03466796875 0.529296875 0.8974609375 1719512
0.03466796875 0.529296875 0.8974609375 1719513
0.0302734375 0.537109375 0.89892578125 1719612
0.0302734375 0.537109375 0.89892578125 1719612
0.0302734375 0.537109375 0.89892578125 1719613
0.02685546875 0.56640625 0.90185546875 1719716
0.02685546875 0.56640625 0.90185546875 1719716
0.02685546875 0.56640625 0.90185546875 1719717
0.02685546875 0.56640625 0.90185546875 1719718
0.033203125 0.537109375 0.89599609375 1719818
0.033203125 0.537109375 0.89599609375 1719818
0.033203125 0.537109375 0.89599609375 1719819
0.033203125 0.537109375 0.89599609375 1719819
0.041015625 0.5615234375 0.9013671875 1720009
0.041015625 0.5615234375 0.9013671875 1720009
0.041015625 0.5615234375 0.9013671875 1720010
0.041015625 0.5615234375 0.9013671875 1720010
0.02197265625 0.54248046875 0.89013671875 1720111
0.02197265625 0.54248046875 0.89013671875 1720111
0.02197265625 0.54248046875 0.89013671875 1720112
0.02197265625 0.54248046875 0.89013671875 1720112
0.03564453125 0.5634765625 0.9013671875 1720214
0.03564453125 0.5634765625 0.9013671875 1720215
0.03564453125 0.5634765625 0.9013671875 1720215
0.03564453125 0.5634765625 0.9013671875 1720216
0.03564453125 0.560546875 0.89453125 1720316
0.03564453125 0.560546875 0.89453125 1720317
0.03564453125 0.560546875 0.89453125 1720318
0.03564453125 0.560546875 0.89453125 1720318
0.02734375 0.56787109375 0.892578125 1720419
0.02734375 0.56787109375 0.892578125 1720420
0.02734375 0.56787109375 0.892578125 1720421
0.02734375 0.56787109375 0.892578125 1720421
0.0234375 0.55322265625 0.8896484375 1720610
0.0234375 0.55322265625 0.8896484375 1720610
0.0234375 0.55322265625 0.8896484375 1720611
0.0234375 0.55322265625 0.8896484375 1720611
0.0234375 0.55078125 0.89404296875 1720711
0.0234375 0.55078125 0.89404296875 1720712
0.0234375 0.55078125 0.89404296875 1720712
0.0234375 0.55078125 0.89404296875 1720713
0.0126953125 0.55224609375 0.89453125 1720814
0.0126953125 0.55224609375 0.89453125 1720815
0.0126953125 0.55224609375 0.89453125 1720815
0.0126953125 0.55224609375 0.89453125 1720816
0.029296875 0.55908203125 0.892578125 1720916
0.029296875 0.55908203125 0.892578125 1720916
0.029296875 0.55908203125 0.892578125 1720917
0.029296875 0.55908203125 0.892578125 1720917
0.0244140625 0.5615234375 0.8857421875 1721018
0.0244140625 0.5615234375 0.8857421875 1721018
0.0244140625 0.5615234375 0.8857421875 1721019
0.0244140625 0.5615234375 0.8857421875 1721019
0.01806640625 0.56689453125 0.8984375 1721206
0.01806640625 0.56689453125 0.8984375 1721206
0.01806640625 0.56689453125 0.8984375 1721207
0.01806640625 0.56689453125 0.8984375 1721207
0.013671875 0.56396484375 0.88916015625 1721309
0.013671875 0.56396484375 0.88916015625 1721309
0.013671875 0.56396484375 0.88916015625 1721310
0.013671875 0.56396484375 0.88916015625 1721310
0.01708984375 0.5654296875 0.88818359375 1721410
0.01708984375 0.5654296875 0.88818359375 1721410
0.01708984375 0.5654296875 0.88818359375 1721411
0.01708984375 0.5654296875 0.88818359375 1721412
0.01416015625 0.5654296875 0.89306640625 1721514
0.01416015625 0.5654296875 0.89306640625 1721515
0.01416015625 0.5654296875 0.89306640625 1721516
0.01416015625 0.5654296875 0.89306640625 1721516
0.01416015625 0.56982421875 0.89013671875 1721617
0.01416015625 0.56982421875 0.89013671875 1721618
0.01416015625 0.56982421875 0.89013671875 1721618
0.01416015625 0.56982421875 0.89013671875 1721619
0.01220703125 0.55859375 0.88720703125 1721816
0.01220703125 0.55859375 0.88720703125 1721817
0.01220703125 0.55859375 0.88720703125 1721817
0.01220703125 0.55859375 0.88720703125 1721818
0.009765625 0.552734375 0.88330078125 1722006
0.009765625 0.552734375 0.88330078125 1722006
0.009765625 0.552734375 0.88330078125 1722007
0.009765625 0.552734375 0.88330078125 1722007
0.01318359375 0.578125 0.90283203125 1722109
0.01318359375 0.578125 0.90283203125 1722110
0.01318359375 0.578125 0.90283203125 1722110
0.01318359375 0.578125 0.90283203125 1722111
0.001953125 0.55615234375 0.88525390625 1722211
0.001953125 0.55615234375 0.88525390625 1722211
0.001953125 0.55615234375 0.88525390625 1722213
0.001953125 0.55615234375 0.88525390625 1722213
0.005859375 0.55224609375 0.88720703125 1722314
0.005859375 0.55224609375 0.88720703125 1722315
0.005859375 0.55224609375 0.88720703125 1722316
0.005859375 0.55224609375 0.88720703125 1722316
-0.00146484375 0.56787109375 0.888671875 1722417
-0.00146484375 0.56787109375 0.888671875 1722417
-0.00146484375 0.56787109375 0.888671875 1722418
-0.00146484375 0.56787109375 0.888671875 1722419
0 0.56201171875 0.88671875 1722606
0 0.56201171875 0.88671875 1722607
0 0.56201171875 0.88671875 1722607
0 0.56201171875 0.88671875 1722608
0.00927734375 0.54736328125 0.888671875 1722708
0.00927734375 0.54736328125 0.888671875 1722709
0.00927734375 0.54736328125 0.888671875 1722709
0.00927734375 0.54736328125 0.888671875 1722710
0.00390625 0.5751953125 0.89208984375 1722811
0.00390625 0.5751953125 0.89208984375 1722812
0.00390625 0.5751953125 0.89208984375 1722812
0.00390625 0.5751953125 0.89208984375 1722813
0.00634765625 0.560546875 0.8916015625 1722914
0.00634765625 0.560546875 0.8916015625 1722915
0.00634765625 0.560546875 0.8916015625 1722915
0.00634765625 0.560546875 0.8916015625 1722916
0.00732421875 0.5498046875 0.880859375 1723016
0.00732421875 0.5498046875 0.880859375 1723017
0.00732421875 0.5498046875 0.880859375 1723017
0.00732421875 0.5498046875 0.880859375 1723018
0.013671875 0.564453125 0.884765625 1723207
0.013671875 0.564453125 0.884765625 1723208
0.013671875 0.564453125 0.884765625 1723208
0.013671875 0.564453125 0.884765625 1723209
0.00439453125 0.568359375 0.880859375 1723311
0.00439453125 0.568359375 0.880859375 1723312
0.00439453125 0.568359375 0.880859375 1723312
0.00439453125 0.568359375 0.880859375 1723313
0.01123046875 0.57177734375 0.89599609375 1723411
0.015625 0.57275390625 0.8818359375 1723514
0.015625 0.57275390625 0.8818359375 1723516
0.015625 0.57275390625 0.8818359375 1723517
0.015625 0.57275390625 0.8818359375 1723517
-0.00439453125 0.57373046875 0.89111328125 1723617
-0.00439453125 0.57373046875 0.89111328125 1723618
-0.00439453125 0.57373046875 0.89111328125 1723618
-0.00439453125 0.57373046875 0.89111328125 1723618
-0.00341796875 0.56396484375 0.8857421875 1723808
-0.00341796875 0.56396484375 0.8857421875 1723809
-0.00341796875 0.56396484375 0.8857421875 1723809
-0.00341796875 0.56396484375 0.8857421875 1723809
0.01220703125 0.56689453125 0.88818359375 1723909
0.01220703125 0.56689453125 0.88818359375 1723910
0.01220703125 0.56689453125 0.88818359375 1723910
0.01220703125 0.56689453125 0.88818359375 1723911
-0.00244140625 0.552734375 0.8798828125 1724011
-0.00244140625 0.552734375 0.8798828125 1724011
-0.00244140625 0.552734375 0.8798828125 1724012
-0.00244140625 0.552734375 0.8798828125 1724013
-0.00146484375 0.57177734375 0.88720703125 1724114
-0.00146484375 0.57177734375 0.88720703125 1724116
-0.00146484375 0.57177734375 0.88720703125 1724116
-0.00146484375 0.57177734375 0.88720703125 1724117
0.00244140625 0.5556640625 0.8798828125 1724308
0.00244140625 0.5556640625 0.8798828125 1724309
0.00244140625 0.5556640625 0.8798828125 1724309
0.00244140625 0.5556640625 0.8798828125 1724310
0.00341796875 0.5751953125 0.88720703125 1724425
0.00341796875 0.5751953125 0.88720703125 1724426
0.00341796875 0.5751953125 0.88720703125 1724426
-0.00537109375 0.56591796875 0.8857421875 1724513
0.0126953125 0.56787109375 0.8896484375 1724614
0.0126953125 0.56787109375 0.8896484375 1724614
0.0126953125 0.56787109375 0.8896484375 1724615
0.0126953125 0.56787109375 0.8896484375 1724615
0.0048828125 0.5654296875 0.892578125 1724804
0.0048828125 0.5654296875 0.892578125 1724804
0.0048828125 0.5654296875 0.892578125 1724805
0.0048828125 0.5654296875 0.892578125 1724805
-0.00439453125 0.552734375 0.88037109375 1724908
-0.00439453125 0.552734375 0.88037109375 1724908
-0.00439453125 0.552734375 0.88037109375 1724909
-0.00439453125 0.552734375 0.88037109375 1724909
-0.00439453125 0.55859375 0.89111328125 1725017
-0.00439453125 0.55859375 0.89111328125 1725017
-0.00439453125 0.55859375 0.89111328125 1725018
-0.00439453125 0.55859375 0.89111328125 1725019
-0.00439453125 0.56103515625 0.88232421875 1725206
-0.00439453125 0.56103515625 0.88232421875 1725206
-0.00439453125 0.56103515625 0.88232421875 1725206
-0.00439453125 0.56103515625 0.88232421875 1725207
-0.00146484375 0.564453125 0.89111328125 1725308
-0.00146484375 0.564453125 0.89111328125 1725309
-0.00146484375 0.564453125 0.89111328125 1725309
-0.00146484375 0.564453125 0.89111328125 1725310
-0.00244140625 0.55859375 0.888671875 1725412
-0.00244140625 0.55859375 0.888671875 1725413
-0.00244140625 0.55859375 0.888671875 1725413
-0.00244140625 0.55859375 0.888671875 1725414
0.0048828125 0.568359375 0.88427734375 1725513
0.0048828125 0.568359375 0.88427734375 1725514
0.0048828125 0.568359375 0.88427734375 1725514
0.0048828125 0.568359375 0.88427734375 1725515
-0.0048828125 0.5771484375 0.888671875 1725616
-0.0048828125 0.5771484375 0.888671875 1725617
-0.0048828125 0.5771484375 0.888671875 1725618
-0.0048828125 0.5771484375 0.888671875 1725619
-0.00439453125 0.57666015625 0.89794921875 1725806
-0.00439453125 0.57666015625 0.89794921875 1725807
-0.00439453125 0.57666015625 0.89794921875 1725807
-0.00439453125 0.57666015625 0.89794921875 1725808
-0.0400390625 0.54150390625 0.900390625 1725910
-0.0400390625 0.54150390625 0.900390625 1725911
-0.0400390625 0.54150390625 0.900390625 1725911
-0.0400390625 0.54150390625 0.900390625 1725912
-0.00634765625 0.57080078125 0.919921875 1726011
-0.00634765625 0.57080078125 0.919921875 1726011
-0.00634765625 0.57080078125 0.919921875 1726012
-0.00634765625 0.57080078125 0.919921875 1726012
-0.0107421875 0.57666015625 0.90771484375 1726114
-0.0107421875 0.57666015625 0.90771484375 1726115
-0.0107421875 0.57666015625 0.90771484375 1726115
-0.0107421875 0.57666015625 0.90771484375 1726116
0.00390625 0.57861328125 0.89404296875 1726216
0.00390625 0.57861328125 0.89404296875 1726217
0.00390625 0.57861328125 0.89404296875 1726217
0.00390625 0.57861328125 0.89404296875 1726218
0.07080078125 0.5517578125 0.837890625 1726407
0.07080078125 0.5517578125 0.837890625 1726408
0.07080078125 0.5517578125 0.837890625 1726408
0.07080078125 0.5517578125 0.837890625 1726409
0.00927734375 0.54541015625 0.8564453125 1726510
0.00927734375 0.54541015625 0.8564453125 1726511
0.00927734375 0.54541015625 0.8564453125 1726511
0.0029296875 0.55029296875 0.84423828125 1726614
0.0029296875 0.55029296875 0.84423828125 1726615
0.0029296875 0.55029296875 0.84423828125 1726615
0.0029296875 0.55029296875 0.84423828125 1726616
0.0009765625 0.5712890625 0.85791015625 1726803
0.0009765625 0.5712890625 0.85791015625 1726804
0.0009765625 0.5712890625 0.85791015625 1726804
0.0009765625 0.5712890625 0.85791015625 1726805
0.0869140625 0.64892578125 0.87646484375 1726906
0.0869140625 0.64892578125 0.87646484375 1726906
0.0869140625 0.64892578125 0.87646484375 1726906
0.0869140625 0.64892578125 0.87646484375 1726907
0.376953125 0.69580078125 0.783203125 1727012
0.376953125 0.69580078125 0.783203125 1727012
0.376953125 0.69580078125 0.783203125 1727013
0.56591796875 0.626953125 0.6982421875 1727113
0.56591796875 0.626953125 0.6982421875 1727114
0.56591796875 0.626953125 0.6982421875 1727114
0.56591796875 0.626953125 0.6982421875 1727115
0.81005859375 0.46484375 0.4765625 1727307
0.81005859375 0.46484375 0.4765625 1727308
0.81005859375 0.46484375 0.4765625 1727308
0.81005859375 0.46484375 0.4765625 1727309
0.90283203125 0.36376953125 0.30712890625 1727410
0.90283203125 0.36376953125 0.30712890625 1727410
0.90283203125 0.36376953125 0.30712890625 1727410
0.90283203125 0.36376953125 0.30712890625 1727410
