-0.48828125 -5.126953125 -6.34765625 1786685
-0.48828125 -5.126953125 -6.34765625 1786685
-0.48828125 -5.126953125 -6.34765625 1786686
-0.48828125 -5.126953125 -6.34765625 1786686
-0.48828125 -5.126953125 -6.34765625 1786687
-0.30517578125 -1.708984375 0.9765625 1786799
6.65283203125 -28.6865234375 5.4931640625 1786800
6.65283203125 -28.6865234375 5.4931640625 1786800
6.65283203125 -28.6865234375 5.4931640625 1786800
6.65283203125 -28.6865234375 5.4931640625 1786901
6.9580078125 1.953125 -0.91552734375 1786902
6.9580078125 1.953125 -0.91552734375 1786902
6.9580078125 1.953125 -0.91552734375 1786903
6.9580078125 1.953125 -0.91552734375 1787004
-5.0048828125 21.05712890625 -3.7841796875 1787004
-5.0048828125 21.05712890625 -3.7841796875 1787005
-5.0048828125 21.05712890625 -3.7841796875 1787005
3.41796875 -26.42822265625 6.28662109375 1787182
-1.89208984375 14.16015625 -3.173828125 1787182
-1.89208984375 14.16015625 -3.173828125 1787183
-1.89208984375 14.16015625 -3.173828125 1787183
-1.89208984375 14.16015625 -3.173828125 1787293
-2.3193359375 6.8359375 -1.40380859375 1787293
-2.3193359375 6.8359375 -1.40380859375 1787293
-2.3193359375 6.8359375 -1.40380859375 1787294
-2.3193359375 6.8359375 -1.40380859375 1787395
3.41796875 -12.87841796875 2.99072265625 1787396
3.41796875 -12.87841796875 2.99072265625 1787396
3.41796875 -12.87841796875 2.99072265625 1787397
3.41796875 -12.87841796875 2.99072265625 1787498
-1.8310546875 -1.03759765625 0.54931640625 1787498
-1.8310546875 -1.03759765625 0.54931640625 1787499
-1.8310546875 -1.03759765625 0.54931640625 1787499
-1.8310546875 -1.03759765625 0.54931640625 1787600
0.30517578125 11.474609375 -2.9296875 1787601
0.30517578125 11.474609375 -2.9296875 1787601
0.30517578125 11.474609375 -2.9296875 1787602
0.30517578125 11.474609375 -2.9296875 1787703
-0.42724609375 -6.89697265625 1.89208984375 1787704
-0.42724609375 -6.89697265625 1.89208984375 1787704
-0.42724609375 -6.89697265625 1.89208984375 1787704
1.220703125 -3.11279296875 0.732421875 1787893
-0.79345703125 5.615234375 -1.3427734375 1787893
-0.79345703125 5.615234375 -1.3427734375 1787893
-0.79345703125 5.615234375 -1.3427734375 1787894
-0.79345703125 5.615234375 -1.3427734375 1787995
-0.244140625 0.6103515625 0 1787995
-0.244140625 0.6103515625 0 1787996
-0.244140625 0.6103515625 0 1787996
-0.244140625 0.6103515625 0 1788100
0.8544921875 -4.33349609375 1.0986328125 1788101
0.8544921875 -4.33349609375 1.0986328125 1788101
0.8544921875 -4.33349609375 1.0986328125 1788101
0.8544921875 -4.33349609375 1.0986328125 1788203
1.8310546875 44.3115234375 -11.3525390625 1788203
1.8310546875 44.3115234375 -11.3525390625 1788204
1.8310546875 44.3115234375 -11.3525390625 1788204
0.732421875 -64.63623046875 15.68603515625 1788397
-6.591796875 34.11865234375 -3.0517578125 1788397
-6.591796875 34.11865234375 -3.0517578125 1788398
-6.591796875 34.11865234375 -3.0517578125 1788398
-6.591796875 34.11865234375 -3.0517578125 1788499
-1.46484375 9.82666015625 -1.28173828125 1788499
-1.46484375 9.82666015625 -1.28173828125 1788500
-1.46484375 9.82666015625 -1.28173828125 1788500
-1.46484375 9.82666015625 -1.28173828125 1788602
1.40380859375 0.79345703125 1.8310546875 1788602
1.40380859375 0.79345703125 1.8310546875 1788603
1.40380859375 0.79345703125 1.8310546875 1788603
3.72314453125 -15.2587890625 -0.3662109375 1788805
8.48388671875 1.64794921875 6.53076171875 1788805
8.48388671875 1.64794921875 6.53076171875 1788805
8.48388671875 1.64794921875 6.53076171875 1788806
0.54931640625 -2.50244140625 2.44140625 1788994
10.009765625 -12.451171875 1.15966796875 1788994
10.009765625 -12.451171875 1.15966796875 1788994
10.009765625 -12.451171875 1.15966796875 1788995
10.009765625 -12.451171875 1.15966796875 1789098
7.38525390625 -17.4560546875 3.0517578125 1789098
7.38525390625 -17.4560546875 3.0517578125 1789099
7.38525390625 -17.4560546875 3.0517578125 1789099
7.38525390625 -17.4560546875 3.0517578125 1789201
-1.0986328125 -3.35693359375 1.52587890625 1789201
-1.0986328125 -3.35693359375 1.52587890625 1789202
-1.0986328125 -3.35693359375 1.52587890625 1789202
-1.0986328125 -3.35693359375 1.52587890625 1789303
7.87353515625 -3.35693359375 0.79345703125 1789303
7.87353515625 -3.35693359375 0.79345703125 1789304
7.87353515625 -3.35693359375 0.79345703125 1789304
12.3291015625 -5.79833984375 -0.1220703125 1789518
6.16455078125 -3.84521484375 -1.953125 1789518
6.16455078125 -3.84521484375 -1.953125 1789519
6.16455078125 -3.84521484375 -1.953125 1789519
2.3193359375 -0.18310546875 -2.197265625 1789698
0.54931640625 -5.0048828125 2.25830078125 1789698
0.54931640625 -5.0048828125 2.25830078125 1789698
0.54931640625 -5.0048828125 2.25830078125 1789699
0.54931640625 -5.0048828125 2.25830078125 1789802
0.732421875 5.859375 -0.67138671875 1789802
0.732421875 5.859375 -0.67138671875 1789802
0.732421875 5.859375 -0.67138671875 1789803
0.732421875 5.859375 -0.67138671875 1789904
0.9765625 4.69970703125 2.01416015625 1789904
0.9765625 4.69970703125 2.01416015625 1789905
0.9765625 4.69970703125 2.01416015625 1789905
-1.3427734375 5.43212890625 -0.79345703125 1790091
2.0751953125 -8.97216796875 -1.64794921875 1790092
2.0751953125 -8.97216796875 -1.64794921875 1790092
2.0751953125 -8.97216796875 -1.64794921875 1790093
2.0751953125 -8.97216796875 -1.64794921875 1790195
1.77001953125 -2.62451171875 0.1220703125 1790196
1.77001953125 -2.62451171875 0.1220703125 1790196
1.77001953125 -2.62451171875 0.1220703125 1790197
1.77001953125 -2.62451171875 0.1220703125 1790297
-0.91552734375 1.46484375 0.732421875 1790297
-0.91552734375 1.46484375 0.732421875 1790297
-0.91552734375 1.46484375 0.732421875 1790298
1.3427734375 1.220703125 3.11279296875 1790493
10.31494140625 10.8642578125 -6.40869140625 1790493
10.31494140625 10.8642578125 -6.40869140625 1790493
10.31494140625 10.8642578125 -6.40869140625 1790494
10.31494140625 10.8642578125 -6.40869140625 1790595
8.85009765625 28.62548828125 -22.27783203125 1790596
8.85009765625 28.62548828125 -22.27783203125 1790596
8.85009765625 28.62548828125 -22.27783203125 1790597
-26.85546875 13.3056640625 -3.7841796875 1790698
-26.85546875 13.3056640625 -3.7841796875 1790698
-26.85546875 13.3056640625 -3.7841796875 1790699
-26.85546875 13.3056640625 -3.7841796875 1790801
-6.8359375 12.6953125 0.48828125 1790802
-6.8359375 12.6953125 0.48828125 1790803
-6.8359375 12.6953125 0.48828125 1790803
-5.43212890625 1.89208984375 1.40380859375 1790997
-2.5634765625 15.380859375 -7.6904296875 1790997
-2.5634765625 15.380859375 -7.6904296875 1790998
-2.5634765625 15.380859375 -7.6904296875 1790998
-2.5634765625 15.380859375 -7.6904296875 1791099
-10.1318359375 1.8310546875 -2.0751953125 1791099
-10.1318359375 1.8310546875 -2.0751953125 1791100
-10.1318359375 1.8310546875 -2.0751953125 1791101
-10.1318359375 1.8310546875 -2.0751953125 1791202
-6.9580078125 -0.48828125 -7.38525390625 1791202
-6.9580078125 -0.48828125 -7.38525390625 1791203
-6.9580078125 -0.48828125 -7.38525390625 1791203
-10.009765625 -5.79833984375 3.35693359375 1791395
-17.4560546875 -5.31005859375 4.69970703125 1791395
-17.4560546875 -5.31005859375 4.69970703125 1791395
-17.4560546875 -5.31005859375 4.69970703125 1791396
-17.4560546875 -5.31005859375 4.69970703125 1791498
-2.99072265625 -8.11767578125 4.39453125 1791498
-2.99072265625 -8.11767578125 4.39453125 1791499
-2.99072265625 -8.11767578125 4.39453125 1791499
-2.62451171875 -9.3994140625 8.056640625 1791692
-0.67138671875 -2.50244140625 3.41796875 1791692
-0.67138671875 -2.50244140625 3.41796875 1791693
-0.67138671875 -2.50244140625 3.41796875 1791693
-0.67138671875 -2.50244140625 3.41796875 1791795
2.62451171875 -5.0048828125 1.8310546875 1791795
2.62451171875 -5.0048828125 1.8310546875 1791795
2.62451171875 -5.0048828125 1.8310546875 1791796
2.62451171875 -5.0048828125 1.8310546875 1791899
1.220703125 0.244140625 -3.2958984375 1791900
1.220703125 0.244140625 -3.2958984375 1791900
1.220703125 0.244140625 -3.2958984375 1791901
1.220703125 0.244140625 -3.2958984375 1792001
-0.67138671875 0.18310546875 -3.11279296875 1792001
-0.67138671875 0.18310546875 -3.11279296875 1792002
-0.67138671875 0.18310546875 -3.11279296875 1792002
0.1220703125 0.6103515625 -3.72314453125 1792195
-0.244140625 -0.30517578125 -1.0986328125 1792195
-0.244140625 -0.30517578125 -1.0986328125 1792196
-0.244140625 -0.30517578125 -1.0986328125 1792196
-0.244140625 -0.30517578125 -1.0986328125 1792299
-0.6103515625 -1.3427734375 1.40380859375 1792299
-0.6103515625 -1.3427734375 1.40380859375 1792300
-0.6103515625 -1.3427734375 1.40380859375 1792300
-0.6103515625 -1.3427734375 1.40380859375 1792402
0.54931640625 -0.79345703125 -0.06103515625 1792402
0.54931640625 -0.79345703125 -0.06103515625 1792403
0.54931640625 -0.79345703125 -0.06103515625 1792403
0.67138671875 -1.46484375 0.18310546875 1792595
0.91552734375 -0.18310546875 -0.48828125 1792595
0.91552734375 -0.18310546875 -0.48828125 1792596
0.91552734375 -0.18310546875 -0.48828125 1792596
0.91552734375 -0.18310546875 -0.48828125 1792698
1.15966796875 0.30517578125 -1.77001953125 1792699
1.15966796875 0.30517578125 -1.77001953125 1792699
1.15966796875 0.30517578125 -1.77001953125 1792700
1.15966796875 0.30517578125 -1.77001953125 1792800
0.42724609375 0.6103515625 -0.6103515625 1792800
0.42724609375 0.6103515625 -0.6103515625 1792801
0.42724609375 0.6103515625 -0.6103515625 1792801
0.42724609375 0.6103515625 -0.6103515625 1792903
-0.9765625 -0.732421875 0.3662109375 1792906
-0.9765625 -0.732421875 0.3662109375 1792907
-0.9765625 -0.732421875 0.3662109375 1792907
-0.79345703125 0 0.732421875 1793092
0.48828125 -0.48828125 -0.732421875 1793092
0.48828125 -0.48828125 -0.732421875 1793093
0.48828125 -0.48828125 -0.732421875 1793093
0.48828125 -0.48828125 -0.732421875 1793194
1.708984375 -0.06103515625 0.244140625 1793194
1.708984375 -0.06103515625 0.244140625 1793195
1.708984375 -0.06103515625 0.244140625 1793195
1.708984375 -0.06103515625 0.244140625 1793296
0.6103515625 0.8544921875 -0.48828125 1793297
0.6103515625 0.8544921875 -0.48828125 1793297
0.6103515625 0.8544921875 -0.48828125 1793298
0.6103515625 0.8544921875 -0.48828125 1793400
1.3427734375 0.6103515625 -0.8544921875 1793401
1.3427734375 0.6103515625 -0.8544921875 1793401
1.3427734375 0.6103515625 -0.8544921875 1793402
1.3427734375 0.6103515625 -0.8544921875 1793502
0.1220703125 0.1220703125 0 1793502
0.1220703125 0.1220703125 0 1793503
0.1220703125 0.1220703125 0 1793503
1.40380859375 0.67138671875 -0.1220703125 1793691
1.220703125 0.9765625 1.0986328125 1793692
1.220703125 0.9765625 1.0986328125 1793692
1.220703125 0.9765625 1.0986328125 1793693
1.220703125 0.9765625 1.0986328125 1793794
1.77001953125 1.03759765625 -1.220703125 1793794
1.77001953125 1.03759765625 -1.220703125 1793795
1.77001953125 1.03759765625 -1.220703125 1793795
1.77001953125 -0.48828125 -1.220703125 1793899
1.77001953125 -0.48828125 -1.220703125 1793900
1.77001953125 -0.48828125 -1.220703125 1793900
1.77001953125 -0.48828125 -1.220703125 1794003
-0.48828125 1.708984375 1.28173828125 1794003
-0.48828125 1.708984375 1.28173828125 1794003
-0.48828125 1.708984375 1.28173828125 1794004
1.40380859375 0.1220703125 -1.03759765625 1794191
-0.91552734375 -0.3662109375 1.03759765625 1794191
-0.91552734375 -0.3662109375 1.03759765625 1794191
-0.91552734375 -0.3662109375 1.03759765625 1794192
-0.91552734375 -0.3662109375 1.03759765625 1794296
2.197265625 -0.48828125 0.54931640625 1794296
2.197265625 -0.48828125 0.54931640625 1794297
2.197265625 -0.48828125 0.54931640625 1794297
0.18310546875 -0.48828125 -0.732421875 1794397
0.18310546875 -0.48828125 -0.732421875 1794397
0.18310546875 -0.48828125 -0.732421875 1794397
0.18310546875 -0.48828125 -0.732421875 1794500
1.708984375 -0.18310546875 0.67138671875 1794500
1.708984375 -0.18310546875 0.67138671875 1794501
1.708984375 -0.18310546875 0.67138671875 1794501
3.2958984375 -0.48828125 -2.0751953125 1794690
-1.220703125 1.220703125 -0.67138671875 1794690
-1.220703125 1.220703125 -0.67138671875 1794691
-1.220703125 1.220703125 -0.67138671875 1794691
-1.220703125 1.220703125 -0.67138671875 1794793
0.6103515625 0 1.28173828125 1794793
0.6103515625 0 1.28173828125 1794793
0.6103515625 0 1.28173828125 1794794
0.6103515625 0 1.28173828125 1794895
2.3193359375 0.18310546875 -0.18310546875 1794895
2.3193359375 0.18310546875 -0.18310546875 1794896
2.3193359375 0.18310546875 -0.18310546875 1794896
2.3193359375 0.18310546875 -0.18310546875 1794998
-0.1220703125 0.1220703125 0.732421875 1794998
-0.1220703125 0.1220703125 0.732421875 1794998
-0.1220703125 0.1220703125 0.732421875 1794999
-0.1220703125 0.1220703125 0.732421875 1795102
1.3427734375 -0.1220703125 0.18310546875 1795102
1.3427734375 -0.1220703125 0.18310546875 1795102
1.3427734375 -0.1220703125 0.18310546875 1795103
0.9765625 0.18310546875 -0.1220703125 1795290
0.06103515625 0.42724609375 -0.1220703125 1795290
0.06103515625 0.42724609375 -0.1220703125 1795290
0.06103515625 0.42724609375 -0.1220703125 1795291
0.06103515625 0.42724609375 -0.1220703125 1795393
0.244140625 -0.3662109375 0.67138671875 1795393
0.244140625 -0.3662109375 0.67138671875 1795393
0.244140625 -0.3662109375 0.67138671875 1795394
0.244140625 -0.3662109375 0.67138671875 1795498
1.953125 0.91552734375 -0.3662109375 1795498
1.953125 0.91552734375 -0.3662109375 1795499
1.953125 0.91552734375 -0.3662109375 1795499
1.953125 0.91552734375 -0.3662109375 1795600
-0.06103515625 0.732421875 -1.40380859375 1795600
-0.06103515625 0.732421875 -1.40380859375 1795600
-0.06103515625 0.732421875 -1.40380859375 1795601
0 1.28173828125 0.244140625 1795792
0.79345703125 0.3662109375 -0.91552734375 1795792
0.79345703125 0.3662109375 -0.91552734375 1795793
0.79345703125 0.3662109375 -0.91552734375 1795793
0.79345703125 0.3662109375 -0.91552734375 1795894
-1.0986328125 -0.1220703125 0.30517578125 1795894
-1.0986328125 -0.1220703125 0.30517578125 1795894
-1.0986328125 -0.1220703125 0.30517578125 1795895
-1.0986328125 -0.1220703125 0.30517578125 1795998
-0.1220703125 -1.5869140625 1.28173828125 1795998
-0.1220703125 -1.5869140625 1.28173828125 1795998
-0.1220703125 -1.5869140625 1.28173828125 1795999
-0.1220703125 -1.5869140625 1.28173828125 1796099
-0.244140625 0.244140625 0.42724609375 1796099
-0.244140625 0.244140625 0.42724609375 1796099
-0.244140625 0.244140625 0.42724609375 1796100
-0.244140625 0.244140625 0.42724609375 1796202
0.79345703125 -0.1220703125 -0.9765625 1796202
0.79345703125 -0.1220703125 -0.9765625 1796202
0.79345703125 -0.1220703125 -0.9765625 1796203
-0.732421875 0 0 1796392
1.52587890625 0.244140625 0.244140625 1796392
1.52587890625 0.244140625 0.244140625 1796393
1.52587890625 0.244140625 0.244140625 1796393
1.52587890625 0.244140625 0.244140625 1796494
0.1220703125 0 -0.3662109375 1796494
0.1220703125 0 -0.3662109375 1796495
0.1220703125 0 -0.3662109375 1796495
0.1220703125 0 -0.3662109375 1796597
0 0.3662109375 0.48828125 1796597
0 0.3662109375 0.48828125 1796598
0 0.3662109375 0.48828125 1796598
0 0.3662109375 0.48828125 1796699
2.86865234375 0.54931640625 -0.8544921875 1796699
2.86865234375 0.54931640625 -0.8544921875 1796699
2.86865234375 0.54931640625 -0.8544921875 1796700
1.953125 1.28173828125 0 1796890
4.45556640625 0.67138671875 -1.28173828125 1796890
4.45556640625 0.67138671875 -1.28173828125 1796891
4.45556640625 0.67138671875 -1.28173828125 1796891
4.45556640625 0.67138671875 -1.28173828125 1796992
2.50244140625 -0.42724609375 -0.79345703125 1796992
2.50244140625 -0.42724609375 -0.79345703125 1796993
2.50244140625 -0.42724609375 -0.79345703125 1796993
1.89208984375 -0.54931640625 0.06103515625 1797096
1.89208984375 -0.54931640625 0.06103515625 1797096
1.89208984375 -0.54931640625 0.06103515625 1797096
1.89208984375 -0.54931640625 0.06103515625 1797199
1.953125 -0.732421875 -0.9765625 1797199
1.953125 -0.732421875 -0.9765625 1797200
1.953125 -0.732421875 -0.9765625 1797200
0.244140625 -0.91552734375 0.67138671875 1797392
2.0751953125 -0.48828125 -0.42724609375 1797392
2.0751953125 -0.48828125 -0.42724609375 1797393
2.0751953125 -0.48828125 -0.42724609375 1797393
2.0751953125 -0.48828125 -0.42724609375 1797494
-1.708984375 0 0.6103515625 1797494
-1.708984375 0 0.6103515625 1797495
-1.708984375 0 0.6103515625 1797495
-1.708984375 0 0.6103515625 1797599
-1.15966796875 0.30517578125 -0.1220703125 1797599
-1.15966796875 0.30517578125 -0.1220703125 1797599
-1.15966796875 0.30517578125 -0.1220703125 1797600
1.3427734375 -0.06103515625 -0.54931640625 1797777
-1.0986328125 -0.1220703125 1.0986328125 1797778
-1.0986328125 -0.1220703125 1.0986328125 1797778
-1.0986328125 -0.1220703125 1.0986328125 1797779
-1.0986328125 -0.1220703125 1.0986328125 1797962
1.28173828125 0.18310546875 -1.28173828125 1797963
1.28173828125 0.18310546875 -1.28173828125 1797963
1.28173828125 0.18310546875 -1.28173828125 1797963
1.8310546875 0.244140625 0.3662109375 1798132
-0.732421875 -0.3662109375 -0.30517578125 1798133
-0.732421875 -0.3662109375 -0.30517578125 1798133
-0.732421875 -0.3662109375 -0.30517578125 1798134
-0.732421875 -0.3662109375 -0.30517578125 1798257
1.52587890625 -0.3662109375 -1.0986328125 1798258
1.52587890625 -0.3662109375 -1.0986328125 1798259
1.52587890625 -0.3662109375 -1.0986328125 1798259
1.52587890625 -0.3662109375 -1.0986328125 1798371
-0.67138671875 0.3662109375 -0.48828125 1798372
-0.67138671875 0.3662109375 -0.48828125 1798372
-0.67138671875 0.3662109375 -0.48828125 1798372
0.30517578125 -0.54931640625 0 1798489
0.48828125 -1.03759765625 0 1798489
0.48828125 -1.03759765625 0 1798490
0.48828125 -1.03759765625 0 1798490
0.48828125 -1.03759765625 0 1798592
0.244140625 -0.9765625 0 1798592
0.244140625 -0.9765625 0 1798593
0.244140625 -0.9765625 0 1798593
0.244140625 -0.9765625 0 1798695
-1.89208984375 -0.30517578125 0.06103515625 1798695
-1.89208984375 -0.30517578125 0.06103515625 1798696
-1.89208984375 -0.30517578125 0.06103515625 1798696
-1.89208984375 -0.30517578125 0.06103515625 1798798
-0.06103515625 -0.6103515625 -0.9765625 1798798
-0.06103515625 -0.6103515625 -0.9765625 1798798
-0.06103515625 -0.6103515625 -0.9765625 1798799
-0.06103515625 -0.6103515625 -0.9765625 1798901
1.3427734375 -0.3662109375 0.1220703125 1798901
1.3427734375 -0.3662109375 0.1220703125 1798901
1.3427734375 -0.3662109375 0.1220703125 1798902
1.52587890625 0.18310546875 -1.40380859375 1799089
-0.8544921875 0.732421875 0.42724609375 1799089
-0.8544921875 0.732421875 0.42724609375 1799090
-0.8544921875 0.732421875 0.42724609375 1799090
-0.8544921875 0.732421875 0.42724609375 1799192
1.708984375 0.48828125 -0.3662109375 1799192
1.708984375 0.48828125 -0.3662109375 1799192
1.708984375 0.48828125 -0.3662109375 1799193
1.708984375 0.48828125 -0.3662109375 1799294
1.0986328125 0.6103515625 0.79345703125 1799294
1.0986328125 0.6103515625 0.79345703125 1799295
1.0986328125 0.6103515625 0.79345703125 1799295
1.0986328125 0.6103515625 0.79345703125 1799397
-0.06103515625 -0.244140625 0.3662109375 1799397
-0.06103515625 -0.244140625 0.3662109375 1799398
-0.06103515625 -0.244140625 0.3662109375 1799398
-0.06103515625 -0.244140625 0.3662109375 1799501
3.662109375 1.708984375 -1.77001953125 1799501
3.662109375 1.708984375 -1.77001953125 1799502
3.662109375 1.708984375 -1.77001953125 1799502
-1.40380859375 1.77001953125 1.3427734375 1799688
1.5869140625 0.67138671875 0.30517578125 1799688
1.5869140625 0.67138671875 0.30517578125 1799688
1.5869140625 0.67138671875 0.30517578125 1799689
1.5869140625 0.67138671875 0.30517578125 1799790
-0.48828125 1.64794921875 -0.6103515625 1799791
-0.48828125 1.64794921875 -0.6103515625 1799797
-0.48828125 1.64794921875 -0.6103515625 1799797
-0.48828125 1.64794921875 -0.6103515625 1799895
-1.953125 0.9765625 -1.3427734375 1799895
0.8544921875 0.67138671875 -0.54931640625 1799983
0.8544921875 0.67138671875 -0.54931640625 1799983
0.8544921875 0.67138671875 -0.54931640625 1800088
0.54931640625 0.42724609375 -1.28173828125 1800088
0.54931640625 0.42724609375 -1.28173828125 1800089
0.54931640625 0.42724609375 -1.28173828125 1800089
0.54931640625 0.42724609375 -1.28173828125 1800190
0.3662109375 0.3662109375 0.18310546875 1800190
0.3662109375 0.3662109375 0.18310546875 1800191
0.3662109375 0.3662109375 0.18310546875 1800191
0.3662109375 0.3662109375 0.18310546875 1800292
0.79345703125 1.3427734375 -0.3662109375 1800292
0.79345703125 1.3427734375 -0.3662109375 1800293
0.79345703125 1.3427734375 -0.3662109375 1800293
0.79345703125 1.3427734375 -0.3662109375 1800395
-0.91552734375 0.06103515625 -0.18310546875 1800395
-0.91552734375 0.06103515625 -0.18310546875 1800396
-0.91552734375 0.06103515625 -0.18310546875 1800396
-0.91552734375 0.06103515625 -0.18310546875 1800497
1.64794921875 0.79345703125 0.1220703125 1800498
1.64794921875 0.79345703125 0.1220703125 1800498
1.64794921875 0.79345703125 0.1220703125 1800498
1.15966796875 0.30517578125 0 1800686
-0.67138671875 -0.1220703125 -0.1220703125 1800687
-0.67138671875 -0.1220703125 -0.1220703125 1800688
-0.67138671875 -0.1220703125 -0.1220703125 1800688
-0.67138671875 -0.1220703125 -0.1220703125 1800789
2.86865234375 -4.7607421875 -3.173828125 1800789
2.86865234375 -4.7607421875 -3.173828125 1800790
2.86865234375 -4.7607421875 -3.173828125 1800790
2.86865234375 -4.7607421875 -3.173828125 1800891
-2.13623046875 -4.57763671875 -4.94384765625 1800891
-2.13623046875 -4.57763671875 -4.94384765625 1800893
-2.13623046875 -4.57763671875 -4.94384765625 1800893
-2.13623046875 -4.57763671875 -4.94384765625 1800993
-0.42724609375 -12.26806640625 -6.16455078125 1800994
-0.42724609375 -12.26806640625 -6.16455078125 1800994
-0.42724609375 -12.26806640625 -6.16455078125 1800994
-0.42724609375 -12.26806640625 -6.16455078125 1801096
-1.0986328125 -17.2119140625 -5.92041015625 1801097
-1.0986328125 -17.2119140625 -5.92041015625 1801097
-1.0986328125 -17.2119140625 -5.92041015625 1801098
-1.0986328125 -17.2119140625 -5.92041015625 1801199
-1.5869140625 -20.1416015625 -20.32470703125 1801200
-1.5869140625 -20.1416015625 -20.32470703125 1801200
-1.5869140625 -20.1416015625 -20.32470703125 1801201
-5.4931640625 -18.37158203125 -34.11865234375 1801389
-5.18798828125 -16.78466796875 -32.16552734375 1801389
-5.18798828125 -16.78466796875 -32.16552734375 1801390
-5.18798828125 -16.78466796875 -32.16552734375 1801390
-5.18798828125 -16.78466796875 -32.16552734375 1801491
-0.1220703125 -4.8828125 -33.99658203125 1801491
-0.1220703125 -4.8828125 -33.99658203125 1801492
-0.1220703125 -4.8828125 -33.99658203125 1801492
-0.1220703125 -4.8828125 -33.99658203125 1801594
4.5166015625 -5.4931640625 -19.34814453125 1801594
4.5166015625 -5.4931640625 -19.34814453125 1801595
4.5166015625 -5.4931640625 -19.34814453125 1801595
4.5166015625 -5.4931640625 -19.34814453125 1801697
35.7666015625 -9.1552734375 4.5166015625 1801698
35.7666015625 -9.1552734375 4.5166015625 1801698
35.7666015625 -9.1552734375 4.5166015625 1801699
35.7666015625 -9.1552734375 4.5166015625 1801813
9.21630859375 -50.048828125 28.80859375 1801813
9.21630859375 -50.048828125 28.80859375 1801814
9.21630859375 -50.048828125 28.80859375 1801814
-6.77490234375 -132.4462890625 67.5048828125 1801992
-4.82177734375 -143.61572265625 95.88623046875 1801992
-4.82177734375 -143.61572265625 95.88623046875 1801993
-4.82177734375 -143.61572265625 95.88623046875 1801993
-4.82177734375 -143.61572265625 95.88623046875 1802094
-18.5546875 -119.56787109375 58.41064453125 1802097
-18.5546875 -119.56787109375 58.41064453125 1802097
-18.5546875 -119.56787109375 58.41064453125 1802098
-18.5546875 -119.56787109375 58.41064453125 1802196
-4.45556640625 -96.435546875 56.640625 1802299
-34.1796875 -118.95751953125 51.20849609375 1802299
-34.1796875 -118.95751953125 51.20849609375 1802300
-34.1796875 -118.95751953125 51.20849609375 1802300
7.8125 -91.97998046875 31.494140625 1802487
13.427734375 57.55615234375 -36.7431640625 1802487
13.427734375 57.55615234375 -36.7431640625 1802488
13.427734375 57.55615234375 -36.7431640625 1802488
13.427734375 57.55615234375 -36.7431640625 1802590
16.17431640625 22.94921875 4.08935546875 1802590
16.17431640625 22.94921875 4.08935546875 1802590
16.17431640625 22.94921875 4.08935546875 1802591
16.17431640625 22.94921875 4.08935546875 1802693
-90.27099609375 157.28759765625 -54.99267578125 1802694
-90.27099609375 157.28759765625 -54.99267578125 1802694
-90.27099609375 157.28759765625 -54.99267578125 1802695
-90.27099609375 157.28759765625 -54.99267578125 1802796
-29.11376953125 213.19580078125 -45.8984375 1802796
-29.11376953125 213.19580078125 -45.8984375 1802797
-29.11376953125 213.19580078125 -45.8984375 1802797
-29.11376953125 213.19580078125 -45.8984375 1802899
-8.23974609375 138.427734375 12.451171875 1802900
-8.23974609375 138.427734375 12.451171875 1802900
-8.23974609375 138.427734375 12.451171875 1802900
8.056640625 71.1669921875 30.8837890625 1803095
23.8037109375 66.95556640625 26.42822265625 1803096
23.8037109375 66.95556640625 26.42822265625 1803096
23.8037109375 66.95556640625 26.42822265625 1803097
19.4091796875 31.31103515625 30.09033203125 1803284
25.45166015625 26.18408203125 23.0712890625 1803284
25.45166015625 26.18408203125 23.0712890625 1803285
25.45166015625 26.18408203125 23.0712890625 1803285
25.45166015625 26.18408203125 23.0712890625 1803386
6.9580078125 10.07080078125 6.9580078125 1803387
6.9580078125 10.07080078125 6.9580078125 1803387
6.9580078125 10.07080078125 6.9580078125 1803387
6.9580078125 10.07080078125 6.9580078125 1803489
-7.080078125 4.638671875 1.953125 1803489
-7.080078125 4.638671875 1.953125 1803490
-7.080078125 4.638671875 1.953125 1803490
-7.080078125 4.638671875 1.953125 1803591
-6.2255859375 0.48828125 5.37109375 1803592
-6.2255859375 0.48828125 5.37109375 1803592
-6.2255859375 0.48828125 5.37109375 1803592
-6.2255859375 0.48828125 5.37109375 1803694
-16.29638671875 2.8076171875 8.544921875 1803695
-16.29638671875 2.8076171875 8.544921875 1803695
-16.29638671875 2.8076171875 8.544921875 1803695
-16.29638671875 2.8076171875 8.544921875 1803797
11.23046875 5.859375 -1.46484375 1803798
11.23046875 5.859375 -1.46484375 1803798
11.23046875 5.859375 -1.46484375 1803799
3.47900390625 3.96728515625 0.3662109375 1803987
3.2958984375 1.46484375 -4.7607421875 1803988
3.2958984375 1.46484375 -4.7607421875 1803988
3.2958984375 1.46484375 -4.7607421875 1803988
3.2958984375 1.46484375 -4.7607421875 1804090
12.63427734375 2.5634765625 -1.52587890625 1804091
12.63427734375 2.5634765625 -1.52587890625 1804091
12.63427734375 2.5634765625 -1.52587890625 1804091
12.63427734375 2.5634765625 -1.52587890625 1804193
88.68408203125 7.9345703125 -6.65283203125 1804193
88.68408203125 7.9345703125 -6.65283203125 1804193
88.68408203125 7.9345703125 -6.65283203125 1804194
88.68408203125 7.9345703125 -6.65283203125 1804295
48.88916015625 18.73779296875 -9.3994140625 1804295
48.88916015625 18.73779296875 -9.3994140625 1804296
48.88916015625 18.73779296875 -9.3994140625 1804296
48.88916015625 18.73779296875 -9.3994140625 1804398
16.9677734375 16.4794921875 -6.77490234375 1804398
16.9677734375 16.4794921875 -6.77490234375 1804399
16.9677734375 16.4794921875 -6.77490234375 1804400
9.46044921875 2.01416015625 -4.0283203125 1804588
4.82177734375 0.91552734375 0.42724609375 1804588
4.82177734375 0.91552734375 0.42724609375 1804589
4.82177734375 0.91552734375 0.42724609375 1804589
4.82177734375 0.91552734375 0.42724609375 1804690
8.48388671875 0.06103515625 -4.5166015625 1804690
8.48388671875 0.06103515625 -4.5166015625 1804691
8.48388671875 0.06103515625 -4.5166015625 1804691
8.48388671875 0.06103515625 -4.5166015625 1804792
-9.6435546875 12.3291015625 -9.6435546875 1804792
-9.6435546875 12.3291015625 -9.6435546875 1804792
-9.6435546875 12.3291015625 -9.6435546875 1804793
-9.6435546875 12.3291015625 -9.6435546875 1804895
-41.80908203125 -16.9677734375 7.080078125 1804895
-41.80908203125 -16.9677734375 7.080078125 1804895
-41.80908203125 -16.9677734375 7.080078125 1804896
-41.80908203125 -16.9677734375 7.080078125 1805012
-14.2822265625 5.0048828125 -5.55419921875 1805013
-14.2822265625 5.0048828125 -5.55419921875 1805013
-14.2822265625 5.0048828125 -5.55419921875 1805013
-23.5595703125 6.28662109375 -4.0283203125 1805189
-6.2255859375 -0.6103515625 0 1805189
-6.2255859375 -0.6103515625 0 1805190
-6.2255859375 -0.6103515625 0 1805190
-6.2255859375 -0.6103515625 0 1805292
-0.9765625 -3.96728515625 -0.54931640625 1805292
-0.9765625 -3.96728515625 -0.54931640625 1805292
-0.9765625 -3.96728515625 -0.54931640625 1805292
-0.9765625 -3.96728515625 -0.54931640625 1805396
-0.244140625 -9.521484375 2.685546875 1805397
-0.244140625 -9.521484375 2.685546875 1805398
-0.244140625 -9.521484375 2.685546875 1805398
-0.244140625 -9.521484375 2.685546875 1805496
-8.85009765625 -3.84521484375 1.64794921875 1805575
-8.85009765625 -3.84521484375 1.64794921875 1805575
-8.85009765625 -3.84521484375 1.64794921875 1805576
-8.85009765625 -3.84521484375 1.64794921875 1805687
1.953125 0.67138671875 -0.3662109375 1805687
1.953125 0.67138671875 -0.3662109375 1805687
1.953125 0.67138671875 -0.3662109375 1805688
1.953125 0.67138671875 -0.3662109375 1805788
0.54931640625 1.220703125 -0.6103515625 1805789
0.54931640625 1.220703125 -0.6103515625 1805789
0.54931640625 1.220703125 -0.6103515625 1805789
0.54931640625 1.220703125 -0.6103515625 1805892
-0.8544921875 4.69970703125 -1.220703125 1805892
-0.8544921875 4.69970703125 -1.220703125 1805893
-0.8544921875 4.69970703125 -1.220703125 1805893
-0.8544921875 4.69970703125 -1.220703125 1805995
1.89208984375 0.1220703125 -1.77001953125 1805995
1.89208984375 0.1220703125 -1.77001953125 1805995
1.89208984375 0.1220703125 -1.77001953125 1805996
1.89208984375 0.1220703125 -1.77001953125 1806097
-3.2958984375 -0.48828125 0.244140625 1806098
-3.2958984375 -0.48828125 0.244140625 1806098
-3.2958984375 -0.48828125 0.244140625 1806098
3.0517578125 -0.1220703125 -0.18310546875 1806295
-2.25830078125 0.6103515625 -0.67138671875 1806295
-2.25830078125 0.6103515625 -0.67138671875 1806296
-2.25830078125 0.6103515625 -0.67138671875 1806296
-0.9765625 0.79345703125 -0.30517578125 1806484
2.3193359375 0.30517578125 -0.79345703125 1806484
2.3193359375 0.30517578125 -0.79345703125 1806484
2.3193359375 0.30517578125 -0.79345703125 1806485
2.3193359375 0.30517578125 -0.79345703125 1806586
1.3427734375 2.38037109375 0.1220703125 1806587
1.3427734375 2.38037109375 0.1220703125 1806587
1.3427734375 2.38037109375 0.1220703125 1806587
1.3427734375 2.38037109375 0.1220703125 1806688
-2.25830078125 2.25830078125 0.30517578125 1806689
-2.25830078125 2.25830078125 0.30517578125 1806689
-2.25830078125 2.25830078125 0.30517578125 1806690
0.06103515625 0.8544921875 -1.52587890625 1806791
0.06103515625 0.8544921875 -1.52587890625 1806792
0.06103515625 0.8544921875 -1.52587890625 1806792
0.06103515625 0.8544921875 -1.52587890625 1806895
1.89208984375 2.13623046875 -2.13623046875 1806895
1.89208984375 2.13623046875 -2.13623046875 1806896
1.89208984375 2.13623046875 -2.13623046875 1806896
0.6103515625 4.7607421875 -2.13623046875 1807085
-1.8310546875 2.13623046875 0.06103515625 1807085
-1.8310546875 2.13623046875 0.06103515625 1807086
-1.8310546875 2.13623046875 0.06103515625 1807087
-1.8310546875 2.13623046875 0.06103515625 1807188
-0.6103515625 2.38037109375 1.708984375 1807188
-0.6103515625 2.38037109375 1.708984375 1807189
-0.6103515625 2.38037109375 1.708984375 1807189
-0.6103515625 2.38037109375 1.708984375 1807290
1.28173828125 0.1220703125 1.46484375 1807291
1.28173828125 0.1220703125 1.46484375 1807291
1.28173828125 0.1220703125 1.46484375 1807291
1.28173828125 0.1220703125 1.46484375 1807392
-1.0986328125 -0.8544921875 2.197265625 1807392
-1.0986328125 -0.8544921875 2.197265625 1807393
-1.0986328125 -0.8544921875 2.197265625 1807393
-1.0986328125 -0.8544921875 2.197265625 1807496
2.99072265625 -1.708984375 0.3662109375 1807496
2.99072265625 -1.708984375 0.3662109375 1807497
2.99072265625 -1.708984375 0.3662109375 1807497
3.0517578125 -0.42724609375 -0.1220703125 1807686
-0.18310546875 -0.54931640625 -0.732421875 1807686
-0.18310546875 -0.54931640625 -0.732421875 1807687
-0.18310546875 -0.54931640625 -0.732421875 1807687
-0.18310546875 -0.54931640625 -0.732421875 1807788
1.46484375 0 -0.8544921875 1807789
1.46484375 0 -0.8544921875 1807789
1.46484375 0 -0.8544921875 1807790
1.46484375 0 -0.8544921875 1807891
0.8544921875 0.18310546875 0.48828125 1807891
0.8544921875 0.18310546875 0.48828125 1807892
0.8544921875 0.18310546875 0.48828125 1807892
0.8544921875 0.18310546875 0.48828125 1807994
-0.244140625 1.708984375 -0.91552734375 1807994
-0.244140625 1.708984375 -0.91552734375 1807995
-0.244140625 1.708984375 -0.91552734375 1807995
-0.244140625 1.708984375 -0.91552734375 1808097
0.91552734375 0.8544921875 0.06103515625 1808097
0.91552734375 0.8544921875 0.06103515625 1808098
0.91552734375 0.8544921875 0.06103515625 1808098
0.8544921875 2.25830078125 -0.91552734375 1808287
0.3662109375 0 0.30517578125 1808287
0.3662109375 0 0.30517578125 1808288
0.3662109375 0 0.30517578125 1808288
0.3662109375 0 0.30517578125 1808389
-0.1220703125 0.91552734375 0.18310546875 1808389
-0.1220703125 0.91552734375 0.18310546875 1808390
-0.1220703125 0.91552734375 0.18310546875 1808390
-0.1220703125 0.91552734375 0.18310546875 1808491
-1.15966796875 0.732421875 -0.1220703125 1808491
-1.15966796875 0.732421875 -0.1220703125 1808491
-1.15966796875 0.732421875 -0.1220703125 1808492
-1.15966796875 0.732421875 -0.1220703125 1808594
-0.6103515625 0.67138671875 -1.708984375 1808594
-0.6103515625 0.67138671875 -1.708984375 1808594
-0.6103515625 0.67138671875 -1.708984375 1808594
-0.6103515625 0.67138671875 -1.708984375 1808697
1.77001953125 0.6103515625 -0.8544921875 1808697
1.77001953125 0.6103515625 -0.8544921875 1808698
1.77001953125 0.6103515625 -0.8544921875 1808698
-0.30517578125 1.220703125 -2.3193359375 1808886
-0.9765625 0.54931640625 -1.3427734375 1808886
-0.9765625 0.54931640625 -1.3427734375 1808886
-0.9765625 0.54931640625 -1.3427734375 1808887
-0.9765625 0.54931640625 -1.3427734375 1808988
0.6103515625 0.42724609375 -0.91552734375 1808988
0.6103515625 0.42724609375 -0.91552734375 1808988
0.6103515625 0.42724609375 -0.91552734375 1808989
0.6103515625 0.42724609375 -0.91552734375 1809090
-1.28173828125 1.3427734375 -0.1220703125 1809090
-1.28173828125 1.3427734375 -0.1220703125 1809091
-1.28173828125 1.3427734375 -0.1220703125 1809091
-1.28173828125 1.3427734375 -0.1220703125 1809194
0.732421875 0.3662109375 -1.5869140625 1809194
0.732421875 0.3662109375 -1.5869140625 1809198
0.732421875 0.3662109375 -1.5869140625 1809198
0.732421875 0.3662109375 -1.5869140625 1809296
-1.3427734375 0.1220703125 0.30517578125 1809296
-1.220703125 0.06103515625 -0.06103515625 1809374
-1.220703125 0.06103515625 -0.06103515625 1809374
-1.220703125 0.06103515625 -0.06103515625 1809495
-0.1220703125 0 -0.42724609375 1809495
-0.1220703125 0 -0.42724609375 1809496
-0.1220703125 0 -0.42724609375 1809496
1.46484375 0.3662109375 -0.18310546875 1809683
-0.9765625 0.79345703125 -0.3662109375 1809683
-0.9765625 0.79345703125 -0.3662109375 1809684
-0.9765625 0.79345703125 -0.3662109375 1809684
-0.9765625 0.79345703125 -0.3662109375 1809787
0.3662109375 0.1220703125 -0.67138671875 1809787
0.3662109375 0.1220703125 -0.67138671875 1809788
0.3662109375 0.1220703125 -0.67138671875 1809788
0.3662109375 0.1220703125 -0.67138671875 1809889
-1.40380859375 0.1220703125 0.732421875 1809889
-1.40380859375 0.1220703125 0.732421875 1809890
-1.40380859375 0.1220703125 0.732421875 1809890
-1.40380859375 0.1220703125 0.732421875 1809991
-0.67138671875 0.9765625 0.79345703125 1809991
-0.67138671875 0.9765625 0.79345703125 1809992
-0.67138671875 0.9765625 0.79345703125 1809992
-0.67138671875 0.9765625 0.79345703125 1810094
0.1220703125 0.6103515625 -0.1220703125 1810094
0.1220703125 0.6103515625 -0.1220703125 1810097
0.1220703125 0.6103515625 -0.1220703125 1810098
-1.953125 1.5869140625 -0.3662109375 1810283
1.8310546875 -0.6103515625 -0.42724609375 1810283
1.8310546875 -0.6103515625 -0.42724609375 1810283
1.8310546875 -0.6103515625 -0.42724609375 1810284
1.8310546875 -0.6103515625 -0.42724609375 1810386
0 0.54931640625 0.67138671875 1810386
0 0.54931640625 0.67138671875 1810387
0 0.54931640625 0.67138671875 1810387
0 0.54931640625 0.67138671875 1810489
0.91552734375 -0.30517578125 0.18310546875 1810489
0.91552734375 -0.30517578125 0.18310546875 1810490
0.91552734375 -0.30517578125 0.18310546875 1810490
0.91552734375 -0.30517578125 0.18310546875 1810591
-1.708984375 0.67138671875 0.732421875 1810591
-1.708984375 0.67138671875 0.732421875 1810591
-1.708984375 0.67138671875 0.732421875 1810592
-1.708984375 0.67138671875 0.732421875 1810694
0.30517578125 0.244140625 -0.67138671875 1810694
0.30517578125 0.244140625 -0.67138671875 1810695
0.30517578125 0.244140625 -0.67138671875 1810695
0.1220703125 -0.06103515625 0 1810885
-2.44140625 0.8544921875 0.8544921875 1810885
-2.44140625 0.8544921875 0.8544921875 1810886
-2.44140625 0.8544921875 0.8544921875 1810886
-2.44140625 0.8544921875 0.8544921875 1810988
0.1220703125 0.30517578125 -0.732421875 1810989
0.1220703125 0.30517578125 -0.732421875 1810989
0.1220703125 0.30517578125 -0.732421875 1810990
0.1220703125 0.30517578125 -0.732421875 1811090
-0.48828125 0.06103515625 -1.03759765625 1811090
-0.48828125 0.06103515625 -1.03759765625 1811091
-0.48828125 0.06103515625 -1.03759765625 1811091
-0.48828125 0.06103515625 -1.03759765625 1811192
-0.42724609375 0.91552734375 0.67138671875 1811192
-0.42724609375 0.91552734375 0.67138671875 1811193
-0.42724609375 0.91552734375 0.67138671875 1811193
-0.42724609375 0.91552734375 0.67138671875 1811296
2.8076171875 -0.54931640625 0 1811296
2.8076171875 -0.54931640625 0 1811297
2.8076171875 -0.54931640625 0 1811297
-2.25830078125 0.1220703125 -0.244140625 1811485
0.54931640625 0.54931640625 0.54931640625 1811485
0.54931640625 0.54931640625 0.54931640625 1811486
0.54931640625 0.54931640625 0.54931640625 1811486
0.54931640625 0.54931640625 0.54931640625 1811587
1.40380859375 -0.8544921875 -0.9765625 1811587
1.40380859375 -0.8544921875 -0.9765625 1811588
1.40380859375 -0.8544921875 -0.9765625 1811588
1.40380859375 -0.8544921875 -0.9765625 1811690
-1.0986328125 0.732421875 1.28173828125 1811690
-1.0986328125 0.732421875 1.28173828125 1811691
-1.0986328125 0.732421875 1.28173828125 1811691
-1.0986328125 0.732421875 1.28173828125 1811793
2.01416015625 0.18310546875 -1.28173828125 1811793
2.01416015625 0.18310546875 -1.28173828125 1811794
2.01416015625 0.18310546875 -1.28173828125 1811795
2.01416015625 0.18310546875 -1.28173828125 1811895
-0.67138671875 -0.06103515625 -0.244140625 1811895
-0.67138671875 -0.06103515625 -0.244140625 1811896
-0.67138671875 -0.06103515625 -0.244140625 1811896
0.244140625 -1.03759765625 1.15966796875 1812084
0.1220703125 0.18310546875 0.8544921875 1812084
0.1220703125 0.18310546875 0.8544921875 1812085
0.1220703125 0.18310546875 0.8544921875 1812085
0.1220703125 0.18310546875 0.8544921875 1812188
-1.0986328125 -0.732421875 -0.54931640625 1812188
-1.0986328125 -0.732421875 -0.54931640625 1812189
-1.0986328125 -0.732421875 -0.54931640625 1812189
-1.0986328125 -0.732421875 -0.54931640625 1812289
0.30517578125 -0.8544921875 -0.48828125 1812289
0.30517578125 -0.8544921875 -0.48828125 1812290
0.30517578125 -0.8544921875 -0.48828125 1812290
0.30517578125 -0.8544921875 -0.48828125 1812391
-0.06103515625 0.30517578125 2.01416015625 1812391
-0.06103515625 0.30517578125 2.01416015625 1812392
-0.06103515625 0.30517578125 2.01416015625 1812392
-0.06103515625 0.30517578125 2.01416015625 1812494
-0.18310546875 -0.91552734375 -1.28173828125 1812494
-0.18310546875 -0.91552734375 -1.28173828125 1812494
-0.18310546875 -0.91552734375 -1.28173828125 1812495
-1.220703125 -0.48828125 0.79345703125 1812694
0.67138671875 0 -0.67138671875 1812695
0.67138671875 0 -0.67138671875 1812695
0.67138671875 0 -0.67138671875 1812696
-1.15966796875 -0.30517578125 0 1812884
0.30517578125 -0.06103515625 0.732421875 1812885
0.30517578125 -0.06103515625 0.732421875 1812885
0.30517578125 -0.06103515625 0.732421875 1812886
0.30517578125 -0.06103515625 0.732421875 1812986
0.48828125 -0.67138671875 -0.8544921875 1812986
0.48828125 -0.67138671875 -0.8544921875 1812986
0.48828125 -0.67138671875 -0.8544921875 1812987
-0.06103515625 -0.06103515625 0.8544921875 1813089
-0.06103515625 -0.06103515625 0.8544921875 1813089
-0.06103515625 -0.06103515625 0.8544921875 1813090
-0.06103515625 -0.06103515625 0.8544921875 1813192
2.25830078125 -0.1220703125 -0.91552734375 1813193
2.25830078125 -0.1220703125 -0.91552734375 1813193
2.25830078125 -0.1220703125 -0.91552734375 1813194
2.25830078125 -0.1220703125 -0.91552734375 1813296
-1.8310546875 0.48828125 0.6103515625 1813297
-1.8310546875 0.48828125 0.6103515625 1813297
-1.8310546875 0.48828125 0.6103515625 1813298
2.01416015625 -0.1220703125 0.18310546875 1813484
-1.953125 0.67138671875 0.79345703125 1813484
-1.953125 0.67138671875 0.79345703125 1813485
-1.953125 0.67138671875 0.79345703125 1813485
-1.953125 0.67138671875 0.79345703125 1813586
0 -0.18310546875 0 1813587
0 -0.18310546875 0 1813587
0 -0.18310546875 0 1813588
2.25830078125 -1.89208984375 -0.1220703125 1813689
2.25830078125 -1.89208984375 -0.1220703125 1813689
2.25830078125 -1.89208984375 -0.1220703125 1813690
2.25830078125 -1.89208984375 -0.1220703125 1813792
4.5166015625 -5.67626953125 -2.25830078125 1813793
4.5166015625 -5.67626953125 -2.25830078125 1813793
4.5166015625 -5.67626953125 -2.25830078125 1813794
3.7841796875 -9.46044921875 -7.2021484375 1813986
5.859375 -14.892578125 -14.5263671875 1813986
5.859375 -14.892578125 -14.5263671875 1813987
5.859375 -14.892578125 -14.5263671875 1813987
-3.90625 -11.29150390625 -16.41845703125 1814089
-3.90625 -11.29150390625 -16.41845703125 1814089
-3.90625 -11.29150390625 -16.41845703125 1814090
-3.90625 -11.29150390625 -16.41845703125 1814193
-6.77490234375 -16.6015625 -23.13232421875 1814194
-6.77490234375 -16.6015625 -23.13232421875 1814194
-6.77490234375 -16.6015625 -23.13232421875 1814195
1.220703125 -14.09912109375 -27.9541015625 1814387
3.5400390625 -7.8125 -27.2216796875 1814387
3.5400390625 -7.8125 -27.2216796875 1814388
3.5400390625 -7.8125 -27.2216796875 1814388
3.5400390625 -7.8125 -27.2216796875 1814490
0.244140625 -6.65283203125 -19.83642578125 1814490
0.244140625 -6.65283203125 -19.83642578125 1814491
0.244140625 -6.65283203125 -19.83642578125 1814491
23.01025390625 -10.31494140625 -17.578125 1814692
21.78955078125 -51.513671875 22.216796875 1814692
21.78955078125 -51.513671875 22.216796875 1814693
21.78955078125 -51.513671875 22.216796875 1814693
3.7841796875 -131.591796875 67.5048828125 1814883
4.0283203125 -151.67236328125 99.853515625 1814883
4.0283203125 -151.67236328125 99.853515625 1814883
4.0283203125 -151.67236328125 99.853515625 1814883
4.0283203125 -151.67236328125 99.853515625 1814985
-0.54931640625 -103.82080078125 53.955078125 1814985
-0.54931640625 -103.82080078125 53.955078125 1814985
-0.54931640625 -103.82080078125 53.955078125 1814986
-0.54931640625 -103.82080078125 53.955078125 1815087
-12.02392578125 -99.12109375 58.77685546875 1815087
-12.02392578125 -99.12109375 58.77685546875 1815088
-12.02392578125 -99.12109375 58.77685546875 1815088
-12.02392578125 -99.12109375 58.77685546875 1815190
-3.2958984375 -47.9736328125 59.26513671875 1815190
-3.2958984375 -47.9736328125 59.26513671875 1815191
-3.2958984375 -47.9736328125 59.26513671875 1815191
-3.2958984375 -47.9736328125 59.26513671875 1815293
0 -110.3515625 48.64501953125 1815293
0 -110.3515625 48.64501953125 1815294
0 -110.3515625 48.64501953125 1815294
2.5634765625 54.8095703125 -63.17138671875 1815482
-36.2548828125 171.9970703125 -59.63134765625 1815482
-36.2548828125 171.9970703125 -59.63134765625 1815482
-36.2548828125 171.9970703125 -59.63134765625 1815483
-36.2548828125 171.9970703125 -59.63134765625 1815585
-56.2744140625 183.59375 -47.4853515625 1815585
-56.2744140625 183.59375 -47.4853515625 1815585
-56.2744140625 183.59375 -47.4853515625 1815586
-56.2744140625 183.59375 -47.4853515625 1815692
-8.85009765625 133.36181640625 -26.611328125 1815692
-8.85009765625 133.36181640625 -26.611328125 1815692
-8.85009765625 133.36181640625 -26.611328125 1815693
-8.85009765625 133.36181640625 -26.611328125 1815794
-12.3291015625 82.275390625 5.18798828125 1815794
-12.3291015625 82.275390625 5.18798828125 1815795
-12.3291015625 82.275390625 5.18798828125 1815795
0.54931640625 56.33544921875 34.24072265625 1815981
9.765625 47.9736328125 41.015625 1815982
9.765625 47.9736328125 41.015625 1815982
9.765625 47.9736328125 41.015625 1815982
9.765625 47.9736328125 41.015625 1816083
13.00048828125 24.90234375 24.0478515625 1816084
13.00048828125 24.90234375 24.0478515625 1816084
13.00048828125 24.90234375 24.0478515625 1816084
13.00048828125 24.90234375 24.0478515625 1816186
0.732421875 13.36669921875 22.4609375 1816187
0.732421875 13.36669921875 22.4609375 1816187
0.732421875 13.36669921875 22.4609375 1816188
0.732421875 13.36669921875 22.4609375 1816288
11.3525390625 8.60595703125 8.30078125 1816289
11.3525390625 8.60595703125 8.30078125 1816289
11.3525390625 8.60595703125 8.30078125 1816289
11.3525390625 8.60595703125 8.30078125 1816391
1.15966796875 9.82666015625 -1.8310546875 1816391
1.15966796875 9.82666015625 -1.8310546875 1816392
1.15966796875 9.82666015625 -1.8310546875 1816392
-1.708984375 -1.5869140625 5.79833984375 1816582
0.42724609375 -1.46484375 4.82177734375 1816583
0.42724609375 -1.46484375 4.82177734375 1816583
0.42724609375 -1.46484375 4.82177734375 1816583
0.42724609375 -1.46484375 4.82177734375 1816684
0.91552734375 -2.197265625 3.60107421875 1816685
0.91552734375 -2.197265625 3.60107421875 1816685
0.91552734375 -2.197265625 3.60107421875 1816686
-1.3427734375 -1.77001953125 0 1816787
-1.3427734375 -1.77001953125 0 1816788
-1.3427734375 -1.77001953125 0 1816788
-1.3427734375 -1.77001953125 0 1816891
0.67138671875 -1.28173828125 -2.50244140625 1816891
0.67138671875 -1.28173828125 -2.50244140625 1816891
0.67138671875 -1.28173828125 -2.50244140625 1816892
7.2021484375 -2.8076171875 2.99072265625 1817082
51.81884765625 -2.38037109375 0.6103515625 1817083
51.81884765625 -2.38037109375 0.6103515625 1817083
51.81884765625 -2.38037109375 0.6103515625 1817084
51.81884765625 -2.38037109375 0.6103515625 1817185
71.8994140625 14.6484375 -17.4560546875 1817185
71.8994140625 14.6484375 -17.4560546875 1817186
71.8994140625 14.6484375 -17.4560546875 1817186
63.1103515625 19.6533203125 -13.671875 1817287
63.1103515625 19.6533203125 -13.671875 1817287
63.1103515625 19.6533203125 -13.671875 1817288
63.1103515625 19.6533203125 -13.671875 1817391
17.333984375 15.07568359375 -13.24462890625 1817391
17.333984375 15.07568359375 -13.24462890625 1817391
17.333984375 15.07568359375 -13.24462890625 1817392
11.77978515625 2.8076171875 -9.94873046875 1817585
-8.9111328125 14.5263671875 -19.6533203125 1817585
-8.9111328125 14.5263671875 -19.6533203125 1817586
-8.9111328125 14.5263671875 -19.6533203125 1817586
-8.9111328125 14.5263671875 -19.6533203125 1817687
-40.8935546875 -0.67138671875 6.53076171875 1817687
-40.8935546875 -0.67138671875 6.53076171875 1817688
-40.8935546875 -0.67138671875 6.53076171875 1817688
-40.8935546875 -0.67138671875 6.53076171875 1817789
-31.31103515625 13.3056640625 -11.474609375 1817789
-31.31103515625 13.3056640625 -11.474609375 1817790
-31.31103515625 13.3056640625 -11.474609375 1817790
-32.53173828125 -2.86865234375 5.55419921875 1817984
-19.287109375 -2.38037109375 0.6103515625 1817984
-19.287109375 -2.38037109375 0.6103515625 1817985
-19.287109375 -2.38037109375 0.6103515625 1817985
-19.287109375 -2.38037109375 0.6103515625 1818086
-13.36669921875 -7.8125 2.25830078125 1818087
-13.36669921875 -7.8125 2.25830078125 1818087
-13.36669921875 -7.8125 2.25830078125 1818088
-13.36669921875 -7.8125 2.25830078125 1818189
-5.37109375 -3.5400390625 0.244140625 1818189
-5.37109375 -3.5400390625 0.244140625 1818189
-5.37109375 -3.5400390625 0.244140625 1818190
-5.37109375 -3.5400390625 0.244140625 1818291
1.46484375 -8.30078125 0.91552734375 1818291
1.46484375 -8.30078125 0.91552734375 1818292
1.46484375 -8.30078125 0.91552734375 1818292
-2.13623046875 -4.45556640625 -0.42724609375 1818481
-1.3427734375 -6.77490234375 0.18310546875 1818481
-1.3427734375 -6.77490234375 0.18310546875 1818481
-1.3427734375 -6.77490234375 0.18310546875 1818482
-1.3427734375 -6.77490234375 0.18310546875 1818584
-4.0283203125 -4.2724609375 -0.06103515625 1818584
-4.0283203125 -4.2724609375 -0.06103515625 1818584
-4.0283203125 -4.2724609375 -0.06103515625 1818585
-4.0283203125 -4.2724609375 -0.06103515625 1818686
-2.01416015625 -0.8544921875 -1.64794921875 1818686
-2.01416015625 -0.8544921875 -1.64794921875 1818687
-2.01416015625 -0.8544921875 -1.64794921875 1818687
-2.01416015625 -0.8544921875 -1.64794921875 1818790
-3.11279296875 -1.46484375 0.42724609375 1818791
-3.11279296875 -1.46484375 0.42724609375 1818791
-3.11279296875 -1.46484375 0.42724609375 1818792
-3.11279296875 -1.46484375 0.42724609375 1818891
-1.28173828125 -0.6103515625 -0.3662109375 1818891
-1.28173828125 -0.6103515625 -0.3662109375 1818892
1.77001953125 2.44140625 -1.40380859375 1818969
1.77001953125 2.44140625 -1.40380859375 1819094
1.52587890625 -0.244140625 -1.28173828125 1819095
1.52587890625 -0.244140625 -1.28173828125 1819095
1.52587890625 -0.244140625 -1.28173828125 1819096
2.5634765625 2.44140625 -0.6103515625 1819283
0.48828125 0.1220703125 -0.1220703125 1819284
0.48828125 0.1220703125 -0.1220703125 1819284
0.48828125 0.1220703125 -0.1220703125 1819285
0.48828125 0.1220703125 -0.1220703125 1819390
0.42724609375 0 -0.732421875 1819390
0.42724609375 0 -0.732421875 1819391
0.42724609375 0 -0.732421875 1819391
0.42724609375 0 -0.732421875 1819496
-1.8310546875 0.6103515625 0.42724609375 1819497
-1.8310546875 0.6103515625 0.42724609375 1819497
-1.8310546875 0.6103515625 0.42724609375 1819497
2.685546875 -0.18310546875 -2.01416015625 1819681
1.0986328125 0.42724609375 -1.03759765625 1819681
1.0986328125 0.42724609375 -1.03759765625 1819682
1.0986328125 0.42724609375 -1.03759765625 1819682
1.0986328125 0.42724609375 -1.03759765625 1819787
1.64794921875 2.13623046875 -1.5869140625 1819788
1.64794921875 2.13623046875 -1.5869140625 1819788
1.64794921875 2.13623046875 -1.5869140625 1819789
1.64794921875 2.13623046875 -1.5869140625 1819891
0.6103515625 0.79345703125 -2.197265625 1819891
0.6103515625 0.79345703125 -2.197265625 1819892
0.6103515625 0.79345703125 -2.197265625 1819892
0.6103515625 0.79345703125 -2.197265625 1819992
3.47900390625 -3.173828125 -2.50244140625 1819992
3.47900390625 -3.173828125 -2.50244140625 1819992
3.47900390625 -3.173828125 -2.50244140625 1819993
-1.5869140625 2.5634765625 0.54931640625 1820181
2.50244140625 1.64794921875 -1.40380859375 1820181
2.50244140625 1.64794921875 -1.40380859375 1820181
2.50244140625 1.64794921875 -1.40380859375 1820182
2.50244140625 1.64794921875 -1.40380859375 1820283
0.67138671875 0.30517578125 -0.91552734375 1820283
0.67138671875 0.30517578125 -0.91552734375 1820284
0.67138671875 0.30517578125 -0.91552734375 1820284
0.67138671875 0.30517578125 -0.91552734375 1820389
1.03759765625 1.0986328125 -0.48828125 1820389
1.03759765625 1.0986328125 -0.48828125 1820390
1.03759765625 1.0986328125 -0.48828125 1820390
1.03759765625 1.0986328125 -0.48828125 1820496
3.0517578125 0.18310546875 -2.44140625 1820496
3.0517578125 0.18310546875 -2.44140625 1820496
3.0517578125 0.18310546875 -2.44140625 1820497
-0.79345703125 -0.79345703125 -1.708984375 1820675
-0.67138671875 0.54931640625 0.732421875 1820676
-0.67138671875 0.54931640625 0.732421875 1820676
-0.67138671875 0.54931640625 0.732421875 1820677
-0.67138671875 0.54931640625 0.732421875 1820798
1.03759765625 -0.48828125 -0.18310546875 1820798
1.03759765625 -0.48828125 -0.18310546875 1820807
1.03759765625 -0.48828125 -0.18310546875 1820807
0.244140625 -0.48828125 0 1820985
0.3662109375 0.06103515625 0.1220703125 1820985
0.3662109375 0.06103515625 0.1220703125 1820985
0.3662109375 0.06103515625 0.1220703125 1820986
0.3662109375 0.06103515625 0.1220703125 1821089
-0.18310546875 -0.06103515625 1.3427734375 1821090
-0.18310546875 -0.06103515625 1.3427734375 1821090
-0.18310546875 -0.06103515625 1.3427734375 1821091
-0.18310546875 -0.06103515625 1.3427734375 1821196
-2.25830078125 0.18310546875 0.48828125 1821197
-2.25830078125 0.18310546875 0.48828125 1821198
-2.25830078125 0.18310546875 0.48828125 1821198
0.6103515625 -0.54931640625 -1.220703125 1821381
-0.8544921875 0.67138671875 -0.42724609375 1821381
-0.8544921875 0.67138671875 -0.42724609375 1821382
-0.8544921875 0.67138671875 -0.42724609375 1821382
-0.8544921875 0.67138671875 -0.42724609375 1821484
0.8544921875 0.8544921875 -0.48828125 1821484
0.8544921875 0.8544921875 -0.48828125 1821485
0.8544921875 0.8544921875 -0.48828125 1821485
0.8544921875 0.8544921875 -0.48828125 1821586
0 -0.06103515625 -1.0986328125 1821586
0 -0.06103515625 -1.0986328125 1821587
0 -0.06103515625 -1.0986328125 1821587
0 -0.06103515625 -1.0986328125 1821689
-0.9765625 -0.06103515625 -0.67138671875 1821689
-0.9765625 -0.06103515625 -0.67138671875 1821689
-0.9765625 -0.06103515625 -0.67138671875 1821690
-0.9765625 -0.06103515625 -0.67138671875 1821792
0 -0.42724609375 0 1821792
0 -0.42724609375 0 1821793
0 -0.42724609375 0 1821793
-0.79345703125 -0.8544921875 -0.732421875 1821981
0.244140625 -0.732421875 -0.48828125 1821981
0.244140625 -0.732421875 -0.48828125 1821981
0.244140625 -0.732421875 -0.48828125 1821982
0.244140625 -0.732421875 -0.48828125 1822084
0.54931640625 -0.244140625 2.0751953125 1822084
0.54931640625 -0.244140625 2.0751953125 1822085
0.54931640625 -0.244140625 2.0751953125 1822085
0.54931640625 -0.244140625 2.0751953125 1822186
-0.9765625 -0.42724609375 0.67138671875 1822186
-0.9765625 -0.42724609375 0.67138671875 1822187
-0.9765625 -0.42724609375 0.67138671875 1822187
-0.9765625 -0.42724609375 0.67138671875 1822294
-0.42724609375 0.54931640625 -0.79345703125 1822295
-0.42724609375 0.54931640625 -0.79345703125 1822295
-0.42724609375 0.54931640625 -0.79345703125 1822296
0.18310546875 0.79345703125 0.91552734375 1822483
-1.52587890625 1.220703125 -1.3427734375 1822483
-1.52587890625 1.220703125 -1.3427734375 1822483
-1.52587890625 1.220703125 -1.3427734375 1822484
-1.52587890625 1.220703125 -1.3427734375 1822586
1.28173828125 0 0.1220703125 1822586
1.28173828125 0 0.1220703125 1822587
1.28173828125 0 0.1220703125 1822587
1.28173828125 0 0.1220703125 1822688
0.06103515625 0 0.48828125 1822688
0.06103515625 0 0.48828125 1822689
0.06103515625 0 0.48828125 1822690
0.06103515625 0 0.48828125 1822791
-0.54931640625 -1.220703125 0.3662109375 1822791
-0.54931640625 -1.220703125 0.3662109375 1822791
-0.54931640625 -1.220703125 0.3662109375 1822792
0.9765625 -0.1220703125 0.54931640625 1822981
-1.220703125 0 0.42724609375 1822981
-1.220703125 0 0.42724609375 1822982
-1.220703125 0 0.42724609375 1822982
-1.220703125 0 0.42724609375 1823084
-0.732421875 0 -0.244140625 1823084
-0.732421875 0 -0.244140625 1823085
-0.732421875 0 -0.244140625 1823085
-0.732421875 0 -0.244140625 1823186
0.1220703125 -0.91552734375 -0.732421875 1823186
0.1220703125 -0.91552734375 -0.732421875 1823187
0.1220703125 -0.91552734375 -0.732421875 1823187
0.1220703125 -0.91552734375 -0.732421875 1823288
-1.15966796875 0.732421875 0 1823289
-1.15966796875 0.732421875 0 1823289
-1.15966796875 0.732421875 0 1823290
0.30517578125 0.48828125 -0.79345703125 1823478
-1.0986328125 -0.30517578125 0.06103515625 1823478
-1.0986328125 -0.30517578125 0.06103515625 1823479
-1.0986328125 -0.30517578125 0.06103515625 1823479
-1.0986328125 -0.30517578125 0.06103515625 1823580
0.06103515625 1.0986328125 0.30517578125 1823580
0.06103515625 1.0986328125 0.30517578125 1823580
0.06103515625 1.0986328125 0.30517578125 1823581
0.06103515625 1.0986328125 0.30517578125 1823686
3.23486328125 -1.0986328125 -1.0986328125 1823686
3.23486328125 -1.0986328125 -1.0986328125 1823687
3.23486328125 -1.0986328125 -1.0986328125 1823687
3.23486328125 -1.0986328125 -1.0986328125 1823788
-3.173828125 0.8544921875 1.03759765625 1823788
-3.173828125 0.8544921875 1.03759765625 1823788
-3.173828125 0.8544921875 1.03759765625 1823789
0.30517578125 0 1.15966796875 1823983
2.86865234375 0.79345703125 -1.89208984375 1823983
2.86865234375 0.79345703125 -1.89208984375 1823984
2.86865234375 0.79345703125 -1.89208984375 1823984
2.86865234375 0.79345703125 -1.89208984375 1824086
0.54931640625 1.03759765625 0.42724609375 1824087
0.54931640625 1.03759765625 0.42724609375 1824087
0.54931640625 1.03759765625 0.42724609375 1824087
0.54931640625 1.03759765625 0.42724609375 1824187
2.685546875 0.48828125 -1.0986328125 1824187
2.685546875 0.48828125 -1.0986328125 1824188
2.685546875 0.48828125 -1.0986328125 1824188
1.15966796875 2.13623046875 -0.8544921875 1824382
0.79345703125 1.03759765625 -0.06103515625 1824383
0.79345703125 1.03759765625 -0.06103515625 1824383
0.79345703125 1.03759765625 -0.06103515625 1824383
0.79345703125 1.03759765625 -0.06103515625 1824484
3.2958984375 1.64794921875 0.244140625 1824484
3.2958984375 1.64794921875 0.244140625 1824485
3.2958984375 1.64794921875 0.244140625 1824486
3.2958984375 1.64794921875 0.244140625 1824588
1.46484375 -1.15966796875 -0.18310546875 1824588
1.46484375 -1.15966796875 -0.18310546875 1824589
1.46484375 -1.15966796875 -0.18310546875 1824589
1.46484375 -1.15966796875 -0.18310546875 1824690
3.2958984375 0.6103515625 -1.64794921875 1824690
3.2958984375 0.6103515625 -1.64794921875 1824691
3.2958984375 0.6103515625 -1.64794921875 1824691
0.42724609375 -1.3427734375 -0.48828125 1824878
-3.84521484375 1.5869140625 1.3427734375 1824878
-3.84521484375 1.5869140625 1.3427734375 1824879
-3.84521484375 1.5869140625 1.3427734375 1824879
-3.84521484375 1.5869140625 1.3427734375 1824981
0.9765625 -1.03759765625 -0.732421875 1824981
0.9765625 -1.03759765625 -0.732421875 1824981
0.9765625 -1.03759765625 -0.732421875 1824982
0.9765625 -1.03759765625 -0.732421875 1825090
-1.953125 -0.54931640625 -0.18310546875 1825090
-1.953125 -0.54931640625 -0.18310546875 1825091
-1.953125 -0.54931640625 -0.18310546875 1825091
0.91552734375 0.06103515625 -0.30517578125 1825288
-1.40380859375 0.9765625 -0.18310546875 1825288
-1.40380859375 0.9765625 -0.18310546875 1825289
-1.40380859375 0.9765625 -0.18310546875 1825289
1.0986328125 0 -1.03759765625 1825493
0.54931640625 -0.30517578125 -0.6103515625 1825494
0.54931640625 -0.30517578125 -0.6103515625 1825494
0.54931640625 -0.30517578125 -0.6103515625 1825494
0.54931640625 -0.30517578125 -0.6103515625 1825594
-2.38037109375 0.732421875 1.5869140625 1825594
-2.38037109375 0.732421875 1.5869140625 1825595
-2.38037109375 0.732421875 1.5869140625 1825595
1.64794921875 -0.244140625 -0.67138671875 1825787
-0.3662109375 0 0.67138671875 1825787
-0.3662109375 0 0.67138671875 1825788
-0.3662109375 0 0.67138671875 1825788
-0.3662109375 0 0.67138671875 1825889
-0.06103515625 0.6103515625 1.5869140625 1825890
-0.06103515625 0.6103515625 1.5869140625 1825890
-0.06103515625 0.6103515625 1.5869140625 1825890
2.8076171875 0.67138671875 -1.89208984375 1826077
0.3662109375 0.9765625 -0.18310546875 1826077
0.3662109375 0.9765625 -0.18310546875 1826077
0.3662109375 0.9765625 -0.18310546875 1826078
0.3662109375 0.9765625 -0.18310546875 1826179
-0.1220703125 0.30517578125 1.28173828125 1826180
-0.1220703125 0.30517578125 1.28173828125 1826180
-0.1220703125 0.30517578125 1.28173828125 1826180
-0.1220703125 0.30517578125 1.28173828125 1826282
2.685546875 -0.18310546875 -0.732421875 1826282
2.685546875 -0.18310546875 -0.732421875 1826282
2.685546875 -0.18310546875 -0.732421875 1826283
2.685546875 -0.18310546875 -0.732421875 1826386
0.42724609375 -1.28173828125 -0.244140625 1826387
0.42724609375 -1.28173828125 -0.244140625 1826387
0.42724609375 -1.28173828125 -0.244140625 1826388
0.42724609375 -1.28173828125 -0.244140625 1826487
3.2958984375 0.06103515625 -0.6103515625 1826488
3.2958984375 0.06103515625 -0.6103515625 1826488
3.2958984375 0.06103515625 -0.6103515625 1826489
0.91552734375 -0.732421875 -1.15966796875 1826677
1.220703125 0.42724609375 -0.48828125 1826677
1.220703125 0.42724609375 -0.48828125 1826678
1.220703125 0.42724609375 -0.48828125 1826678
1.220703125 0.42724609375 -0.48828125 1826779
2.25830078125 -0.79345703125 -1.5869140625 1826780
2.25830078125 -0.79345703125 -1.5869140625 1826780
2.25830078125 -0.79345703125 -1.5869140625 1826780
2.25830078125 -0.79345703125 -1.5869140625 1826887
2.44140625 -1.3427734375 -2.3193359375 1826891
2.44140625 -1.3427734375 -2.3193359375 1826891
2.44140625 -1.3427734375 -2.3193359375 1826892
2.44140625 -1.3427734375 -2.3193359375 1826988
0.54931640625 -7.6904296875 -3.7841796875 1827067
0.54931640625 -7.6904296875 -3.7841796875 1827068
0.54931640625 -7.6904296875 -3.7841796875 1827068
0.54931640625 -7.6904296875 -3.7841796875 1827178
4.21142578125 -12.51220703125 -5.37109375 1827179
4.21142578125 -12.51220703125 -5.37109375 1827179
4.21142578125 -12.51220703125 -5.37109375 1827179
4.21142578125 -12.51220703125 -5.37109375 1827280
6.04248046875 -16.4794921875 -10.6201171875 1827281
6.04248046875 -16.4794921875 -10.6201171875 1827281
6.04248046875 -16.4794921875 -10.6201171875 1827281
6.04248046875 -16.4794921875 -10.6201171875 1827383
-5.4931640625 -14.404296875 -16.11328125 1827383
-5.4931640625 -14.404296875 -16.11328125 1827384
-5.4931640625 -14.404296875 -16.11328125 1827384
-5.4931640625 -14.404296875 -16.11328125 1827488
-5.615234375 -15.625 -19.95849609375 1827488
-5.615234375 -15.625 -19.95849609375 1827489
-5.615234375 -15.625 -19.95849609375 1827489
-10.68115234375 -10.6201171875 -22.94921875 1827677
11.16943359375 -27.7099609375 -11.77978515625 1827677
11.16943359375 -27.7099609375 -11.77978515625 1827677
11.16943359375 -27.7099609375 -11.77978515625 1827678
11.16943359375 -27.7099609375 -11.77978515625 1827779
34.3017578125 -63.65966796875 15.869140625 1827779
34.3017578125 -63.65966796875 15.869140625 1827779
34.3017578125 -63.65966796875 15.869140625 1827780
34.3017578125 -63.65966796875 15.869140625 1827882
22.39990234375 -134.27734375 57.31201171875 1827882
22.39990234375 -134.27734375 57.31201171875 1827882
22.39990234375 -134.27734375 57.31201171875 1827883
22.39990234375 -134.27734375 57.31201171875 1827985
0.42724609375 -137.939453125 85.44921875 1827985
0.42724609375 -137.939453125 85.44921875 1827986
0.42724609375 -137.939453125 85.44921875 1827986
0.42724609375 -137.939453125 85.44921875 1828088
-5.7373046875 -133.60595703125 72.998046875 1828088
-5.7373046875 -133.60595703125 72.998046875 1828089
-5.7373046875 -133.60595703125 72.998046875 1828089
0.54931640625 -89.35546875 46.9970703125 1828277
-12.5732421875 -89.53857421875 36.43798828125 1828277
-12.5732421875 -89.53857421875 36.43798828125 1828278
-12.5732421875 -89.53857421875 36.43798828125 1828278
-12.5732421875 -89.53857421875 36.43798828125 1828380
-2.5634765625 -66.40625 81.35986328125 1828380
-2.5634765625 -66.40625 81.35986328125 1828381
-2.5634765625 -66.40625 81.35986328125 1828381
-2.5634765625 -66.40625 81.35986328125 1828482
5.79833984375 -59.26513671875 18.12744140625 1828482
5.79833984375 -59.26513671875 18.12744140625 1828483
5.79833984375 -59.26513671875 18.12744140625 1828483
5.79833984375 -59.26513671875 18.12744140625 1828584
-23.01025390625 57.12890625 -3.47900390625 1828584
-23.01025390625 57.12890625 -3.47900390625 1828585
-23.01025390625 57.12890625 -3.47900390625 1828586
-23.01025390625 57.12890625 -3.47900390625 1828694
-48.64501953125 259.6435546875 -105.28564453125 1828694
-48.64501953125 259.6435546875 -105.28564453125 1828695
-48.64501953125 259.6435546875 -105.28564453125 1828695
