-0.8544921875 17.08984375 1.8310546875 1887067
-0.8544921875 17.08984375 1.8310546875 1887067
-2.3193359375 1.03759765625 -0.67138671875 1887068
-2.3193359375 1.03759765625 -0.67138671875 1887068
-2.3193359375 1.03759765625 -0.67138671875 1887069
1.708984375 -2.62451171875 1.8310546875 1887253
0.54931640625 2.50244140625 -1.0986328125 1887254
0.54931640625 2.50244140625 -1.0986328125 1887254
0.54931640625 2.50244140625 -1.0986328125 1887254
0.54931640625 2.50244140625 -1.0986328125 1887356
-0.54931640625 -2.74658203125 0.8544921875 1887356
-0.54931640625 -2.74658203125 0.8544921875 1887357
-0.54931640625 -2.74658203125 0.8544921875 1887357
-0.54931640625 -2.74658203125 0.8544921875 1887458
-2.9296875 -3.7841796875 1.28173828125 1887459
-2.9296875 -3.7841796875 1.28173828125 1887459
-2.9296875 -3.7841796875 1.28173828125 1887460
-2.9296875 -3.7841796875 1.28173828125 1887573
-11.53564453125 2.01416015625 1.52587890625 1887574
-11.53564453125 2.01416015625 1.52587890625 1887574
-11.53564453125 2.01416015625 1.52587890625 1887574
-6.04248046875 3.0517578125 0.30517578125 1887762
-0.06103515625 -0.732421875 0.67138671875 1887763
-0.06103515625 -0.732421875 0.67138671875 1887763
-0.06103515625 -0.732421875 0.67138671875 1887764
-0.06103515625 -0.732421875 0.67138671875 1887864
-0.30517578125 0.67138671875 0 1887865
-0.30517578125 0.67138671875 0 1887865
-0.30517578125 0.67138671875 0 1887866
8.48388671875 -4.5166015625 3.60107421875 1888054
4.5166015625 2.25830078125 -0.48828125 1888055
4.5166015625 2.25830078125 -0.48828125 1888055
4.5166015625 2.25830078125 -0.48828125 1888055
4.5166015625 2.25830078125 -0.48828125 1888174
13.7939453125 2.0751953125 0.732421875 1888174
13.7939453125 2.0751953125 0.732421875 1888175
13.7939453125 2.0751953125 0.732421875 1888175
10.19287109375 1.89208984375 -0.1220703125 1888362
46.875 9.765625 -4.2724609375 1888362
46.875 9.765625 -4.2724609375 1888362
46.875 9.765625 -4.2724609375 1888363
46.875 9.765625 -4.2724609375 1888465
9.46044921875 -6.591796875 2.8076171875 1888465
9.46044921875 -6.591796875 2.8076171875 1888465
9.46044921875 -6.591796875 2.8076171875 1888465
-8.97216796875 6.77490234375 -5.0048828125 1888653
-18.49365234375 -0.91552734375 4.69970703125 1888653
-18.49365234375 -0.91552734375 4.69970703125 1888654
-18.49365234375 -0.91552734375 4.69970703125 1888654
-18.49365234375 -0.91552734375 4.69970703125 1888756
-13.36669921875 5.0048828125 -3.23486328125 1888756
-13.36669921875 5.0048828125 -3.23486328125 1888756
-13.36669921875 5.0048828125 -3.23486328125 1888757
1.46484375 0.06103515625 0.732421875 1888858
1.46484375 0.06103515625 0.732421875 1888858
1.46484375 0.06103515625 0.732421875 1888858
1.46484375 0.06103515625 0.732421875 1888940
3.72314453125 -2.9296875 2.86865234375 1889052
1.220703125 6.2255859375 -3.47900390625 1889052
1.220703125 6.2255859375 -3.47900390625 1889053
1.220703125 6.2255859375 -3.47900390625 1889054
1.220703125 6.2255859375 -3.47900390625 1889155
0.06103515625 1.46484375 0.8544921875 1889155
0.06103515625 1.46484375 0.8544921875 1889156
0.06103515625 1.46484375 0.8544921875 1889156
0.06103515625 1.46484375 0.8544921875 1889257
-1.52587890625 -1.03759765625 2.62451171875 1889257
-1.52587890625 -1.03759765625 2.62451171875 1889258
-1.52587890625 -1.03759765625 2.62451171875 1889258
-1.52587890625 -1.03759765625 2.62451171875 1889360
-6.53076171875 5.4931640625 -4.2724609375 1889360
-6.53076171875 5.4931640625 -4.2724609375 1889361
-6.53076171875 5.4931640625 -4.2724609375 1889361
-6.53076171875 5.4931640625 -4.2724609375 1889462
3.41796875 -2.25830078125 0.8544921875 1889462
3.41796875 -2.25830078125 0.8544921875 1889463
3.41796875 -2.25830078125 0.8544921875 1889463
-1.220703125 6.89697265625 -4.08935546875 1889652
-10.55908203125 4.08935546875 -3.7841796875 1889652
-10.55908203125 4.08935546875 -3.7841796875 1889653
-10.55908203125 4.08935546875 -3.7841796875 1889653
-10.55908203125 4.08935546875 -3.7841796875 1889755
1.5869140625 1.220703125 -1.77001953125 1889755
1.5869140625 1.220703125 -1.77001953125 1889756
1.5869140625 1.220703125 -1.77001953125 1889757
1.5869140625 1.220703125 -1.77001953125 1889857
-17.7001953125 -1.64794921875 -3.2958984375 1889857
-17.7001953125 -1.64794921875 -3.2958984375 1889857
-17.7001953125 -1.64794921875 -3.2958984375 1889859
-17.7001953125 -1.64794921875 -3.2958984375 1889960
-8.60595703125 -7.01904296875 6.04248046875 1889960
-8.60595703125 -7.01904296875 6.04248046875 1889961
-8.60595703125 -7.01904296875 6.04248046875 1889961
-8.60595703125 -7.01904296875 6.04248046875 1890062
-10.3759765625 -7.4462890625 0.244140625 1890063
-10.3759765625 -7.4462890625 0.244140625 1890064
-10.3759765625 -7.4462890625 0.244140625 1890064
-7.4462890625 -3.60107421875 0.9765625 1890253
-5.06591796875 -2.685546875 0.9765625 1890253
-5.06591796875 -2.685546875 0.9765625 1890254
-5.06591796875 -2.685546875 0.9765625 1890255
-5.06591796875 -2.685546875 0.9765625 1890355
5.4931640625 -5.126953125 -0.42724609375 1890355
5.4931640625 -5.126953125 -0.42724609375 1890356
5.4931640625 -5.126953125 -0.42724609375 1890356
5.4931640625 -5.126953125 -0.42724609375 1890457
5.615234375 -3.41796875 0.79345703125 1890458
5.615234375 -3.41796875 0.79345703125 1890459
5.615234375 -3.41796875 0.79345703125 1890459
5.615234375 -3.41796875 0.79345703125 1890559
7.2021484375 0.42724609375 -0.244140625 1890560
7.2021484375 0.42724609375 -0.244140625 1890561
7.2021484375 0.42724609375 -0.244140625 1890561
7.2021484375 0.42724609375 -0.244140625 1890662
1.5869140625 -4.8828125 0.30517578125 1890663
1.5869140625 -4.8828125 0.30517578125 1890663
1.5869140625 -4.8828125 0.30517578125 1890664
-1.220703125 -3.41796875 1.77001953125 1890843
-0.732421875 -0.9765625 0.42724609375 1890843
-0.732421875 -0.9765625 0.42724609375 1890844
-0.732421875 -0.9765625 0.42724609375 1890844
-0.732421875 -0.9765625 0.42724609375 1890953
0.8544921875 -1.52587890625 1.03759765625 1890954
0.8544921875 -1.52587890625 1.03759765625 1890954
0.8544921875 -1.52587890625 1.03759765625 1890955
0.8544921875 -1.52587890625 1.03759765625 1891056
13.0615234375 -2.25830078125 3.0517578125 1891056
13.0615234375 -2.25830078125 3.0517578125 1891057
13.0615234375 -2.25830078125 3.0517578125 1891057
13.0615234375 -2.25830078125 3.0517578125 1891158
-5.4931640625 0.8544921875 4.45556640625 1891159
-5.4931640625 0.8544921875 4.45556640625 1891160
-5.4931640625 0.8544921875 4.45556640625 1891160
-5.4931640625 0.8544921875 4.45556640625 1891261
-0.244140625 -2.8076171875 -1.03759765625 1891261
-0.244140625 -2.8076171875 -1.03759765625 1891262
-0.244140625 -2.8076171875 -1.03759765625 1891262
-0.244140625 -2.8076171875 -1.03759765625 1891363
20.751953125 -1.220703125 -2.3193359375 1891363
20.751953125 -1.220703125 -2.3193359375 1891364
20.751953125 -1.220703125 -2.3193359375 1891364
62.255859375 -14.0380859375 -2.5634765625 1891552
-16.78466796875 8.97216796875 -0.54931640625 1891553
-16.78466796875 8.97216796875 -0.54931640625 1891553
-16.78466796875 8.97216796875 -0.54931640625 1891554
-16.78466796875 8.97216796875 -0.54931640625 1891654
39.794921875 -16.17431640625 14.58740234375 1891654
39.794921875 -16.17431640625 14.58740234375 1891655
39.794921875 -16.17431640625 14.58740234375 1891655
14.83154296875 -68.05419921875 31.55517578125 1891757
14.83154296875 -68.05419921875 31.55517578125 1891757
14.83154296875 -68.05419921875 31.55517578125 1891758
14.83154296875 -68.05419921875 31.55517578125 1891860
1.3427734375 -61.95068359375 28.99169921875 1891860
1.3427734375 -61.95068359375 28.99169921875 1891861
1.3427734375 -61.95068359375 28.99169921875 1891861
1.3427734375 -61.95068359375 28.99169921875 1891963
-24.96337890625 55.48095703125 -68.29833984375 1891963
-24.96337890625 55.48095703125 -68.29833984375 1891964
-24.96337890625 55.48095703125 -68.29833984375 1891965
-27.64892578125 89.35546875 -51.7578125 1892140
-23.193359375 26.91650390625 -25.87890625 1892140
-23.193359375 26.91650390625 -25.87890625 1892141
-23.193359375 26.91650390625 -25.87890625 1892141
-23.193359375 26.91650390625 -25.87890625 1892250
-8.1787109375 -7.568359375 9.521484375 1892250
-8.1787109375 -7.568359375 9.521484375 1892251
-8.1787109375 -7.568359375 9.521484375 1892252
-8.1787109375 -7.568359375 9.521484375 1892354
-4.21142578125 -3.90625 6.34765625 1892354
-4.21142578125 -3.90625 6.34765625 1892355
-4.21142578125 -3.90625 6.34765625 1892355
-4.21142578125 -3.90625 6.34765625 1892455
-6.53076171875 -13.5498046875 11.962890625 1892455
-6.53076171875 -13.5498046875 11.962890625 1892456
-6.53076171875 -13.5498046875 11.962890625 1892457
-6.53076171875 -13.5498046875 11.962890625 1892558
-7.50732421875 -16.2353515625 11.3525390625 1892559
-7.50732421875 -16.2353515625 11.3525390625 1892560
-7.50732421875 -16.2353515625 11.3525390625 1892560
-7.50732421875 -16.2353515625 11.3525390625 1892661
-2.62451171875 -5.06591796875 5.92041015625 1892661
-2.62451171875 -5.06591796875 5.92041015625 1892662
-2.62451171875 -5.06591796875 5.92041015625 1892662
2.3193359375 -1.46484375 -0.6103515625 1892851
-3.96728515625 0.1220703125 2.44140625 1892851
-3.96728515625 0.1220703125 2.44140625 1892852
-3.96728515625 0.1220703125 2.44140625 1892852
-3.96728515625 0.1220703125 2.44140625 1892954
-5.79833984375 -1.220703125 0.06103515625 1892955
-5.79833984375 -1.220703125 0.06103515625 1892955
-5.79833984375 -1.220703125 0.06103515625 1892955
-5.79833984375 -1.220703125 0.06103515625 1893056
0.732421875 -5.4931640625 -0.6103515625 1893056
0.732421875 -5.4931640625 -0.6103515625 1893057
0.732421875 -5.4931640625 -0.6103515625 1893058
0.732421875 -5.4931640625 -0.6103515625 1893158
-1.03759765625 -2.9296875 5.0048828125 1893158
-1.03759765625 -2.9296875 5.0048828125 1893159
-1.03759765625 -2.9296875 5.0048828125 1893159
-1.03759765625 -2.9296875 5.0048828125 1893261
0.732421875 -3.60107421875 4.0283203125 1893261
0.732421875 -3.60107421875 4.0283203125 1893262
0.732421875 -3.60107421875 4.0283203125 1893263
1.46484375 -1.708984375 0.42724609375 1893452
7.75146484375 -0.3662109375 -0.54931640625 1893452
7.75146484375 -0.3662109375 -0.54931640625 1893453
7.75146484375 -0.3662109375 -0.54931640625 1893453
7.75146484375 -0.3662109375 -0.54931640625 1893555
0.6103515625 -1.64794921875 0.732421875 1893555
0.6103515625 -1.64794921875 0.732421875 1893556
0.6103515625 -1.64794921875 0.732421875 1893557
0.6103515625 -1.64794921875 0.732421875 1893657
-0.732421875 2.685546875 -1.5869140625 1893658
-0.732421875 2.685546875 -1.5869140625 1893658
-0.732421875 2.685546875 -1.5869140625 1893659
-0.732421875 2.685546875 -1.5869140625 1893760
-1.5869140625 6.53076171875 -2.01416015625 1893760
-1.5869140625 6.53076171875 -2.01416015625 1893761
-1.5869140625 6.53076171875 -2.01416015625 1893761
-1.5869140625 6.53076171875 -2.01416015625 1893862
-1.3427734375 4.8828125 -0.79345703125 1893863
-1.3427734375 4.8828125 -0.79345703125 1893863
-1.3427734375 4.8828125 -0.79345703125 1893864
5.0048828125 2.44140625 -2.99072265625 1894052
-3.173828125 1.52587890625 -0.42724609375 1894053
-3.173828125 1.52587890625 -0.42724609375 1894054
-3.173828125 1.52587890625 -0.42724609375 1894054
-3.173828125 1.52587890625 -0.42724609375 1894155
4.21142578125 0.8544921875 -1.40380859375 1894155
4.21142578125 0.8544921875 -1.40380859375 1894156
4.21142578125 0.8544921875 -1.40380859375 1894156
4.21142578125 0.8544921875 -1.40380859375 1894258
-1.89208984375 2.44140625 -1.15966796875 1894258
-1.89208984375 2.44140625 -1.15966796875 1894259
-1.89208984375 2.44140625 -1.15966796875 1894260
-1.89208984375 2.44140625 -1.15966796875 1894360
2.8076171875 -1.52587890625 0.48828125 1894360
2.8076171875 -1.52587890625 0.48828125 1894360
2.8076171875 -1.52587890625 0.48828125 1894361
2.8076171875 -1.52587890625 0.48828125 1894462
-1.0986328125 5.859375 -2.38037109375 1894463
-1.0986328125 5.859375 -2.38037109375 1894464
-1.0986328125 5.859375 -2.38037109375 1894464
3.60107421875 0.18310546875 0.91552734375 1894651
-0.91552734375 -0.79345703125 -0.18310546875 1894651
-0.91552734375 -0.79345703125 -0.18310546875 1894652
-0.91552734375 -0.79345703125 -0.18310546875 1894652
-0.91552734375 -0.79345703125 -0.18310546875 1894753
0 -0.42724609375 0.732421875 1894753
0 -0.42724609375 0.732421875 1894754
0 -0.42724609375 0.732421875 1894754
0.18310546875 1.220703125 -0.732421875 1894856
0.18310546875 1.220703125 -0.732421875 1894856
0.18310546875 1.220703125 -0.732421875 1894857
0.18310546875 1.220703125 -0.732421875 1894959
3.23486328125 0 -2.38037109375 1894959
3.23486328125 0 -2.38037109375 1894960
3.23486328125 0 -2.38037109375 1894961
3.23486328125 0 -2.38037109375 1895062
-1.89208984375 1.77001953125 0.91552734375 1895063
-1.89208984375 1.77001953125 0.91552734375 1895064
-1.89208984375 1.77001953125 0.91552734375 1895065
-0.244140625 -0.42724609375 -0.1220703125 1895251
-0.54931640625 0.732421875 -1.15966796875 1895252
-0.54931640625 0.732421875 -1.15966796875 1895253
-0.54931640625 0.732421875 -1.15966796875 1895253
3.11279296875 -0.9765625 0.6103515625 1895450
-1.15966796875 0.30517578125 0.30517578125 1895450
-1.15966796875 0.30517578125 0.30517578125 1895451
-1.15966796875 0.30517578125 0.30517578125 1895451
-1.15966796875 0.30517578125 0.30517578125 1895552
4.2724609375 -1.220703125 -0.244140625 1895553
4.2724609375 -1.220703125 -0.244140625 1895553
4.2724609375 -1.220703125 -0.244140625 1895554
4.2724609375 -1.220703125 -0.244140625 1895654
-0.67138671875 -2.38037109375 1.52587890625 1895654
-0.67138671875 -2.38037109375 1.52587890625 1895655
-0.67138671875 -2.38037109375 1.52587890625 1895655
-0.48828125 -2.50244140625 0.67138671875 1895861
1.0986328125 -1.28173828125 0.8544921875 1895861
1.0986328125 -1.28173828125 0.8544921875 1895862
1.0986328125 -1.28173828125 0.8544921875 1895862
1.03759765625 -2.74658203125 2.01416015625 1896049
-0.48828125 -1.03759765625 0.8544921875 1896050
-0.48828125 -1.03759765625 0.8544921875 1896050
-0.48828125 -1.03759765625 0.8544921875 1896051
-0.48828125 -1.03759765625 0.8544921875 1896152
-0.9765625 0.30517578125 -1.5869140625 1896152
-0.9765625 0.30517578125 -1.5869140625 1896153
-0.9765625 0.30517578125 -1.5869140625 1896153
-0.9765625 0.30517578125 -1.5869140625 1896255
1.28173828125 -0.48828125 -2.0751953125 1896256
1.28173828125 -0.48828125 -2.0751953125 1896256
1.28173828125 -0.48828125 -2.0751953125 1896257
1.28173828125 -0.48828125 -2.0751953125 1896357
-3.7841796875 1.03759765625 -1.15966796875 1896357
-3.7841796875 1.03759765625 -1.15966796875 1896358
-3.7841796875 1.03759765625 -1.15966796875 1896359
-3.7841796875 1.03759765625 -1.15966796875 1896460
-0.48828125 -0.67138671875 0.48828125 1896460
-0.48828125 -0.67138671875 0.48828125 1896461
-0.48828125 -0.67138671875 0.48828125 1896461
-0.42724609375 -1.40380859375 2.13623046875 1896651
0.244140625 -0.30517578125 0.06103515625 1896651
0.244140625 -0.30517578125 0.06103515625 1896652
0.244140625 -0.30517578125 0.06103515625 1896652
0.244140625 -0.30517578125 0.06103515625 1896753
-1.46484375 1.708984375 -0.732421875 1896753
-1.46484375 1.708984375 -0.732421875 1896754
-1.46484375 1.708984375 -0.732421875 1896754
-1.46484375 1.708984375 -0.732421875 1896855
-0.732421875 0.91552734375 -1.220703125 1896855
-0.732421875 0.91552734375 -1.220703125 1896855
-0.732421875 0.91552734375 -1.220703125 1896856
-0.732421875 0.91552734375 -1.220703125 1896958
0.30517578125 -0.1220703125 -0.244140625 1896958
0.30517578125 -0.1220703125 -0.244140625 1896959
0.30517578125 -0.1220703125 -0.244140625 1896960
0.30517578125 -0.1220703125 -0.244140625 1897061
1.52587890625 0.9765625 -1.0986328125 1897062
1.52587890625 0.9765625 -1.0986328125 1897063
1.52587890625 0.9765625 -1.0986328125 1897063
-0.48828125 0.54931640625 -1.708984375 1897250
-2.197265625 0.67138671875 0.54931640625 1897250
-2.197265625 0.67138671875 0.54931640625 1897251
-2.197265625 0.67138671875 0.54931640625 1897252
-2.197265625 0.67138671875 0.54931640625 1897353
2.99072265625 -0.9765625 -1.220703125 1897353
2.99072265625 -0.9765625 -1.220703125 1897354
2.99072265625 -0.9765625 -1.220703125 1897354
2.99072265625 -0.9765625 -1.220703125 1897456
-3.5400390625 1.52587890625 0.244140625 1897456
-3.5400390625 1.52587890625 0.244140625 1897457
-3.5400390625 1.52587890625 0.244140625 1897457
-3.5400390625 1.52587890625 0.244140625 1897558
-0.1220703125 -0.06103515625 -0.79345703125 1897559
-0.1220703125 -0.06103515625 -0.79345703125 1897559
-0.1220703125 -0.06103515625 -0.79345703125 1897560
-0.1220703125 -0.06103515625 -0.79345703125 1897660
-5.4931640625 1.708984375 0.67138671875 1897660
-5.4931640625 1.708984375 0.67138671875 1897661
-5.4931640625 1.708984375 0.67138671875 1897661
5.615234375 -1.8310546875 1.40380859375 1897848
-2.01416015625 -0.48828125 0.06103515625 1897848
-2.01416015625 -0.48828125 0.06103515625 1897848
-2.01416015625 -0.48828125 0.06103515625 1897849
-2.01416015625 -0.48828125 0.06103515625 1897956
-0.79345703125 -0.18310546875 0.42724609375 1897956
-0.79345703125 -0.18310546875 0.42724609375 1897957
-0.79345703125 -0.18310546875 0.42724609375 1897957
-0.79345703125 -0.18310546875 0.42724609375 1898058
1.64794921875 -0.732421875 0.79345703125 1898059
1.64794921875 -0.732421875 0.79345703125 1898059
1.64794921875 -0.732421875 0.79345703125 1898060
0.67138671875 -0.18310546875 -0.18310546875 1898248
0.6103515625 1.5869140625 0.06103515625 1898248
0.6103515625 1.5869140625 0.06103515625 1898249
0.6103515625 1.5869140625 0.06103515625 1898250
0.6103515625 1.5869140625 0.06103515625 1898350
1.708984375 -1.0986328125 -0.6103515625 1898350
1.708984375 -1.0986328125 -0.6103515625 1898350
1.708984375 -1.0986328125 -0.6103515625 1898351
1.708984375 -1.0986328125 -0.6103515625 1898453
-3.47900390625 1.708984375 0.9765625 1898453
-3.47900390625 1.708984375 0.9765625 1898454
-3.47900390625 1.708984375 0.9765625 1898454
3.84521484375 -0.6103515625 -1.77001953125 1898649
0 -0.30517578125 -0.8544921875 1898654
0 -0.30517578125 -0.8544921875 1898654
0 -0.30517578125 -0.8544921875 1898655
0 -0.30517578125 -0.8544921875 1898751
-0.8544921875 -1.0986328125 -1.28173828125 1898855
1.8310546875 0.9765625 -0.54931640625 1898855
1.8310546875 0.9765625 -0.54931640625 1898855
1.8310546875 0.9765625 -0.54931640625 1898856
1.8310546875 0.9765625 -0.54931640625 1898957
-0.48828125 1.77001953125 -1.03759765625 1898957
-0.48828125 1.77001953125 -1.03759765625 1898958
-0.48828125 1.77001953125 -1.03759765625 1898958
-0.48828125 1.77001953125 -1.03759765625 1899060
0.06103515625 0.48828125 -1.03759765625 1899060
0.06103515625 0.48828125 -1.03759765625 1899061
0.06103515625 0.48828125 -1.03759765625 1899061
1.52587890625 0.6103515625 -0.54931640625 1899249
0.6103515625 0.8544921875 -0.91552734375 1899249
0.6103515625 0.8544921875 -0.91552734375 1899250
0.6103515625 0.8544921875 -0.91552734375 1899250
0.6103515625 0.8544921875 -0.91552734375 1899352
-0.3662109375 -0.9765625 -1.220703125 1899352
-0.3662109375 -0.9765625 -1.220703125 1899353
-0.3662109375 -0.9765625 -1.220703125 1899353
-0.3662109375 -0.9765625 -1.220703125 1899454
-0.30517578125 0.48828125 1.953125 1899455
-0.30517578125 0.48828125 1.953125 1899455
-0.30517578125 0.48828125 1.953125 1899456
-0.30517578125 0.48828125 1.953125 1899558
-0.1220703125 -1.40380859375 2.50244140625 1899559
-0.1220703125 -1.40380859375 2.50244140625 1899559
-0.1220703125 -1.40380859375 2.50244140625 1899560
-0.1220703125 -1.40380859375 2.50244140625 1899659
-0.9765625 0.91552734375 0.18310546875 1899660
-0.9765625 0.91552734375 0.18310546875 1899660
-0.9765625 0.91552734375 0.18310546875 1899661
-0.67138671875 -0.79345703125 0.79345703125 1899849
1.46484375 1.03759765625 -0.6103515625 1899849
1.46484375 1.03759765625 -0.6103515625 1899849
1.46484375 1.03759765625 -0.6103515625 1899850
1.46484375 1.03759765625 -0.6103515625 1899951
-0.06103515625 0 -0.1220703125 1899951
-0.06103515625 0 -0.1220703125 1899952
-0.06103515625 0 -0.1220703125 1899952
-0.06103515625 0 -0.1220703125 1900053
-0.8544921875 0.18310546875 0 1900053
-0.8544921875 0.18310546875 0 1900054
-0.8544921875 0.18310546875 0 1900054
-0.8544921875 0.18310546875 0 1900156
2.8076171875 0.42724609375 -0.3662109375 1900156
2.8076171875 0.42724609375 -0.3662109375 1900157
2.8076171875 0.42724609375 -0.3662109375 1900157
2.8076171875 0.42724609375 -0.3662109375 1900259
0.9765625 -0.1220703125 -0.244140625 1900259
0.9765625 -0.1220703125 -0.244140625 1900260
0.9765625 -0.1220703125 -0.244140625 1900260
2.99072265625 -0.06103515625 -0.8544921875 1900449
1.15966796875 -0.9765625 1.5869140625 1900449
1.15966796875 -0.9765625 1.5869140625 1900450
1.15966796875 -0.9765625 1.5869140625 1900451
1.15966796875 -0.9765625 1.5869140625 1900552
-2.86865234375 0.9765625 0.9765625 1900552
-2.86865234375 0.9765625 0.9765625 1900552
-2.86865234375 0.9765625 0.9765625 1900553
-2.86865234375 0.9765625 0.9765625 1900655
3.23486328125 -1.28173828125 1.40380859375 1900655
3.23486328125 -1.28173828125 1.40380859375 1900656
3.23486328125 -1.28173828125 1.40380859375 1900657
3.23486328125 -1.28173828125 1.40380859375 1900758
2.3193359375 -0.06103515625 1.77001953125 1900758
2.3193359375 -0.06103515625 1.77001953125 1900759
2.3193359375 -0.06103515625 1.77001953125 1900759
-1.953125 0.42724609375 0.91552734375 1900935
-0.30517578125 1.8310546875 -2.0751953125 1900936
-0.30517578125 1.8310546875 -2.0751953125 1900936
-0.30517578125 1.8310546875 -2.0751953125 1900937
-0.30517578125 1.8310546875 -2.0751953125 1901047
1.220703125 0.1220703125 1.220703125 1901096
1.220703125 0.1220703125 1.220703125 1901097
1.220703125 0.1220703125 1.220703125 1901097
1.220703125 0.1220703125 1.220703125 1901149
-4.94384765625 1.15966796875 1.220703125 1901251
-0.54931640625 -2.25830078125 -1.64794921875 1901252
-0.54931640625 -2.25830078125 -1.64794921875 1901253
-0.54931640625 -2.25830078125 -1.64794921875 1901253
-0.54931640625 -2.25830078125 -1.64794921875 1901354
-2.50244140625 1.03759765625 0.79345703125 1901355
-2.50244140625 1.03759765625 0.79345703125 1901355
-2.50244140625 1.03759765625 0.79345703125 1901355
-2.50244140625 1.03759765625 0.79345703125 1901456
3.90625 -0.244140625 -0.67138671875 1901457
3.90625 -0.244140625 -0.67138671875 1901457
3.90625 -0.244140625 -0.67138671875 1901458
-1.3427734375 -0.3662109375 0.3662109375 1901653
3.41796875 1.0986328125 -1.15966796875 1901653
3.41796875 1.0986328125 -1.15966796875 1901654
3.41796875 1.0986328125 -1.15966796875 1901654
2.74658203125 -1.03759765625 -0.48828125 1901848
1.03759765625 -0.67138671875 0.244140625 1901848
1.03759765625 -0.67138671875 0.244140625 1901848
1.03759765625 -0.67138671875 0.244140625 1901849
1.03759765625 -0.67138671875 0.244140625 1901950
4.69970703125 -4.57763671875 -0.67138671875 1901951
4.69970703125 -4.57763671875 -0.67138671875 1901951
4.69970703125 -4.57763671875 -0.67138671875 1901952
4.69970703125 -4.57763671875 -0.67138671875 1902053
7.8125 -6.9580078125 -6.04248046875 1902054
7.8125 -6.9580078125 -6.04248046875 1902055
7.8125 -6.9580078125 -6.04248046875 1902055
7.8125 -6.9580078125 -6.04248046875 1902155
-0.67138671875 -3.84521484375 -5.859375 1902156
-0.67138671875 -3.84521484375 -5.859375 1902156
-0.67138671875 -3.84521484375 -5.859375 1902157
-0.67138671875 -3.84521484375 -5.859375 1902258
3.0517578125 -6.591796875 -4.94384765625 1902258
3.0517578125 -6.591796875 -4.94384765625 1902259
3.0517578125 -6.591796875 -4.94384765625 1902260
0.54931640625 -3.35693359375 -10.009765625 1902447
-2.13623046875 -7.99560546875 -10.80322265625 1902447
-2.13623046875 -7.99560546875 -10.80322265625 1902448
-2.13623046875 -7.99560546875 -10.80322265625 1902448
-2.13623046875 -7.99560546875 -10.80322265625 1902550
-3.7841796875 -5.55419921875 -8.11767578125 1902551
-3.7841796875 -5.55419921875 -8.11767578125 1902551
-3.7841796875 -5.55419921875 -8.11767578125 1902552
-3.7841796875 -5.55419921875 -8.11767578125 1902652
-3.35693359375 -7.50732421875 -5.9814453125 1902652
-3.35693359375 -7.50732421875 -5.9814453125 1902653
-3.35693359375 -7.50732421875 -5.9814453125 1902653
-3.35693359375 -7.50732421875 -5.9814453125 1902754
-2.685546875 -6.34765625 -6.7138671875 1902754
-2.685546875 -6.34765625 -6.7138671875 1902755
-2.685546875 -6.34765625 -6.7138671875 1902755
-2.685546875 -6.34765625 -6.7138671875 1902857
0.3662109375 -1.5869140625 -8.544921875 1902857
0.3662109375 -1.5869140625 -8.544921875 1902857
0.3662109375 -1.5869140625 -8.544921875 1902858
-1.5869140625 0.6103515625 -7.14111328125 1903047
4.0283203125 -3.41796875 -7.62939453125 1903047
4.0283203125 -3.41796875 -7.62939453125 1903048
4.0283203125 -3.41796875 -7.62939453125 1903048
4.0283203125 -3.41796875 -7.62939453125 1903149
-1.3427734375 -1.64794921875 -10.07080078125 1903149
-1.3427734375 -1.64794921875 -10.07080078125 1903150
-1.3427734375 -1.64794921875 -10.07080078125 1903152
-1.3427734375 -1.64794921875 -10.07080078125 1903252
4.08935546875 -12.5732421875 -10.1318359375 1903252
4.08935546875 -12.5732421875 -10.1318359375 1903253
4.08935546875 -12.5732421875 -10.1318359375 1903254
4.08935546875 -12.5732421875 -10.1318359375 1903355
0.3662109375 -14.34326171875 -14.58740234375 1903355
0.3662109375 -14.34326171875 -14.58740234375 1903356
0.3662109375 -14.34326171875 -14.58740234375 1903356
0.3662109375 -14.34326171875 -14.58740234375 1903457
4.21142578125 -15.869140625 -13.671875 1903457
4.21142578125 -15.869140625 -13.671875 1903458
4.21142578125 -15.869140625 -13.671875 1903458
-10.3759765625 -41.50390625 10.19287109375 1903648
-11.23046875 -95.5810546875 49.8046875 1903648
-11.23046875 -95.5810546875 49.8046875 1903648
-11.23046875 -95.5810546875 49.8046875 1903649
-11.23046875 -95.5810546875 49.8046875 1903751
6.40869140625 -135.498046875 76.904296875 1903751
6.40869140625 -135.498046875 76.904296875 1903752
6.40869140625 -135.498046875 76.904296875 1903752
6.40869140625 -135.498046875 76.904296875 1903856
-11.23046875 -157.2265625 79.16259765625 1903856
-11.23046875 -157.2265625 79.16259765625 1903857
-11.23046875 -157.2265625 79.16259765625 1903858
-11.23046875 -157.2265625 79.16259765625 1903958
-23.5595703125 -108.94775390625 38.26904296875 1903958
-23.5595703125 -108.94775390625 38.26904296875 1903959
-23.5595703125 -108.94775390625 38.26904296875 1903959
-5.43212890625 -81.97021484375 72.75390625 1904146
-3.5400390625 -69.27490234375 96.74072265625 1904147
-3.5400390625 -69.27490234375 96.74072265625 1904147
-3.5400390625 -69.27490234375 96.74072265625 1904148
-3.5400390625 -69.27490234375 96.74072265625 1904248
-22.0947265625 -79.28466796875 -159.85107421875 1904248
-22.0947265625 -79.28466796875 -159.85107421875 1904249
-22.0947265625 -79.28466796875 -159.85107421875 1904250
-22.0947265625 -79.28466796875 -159.85107421875 1904351
29.35791015625 38.9404296875 13.5498046875 1904351
29.35791015625 38.9404296875 13.5498046875 1904352
29.35791015625 38.9404296875 13.5498046875 1904353
29.35791015625 38.9404296875 13.5498046875 1904453
-33.203125 105.5908203125 -33.63037109375 1904453
-33.203125 105.5908203125 -33.63037109375 1904454
-33.203125 105.5908203125 -33.63037109375 1904455
-33.203125 105.5908203125 -33.63037109375 1904556
-8.7890625 202.63671875 -36.07177734375 1904556
-8.7890625 202.63671875 -36.07177734375 1904557
-8.7890625 202.63671875 -36.07177734375 1904558
-17.88330078125 166.3818359375 -11.23046875 1904745
11.53564453125 64.0869140625 22.3388671875 1904746
11.53564453125 64.0869140625 22.3388671875 1904747
11.53564453125 64.0869140625 22.3388671875 1904747
11.53564453125 64.0869140625 22.3388671875 1904852
-5.2490234375 31.18896484375 5.126953125 1904852
-5.2490234375 31.18896484375 5.126953125 1904853
-5.2490234375 31.18896484375 5.126953125 1904853
-2.62451171875 58.7158203125 -12.0849609375 1905047
8.97216796875 20.56884765625 29.11376953125 1905048
8.97216796875 20.56884765625 29.11376953125 1905049
8.97216796875 20.56884765625 29.11376953125 1905049
8.97216796875 20.56884765625 29.11376953125 1905149
0.42724609375 23.3154296875 14.58740234375 1905149
0.42724609375 23.3154296875 14.58740234375 1905150
0.42724609375 23.3154296875 14.58740234375 1905150
0.42724609375 23.3154296875 14.58740234375 1905252
3.41796875 13.12255859375 4.39453125 1905252
3.41796875 13.12255859375 4.39453125 1905253
3.41796875 13.12255859375 4.39453125 1905254
3.41796875 13.12255859375 4.39453125 1905354
-6.65283203125 11.1083984375 5.31005859375 1905354
-6.65283203125 11.1083984375 5.31005859375 1905354
-6.65283203125 11.1083984375 5.31005859375 1905355
-6.65283203125 11.1083984375 5.31005859375 1905457
2.3193359375 5.859375 3.2958984375 1905458
2.3193359375 5.859375 3.2958984375 1905458
2.3193359375 5.859375 3.2958984375 1905459
0.3662109375 2.99072265625 9.27734375 1905645
2.50244140625 -3.173828125 8.7890625 1905646
2.50244140625 -3.173828125 8.7890625 1905646
2.50244140625 -3.173828125 8.7890625 1905646
2.50244140625 -3.173828125 8.7890625 1905748
36.9873046875 10.7421875 10.43701171875 1905749
36.9873046875 10.7421875 10.43701171875 1905750
36.9873046875 10.7421875 10.43701171875 1905750
119.62890625 59.87548828125 -37.29248046875 1905949
119.2626953125 11.23046875 -36.9873046875 1905950
119.2626953125 11.23046875 -36.9873046875 1905951
119.2626953125 11.23046875 -36.9873046875 1905951
119.2626953125 11.23046875 -36.9873046875 1906052
56.7626953125 -6.591796875 -9.8876953125 1906053
56.7626953125 -6.591796875 -9.8876953125 1906053
56.7626953125 -6.591796875 -9.8876953125 1906054
56.7626953125 -6.591796875 -9.8876953125 1906154
11.90185546875 -5.67626953125 11.65771484375 1906154
11.90185546875 -5.67626953125 11.65771484375 1906155
11.90185546875 -5.67626953125 11.65771484375 1906156
11.90185546875 -5.67626953125 11.65771484375 1906257
-20.6298828125 14.2822265625 -6.89697265625 1906258
-20.6298828125 14.2822265625 -6.89697265625 1906258
-20.6298828125 14.2822265625 -6.89697265625 1906259
-11.29150390625 9.94873046875 -4.39453125 1906447
-40.34423828125 0.18310546875 11.474609375 1906447
-40.34423828125 0.18310546875 11.474609375 1906448
-40.34423828125 0.18310546875 11.474609375 1906448
-40.34423828125 0.18310546875 11.474609375 1906549
-37.41455078125 1.15966796875 -0.06103515625 1906550
-37.41455078125 1.15966796875 -0.06103515625 1906550
-37.41455078125 1.15966796875 -0.06103515625 1906551
-37.41455078125 1.15966796875 -0.06103515625 1906651
-44.12841796875 3.72314453125 -1.89208984375 1906651
-44.12841796875 3.72314453125 -1.89208984375 1906652
-44.12841796875 3.72314453125 -1.89208984375 1906652
-44.12841796875 3.72314453125 -1.89208984375 1906769
-9.82666015625 -3.173828125 5.31005859375 1906769
-9.82666015625 -3.173828125 5.31005859375 1906770
-9.82666015625 -3.173828125 5.31005859375 1906770
-19.4091796875 -13.671875 8.97216796875 1906944
-17.08984375 -3.84521484375 -1.03759765625 1906944
-17.08984375 -3.84521484375 -1.03759765625 1906945
-17.08984375 -3.84521484375 -1.03759765625 1906945
-17.08984375 -3.84521484375 -1.03759765625 1907071
-3.0517578125 -4.08935546875 3.0517578125 1907072
-3.0517578125 -4.08935546875 3.0517578125 1907075
-3.0517578125 -4.08935546875 3.0517578125 1907075
17.4560546875 -1.64794921875 2.13623046875 1907251
0.79345703125 3.84521484375 -8.1787109375 1907251
0.79345703125 3.84521484375 -8.1787109375 1907252
0.79345703125 3.84521484375 -8.1787109375 1907252
0.79345703125 3.84521484375 -8.1787109375 1907355
-4.5166015625 -0.54931640625 1.0986328125 1907355
-4.5166015625 -0.54931640625 1.0986328125 1907356
-4.5166015625 -0.54931640625 1.0986328125 1907357
-2.685546875 1.708984375 -4.33349609375 1907544
-1.28173828125 -0.732421875 -2.50244140625 1907545
-1.28173828125 -0.732421875 -2.50244140625 1907546
-1.28173828125 -0.732421875 -2.50244140625 1907546
-1.28173828125 -0.732421875 -2.50244140625 1907646
-2.86865234375 1.0986328125 -1.8310546875 1907647
-2.86865234375 1.0986328125 -1.8310546875 1907647
-2.86865234375 1.0986328125 -1.8310546875 1907648
-2.86865234375 1.0986328125 -1.8310546875 1907749
0.79345703125 0.8544921875 -0.6103515625 1907750
0.79345703125 0.8544921875 -0.6103515625 1907750
0.79345703125 0.8544921875 -0.6103515625 1907751
0.79345703125 0.8544921875 -0.6103515625 1907851
-1.46484375 -0.48828125 0.30517578125 1907852
-1.46484375 -0.48828125 0.30517578125 1907852
-1.46484375 -0.48828125 0.30517578125 1907852
-1.46484375 -0.48828125 0.30517578125 1907954
1.46484375 -1.0986328125 -0.1220703125 1907955
1.46484375 -1.0986328125 -0.1220703125 1907955
1.46484375 -1.0986328125 -0.1220703125 1907956
2.86865234375 -2.38037109375 2.86865234375 1908138
0.244140625 -0.67138671875 0.42724609375 1908138
0.244140625 -0.67138671875 0.42724609375 1908139
0.244140625 -0.67138671875 0.42724609375 1908139
0.244140625 -0.67138671875 0.42724609375 1908244
4.2724609375 -2.3193359375 -0.244140625 1908245
4.2724609375 -2.3193359375 -0.244140625 1908245
4.2724609375 -2.3193359375 -0.244140625 1908246
4.2724609375 -2.3193359375 -0.244140625 1908346
-0.42724609375 0.732421875 0.244140625 1908347
-0.42724609375 0.732421875 0.244140625 1908347
-0.42724609375 0.732421875 0.244140625 1908347
-0.42724609375 0.732421875 0.244140625 1908449
2.13623046875 -0.48828125 -0.67138671875 1908450
2.13623046875 -0.48828125 -0.67138671875 1908450
2.13623046875 -0.48828125 -0.67138671875 1908450
2.13623046875 -0.48828125 -0.67138671875 1908552
-2.50244140625 0.6103515625 0 1908552
-2.50244140625 0.6103515625 0 1908553
-2.50244140625 0.6103515625 0 1908553
-2.50244140625 0.6103515625 0 1908654
4.82177734375 -0.732421875 -1.220703125 1908655
4.82177734375 -0.732421875 -1.220703125 1908656
4.82177734375 -0.732421875 -1.220703125 1908656
-2.74658203125 -0.1220703125 -0.54931640625 1908845
-2.38037109375 0.06103515625 2.74658203125 1908845
-2.38037109375 0.06103515625 2.74658203125 1908845
-2.38037109375 0.06103515625 2.74658203125 1908846
-2.38037109375 0.06103515625 2.74658203125 1908946
0.42724609375 1.3427734375 1.0986328125 1908946
0.42724609375 1.3427734375 1.0986328125 1908947
0.42724609375 1.3427734375 1.0986328125 1908947
0.42724609375 1.3427734375 1.0986328125 1909049
-0.30517578125 0.54931640625 0.732421875 1909049
-0.30517578125 0.54931640625 0.732421875 1909050
-0.30517578125 0.54931640625 0.732421875 1909050
-0.30517578125 0.54931640625 0.732421875 1909152
3.11279296875 1.5869140625 -1.3427734375 1909152
3.11279296875 1.5869140625 -1.3427734375 1909153
3.11279296875 1.5869140625 -1.3427734375 1909153
3.11279296875 1.5869140625 -1.3427734375 1909254
0.9765625 0.91552734375 -1.5869140625 1909254
0.9765625 0.91552734375 -1.5869140625 1909255
0.9765625 0.91552734375 -1.5869140625 1909255
2.3193359375 0.06103515625 -0.42724609375 1909444
-1.28173828125 0.79345703125 -0.3662109375 1909445
-1.28173828125 0.79345703125 -0.3662109375 1909445
-1.28173828125 0.79345703125 -0.3662109375 1909446
-1.28173828125 0.79345703125 -0.3662109375 1909547
-0.06103515625 -0.3662109375 -0.54931640625 1909548
-0.06103515625 -0.3662109375 -0.54931640625 1909548
-0.06103515625 -0.3662109375 -0.54931640625 1909549
0 2.3193359375 -0.6103515625 1909649
0 2.3193359375 -0.6103515625 1909652
0 2.3193359375 -0.6103515625 1909654
0 2.3193359375 -0.6103515625 1909752
4.21142578125 -0.30517578125 -0.79345703125 1909752
4.21142578125 -0.30517578125 -0.79345703125 1909753
4.21142578125 -0.30517578125 -0.79345703125 1909855
-2.25830078125 0.6103515625 1.0986328125 1909855
-2.25830078125 0.6103515625 1.0986328125 1909856
-2.25830078125 0.6103515625 1.0986328125 1909857
0.42724609375 -0.1220703125 -1.708984375 1910045
-3.11279296875 1.3427734375 -0.18310546875 1910045
-3.11279296875 1.3427734375 -0.18310546875 1910046
-3.11279296875 1.3427734375 -0.18310546875 1910046
-3.11279296875 1.3427734375 -0.18310546875 1910147
1.77001953125 -0.18310546875 -0.48828125 1910148
1.77001953125 -0.18310546875 -0.48828125 1910148
1.77001953125 -0.18310546875 -0.48828125 1910149
-0.54931640625 0.42724609375 0.42724609375 1910250
-0.54931640625 0.42724609375 0.42724609375 1910250
-0.54931640625 0.42724609375 0.42724609375 1910251
-0.54931640625 0.42724609375 0.42724609375 1910353
-0.9765625 0.9765625 0.8544921875 1910353
-0.9765625 0.9765625 0.8544921875 1910354
-0.9765625 0.9765625 0.8544921875 1910354
-1.89208984375 0.42724609375 -0.48828125 1910543
0.6103515625 0.48828125 0.54931640625 1910544
0.6103515625 0.48828125 0.54931640625 1910545
0.6103515625 0.48828125 0.54931640625 1910546
0.6103515625 0.48828125 0.54931640625 1910645
2.99072265625 0.6103515625 -0.54931640625 1910645
2.99072265625 0.6103515625 -0.54931640625 1910646
2.99072265625 0.6103515625 -0.54931640625 1910646
2.99072265625 0.6103515625 -0.54931640625 1910748
-0.732421875 0.244140625 0.1220703125 1910748
-0.732421875 0.244140625 0.1220703125 1910749
-0.732421875 0.244140625 0.1220703125 1910749
-0.732421875 0.244140625 0.1220703125 1910850
0.54931640625 -0.9765625 0.54931640625 1910850
0.54931640625 -0.9765625 0.54931640625 1910850
0.54931640625 -0.9765625 0.54931640625 1910851
0.54931640625 -0.9765625 0.54931640625 1910955
0.732421875 0.30517578125 0.8544921875 1910955
0.732421875 0.30517578125 0.8544921875 1910956
0.732421875 0.30517578125 0.8544921875 1910956
-0.732421875 -0.1220703125 -0.1220703125 1911143
0.9765625 -0.06103515625 0.244140625 1911144
0.9765625 -0.06103515625 0.244140625 1911144
0.9765625 -0.06103515625 0.244140625 1911145
0.9765625 -0.06103515625 0.244140625 1911252
-0.30517578125 0.3662109375 1.3427734375 1911253
-0.30517578125 0.3662109375 1.3427734375 1911253
-0.30517578125 0.3662109375 1.3427734375 1911254
0.91552734375 0.1220703125 0.06103515625 1911442
-0.91552734375 0 0 1911442
-0.91552734375 0 0 1911443
-0.91552734375 0 0 1911443
-0.91552734375 0 0 1911544
-0.67138671875 0.3662109375 1.0986328125 1911545
-0.67138671875 0.3662109375 1.0986328125 1911545
-0.67138671875 0.3662109375 1.0986328125 1911546
-0.67138671875 0.3662109375 1.0986328125 1911646
0.54931640625 -0.42724609375 -0.48828125 1911646
0.54931640625 -0.42724609375 -0.48828125 1911647
0.54931640625 -0.42724609375 -0.48828125 1911647
0.54931640625 -0.42724609375 -0.48828125 1911749
1.46484375 -0.8544921875 0.6103515625 1911749
1.46484375 -0.8544921875 0.6103515625 1911750
1.46484375 -0.8544921875 0.6103515625 1911750
1.46484375 -0.8544921875 0.6103515625 1911852
-0.18310546875 -0.67138671875 0.30517578125 1911852
-0.18310546875 -0.67138671875 0.30517578125 1911853
-0.18310546875 -0.67138671875 0.30517578125 1911854
0.30517578125 -1.708984375 -0.30517578125 1912043
2.01416015625 -1.28173828125 0.732421875 1912044
2.01416015625 -1.28173828125 0.732421875 1912045
2.01416015625 -1.28173828125 0.732421875 1912045
2.01416015625 -1.28173828125 0.732421875 1912145
0.244140625 -0.79345703125 2.44140625 1912145
0.244140625 -0.79345703125 2.44140625 1912146
0.244140625 -0.79345703125 2.44140625 1912146
0.244140625 -0.79345703125 2.44140625 1912248
2.74658203125 -1.46484375 -0.244140625 1912285
2.74658203125 -1.46484375 -0.244140625 1912286
2.74658203125 -1.46484375 -0.244140625 1912287
2.74658203125 -1.46484375 -0.244140625 1912352
-0.244140625 0 -0.67138671875 1912454
1.28173828125 -0.244140625 0.91552734375 1912455
1.28173828125 -0.244140625 0.91552734375 1912455
1.28173828125 -0.244140625 0.91552734375 1912456
1.953125 0.06103515625 -1.3427734375 1912644
0.54931640625 0.6103515625 0.06103515625 1912644
0.54931640625 0.6103515625 0.06103515625 1912645
0.54931640625 0.6103515625 0.06103515625 1912646
0.54931640625 0.6103515625 0.06103515625 1912746
0.91552734375 -0.3662109375 0.06103515625 1912746
0.91552734375 -0.3662109375 0.06103515625 1912747
0.91552734375 -0.3662109375 0.06103515625 1912747
0.91552734375 -0.3662109375 0.06103515625 1912849
0.30517578125 0 -0.3662109375 1912849
0.30517578125 0 -0.3662109375 1912849
0.30517578125 0 -0.3662109375 1912850
0.30517578125 0 -0.3662109375 1912953
-0.30517578125 0.42724609375 0.79345703125 1912953
-0.30517578125 0.42724609375 0.79345703125 1912954
-0.30517578125 0.42724609375 0.79345703125 1912954
-1.89208984375 0.18310546875 -0.06103515625 1913142
-0.42724609375 0.54931640625 0.1220703125 1913142
-0.42724609375 0.54931640625 0.1220703125 1913143
-0.42724609375 0.54931640625 0.1220703125 1913144
-0.42724609375 0.54931640625 0.1220703125 1913245
-0.48828125 -0.30517578125 1.64794921875 1913245
-0.48828125 -0.30517578125 1.64794921875 1913246
-0.48828125 -0.30517578125 1.64794921875 1913247
1.953125 -0.18310546875 -0.8544921875 1913348
1.953125 -0.18310546875 -0.8544921875 1913348
1.953125 -0.18310546875 -0.8544921875 1913349
1.953125 -0.18310546875 -0.8544921875 1913452
-0.732421875 0.244140625 -0.18310546875 1913452
-0.732421875 0.244140625 -0.18310546875 1913452
-0.732421875 0.244140625 -0.18310546875 1913453
1.77001953125 -0.79345703125 -1.03759765625 1913641
-2.38037109375 0 0.54931640625 1913642
-2.38037109375 0 0.54931640625 1913642
-2.38037109375 0 0.54931640625 1913643
-2.38037109375 0 0.54931640625 1913744
-0.244140625 -0.3662109375 0.67138671875 1913744
-0.244140625 -0.3662109375 0.67138671875 1913745
-0.244140625 -0.3662109375 0.67138671875 1913745
-0.244140625 -0.3662109375 0.67138671875 1913847
-1.708984375 1.220703125 -0.732421875 1913847
-1.708984375 1.220703125 -0.732421875 1913848
-1.708984375 1.220703125 -0.732421875 1913848
-1.708984375 1.220703125 -0.732421875 1913950
1.03759765625 -0.42724609375 -0.42724609375 1913950
1.03759765625 -0.42724609375 -0.42724609375 1913951
1.03759765625 -0.42724609375 -0.42724609375 1913952
1.03759765625 -0.42724609375 -0.42724609375 1914052
-2.197265625 0.732421875 0.67138671875 1914052
-2.197265625 0.732421875 0.67138671875 1914053
-2.197265625 0.732421875 0.67138671875 1914054
2.685546875 0.18310546875 -1.28173828125 1914242
0.91552734375 -0.06103515625 -0.6103515625 1914243
0.91552734375 -0.06103515625 -0.6103515625 1914243
0.91552734375 -0.06103515625 -0.6103515625 1914243
0.91552734375 -0.06103515625 -0.6103515625 1914344
-2.25830078125 0.18310546875 -0.244140625 1914344
-2.25830078125 0.18310546875 -0.244140625 1914345
-2.25830078125 0.18310546875 -0.244140625 1914345
-2.25830078125 0.18310546875 -0.244140625 1914452
0.79345703125 0.732421875 -0.18310546875 1914452
0.79345703125 0.732421875 -0.18310546875 1914453
0.79345703125 0.732421875 -0.18310546875 1914453
-1.03759765625 0.18310546875 0.48828125 1914645
-0.48828125 -0.244140625 -0.42724609375 1914645
-0.48828125 -0.244140625 -0.42724609375 1914646
-0.48828125 -0.244140625 -0.42724609375 1914646
-0.48828125 -0.244140625 -0.42724609375 1914746
-0.06103515625 1.28173828125 -0.67138671875 1914746
-0.06103515625 1.28173828125 -0.67138671875 1914747
-0.06103515625 1.28173828125 -0.67138671875 1914748
-0.06103515625 1.28173828125 -0.67138671875 1914849
1.77001953125 -0.6103515625 -0.54931640625 1914849
1.77001953125 -0.6103515625 -0.54931640625 1914850
1.77001953125 -0.6103515625 -0.54931640625 1914850
1.77001953125 -0.6103515625 -0.54931640625 1914952
-1.77001953125 0.06103515625 2.0751953125 1914952
-1.77001953125 0.06103515625 2.0751953125 1914953
-1.77001953125 0.06103515625 2.0751953125 1914953
0.9765625 0.244140625 -0.244140625 1915141
-0.91552734375 -0.732421875 0.48828125 1915142
-0.91552734375 -0.732421875 0.48828125 1915142
-0.91552734375 -0.732421875 0.48828125 1915142
-0.91552734375 -0.732421875 0.48828125 1915244
0.91552734375 -0.18310546875 0.30517578125 1915244
0.91552734375 -0.18310546875 0.30517578125 1915245
0.91552734375 -0.18310546875 0.30517578125 1915245
-0.06103515625 0.3662109375 -0.67138671875 1915346
-0.06103515625 0.3662109375 -0.67138671875 1915346
-0.06103515625 0.3662109375 -0.67138671875 1915347
-0.06103515625 0.3662109375 -0.67138671875 1915451
1.40380859375 -1.15966796875 0.48828125 1915451
1.40380859375 -1.15966796875 0.48828125 1915452
1.40380859375 -1.15966796875 0.48828125 1915453
1.40380859375 -1.15966796875 0.48828125 1915553
-2.50244140625 0.244140625 1.220703125 1915553
-2.50244140625 0.244140625 1.220703125 1915554
-2.50244140625 0.244140625 1.220703125 1915554
1.0986328125 -0.67138671875 0.9765625 1915740
3.72314453125 0 0.30517578125 1915741
3.72314453125 0 0.30517578125 1915741
3.72314453125 0 0.30517578125 1915742
3.72314453125 0 0.30517578125 1915850
-2.38037109375 0.8544921875 1.220703125 1915850
-2.38037109375 0.8544921875 1.220703125 1915851
-2.38037109375 0.8544921875 1.220703125 1915851
2.99072265625 -0.48828125 0.30517578125 1916041
1.77001953125 -0.6103515625 0.244140625 1916041
1.77001953125 -0.6103515625 0.244140625 1916042
1.77001953125 -0.6103515625 0.244140625 1916043
1.77001953125 -0.6103515625 0.244140625 1916143
-0.48828125 -0.06103515625 -0.48828125 1916144
-0.48828125 -0.06103515625 -0.48828125 1916145
-0.48828125 -0.06103515625 -0.48828125 1916145
-0.48828125 -0.06103515625 -0.48828125 1916245
2.25830078125 -0.1220703125 -1.03759765625 1916246
2.25830078125 -0.1220703125 -1.03759765625 1916246
2.25830078125 -0.1220703125 -1.03759765625 1916247
2.25830078125 -0.1220703125 -1.03759765625 1916347
0.79345703125 0.8544921875 -1.220703125 1916348
0.79345703125 0.8544921875 -1.220703125 1916348
0.79345703125 0.8544921875 -1.220703125 1916348
0.79345703125 0.8544921875 -1.220703125 1916451
1.0986328125 0.3662109375 -0.79345703125 1916452
1.0986328125 0.3662109375 -0.79345703125 1916452
1.0986328125 0.3662109375 -0.79345703125 1916453
2.38037109375 -2.25830078125 -1.5869140625 1916640
2.99072265625 -5.9814453125 -5.0048828125 1916641
2.99072265625 -5.9814453125 -5.0048828125 1916641
2.99072265625 -5.9814453125 -5.0048828125 1916642
2.99072265625 -5.9814453125 -5.0048828125 1916743
1.0986328125 -7.9345703125 -7.14111328125 1916743
1.0986328125 -7.9345703125 -7.14111328125 1916744
1.0986328125 -7.9345703125 -7.14111328125 1916744
1.0986328125 -7.9345703125 -7.14111328125 1916845
-0.18310546875 -11.1083984375 -8.60595703125 1916846
-0.18310546875 -11.1083984375 -8.60595703125 1916847
-0.18310546875 -11.1083984375 -8.60595703125 1916847
-0.18310546875 -11.1083984375 -8.60595703125 1916948
-2.0751953125 -5.615234375 -14.16015625 1916948
-2.0751953125 -5.615234375 -14.16015625 1916949
-2.0751953125 -5.615234375 -14.16015625 1916949
-2.0751953125 -5.615234375 -14.16015625 1917050
-5.31005859375 -16.90673828125 -15.9912109375 1917051
-5.31005859375 -16.90673828125 -15.9912109375 1917051
-5.31005859375 -16.90673828125 -15.9912109375 1917051
-5.67626953125 -18.798828125 -19.22607421875 1917241
-7.8125 -19.71435546875 -22.8271484375 1917241
-7.8125 -19.71435546875 -22.8271484375 1917242
-7.8125 -19.71435546875 -22.8271484375 1917242
-7.8125 -19.71435546875 -22.8271484375 1917343
-1.5869140625 -6.16455078125 -27.40478515625 1917343
-1.5869140625 -6.16455078125 -27.40478515625 1917344
-1.5869140625 -6.16455078125 -27.40478515625 1917344
-1.5869140625 -6.16455078125 -27.40478515625 1917445
18.73779296875 -12.939453125 -8.36181640625 1917445
18.73779296875 -12.939453125 -8.36181640625 1917447
18.73779296875 -12.939453125 -8.36181640625 1917448
18.73779296875 -12.939453125 -8.36181640625 1917548
29.4189453125 -76.59912109375 51.513671875 1917548
29.4189453125 -76.59912109375 51.513671875 1917549
29.4189453125 -76.59912109375 51.513671875 1917550
29.4189453125 -76.59912109375 51.513671875 1917652
-5.18798828125 -180.60302734375 94.05517578125 1917653
-5.18798828125 -180.60302734375 94.05517578125 1917654
-5.18798828125 -180.60302734375 94.05517578125 1917654
-19.59228515625 -124.755859375 61.82861328125 1917841
-19.1650390625 -86.7919921875 44.677734375 1917841
-19.1650390625 -86.7919921875 44.677734375 1917841
-19.1650390625 -86.7919921875 44.677734375 1917842
-19.1650390625 -86.7919921875 44.677734375 1917945
-22.27783203125 -97.0458984375 48.52294921875 1917945
-22.27783203125 -97.0458984375 48.52294921875 1917946
-22.27783203125 -97.0458984375 48.52294921875 1917946
-22.27783203125 -97.0458984375 48.52294921875 1918047
-13.5498046875 -81.23779296875 35.70556640625 1918048
-13.5498046875 -81.23779296875 35.70556640625 1918049
-13.5498046875 -81.23779296875 35.70556640625 1918050
-13.5498046875 -81.23779296875 35.70556640625 1918149
-2.13623046875 -7.38525390625 7.14111328125 1918149
-2.13623046875 -7.38525390625 7.14111328125 1918150
-2.13623046875 -7.38525390625 7.14111328125 1918150
-2.13623046875 -7.38525390625 7.14111328125 1918252
6.7138671875 -12.3291015625 21.484375 1918252
6.7138671875 -12.3291015625 21.484375 1918253
6.7138671875 -12.3291015625 21.484375 1918253
-6.65283203125 -15.68603515625 -28.80859375 1918440
24.71923828125 37.90283203125 44.0673828125 1918440
24.71923828125 37.90283203125 44.0673828125 1918441
24.71923828125 37.90283203125 44.0673828125 1918442
-28.4423828125 -18.9208984375 -76.23291015625 1918545
-28.4423828125 -18.9208984375 -76.23291015625 1918546
-28.4423828125 -18.9208984375 -76.23291015625 1918547
-28.4423828125 -18.9208984375 -76.23291015625 1918649
18.798828125 61.1572265625 33.447265625 1918649
18.798828125 61.1572265625 33.447265625 1918650
18.798828125 61.1572265625 33.447265625 1918650
18.798828125 61.1572265625 33.447265625 1918751
-50.96435546875 171.0205078125 -108.154296875 1918752
-50.96435546875 171.0205078125 -108.154296875 1918752
-50.96435546875 171.0205078125 -108.154296875 1918753
15.44189453125 121.64306640625 -16.357421875 1918939
-25.32958984375 106.62841796875 -36.62109375 1918939
-25.32958984375 106.62841796875 -36.62109375 1918940
-25.32958984375 106.62841796875 -36.62109375 1918941
-25.32958984375 106.62841796875 -36.62109375 1919044
7.38525390625 50.10986328125 22.3388671875 1919044
7.38525390625 50.10986328125 22.3388671875 1919045
7.38525390625 50.10986328125 22.3388671875 1919045
7.38525390625 50.10986328125 22.3388671875 1919146
4.21142578125 42.3583984375 23.98681640625 1919147
4.21142578125 42.3583984375 23.98681640625 1919147
4.21142578125 42.3583984375 23.98681640625 1919148
4.21142578125 42.3583984375 23.98681640625 1919249
3.0517578125 14.95361328125 31.43310546875 1919249
3.0517578125 14.95361328125 31.43310546875 1919250
3.0517578125 14.95361328125 31.43310546875 1919251
3.47900390625 18.6767578125 20.32470703125 1919439
3.90625 20.56884765625 17.9443359375 1919439
3.90625 20.56884765625 17.9443359375 1919440
3.90625 20.56884765625 17.9443359375 1919440
3.90625 20.56884765625 17.9443359375 1919541
1.0986328125 16.6015625 15.56396484375 1919542
1.0986328125 16.6015625 15.56396484375 1919542
1.0986328125 16.6015625 15.56396484375 1919543
6.34765625 12.51220703125 3.41796875 1919740
20.99609375 39.36767578125 7.26318359375 1919741
20.99609375 39.36767578125 7.26318359375 1919741
20.99609375 39.36767578125 7.26318359375 1919742
20.99609375 39.36767578125 7.26318359375 1919843
122.55859375 36.62109375 14.83154296875 1919843
122.55859375 36.62109375 14.83154296875 1919844
122.55859375 36.62109375 14.83154296875 1919844
122.55859375 36.62109375 14.83154296875 1919945
64.88037109375 11.5966796875 -0.54931640625 1919946
64.88037109375 11.5966796875 -0.54931640625 1919947
64.88037109375 11.5966796875 -0.54931640625 1919947
64.88037109375 11.5966796875 -0.54931640625 1920048
63.3544921875 38.818359375 -27.587890625 1920049
63.3544921875 38.818359375 -27.587890625 1920049
63.3544921875 38.818359375 -27.587890625 1920050
63.3544921875 38.818359375 -27.587890625 1920150
-3.173828125 4.638671875 0.732421875 1920150
-3.173828125 4.638671875 0.732421875 1920151
-3.173828125 4.638671875 0.732421875 1920151
9.70458984375 15.380859375 -1.52587890625 1920339
-11.5966796875 -2.38037109375 0.3662109375 1920339
-11.5966796875 -2.38037109375 0.3662109375 1920340
-11.5966796875 -2.38037109375 0.3662109375 1920341
-11.5966796875 -2.38037109375 0.3662109375 1920442
-18.06640625 7.8125 -4.5166015625 1920442
-18.06640625 7.8125 -4.5166015625 1920443
-18.06640625 7.8125 -4.5166015625 1920443
-18.06640625 7.8125 -4.5166015625 1920545
-20.56884765625 -13.48876953125 3.2958984375 1920546
-20.56884765625 -13.48876953125 3.2958984375 1920546
-20.56884765625 -13.48876953125 3.2958984375 1920547
-20.56884765625 -13.48876953125 3.2958984375 1920647
-27.52685546875 -6.65283203125 2.62451171875 1920647
-27.52685546875 -6.65283203125 2.62451171875 1920648
-27.52685546875 -6.65283203125 2.62451171875 1920648
-27.52685546875 -6.65283203125 2.62451171875 1920749
-6.40869140625 -5.7373046875 -1.52587890625 1920749
-6.40869140625 -5.7373046875 -1.52587890625 1920750
-6.40869140625 -5.7373046875 -1.52587890625 1920750
-12.5732421875 -7.14111328125 7.99560546875 1920933
-10.07080078125 -8.23974609375 0.42724609375 1920933
-10.07080078125 -8.23974609375 0.42724609375 1920934
-10.07080078125 -8.23974609375 0.42724609375 1920934
-10.07080078125 -8.23974609375 0.42724609375 1921039
-7.38525390625 -12.3291015625 9.521484375 1921040
-7.38525390625 -12.3291015625 9.521484375 1921041
-7.38525390625 -12.3291015625 9.521484375 1921041
-7.38525390625 -12.3291015625 9.521484375 1921142
4.5166015625 -5.06591796875 -1.953125 1921142
4.5166015625 -5.06591796875 -1.953125 1921143
4.5166015625 -5.06591796875 -1.953125 1921143
4.5166015625 -5.06591796875 -1.953125 1921244
-9.3994140625 0.30517578125 -6.2255859375 1921244
-9.3994140625 0.30517578125 -6.2255859375 1921245
-9.3994140625 0.30517578125 -6.2255859375 1921245
-9.3994140625 0.30517578125 -6.2255859375 1921347
-5.31005859375 -1.28173828125 -3.0517578125 1921347
-5.31005859375 -1.28173828125 -3.0517578125 1921348
-5.31005859375 -1.28173828125 -3.0517578125 1921348
-5.31005859375 -1.28173828125 -3.0517578125 1921451
-2.62451171875 -0.8544921875 0.48828125 1921451
-2.62451171875 -0.8544921875 0.48828125 1921451
-2.62451171875 -0.8544921875 0.48828125 1921452
-2.25830078125 -2.0751953125 -0.48828125 1921639
0.48828125 -0.79345703125 -0.732421875 1921639
0.48828125 -0.79345703125 -0.732421875 1921640
0.48828125 -0.79345703125 -0.732421875 1921640
0.48828125 -0.79345703125 -0.732421875 1921741
1.15966796875 0.3662109375 -2.38037109375 1921741
1.15966796875 0.3662109375 -2.38037109375 1921742
1.15966796875 0.3662109375 -2.38037109375 1921743
2.13623046875 -1.3427734375 -1.28173828125 1921947
1.03759765625 -0.30517578125 -0.3662109375 1921948
1.03759765625 -0.30517578125 -0.3662109375 1921948
1.03759765625 -0.30517578125 -0.3662109375 1921948
1.03759765625 -0.30517578125 -0.3662109375 1922050
1.77001953125 0.54931640625 -1.708984375 1922050
1.77001953125 0.54931640625 -1.708984375 1922051
1.77001953125 0.54931640625 -1.708984375 1922051
1.15966796875 1.15966796875 -1.0986328125 1922242
4.39453125 -0.3662109375 -1.0986328125 1922243
4.39453125 -0.3662109375 -1.0986328125 1922243
4.39453125 -0.3662109375 -1.0986328125 1922244
4.39453125 -0.3662109375 -1.0986328125 1922345
1.03759765625 0.54931640625 -0.79345703125 1922345
1.03759765625 0.54931640625 -0.79345703125 1922346
1.03759765625 0.54931640625 -0.79345703125 1922346
1.03759765625 0.54931640625 -0.79345703125 1922447
3.47900390625 -2.38037109375 0 1922448
3.47900390625 -2.38037109375 0 1922448
3.47900390625 -2.38037109375 0 1922448
-0.3662109375 -1.64794921875 2.50244140625 1922637
-2.8076171875 -2.0751953125 3.35693359375 1922638
-2.8076171875 -2.0751953125 3.35693359375 1922638
-2.8076171875 -2.0751953125 3.35693359375 1922639
-2.8076171875 -2.0751953125 3.35693359375 1922740
2.01416015625 -1.5869140625 0.732421875 1922740
2.01416015625 -1.5869140625 0.732421875 1922741
2.01416015625 -1.5869140625 0.732421875 1922741
2.01416015625 -1.5869140625 0.732421875 1922844
-3.60107421875 0.1220703125 2.62451171875 1922844
-3.60107421875 0.1220703125 2.62451171875 1922845
-3.60107421875 0.1220703125 2.62451171875 1922846
-3.60107421875 0.1220703125 2.62451171875 1922946
-0.06103515625 -0.732421875 -1.03759765625 1922947
-0.06103515625 -0.732421875 -1.03759765625 1922947
-0.06103515625 -0.732421875 -1.03759765625 1922948
-0.06103515625 -0.732421875 -1.03759765625 1923049
-1.28173828125 0.42724609375 -0.42724609375 1923049
-1.28173828125 0.42724609375 -0.42724609375 1923050
-1.28173828125 0.42724609375 -0.42724609375 1923051
3.47900390625 -0.79345703125 -1.77001953125 1923238
-4.69970703125 0.244140625 -0.244140625 1923238
-4.69970703125 0.244140625 -0.244140625 1923239
-4.69970703125 0.244140625 -0.244140625 1923240
-4.69970703125 0.244140625 -0.244140625 1923341
1.28173828125 0 -0.3662109375 1923342
1.28173828125 0 -0.3662109375 1923342
1.28173828125 0 -0.3662109375 1923343
1.28173828125 0 -0.3662109375 1923443
0.91552734375 0.48828125 -2.25830078125 1923443
0.91552734375 0.48828125 -2.25830078125 1923443
0.91552734375 0.48828125 -2.25830078125 1923444
0.91552734375 0.48828125 -2.25830078125 1923545
-0.244140625 0.91552734375 -1.8310546875 1923545
-0.244140625 0.91552734375 -1.8310546875 1923545
-0.244140625 0.91552734375 -1.8310546875 1923546
3.11279296875 0.67138671875 -0.91552734375 1923738
2.62451171875 -0.30517578125 0.732421875 1923738
2.62451171875 -0.30517578125 0.732421875 1923738
2.62451171875 -0.30517578125 0.732421875 1923739
2.62451171875 -0.30517578125 0.732421875 1923840
1.0986328125 1.15966796875 0 1923840
1.0986328125 1.15966796875 0 1923841
1.0986328125 1.15966796875 0 1923842
1.0986328125 1.15966796875 0 1923943
2.86865234375 0.8544921875 -0.42724609375 1923943
2.86865234375 0.8544921875 -0.42724609375 1923943
2.86865234375 0.8544921875 -0.42724609375 1923944
2.86865234375 0.8544921875 -0.42724609375 1924052
0.06103515625 0 -0.3662109375 1924053
0.06103515625 0 -0.3662109375 1924053
0.06103515625 0 -0.3662109375 1924054
1.46484375 0 -1.64794921875 1924241
1.3427734375 -0.9765625 1.52587890625 1924242
1.3427734375 -0.9765625 1.52587890625 1924242
1.3427734375 -0.9765625 1.52587890625 1924243
1.3427734375 -0.9765625 1.52587890625 1924344
0.79345703125 -0.732421875 0.67138671875 1924345
0.79345703125 -0.732421875 0.67138671875 1924345
0.79345703125 -0.732421875 0.67138671875 1924346
0.79345703125 -0.732421875 0.67138671875 1924448
1.77001953125 -1.0986328125 -0.30517578125 1924448
1.77001953125 -1.0986328125 -0.30517578125 1924448
1.77001953125 -1.0986328125 -0.30517578125 1924449
1.953125 0.8544921875 0.18310546875 1924637
1.0986328125 -0.48828125 -1.52587890625 1924637
1.0986328125 -0.48828125 -1.52587890625 1924638
1.0986328125 -0.48828125 -1.52587890625 1924639
1.0986328125 -0.48828125 -1.52587890625 1924740
-2.685546875 0.244140625 -0.79345703125 1924740
-2.685546875 0.244140625 -0.79345703125 1924740
-2.685546875 0.244140625 -0.79345703125 1924741
0.42724609375 0.6103515625 1.0986328125 1924843
0.42724609375 0.6103515625 1.0986328125 1924843
0.42724609375 0.6103515625 1.0986328125 1924844
0.42724609375 0.6103515625 1.0986328125 1924946
-0.67138671875 -1.46484375 -0.1220703125 1924946
-0.67138671875 -1.46484375 -0.1220703125 1924946
-0.67138671875 -1.46484375 -0.1220703125 1924947
-1.40380859375 -0.6103515625 -0.42724609375 1925136
-1.03759765625 0.1220703125 1.8310546875 1925136
-1.03759765625 0.1220703125 1.8310546875 1925137
-1.03759765625 0.1220703125 1.8310546875 1925138
-1.03759765625 0.1220703125 1.8310546875 1925239
-2.25830078125 -0.06103515625 -0.30517578125 1925239
-2.25830078125 -0.06103515625 -0.30517578125 1925240
-2.25830078125 -0.06103515625 -0.30517578125 1925240
-2.25830078125 -0.06103515625 -0.30517578125 1925342
1.03759765625 -0.06103515625 0.244140625 1925342
1.03759765625 -0.06103515625 0.244140625 1925343
1.03759765625 -0.06103515625 0.244140625 1925343
1.03759765625 -0.06103515625 0.244140625 1925480
1.15966796875 2.44140625 0.6103515625 1925480
1.15966796875 2.44140625 0.6103515625 1925481
1.15966796875 2.44140625 0.6103515625 1925481
2.62451171875 0.244140625 -1.77001953125 1925649
0.54931640625 0.06103515625 -0.732421875 1925649
0.54931640625 0.06103515625 -0.732421875 1925649
0.54931640625 0.06103515625 -0.732421875 1925650
0.732421875 0.8544921875 0.42724609375 1925856
0.91552734375 0.67138671875 -0.54931640625 1925856
0.91552734375 0.67138671875 -0.54931640625 1925857
0.91552734375 0.67138671875 -0.54931640625 1925857
2.3193359375 -0.06103515625 -0.48828125 1926046
3.23486328125 1.3427734375 -1.28173828125 1926046
3.23486328125 1.3427734375 -1.28173828125 1926047
3.23486328125 1.3427734375 -1.28173828125 1926047
3.173828125 0.244140625 -0.30517578125 1926236
0.6103515625 1.5869140625 -0.6103515625 1926236
0.6103515625 1.5869140625 -0.6103515625 1926237
0.6103515625 1.5869140625 -0.6103515625 1926237
0.6103515625 1.5869140625 -0.6103515625 1926339
0.54931640625 3.662109375 -2.3193359375 1926339
0.54931640625 3.662109375 -2.3193359375 1926340
0.54931640625 3.662109375 -2.3193359375 1926341
0.54931640625 3.662109375 -2.3193359375 1926441
1.15966796875 2.3193359375 -0.06103515625 1926441
1.15966796875 2.3193359375 -0.06103515625 1926441
1.15966796875 2.3193359375 -0.06103515625 1926442
1.15966796875 2.3193359375 -0.06103515625 1926543
-1.64794921875 2.685546875 -0.67138671875 1926543
-1.64794921875 2.685546875 -0.67138671875 1926545
-1.64794921875 2.685546875 -0.67138671875 1926546
-1.64794921875 2.685546875 -0.67138671875 1926647
0.48828125 0.42724609375 -0.79345703125 1926648
0.48828125 0.42724609375 -0.79345703125 1926649
0.48828125 0.42724609375 -0.79345703125 1926649
-1.52587890625 1.52587890625 0.244140625 1926836
-1.03759765625 -0.1220703125 1.8310546875 1926836
-1.03759765625 -0.1220703125 1.8310546875 1926837
-1.03759765625 -0.1220703125 1.8310546875 1926838
-1.03759765625 -0.1220703125 1.8310546875 1926954
-1.64794921875 0.732421875 0.6103515625 1926954
-1.64794921875 0.732421875 0.6103515625 1926954
-1.64794921875 0.732421875 0.6103515625 1926955
-0.9765625 -0.06103515625 0.9765625 1927145
-2.685546875 -3.47900390625 3.662109375 1927145
-2.685546875 -3.47900390625 3.662109375 1927146
-2.685546875 -3.47900390625 3.662109375 1927146
-2.685546875 -3.47900390625 3.662109375 1927251
-0.732421875 -2.3193359375 2.0751953125 1927251
-0.732421875 -2.3193359375 2.0751953125 1927252
-0.732421875 -2.3193359375 2.0751953125 1927252
-0.67138671875 -0.54931640625 -0.67138671875 1927440
-1.0986328125 -0.67138671875 0.18310546875 1927440
-1.0986328125 -0.67138671875 0.18310546875 1927440
-1.0986328125 -0.67138671875 0.18310546875 1927441
-1.0986328125 -0.67138671875 0.18310546875 1927548
0.1220703125 -1.46484375 0.732421875 1927548
0.1220703125 -1.46484375 0.732421875 1927549
0.1220703125 -1.46484375 0.732421875 1927549
-2.13623046875 -1.953125 0.79345703125 1927724
-0.06103515625 -0.732421875 1.40380859375 1927724
-0.06103515625 -0.732421875 1.40380859375 1927725
-0.06103515625 -0.732421875 1.40380859375 1927725
-0.06103515625 -0.732421875 1.40380859375 1927835
-1.15966796875 -0.732421875 0.79345703125 1927835
-1.15966796875 -0.732421875 0.79345703125 1927836
-1.15966796875 -0.732421875 0.79345703125 1927837
-1.15966796875 -0.732421875 0.79345703125 1927938
-2.3193359375 0.42724609375 -0.18310546875 1927938
-2.3193359375 0.42724609375 -0.18310546875 1927939
-2.3193359375 0.42724609375 -0.18310546875 1927939
-2.3193359375 0.42724609375 -0.18310546875 1928040
1.52587890625 -0.30517578125 0.18310546875 1928040
1.52587890625 -0.30517578125 0.18310546875 1928041
1.52587890625 -0.30517578125 0.18310546875 1928041
1.52587890625 -0.30517578125 0.18310546875 1928143
-2.01416015625 0.54931640625 -0.732421875 1928143
-2.01416015625 0.54931640625 -0.732421875 1928143
-2.01416015625 0.54931640625 -0.732421875 1928144
-2.01416015625 0.54931640625 -0.732421875 1928245
-2.44140625 -2.197265625 -1.77001953125 1928245
-2.44140625 -2.197265625 -1.77001953125 1928246
-2.44140625 -2.197265625 -1.77001953125 1928246
-1.8310546875 -0.42724609375 1.03759765625 1928435
-0.732421875 -3.2958984375 0.48828125 1928435
-0.732421875 -3.2958984375 0.48828125 1928436
-0.732421875 -3.2958984375 0.48828125 1928436
-0.732421875 -3.2958984375 0.48828125 1928537
-0.244140625 -1.40380859375 -0.06103515625 1928537
-0.244140625 -1.40380859375 -0.06103515625 1928538
-0.244140625 -1.40380859375 -0.06103515625 1928538
-0.244140625 -1.40380859375 -0.06103515625 1928645
0 -1.89208984375 1.8310546875 1928645
0 -1.89208984375 1.8310546875 1928646
0 -1.89208984375 1.8310546875 1928646
2.50244140625 -1.220703125 1.15966796875 1928842
-1.40380859375 -1.3427734375 1.52587890625 1928843
-1.40380859375 -1.3427734375 1.52587890625 1928843
-1.40380859375 -1.3427734375 1.52587890625 1928843
1.52587890625 0 0.42724609375 1929040
1.8310546875 -0.244140625 0 1929040
1.8310546875 -0.244140625 0 1929041
1.8310546875 -0.244140625 0 1929041
1.8310546875 -0.244140625 0 1929143
-2.44140625 0.42724609375 0.3662109375 1929143
-2.44140625 0.42724609375 0.3662109375 1929144
-2.44140625 0.42724609375 0.3662109375 1929144
-2.44140625 0.42724609375 0.3662109375 1929246
-2.44140625 -0.244140625 -0.1220703125 1929247
-2.44140625 -0.244140625 -0.1220703125 1929247
-2.44140625 -0.244140625 -0.1220703125 1929247
-0.732421875 -0.3662109375 0.6103515625 1929435
-1.28173828125 -2.13623046875 -0.48828125 1929436
-1.28173828125 -2.13623046875 -0.48828125 1929436
-1.28173828125 -2.13623046875 -0.48828125 1929437
-1.28173828125 -2.13623046875 -0.48828125 1929538
1.28173828125 1.28173828125 1.953125 1929538
1.28173828125 1.28173828125 1.953125 1929538
1.28173828125 1.28173828125 1.953125 1929539
1.28173828125 1.28173828125 1.953125 1929640
2.62451171875 -1.46484375 0 1929640
2.62451171875 -1.46484375 0 1929641
2.62451171875 -1.46484375 0 1929641
2.62451171875 -1.46484375 0 1929743
1.28173828125 0 0 1929743
1.28173828125 0 0 1929743
1.28173828125 0 0 1929744
1.28173828125 0 0 1929845
4.57763671875 -2.38037109375 0.42724609375 1929845
4.57763671875 -2.38037109375 0.42724609375 1929846
4.57763671875 -2.38037109375 0.42724609375 1929846
4.7607421875 -9.27734375 -2.9296875 1930035
3.662109375 -16.54052734375 -8.72802734375 1930035
3.662109375 -16.54052734375 -8.72802734375 1930035
3.662109375 -16.54052734375 -8.72802734375 1930036
3.662109375 -16.54052734375 -8.72802734375 1930137
-5.31005859375 -15.5029296875 -16.9677734375 1930138
-5.31005859375 -15.5029296875 -16.9677734375 1930138
-5.31005859375 -15.5029296875 -16.9677734375 1930138
-5.31005859375 -15.5029296875 -16.9677734375 1930240
-13.61083984375 -17.88330078125 -24.2919921875 1930241
-13.61083984375 -17.88330078125 -24.2919921875 1930241
-13.61083984375 -17.88330078125 -24.2919921875 1930241
-13.61083984375 -17.88330078125 -24.2919921875 1930343
-8.4228515625 -18.1884765625 -33.5693359375 1930344
-8.4228515625 -18.1884765625 -33.5693359375 1930344
-8.4228515625 -18.1884765625 -33.5693359375 1930344
-8.4228515625 -18.1884765625 -33.5693359375 1930452
7.50732421875 -11.23046875 -26.42822265625 1930453
7.50732421875 -11.23046875 -26.42822265625 1930454
7.50732421875 -11.23046875 -26.42822265625 1930455
8.4228515625 -29.78515625 -14.95361328125 1930641
6.04248046875 -94.8486328125 38.0859375 1930641
6.04248046875 -94.8486328125 38.0859375 1930641
6.04248046875 -94.8486328125 38.0859375 1930643
6.04248046875 -94.8486328125 38.0859375 1930744
-9.58251953125 -162.41455078125 86.3037109375 1930744
-9.58251953125 -162.41455078125 86.3037109375 1930744
-9.58251953125 -162.41455078125 86.3037109375 1930745
-10.68115234375 -161.31591796875 76.5380859375 1930925
-14.0380859375 -118.2861328125 70.49560546875 1930925
-14.0380859375 -118.2861328125 70.49560546875 1930926
-14.0380859375 -118.2861328125 70.49560546875 1930926
-14.0380859375 -118.2861328125 70.49560546875 1931035
-20.93505859375 -81.48193359375 57.373046875 1931035
-20.93505859375 -81.48193359375 57.373046875 1931035
-20.93505859375 -81.48193359375 57.373046875 1931036
-20.93505859375 -81.48193359375 57.373046875 1931138
2.50244140625 -41.56494140625 41.56494140625 1931139
2.50244140625 -41.56494140625 41.56494140625 1931139
2.50244140625 -41.56494140625 41.56494140625 1931140
-36.865234375 -48.64501953125 -83.06884765625 1931240
-36.865234375 -48.64501953125 -83.06884765625 1931240
-36.865234375 -48.64501953125 -83.06884765625 1931240
-36.865234375 -48.64501953125 -83.06884765625 1931344
9.94873046875 87.158203125 -23.49853515625 1931344
9.94873046875 87.158203125 -23.49853515625 1931344
9.94873046875 87.158203125 -23.49853515625 1931345
-16.90673828125 136.90185546875 -9.94873046875 1931534
-2.5634765625 182.92236328125 -38.02490234375 1931534
-2.5634765625 182.92236328125 -38.02490234375 1931535
-2.5634765625 182.92236328125 -38.02490234375 1931535
-2.5634765625 182.92236328125 -38.02490234375 1931636
-16.11328125 56.884765625 14.22119140625 1931636
-16.11328125 56.884765625 14.22119140625 1931636
-16.11328125 56.884765625 14.22119140625 1931637
-16.11328125 56.884765625 14.22119140625 1931739
-19.83642578125 79.4677734375 3.7841796875 1931739
-19.83642578125 79.4677734375 3.7841796875 1931740
-19.83642578125 79.4677734375 3.7841796875 1931740
-19.83642578125 79.4677734375 3.7841796875 1931844
-4.08935546875 45.41015625 17.63916015625 1931844
-4.08935546875 45.41015625 17.63916015625 1931844
-4.08935546875 45.41015625 17.63916015625 1931845
-7.99560546875 41.19873046875 12.6953125 1932033
33.69140625 34.24072265625 32.958984375 1932055
33.69140625 34.24072265625 32.958984375 1932056
33.69140625 34.24072265625 32.958984375 1932056
