0.14501953125 0.697265625 0.7734375 1937222
0.14501953125 0.697265625 0.7734375 1937222
0.14501953125 0.697265625 0.7734375 1937256
0.14501953125 0.697265625 0.7734375 1937256
0.14501953125 0.697265625 0.7734375 1937257
0.1298828125 0.724609375 0.74609375 1937335
0.14306640625 0.71484375 0.74951171875 1937437
0.14306640625 0.71484375 0.74951171875 1937438
0.14306640625 0.71484375 0.74951171875 1937438
0.14306640625 0.71484375 0.74951171875 1937438
0.1416015625 0.70654296875 0.78662109375 1937540
0.1416015625 0.70654296875 0.78662109375 1937541
0.1416015625 0.70654296875 0.78662109375 1937541
0.1416015625 0.70654296875 0.78662109375 1937541
0.1572265625 0.69482421875 0.7744140625 1937642
0.1572265625 0.69482421875 0.7744140625 1937663
0.1572265625 0.69482421875 0.7744140625 1937664
0.1572265625 0.69482421875 0.7744140625 1937664
0.1337890625 0.6474609375 0.7802734375 1937835
0.1337890625 0.6474609375 0.7802734375 1937835
0.1337890625 0.6474609375 0.7802734375 1937836
0.1337890625 0.6474609375 0.7802734375 1937836
0.13232421875 0.66650390625 0.80859375 1937937
0.13232421875 0.66650390625 0.80859375 1937938
0.13232421875 0.66650390625 0.80859375 1937938
0.13525390625 0.67431640625 0.82177734375 1938041
0.13525390625 0.67431640625 0.82177734375 1938041
0.13525390625 0.67431640625 0.82177734375 1938041
0.13525390625 0.67431640625 0.82177734375 1938042
0.13916015625 0.67529296875 0.79052734375 1938205
0.13916015625 0.67529296875 0.79052734375 1938205
0.13916015625 0.67529296875 0.79052734375 1938206
0.13916015625 0.67529296875 0.79052734375 1938206
0.1826171875 0.6484375 0.79541015625 1938331
0.1826171875 0.6484375 0.79541015625 1938331
0.1826171875 0.6484375 0.79541015625 1938332
0.1826171875 0.6484375 0.79541015625 1938332
0.13232421875 0.6572265625 0.81787109375 1938433
0.13232421875 0.6572265625 0.81787109375 1938434
0.13232421875 0.6572265625 0.81787109375 1938434
0.13232421875 0.6572265625 0.81787109375 1938435
0.1474609375 0.640625 0.81494140625 1938536
0.1474609375 0.640625 0.81494140625 1938536
0.1474609375 0.640625 0.81494140625 1938537
0.1474609375 0.640625 0.81494140625 1938537
0.0888671875 0.61669921875 0.8544921875 1938638
0.0888671875 0.61669921875 0.8544921875 1938639
0.0888671875 0.61669921875 0.8544921875 1938639
0.0888671875 0.61669921875 0.8544921875 1938640
0.15673828125 0.60009765625 0.853515625 1938741
0.15673828125 0.60009765625 0.853515625 1938741
0.15673828125 0.60009765625 0.853515625 1938741
0.15673828125 0.60009765625 0.853515625 1938742
0.1357421875 0.56396484375 0.85693359375 1938931
0.1357421875 0.56396484375 0.85693359375 1938931
0.1357421875 0.56396484375 0.85693359375 1938931
0.1357421875 0.56396484375 0.85693359375 1938932
0.1826171875 0.544921875 0.89453125 1939034
0.1826171875 0.544921875 0.89453125 1939034
0.1826171875 0.544921875 0.89453125 1939034
0.1826171875 0.544921875 0.89453125 1939035
0.1767578125 0.53857421875 0.89208984375 1939136
0.1767578125 0.53857421875 0.89208984375 1939136
0.1767578125 0.53857421875 0.89208984375 1939136
0.1767578125 0.53857421875 0.89208984375 1939137
0.18017578125 0.51953125 0.88671875 1939238
0.18017578125 0.51953125 0.88671875 1939238
0.18017578125 0.51953125 0.88671875 1939239
0.18017578125 0.51953125 0.88671875 1939239
0.17822265625 0.517578125 0.90283203125 1939341
0.17822265625 0.517578125 0.90283203125 1939341
0.17822265625 0.517578125 0.90283203125 1939341
0.17822265625 0.517578125 0.90283203125 1939342
0.12744140625 0.58203125 0.9208984375 1939531
0.12744140625 0.58203125 0.9208984375 1939532
0.12744140625 0.58203125 0.9208984375 1939532
0.12744140625 0.58203125 0.9208984375 1939533
0.08251953125 0.66455078125 0.7998046875 1939633
0.08251953125 0.66455078125 0.7998046875 1939633
0.08251953125 0.66455078125 0.7998046875 1939634
0.08251953125 0.66455078125 0.7998046875 1939634
0.11328125 0.64794921875 0.7451171875 1939736
0.11328125 0.64794921875 0.7451171875 1939736
0.11328125 0.64794921875 0.7451171875 1939737
0.11328125 0.64794921875 0.7451171875 1939737
0.04052734375 0.7119140625 0.80029296875 1939839
0.04052734375 0.7119140625 0.80029296875 1939839
0.04052734375 0.7119140625 0.80029296875 1939839
0.04052734375 0.7119140625 0.80029296875 1939840
0.1103515625 0.68701171875 0.80224609375 1939945
0.1103515625 0.68701171875 0.80224609375 1939946
0.1103515625 0.68701171875 0.80224609375 1939947
0.1103515625 0.68701171875 0.80224609375 1939947
0.0625 0.666015625 0.79638671875 1940133
0.0625 0.666015625 0.79638671875 1940133
0.0625 0.666015625 0.79638671875 1940134
0.0625 0.666015625 0.79638671875 1940134
0.08154296875 0.6767578125 0.8134765625 1940235
0.08154296875 0.6767578125 0.8134765625 1940235
0.08154296875 0.6767578125 0.8134765625 1940236
0.08154296875 0.6767578125 0.8134765625 1940236
0.0625 0.6826171875 0.81884765625 1940339
0.0625 0.6826171875 0.81884765625 1940339
0.0625 0.6826171875 0.81884765625 1940340
0.0625 0.6826171875 0.81884765625 1940340
0.06591796875 0.6494140625 0.81787109375 1940441
0.06591796875 0.6494140625 0.81787109375 1940441
0.06591796875 0.6494140625 0.81787109375 1940441
0.06591796875 0.6494140625 0.81787109375 1940442
0.072265625 0.65478515625 0.8193359375 1940555
0.072265625 0.65478515625 0.8193359375 1940555
0.072265625 0.65478515625 0.8193359375 1940556
0.072265625 0.65478515625 0.8193359375 1940556
0.07421875 0.6533203125 0.8193359375 1940740
0.07421875 0.6533203125 0.8193359375 1940740
0.07421875 0.6533203125 0.8193359375 1940740
0.07421875 0.6533203125 0.8193359375 1940741
0.07275390625 0.65673828125 0.82861328125 1940848
0.07275390625 0.65673828125 0.82861328125 1940849
0.07275390625 0.65673828125 0.82861328125 1940849
0.07275390625 0.65673828125 0.82861328125 1940850
0.04443359375 0.6728515625 0.8212890625 1941043
0.04443359375 0.6728515625 0.8212890625 1941044
0.04443359375 0.6728515625 0.8212890625 1941044
0.04443359375 0.6728515625 0.8212890625 1941044
0.05908203125 0.64990234375 0.84326171875 1941233
0.05908203125 0.64990234375 0.84326171875 1941235
0.05908203125 0.64990234375 0.84326171875 1941235
0.05908203125 0.64990234375 0.84326171875 1941235
0.10107421875 0.65478515625 0.81201171875 1941336
0.10107421875 0.65478515625 0.81201171875 1941337
0.10107421875 0.65478515625 0.81201171875 1941337
0.10107421875 0.65478515625 0.81201171875 1941337
0.10595703125 0.65087890625 0.8193359375 1941531
0.10595703125 0.65087890625 0.8193359375 1941531
0.10595703125 0.65087890625 0.8193359375 1941532
0.10595703125 0.65087890625 0.8193359375 1941532
0.09765625 0.6533203125 0.818359375 1941636
0.09765625 0.6533203125 0.818359375 1941636
0.09765625 0.6533203125 0.818359375 1941637
0.0888671875 0.64794921875 0.8251953125 1941742
0.0888671875 0.64794921875 0.8251953125 1941742
0.0888671875 0.64794921875 0.8251953125 1941743
0.0888671875 0.64794921875 0.8251953125 1941743
0.0927734375 0.673828125 0.81494140625 1941930
0.0927734375 0.673828125 0.81494140625 1941930
0.0927734375 0.673828125 0.81494140625 1941931
0.0927734375 0.673828125 0.81494140625 1941932
0.06689453125 0.6357421875 0.82275390625 1942033
0.06689453125 0.6357421875 0.82275390625 1942033
0.06689453125 0.6357421875 0.82275390625 1942034
0.06689453125 0.6357421875 0.82275390625 1942035
0.07666015625 0.65234375 0.8603515625 1942137
0.07666015625 0.65234375 0.8603515625 1942137
0.07666015625 0.65234375 0.8603515625 1942138
0.056640625 0.64990234375 0.86865234375 1942239
0.056640625 0.64990234375 0.86865234375 1942239
0.056640625 0.64990234375 0.86865234375 1942240
0.056640625 0.64990234375 0.86865234375 1942240
0.10009765625 0.59619140625 0.84814453125 1942434
0.10009765625 0.59619140625 0.84814453125 1942434
0.10009765625 0.59619140625 0.84814453125 1942434
0.10009765625 0.59619140625 0.84814453125 1942435
0.0986328125 0.60693359375 0.84912109375 1942536
0.0986328125 0.60693359375 0.84912109375 1942536
0.0986328125 0.60693359375 0.84912109375 1942537
0.11865234375 0.59814453125 0.82568359375 1942665
0.11865234375 0.59814453125 0.82568359375 1942665
0.11865234375 0.59814453125 0.82568359375 1942666
0.11865234375 0.59814453125 0.82568359375 1942666
0.099609375 0.62841796875 0.8486328125 1942837
0.099609375 0.62841796875 0.8486328125 1942838
0.099609375 0.62841796875 0.8486328125 1942838
0.099609375 0.62841796875 0.8486328125 1942839
0.10595703125 0.62353515625 0.84521484375 1942939
0.10595703125 0.62353515625 0.84521484375 1942940
0.10595703125 0.62353515625 0.84521484375 1942941
0.10595703125 0.62353515625 0.84521484375 1942941
0.1005859375 0.61474609375 0.8388671875 1943041
0.1005859375 0.61474609375 0.8388671875 1943041
0.1005859375 0.61474609375 0.8388671875 1943042
0.1005859375 0.61474609375 0.8388671875 1943042
0.12841796875 0.62451171875 0.8388671875 1943232
0.12841796875 0.62451171875 0.8388671875 1943232
0.12841796875 0.62451171875 0.8388671875 1943233
0.12841796875 0.62451171875 0.8388671875 1943233
0.0966796875 0.623046875 0.8447265625 1943336
0.0966796875 0.623046875 0.8447265625 1943336
0.0966796875 0.623046875 0.8447265625 1943337
0.0966796875 0.623046875 0.8447265625 1943338
0.0966796875 0.62060546875 0.8427734375 1943439
0.0966796875 0.62060546875 0.8427734375 1943439
0.0966796875 0.62060546875 0.8427734375 1943440
0.0966796875 0.62060546875 0.8427734375 1943441
0.10498046875 0.62939453125 0.8388671875 1943541
0.10498046875 0.62939453125 0.8388671875 1943541
0.10498046875 0.62939453125 0.8388671875 1943542
0.10498046875 0.62939453125 0.8388671875 1943543
0.08935546875 0.62548828125 0.8388671875 1943730
0.08935546875 0.62548828125 0.8388671875 1943730
0.08935546875 0.62548828125 0.8388671875 1943731
0.08935546875 0.62548828125 0.8388671875 1943732
0.0859375 0.63916015625 0.84619140625 1943832
0.0859375 0.63916015625 0.84619140625 1943833
0.0859375 0.63916015625 0.84619140625 1943833
0.0859375 0.63916015625 0.84619140625 1943834
0.0859375 0.6171875 0.8330078125 1943935
0.0859375 0.6171875 0.8330078125 1943936
0.0859375 0.6171875 0.8330078125 1943936
0.0859375 0.6171875 0.8330078125 1943937
0.095703125 0.63671875 0.84716796875 1944037
0.095703125 0.63671875 0.84716796875 1944038
0.095703125 0.63671875 0.84716796875 1944039
0.095703125 0.63671875 0.84716796875 1944039
0.08251953125 0.62646484375 0.837890625 1944140
0.08251953125 0.62646484375 0.837890625 1944140
0.08251953125 0.62646484375 0.837890625 1944141
0.08251953125 0.62646484375 0.837890625 1944142
0.08447265625 0.626953125 0.83837890625 1944330
0.08447265625 0.626953125 0.83837890625 1944331
0.08447265625 0.626953125 0.83837890625 1944331
0.08447265625 0.626953125 0.83837890625 1944332
0.08349609375 0.6201171875 0.8330078125 1944432
0.08349609375 0.6201171875 0.8330078125 1944433
0.08349609375 0.6201171875 0.8330078125 1944433
0.08349609375 0.6201171875 0.8330078125 1944434
0.07763671875 0.63720703125 0.83935546875 1944534
0.07763671875 0.63720703125 0.83935546875 1944538
0.07763671875 0.63720703125 0.83935546875 1944541
0.07763671875 0.63720703125 0.83935546875 1944542
0.05517578125 0.6318359375 0.8525390625 1944732
0.05517578125 0.6318359375 0.8525390625 1944733
0.05517578125 0.6318359375 0.8525390625 1944734
0.05517578125 0.6318359375 0.8525390625 1944735
0.0615234375 0.63916015625 0.83935546875 1944835
0.0615234375 0.63916015625 0.83935546875 1944835
0.0615234375 0.63916015625 0.83935546875 1944836
0.0615234375 0.63916015625 0.83935546875 1944838
0.05322265625 0.65185546875 0.86376953125 1944937
0.05322265625 0.65185546875 0.86376953125 1944937
0.05322265625 0.65185546875 0.86376953125 1944938
0.05322265625 0.65185546875 0.86376953125 1944939
0.0849609375 0.64404296875 0.8310546875 1945039
0.0849609375 0.64404296875 0.8310546875 1945040
0.0849609375 0.64404296875 0.8310546875 1945041
0.0849609375 0.64404296875 0.8310546875 1945041
0.080078125 0.64697265625 0.8193359375 1945232
0.080078125 0.64697265625 0.8193359375 1945232
0.080078125 0.64697265625 0.8193359375 1945233
0.080078125 0.64697265625 0.8193359375 1945233
0.0576171875 0.63232421875 0.82373046875 1945335
0.0576171875 0.63232421875 0.82373046875 1945336
0.0576171875 0.63232421875 0.82373046875 1945336
0.07177734375 0.65625 0.81982421875 1945439
0.07177734375 0.65625 0.81982421875 1945440
0.07177734375 0.65625 0.81982421875 1945440
0.07177734375 0.65625 0.81982421875 1945441
0.07568359375 0.63671875 0.82275390625 1945541
0.07568359375 0.63671875 0.82275390625 1945541
0.07568359375 0.63671875 0.82275390625 1945542
0.07568359375 0.63671875 0.82275390625 1945542
0.046875 0.63525390625 0.8330078125 1945737
0.046875 0.63525390625 0.8330078125 1945737
0.046875 0.63525390625 0.8330078125 1945738
0.046875 0.63525390625 0.8330078125 1945738
0.06201171875 0.630859375 0.8359375 1945840
0.06201171875 0.630859375 0.8359375 1945840
0.06201171875 0.630859375 0.8359375 1945840
0.06201171875 0.630859375 0.8359375 1945840
0.04150390625 0.62548828125 0.84716796875 1945941
0.04150390625 0.62548828125 0.84716796875 1945942
0.04150390625 0.62548828125 0.84716796875 1945942
0.04150390625 0.62548828125 0.84716796875 1945943
0.0556640625 0.61376953125 0.84814453125 1946130
0.0556640625 0.61376953125 0.84814453125 1946131
0.0556640625 0.61376953125 0.84814453125 1946131
0.0556640625 0.61376953125 0.84814453125 1946132
0.0478515625 0.62548828125 0.8486328125 1946232
0.0478515625 0.62548828125 0.8486328125 1946232
0.0478515625 0.62548828125 0.8486328125 1946233
0.0478515625 0.62548828125 0.8486328125 1946233
0.0205078125 0.5830078125 0.85302734375 1946334
0.0205078125 0.5830078125 0.85302734375 1946334
0.0205078125 0.5830078125 0.85302734375 1946335
0.02978515625 0.62451171875 0.86572265625 1946452
0.02978515625 0.62451171875 0.86572265625 1946453
0.02978515625 0.62451171875 0.86572265625 1946454
0.02978515625 0.62451171875 0.86572265625 1946454
0.0078125 0.62109375 0.8662109375 1946616
0.0078125 0.62109375 0.8662109375 1946617
0.0078125 0.62109375 0.8662109375 1946617
0.0078125 0.62109375 0.8662109375 1946618
0.01318359375 0.61962890625 0.8603515625 1946729
0.01318359375 0.61962890625 0.8603515625 1946729
0.01318359375 0.61962890625 0.8603515625 1946730
0.01318359375 0.61962890625 0.8603515625 1946732
0.01611328125 0.61572265625 0.859375 1946833
0.01611328125 0.61572265625 0.859375 1946834
0.01611328125 0.61572265625 0.859375 1946834
0.01611328125 0.61572265625 0.859375 1946835
0.00537109375 0.638671875 0.86083984375 1946936
0.00537109375 0.638671875 0.86083984375 1946936
0.00537109375 0.638671875 0.86083984375 1946937
0.00537109375 0.638671875 0.86083984375 1946938
0.0185546875 0.6162109375 0.85546875 1947039
0.0185546875 0.6162109375 0.85546875 1947040
0.0185546875 0.6162109375 0.85546875 1947040
0.0185546875 0.6162109375 0.85546875 1947041
0.02001953125 0.60205078125 0.84716796875 1947232
0.02001953125 0.60205078125 0.84716796875 1947232
0.02001953125 0.60205078125 0.84716796875 1947232
0.02001953125 0.60205078125 0.84716796875 1947233
0.01416015625 0.619140625 0.8525390625 1947335
0.01416015625 0.619140625 0.8525390625 1947335
0.01416015625 0.619140625 0.8525390625 1947336
0.01416015625 0.619140625 0.8525390625 1947337
0.02587890625 0.62890625 0.85302734375 1947437
0.02587890625 0.62890625 0.85302734375 1947437
0.02587890625 0.62890625 0.85302734375 1947438
0.02587890625 0.62890625 0.85302734375 1947438
0.0078125 0.6103515625 0.857421875 1947540
0.0078125 0.6103515625 0.857421875 1947540
0.0078125 0.6103515625 0.857421875 1947541
0.0078125 0.6103515625 0.857421875 1947541
0.0087890625 0.6064453125 0.8525390625 1947738
0.0087890625 0.6064453125 0.8525390625 1947738
0.0087890625 0.6064453125 0.8525390625 1947738
0.0087890625 0.6064453125 0.8525390625 1947739
0.02001953125 0.6162109375 0.85498046875 1947929
0.02001953125 0.6162109375 0.85498046875 1947929
0.02001953125 0.6162109375 0.85498046875 1947930
0.02001953125 0.6162109375 0.85498046875 1947930
0.009765625 0.6181640625 0.857421875 1948031
0.009765625 0.6181640625 0.857421875 1948032
0.009765625 0.6181640625 0.857421875 1948032
0.009765625 0.6181640625 0.857421875 1948033
0.00634765625 0.62060546875 0.8564453125 1948134
0.00634765625 0.62060546875 0.8564453125 1948135
0.00634765625 0.62060546875 0.8564453125 1948135
0.00634765625 0.62060546875 0.8564453125 1948136
0.01708984375 0.6181640625 0.84814453125 1948236
0.01708984375 0.6181640625 0.84814453125 1948236
0.01708984375 0.6181640625 0.84814453125 1948237
0.01708984375 0.6181640625 0.84814453125 1948237
0.0087890625 0.61962890625 0.853515625 1948338
0.0087890625 0.61962890625 0.853515625 1948338
0.0087890625 0.61962890625 0.853515625 1948339
0.0087890625 0.61962890625 0.853515625 1948339
0.001953125 0.61376953125 0.84716796875 1948529
0.001953125 0.61376953125 0.84716796875 1948529
0.001953125 0.61376953125 0.84716796875 1948530
0.001953125 0.61376953125 0.84716796875 1948530
0.00732421875 0.62841796875 0.8525390625 1948632
0.00732421875 0.62841796875 0.8525390625 1948632
0.00732421875 0.62841796875 0.8525390625 1948633
0.00732421875 0.62841796875 0.8525390625 1948633
-0.00537109375 0.61962890625 0.84716796875 1948734
-0.00537109375 0.61962890625 0.84716796875 1948734
-0.00537109375 0.61962890625 0.84716796875 1948735
-0.00537109375 0.61962890625 0.84716796875 1948735
-0.00634765625 0.6279296875 0.85107421875 1948836
-0.00634765625 0.6279296875 0.85107421875 1948837
-0.00634765625 0.6279296875 0.85107421875 1948837
-0.00634765625 0.6279296875 0.85107421875 1948838
-0.01025390625 0.63134765625 0.8447265625 1948938
-0.01025390625 0.63134765625 0.8447265625 1948938
-0.01025390625 0.63134765625 0.8447265625 1948939
-0.01025390625 0.63134765625 0.8447265625 1948940
-0.0048828125 0.62939453125 0.8447265625 1949128
-0.0048828125 0.62939453125 0.8447265625 1949128
-0.0048828125 0.62939453125 0.8447265625 1949129
-0.0048828125 0.62939453125 0.8447265625 1949129
-0.02685546875 0.64501953125 0.8564453125 1949230
-0.02685546875 0.64501953125 0.8564453125 1949231
-0.02685546875 0.64501953125 0.8564453125 1949231
-0.02685546875 0.64501953125 0.8564453125 1949232
0.013671875 0.62939453125 0.8427734375 1949332
0.013671875 0.62939453125 0.8427734375 1949332
0.013671875 0.62939453125 0.8427734375 1949333
0.013671875 0.62939453125 0.8427734375 1949333
-0.0078125 0.6279296875 0.84814453125 1949435
-0.0078125 0.6279296875 0.84814453125 1949435
-0.0078125 0.6279296875 0.84814453125 1949436
-0.0078125 0.6279296875 0.84814453125 1949436
0.00634765625 0.6240234375 0.84716796875 1949538
0.00634765625 0.6240234375 0.84716796875 1949539
0.00634765625 0.6240234375 0.84716796875 1949539
0.00634765625 0.6240234375 0.84716796875 1949539
-0.00732421875 0.62744140625 0.84619140625 1949652
-0.00732421875 0.62744140625 0.84619140625 1949653
-0.00732421875 0.62744140625 0.84619140625 1949653
-0.00732421875 0.62744140625 0.84619140625 1949654
0.0048828125 0.6357421875 0.853515625 1949816
0.0048828125 0.6357421875 0.853515625 1949816
0.0048828125 0.6357421875 0.853515625 1949817
0.0048828125 0.6357421875 0.853515625 1949817
0.0078125 0.638671875 0.83056640625 1949927
0.0078125 0.638671875 0.83056640625 1949927
0.0078125 0.638671875 0.83056640625 1949928
0.0078125 0.638671875 0.83056640625 1949929
-0.001953125 0.62548828125 0.845703125 1950029
-0.001953125 0.62548828125 0.845703125 1950029
-0.001953125 0.62548828125 0.845703125 1950029
-0.001953125 0.62548828125 0.845703125 1950030
0.00830078125 0.6357421875 0.85791015625 1950133
0.00830078125 0.6357421875 0.85791015625 1950134
0.00830078125 0.6357421875 0.85791015625 1950134
0.00830078125 0.6357421875 0.85791015625 1950135
0.0107421875 0.6513671875 0.82568359375 1950235
0.0107421875 0.6513671875 0.82568359375 1950236
0.0107421875 0.6513671875 0.82568359375 1950236
0.0107421875 0.6513671875 0.82568359375 1950236
0.00732421875 0.62060546875 0.84375 1950337
0.00732421875 0.62060546875 0.84375 1950337
0.00732421875 0.62060546875 0.84375 1950338
0.00732421875 0.62060546875 0.84375 1950339
0.01513671875 0.62353515625 0.8359375 1950527
0.01513671875 0.62353515625 0.8359375 1950527
0.01513671875 0.62353515625 0.8359375 1950528
0.01513671875 0.62353515625 0.8359375 1950528
0.00634765625 0.64990234375 0.8359375 1950629
0.00634765625 0.64990234375 0.8359375 1950629
0.00634765625 0.64990234375 0.8359375 1950630
0.00634765625 0.64990234375 0.8359375 1950630
-0.0224609375 0.62646484375 0.84228515625 1950733
-0.0224609375 0.62646484375 0.84228515625 1950733
-0.0224609375 0.62646484375 0.84228515625 1950734
-0.0224609375 0.62646484375 0.84228515625 1950734
0.02685546875 0.63134765625 0.830078125 1950835
0.02685546875 0.63134765625 0.830078125 1950835
0.02685546875 0.63134765625 0.830078125 1950835
0.02685546875 0.63134765625 0.830078125 1950836
-0.005859375 0.63818359375 0.83837890625 1951017
-0.005859375 0.63818359375 0.83837890625 1951040
-0.005859375 0.63818359375 0.83837890625 1951040
-0.005859375 0.63818359375 0.83837890625 1951041
0.017578125 0.64501953125 0.83740234375 1951127
-0.00927734375 0.62548828125 0.83056640625 1951230
-0.00927734375 0.62548828125 0.83056640625 1951230
-0.00927734375 0.62548828125 0.83056640625 1951230
-0.00927734375 0.62548828125 0.83056640625 1951231
0.00732421875 0.6572265625 0.8388671875 1951332
0.00732421875 0.6572265625 0.8388671875 1951332
0.00732421875 0.6572265625 0.8388671875 1951332
0.00732421875 0.6572265625 0.8388671875 1951333
-0.0048828125 0.6435546875 0.828125 1951434
-0.0048828125 0.6435546875 0.828125 1951434
-0.0048828125 0.6435546875 0.828125 1951435
-0.0048828125 0.6435546875 0.828125 1951435
0.013671875 0.64794921875 0.83447265625 1951537
0.013671875 0.64794921875 0.83447265625 1951537
0.013671875 0.64794921875 0.83447265625 1951538
0.013671875 0.64794921875 0.83447265625 1951538
-0.0107421875 0.642578125 0.83447265625 1951727
-0.0107421875 0.642578125 0.83447265625 1951727
-0.0107421875 0.642578125 0.83447265625 1951727
-0.0107421875 0.642578125 0.83447265625 1951728
0.0107421875 0.6416015625 0.83251953125 1951830
0.0107421875 0.6416015625 0.83251953125 1951830
0.0107421875 0.6416015625 0.83251953125 1951830
0.0107421875 0.6416015625 0.83251953125 1951831
-0.0107421875 0.640625 0.8349609375 1951932
-0.0107421875 0.640625 0.8349609375 1951932
-0.0107421875 0.640625 0.8349609375 1951932
-0.0107421875 0.640625 0.8349609375 1951933
0.009765625 0.63818359375 0.8369140625 1952035
0.009765625 0.63818359375 0.8369140625 1952035
0.009765625 0.63818359375 0.8369140625 1952036
0.009765625 0.63818359375 0.8369140625 1952036
0.00830078125 0.63232421875 0.83544921875 1952137
0.00830078125 0.63232421875 0.83544921875 1952137
0.00830078125 0.63232421875 0.83544921875 1952138
0.00830078125 0.63232421875 0.83544921875 1952138
0.01611328125 0.62158203125 0.83935546875 1952327
0.01611328125 0.62158203125 0.83935546875 1952327
0.01611328125 0.62158203125 0.83935546875 1952327
0.01611328125 0.62158203125 0.83935546875 1952328
0.02685546875 0.62939453125 0.8486328125 1952429
0.02685546875 0.62939453125 0.8486328125 1952430
0.02685546875 0.62939453125 0.8486328125 1952430
0.02685546875 0.62939453125 0.8486328125 1952430
0.02392578125 0.6142578125 0.83984375 1952532
0.02392578125 0.6142578125 0.83984375 1952533
0.02392578125 0.6142578125 0.83984375 1952533
0.02392578125 0.6142578125 0.83984375 1952533
0.05322265625 0.63232421875 0.84423828125 1952634
0.05322265625 0.63232421875 0.84423828125 1952635
0.05322265625 0.63232421875 0.84423828125 1952635
0.05322265625 0.63232421875 0.84423828125 1952635
0.03125 0.62890625 0.85302734375 1952737
0.03125 0.62890625 0.85302734375 1952738
0.03125 0.62890625 0.85302734375 1952738
0.03125 0.62890625 0.85302734375 1952738
0.0380859375 0.6044921875 0.857421875 1952928
0.0380859375 0.6044921875 0.857421875 1952928
0.0380859375 0.6044921875 0.857421875 1952929
0.0380859375 0.6044921875 0.857421875 1952929
0.05078125 0.63671875 0.8896484375 1953031
0.05078125 0.63671875 0.8896484375 1953032
0.05078125 0.63671875 0.8896484375 1953032
0.05078125 0.63671875 0.8896484375 1953032
0.04833984375 0.5888671875 0.8623046875 1953133
0.04833984375 0.5888671875 0.8623046875 1953133
0.04833984375 0.5888671875 0.8623046875 1953133
0.04833984375 0.5888671875 0.8623046875 1953134
0.03662109375 0.626953125 0.8642578125 1953236
0.03662109375 0.626953125 0.8642578125 1953236
0.03662109375 0.626953125 0.8642578125 1953237
0.03662109375 0.626953125 0.8642578125 1953237
0.02734375 0.6181640625 0.8701171875 1953338
0.02734375 0.6181640625 0.8701171875 1953338
0.02734375 0.6181640625 0.8701171875 1953339
0.02734375 0.6181640625 0.8701171875 1953339
0.064453125 0.5966796875 0.845703125 1953527
0.064453125 0.5966796875 0.845703125 1953527
0.064453125 0.5966796875 0.845703125 1953528
0.064453125 0.5966796875 0.845703125 1953528
0.033203125 0.607421875 0.83984375 1953629
0.033203125 0.607421875 0.83984375 1953629
0.033203125 0.607421875 0.83984375 1953630
0.033203125 0.607421875 0.83984375 1953630
0.02685546875 0.5791015625 0.82421875 1953732
0.02685546875 0.5791015625 0.82421875 1953732
0.02685546875 0.5791015625 0.82421875 1953733
0.060546875 0.6357421875 0.822265625 1953836
0.060546875 0.6357421875 0.822265625 1953837
0.060546875 0.6357421875 0.822265625 1953837
0.060546875 0.6357421875 0.822265625 1953838
0.0517578125 0.74755859375 0.8203125 1953938
0.0517578125 0.74755859375 0.8203125 1953938
0.0517578125 0.74755859375 0.8203125 1953939
0.0517578125 0.74755859375 0.8203125 1953940
0.4560546875 0.69970703125 0.67724609375 1954131
0.4560546875 0.69970703125 0.67724609375 1954132
0.4560546875 0.69970703125 0.67724609375 1954133
0.4560546875 0.69970703125 0.67724609375 1954134
0.80078125 0.52685546875 0.3759765625 1954327
0.80078125 0.52685546875 0.3759765625 1954327
0.80078125 0.52685546875 0.3759765625 1954328
0.80078125 0.52685546875 0.3759765625 1954328
0.9150390625 0.39990234375 0.19189453125 1954429
0.9150390625 0.39990234375 0.19189453125 1954429
0.9150390625 0.39990234375 0.19189453125 1954430
0.9150390625 0.39990234375 0.19189453125 1954431
1.00537109375 0.34423828125 0.05029296875 1954532
1.00537109375 0.34423828125 0.05029296875 1954532
1.00537109375 0.34423828125 0.05029296875 1954533
1.04296875 0.27783203125 -0.05224609375 1954636
1.04296875 0.27783203125 -0.05224609375 1954636
1.04296875 0.27783203125 -0.05224609375 1954637
1.04296875 0.27783203125 -0.05224609375 1954638
1.32958984375 0.62744140625 -0.2353515625 1954828
1.32958984375 0.62744140625 -0.2353515625 1954828
1.32958984375 0.62744140625 -0.2353515625 1954829
1.32958984375 0.62744140625 -0.2353515625 1954830
0.88037109375 0.111328125 -0.04443359375 1954930
0.88037109375 0.111328125 -0.04443359375 1954931
0.88037109375 0.111328125 -0.04443359375 1954931
0.88037109375 0.111328125 -0.04443359375 1954932
1.173828125 0.61962890625 -0.1220703125 1955033
1.173828125 0.61962890625 -0.1220703125 1955034
1.173828125 0.61962890625 -0.1220703125 1955034
1.173828125 0.61962890625 -0.1220703125 1955035
0.7236328125 0.05322265625 0.197265625 1955136
0.7236328125 0.05322265625 0.197265625 1955137
0.7236328125 0.05322265625 0.197265625 1955137
0.7236328125 0.05322265625 0.197265625 1955138
0.7392578125 0.48486328125 0.62890625 1955326
0.7392578125 0.48486328125 0.62890625 1955327
0.7392578125 0.48486328125 0.62890625 1955327
0.7392578125 0.48486328125 0.62890625 1955328
0.49658203125 0.517578125 0.8876953125 1955428
0.49658203125 0.517578125 0.8876953125 1955428
0.49658203125 0.517578125 0.8876953125 1955429
0.49658203125 0.517578125 0.8876953125 1955429
0.296875 0.283203125 0.90478515625 1955530
0.296875 0.283203125 0.90478515625 1955531
0.296875 0.283203125 0.90478515625 1955531
0.296875 0.283203125 0.90478515625 1955532
0.3515625 0.29296875 0.9072265625 1955634
0.3515625 0.29296875 0.9072265625 1955635
0.3515625 0.29296875 0.9072265625 1955635
0.3515625 0.29296875 0.9072265625 1955636
0.26416015625 0.32763671875 0.93310546875 1955736
0.26416015625 0.32763671875 0.93310546875 1955737
0.26416015625 0.32763671875 0.93310546875 1955737
0.26416015625 0.32763671875 0.93310546875 1955738
0.28955078125 0.36669921875 0.96337890625 1955931
0.28955078125 0.36669921875 0.96337890625 1955932
0.28955078125 0.36669921875 0.96337890625 1955933
0.28955078125 0.36669921875 0.96337890625 1955933
0.27294921875 0.36181640625 0.95458984375 1956048
0.27294921875 0.36181640625 0.95458984375 1956049
0.27294921875 0.36181640625 0.95458984375 1956050
0.27294921875 0.36181640625 0.95458984375 1956050
0.2724609375 0.3583984375 0.94189453125 1956215
0.2724609375 0.3583984375 0.94189453125 1956215
0.2724609375 0.3583984375 0.94189453125 1956216
0.2724609375 0.3583984375 0.94189453125 1956216
0.314453125 0.3955078125 0.9462890625 1956326
0.314453125 0.3955078125 0.9462890625 1956327
0.314453125 0.3955078125 0.9462890625 1956327
0.314453125 0.3955078125 0.9462890625 1956328
0.2919921875 0.37646484375 0.94970703125 1956428
0.2919921875 0.37646484375 0.94970703125 1956428
0.2919921875 0.37646484375 0.94970703125 1956429
0.2919921875 0.37646484375 0.94970703125 1956429
0.34130859375 0.42041015625 0.953125 1956531
0.34130859375 0.42041015625 0.953125 1956531
0.34130859375 0.42041015625 0.953125 1956532
0.34130859375 0.42041015625 0.953125 1956532
0.33740234375 0.3359375 0.90380859375 1956633
0.33740234375 0.3359375 0.90380859375 1956633
0.33740234375 0.3359375 0.90380859375 1956634
0.33740234375 0.3359375 0.90380859375 1956635
0.20947265625 0.22412109375 0.83544921875 1956739
0.20947265625 0.22412109375 0.83544921875 1956739
0.20947265625 0.22412109375 0.83544921875 1956740
0.20947265625 0.22412109375 0.83544921875 1956740
0.1640625 0.49853515625 0.9404296875 1956926
0.1640625 0.49853515625 0.9404296875 1956926
0.1640625 0.49853515625 0.9404296875 1956928
0.1640625 0.49853515625 0.9404296875 1956928
0.2470703125 0.54296875 0.89111328125 1957029
0.2470703125 0.54296875 0.89111328125 1957030
0.2470703125 0.54296875 0.89111328125 1957030
0.2470703125 0.54296875 0.89111328125 1957031
0.11181640625 0.61865234375 0.89208984375 1957131
0.11181640625 0.61865234375 0.89208984375 1957132
0.11181640625 0.61865234375 0.89208984375 1957132
0.11181640625 0.61865234375 0.89208984375 1957133
0.095703125 0.6630859375 0.90185546875 1957234
0.095703125 0.6630859375 0.90185546875 1957234
0.095703125 0.6630859375 0.90185546875 1957235
0.095703125 0.6630859375 0.90185546875 1957235
0.1005859375 0.78076171875 0.86279296875 1957336
0.1005859375 0.78076171875 0.86279296875 1957336
0.1005859375 0.78076171875 0.86279296875 1957337
0.1005859375 0.78076171875 0.86279296875 1957337
0.0224609375 0.6845703125 0.7861328125 1957527
0.0224609375 0.6845703125 0.7861328125 1957527
0.0224609375 0.6845703125 0.7861328125 1957528
0.0224609375 0.6845703125 0.7861328125 1957529
0.02734375 0.67333984375 0.8046875 1957629
0.02734375 0.67333984375 0.8046875 1957630
0.02734375 0.67333984375 0.8046875 1957631
0.02734375 0.67333984375 0.8046875 1957632
-0.02099609375 0.65234375 0.79345703125 1957732
-0.02099609375 0.65234375 0.79345703125 1957732
-0.02099609375 0.65234375 0.79345703125 1957733
-0.02099609375 0.65234375 0.79345703125 1957733
0.03466796875 0.66162109375 0.82275390625 1957834
0.03466796875 0.66162109375 0.82275390625 1957834
0.03466796875 0.66162109375 0.82275390625 1957835
0.03466796875 0.66162109375 0.82275390625 1957836
0.01025390625 0.634765625 0.80322265625 1957937
0.01025390625 0.634765625 0.80322265625 1957937
0.01025390625 0.634765625 0.80322265625 1957938
0.01025390625 0.634765625 0.80322265625 1957938
-0.04345703125 0.62451171875 0.8525390625 1958126
-0.04345703125 0.62451171875 0.8525390625 1958127
-0.04345703125 0.62451171875 0.8525390625 1958128
-0.04345703125 0.62451171875 0.8525390625 1958128
-0.0107421875 0.6123046875 0.89990234375 1958228
-0.0107421875 0.6123046875 0.89990234375 1958229
-0.0107421875 0.6123046875 0.89990234375 1958230
-0.0107421875 0.6123046875 0.89990234375 1958230
0.0029296875 0.56689453125 0.88525390625 1958331
0.0029296875 0.56689453125 0.88525390625 1958331
0.0029296875 0.56689453125 0.88525390625 1958332
0.0283203125 0.5517578125 0.90087890625 1958434
0.0283203125 0.5517578125 0.90087890625 1958436
0.0283203125 0.5517578125 0.90087890625 1958437
0.0283203125 0.5517578125 0.90087890625 1958437
0.04052734375 0.5947265625 0.908203125 1958537
0.04052734375 0.5947265625 0.908203125 1958537
0.04052734375 0.5947265625 0.908203125 1958537
0.04052734375 0.5947265625 0.908203125 1958538
0.09033203125 0.541015625 0.88330078125 1958723
0.09033203125 0.541015625 0.88330078125 1958724
0.09033203125 0.541015625 0.88330078125 1958725
0.09033203125 0.541015625 0.88330078125 1958725
0.0673828125 0.55859375 0.88330078125 1958826
0.0673828125 0.55859375 0.88330078125 1958827
0.0673828125 0.55859375 0.88330078125 1958827
0.0673828125 0.55859375 0.88330078125 1958827
0.11572265625 0.54248046875 0.8876953125 1958928
0.11572265625 0.54248046875 0.8876953125 1958928
0.11572265625 0.54248046875 0.8876953125 1958929
0.11572265625 0.54248046875 0.8876953125 1958929
0.083984375 0.529296875 0.876953125 1959031
0.083984375 0.529296875 0.876953125 1959032
0.083984375 0.529296875 0.876953125 1959032
0.1162109375 0.53271484375 0.87744140625 1959135
0.1162109375 0.53271484375 0.87744140625 1959135
0.1162109375 0.53271484375 0.87744140625 1959136
0.1162109375 0.53271484375 0.87744140625 1959136
0.1103515625 0.56640625 0.888671875 1959325
0.1103515625 0.56640625 0.888671875 1959325
0.1103515625 0.56640625 0.888671875 1959326
0.1103515625 0.56640625 0.888671875 1959326
0.0810546875 0.541015625 0.8818359375 1959428
0.0810546875 0.541015625 0.8818359375 1959429
0.0810546875 0.541015625 0.8818359375 1959430
0.0810546875 0.541015625 0.8818359375 1959431
0.09521484375 0.572265625 0.89599609375 1959534
0.09521484375 0.572265625 0.89599609375 1959534
0.09521484375 0.572265625 0.89599609375 1959535
0.09521484375 0.572265625 0.89599609375 1959535
0.08642578125 0.5771484375 0.8896484375 1959636
0.08642578125 0.5771484375 0.8896484375 1959636
0.08642578125 0.5771484375 0.8896484375 1959637
0.08642578125 0.5771484375 0.8896484375 1959637
0.080078125 0.56298828125 0.8955078125 1959825
0.080078125 0.56298828125 0.8955078125 1959825
0.080078125 0.56298828125 0.8955078125 1959826
0.080078125 0.56298828125 0.8955078125 1959826
0.08251953125 0.56884765625 0.8916015625 1959929
0.08251953125 0.56884765625 0.8916015625 1959929
0.08251953125 0.56884765625 0.8916015625 1959930
0.08251953125 0.56884765625 0.8916015625 1959930
0.080078125 0.54638671875 0.892578125 1960031
0.080078125 0.54638671875 0.892578125 1960031
0.080078125 0.54638671875 0.892578125 1960032
0.080078125 0.54638671875 0.892578125 1960033
0.0712890625 0.54638671875 0.88330078125 1960133
0.0712890625 0.54638671875 0.88330078125 1960134
0.0712890625 0.54638671875 0.88330078125 1960134
0.0712890625 0.54638671875 0.88330078125 1960136
0.0927734375 0.56591796875 0.8896484375 1960236
0.0927734375 0.56591796875 0.8896484375 1960236
0.0927734375 0.56591796875 0.8896484375 1960237
0.0927734375 0.56591796875 0.8896484375 1960238
0.08740234375 0.560546875 0.8828125 1960425
0.08740234375 0.560546875 0.8828125 1960426
0.08740234375 0.560546875 0.8828125 1960428
0.08740234375 0.560546875 0.8828125 1960428
0.07861328125 0.5615234375 0.88671875 1960531
0.07861328125 0.5615234375 0.88671875 1960531
0.07861328125 0.5615234375 0.88671875 1960532
0.07861328125 0.5615234375 0.88671875 1960533
0.0732421875 0.57421875 0.888671875 1960726
0.0732421875 0.57421875 0.888671875 1960726
0.0732421875 0.57421875 0.888671875 1960727
0.0732421875 0.57421875 0.888671875 1960727
0.07958984375 0.583984375 0.884765625 1960828
0.07958984375 0.583984375 0.884765625 1960828
0.07958984375 0.583984375 0.884765625 1960829
0.07958984375 0.583984375 0.884765625 1960830
0.0576171875 0.57568359375 0.87890625 1960936
0.0576171875 0.57568359375 0.87890625 1960936
0.0576171875 0.57568359375 0.87890625 1960937
0.0576171875 0.57568359375 0.87890625 1960937
0.0478515625 0.57177734375 0.89208984375 1961125
0.0478515625 0.57177734375 0.89208984375 1961125
0.0478515625 0.57177734375 0.89208984375 1961125
0.0478515625 0.57177734375 0.89208984375 1961125
0.04833984375 0.56787109375 0.8818359375 1961227
0.04833984375 0.56787109375 0.8818359375 1961227
0.04833984375 0.56787109375 0.8818359375 1961228
0.04833984375 0.56787109375 0.8818359375 1961228
0.0556640625 0.55859375 0.88427734375 1961330
0.0556640625 0.55859375 0.88427734375 1961330
0.0556640625 0.55859375 0.88427734375 1961331
0.0556640625 0.55859375 0.88427734375 1961332
0.04931640625 0.5654296875 0.8857421875 1961432
0.04931640625 0.5654296875 0.8857421875 1961433
0.04931640625 0.5654296875 0.8857421875 1961433
0.04931640625 0.5654296875 0.8857421875 1961434
0.0361328125 0.5625 0.8876953125 1961534
0.0361328125 0.5625 0.8876953125 1961534
0.0361328125 0.5625 0.8876953125 1961535
0.0361328125 0.5625 0.8876953125 1961535
0.0498046875 0.57763671875 0.888671875 1961728
0.0498046875 0.57763671875 0.888671875 1961729
0.0498046875 0.57763671875 0.888671875 1961729
0.0498046875 0.57763671875 0.888671875 1961730
0.06005859375 0.57421875 0.8828125 1961928
0.06005859375 0.57421875 0.8828125 1961928
0.06005859375 0.57421875 0.8828125 1961929
0.06005859375 0.57421875 0.8828125 1961930
0.0517578125 0.5419921875 0.8818359375 1962031
0.0517578125 0.5419921875 0.8818359375 1962031
0.0517578125 0.5419921875 0.8818359375 1962032
0.0517578125 0.5419921875 0.8818359375 1962032
0.05126953125 0.572265625 0.88037109375 1962133
0.05126953125 0.572265625 0.88037109375 1962133
0.05126953125 0.572265625 0.88037109375 1962134
0.05126953125 0.572265625 0.88037109375 1962134
0.056640625 0.583984375 0.88525390625 1962236
0.056640625 0.583984375 0.88525390625 1962237
0.056640625 0.583984375 0.88525390625 1962237
0.056640625 0.583984375 0.88525390625 1962238
0.04931640625 0.5859375 0.8818359375 1962425
0.04931640625 0.5859375 0.8818359375 1962425
0.04931640625 0.5859375 0.8818359375 1962426
0.04931640625 0.5859375 0.8818359375 1962426
0.056640625 0.58837890625 0.8720703125 1962528
0.056640625 0.58837890625 0.8720703125 1962528
0.056640625 0.58837890625 0.8720703125 1962529
0.056640625 0.58837890625 0.8720703125 1962529
0.0712890625 0.58056640625 0.87744140625 1962630
0.0712890625 0.58056640625 0.87744140625 1962630
0.0712890625 0.58056640625 0.87744140625 1962631
0.0712890625 0.58056640625 0.87744140625 1962631
0.02587890625 0.56982421875 0.87744140625 1962733
0.02587890625 0.56982421875 0.87744140625 1962747
0.02587890625 0.56982421875 0.87744140625 1962747
0.02587890625 0.56982421875 0.87744140625 1962748
0.04052734375 0.5634765625 0.8818359375 1962923
0.04052734375 0.5634765625 0.8818359375 1962924
0.04052734375 0.5634765625 0.8818359375 1962924
0.04052734375 0.5634765625 0.8818359375 1962925
0.0458984375 0.56689453125 0.8798828125 1963026
0.0458984375 0.56689453125 0.8798828125 1963026
0.0458984375 0.56689453125 0.8798828125 1963027
0.0458984375 0.56689453125 0.8798828125 1963027
0.0283203125 0.583984375 0.8798828125 1963128
0.0283203125 0.583984375 0.8798828125 1963129
0.0283203125 0.583984375 0.8798828125 1963129
0.0283203125 0.583984375 0.8798828125 1963130
0.0537109375 0.56103515625 0.87939453125 1963231
0.0537109375 0.56103515625 0.87939453125 1963231
0.0537109375 0.56103515625 0.87939453125 1963232
0.0537109375 0.56103515625 0.87939453125 1963233
0.044921875 0.56689453125 0.8837890625 1963333
0.044921875 0.56689453125 0.8837890625 1963334
0.044921875 0.56689453125 0.8837890625 1963334
0.044921875 0.56689453125 0.8837890625 1963335
0.05078125 0.57666015625 0.87841796875 1963523
0.05078125 0.57666015625 0.87841796875 1963523
0.05078125 0.57666015625 0.87841796875 1963524
0.05078125 0.57666015625 0.87841796875 1963524
0.02783203125 0.568359375 0.88037109375 1963625
0.02783203125 0.568359375 0.88037109375 1963626
0.02783203125 0.568359375 0.88037109375 1963627
0.02783203125 0.568359375 0.88037109375 1963627
0.0341796875 0.5595703125 0.8818359375 1963730
0.0341796875 0.5595703125 0.8818359375 1963731
0.0341796875 0.5595703125 0.8818359375 1963731
0.0341796875 0.5595703125 0.8818359375 1963732
0.0244140625 0.583984375 0.88330078125 1963923
0.0244140625 0.583984375 0.88330078125 1963924
0.0244140625 0.583984375 0.88330078125 1963924
0.0244140625 0.583984375 0.88330078125 1963924
0.0400390625 0.5693359375 0.8701171875 1964026
0.0400390625 0.5693359375 0.8701171875 1964026
0.0400390625 0.5693359375 0.8701171875 1964026
0.0400390625 0.5693359375 0.8701171875 1964027
0.0361328125 0.58349609375 0.8818359375 1964128
0.0361328125 0.58349609375 0.8818359375 1964129
0.0361328125 0.58349609375 0.8818359375 1964129
0.0361328125 0.58349609375 0.8818359375 1964130
0.0322265625 0.5654296875 0.87451171875 1964231
0.0322265625 0.5654296875 0.87451171875 1964232
0.0322265625 0.5654296875 0.87451171875 1964232
0.0322265625 0.5654296875 0.87451171875 1964233
0.02783203125 0.58349609375 0.88720703125 1964333
0.02783203125 0.58349609375 0.88720703125 1964333
0.02783203125 0.58349609375 0.88720703125 1964334
0.02783203125 0.58349609375 0.88720703125 1964335
0.02392578125 0.57861328125 0.88818359375 1964524
0.02392578125 0.57861328125 0.88818359375 1964525
0.02392578125 0.57861328125 0.88818359375 1964525
0.02392578125 0.57861328125 0.88818359375 1964526
0.009765625 0.57763671875 0.88427734375 1964626
0.009765625 0.57763671875 0.88427734375 1964627
0.009765625 0.57763671875 0.88427734375 1964627
0.009765625 0.57763671875 0.88427734375 1964627
0.033203125 0.578125 0.89208984375 1964728
0.033203125 0.578125 0.89208984375 1964728
0.033203125 0.578125 0.89208984375 1964729
0.033203125 0.578125 0.89208984375 1964730
-0.00439453125 0.58349609375 0.8916015625 1964831
-0.00439453125 0.58349609375 0.8916015625 1964831
-0.00439453125 0.58349609375 0.8916015625 1964832
-0.00439453125 0.58349609375 0.8916015625 1964832
0.03759765625 0.5673828125 0.876953125 1964933
0.03759765625 0.5673828125 0.876953125 1964934
0.03759765625 0.5673828125 0.876953125 1964934
0.03759765625 0.5673828125 0.876953125 1964935
0.0263671875 0.56689453125 0.88037109375 1965123
0.0263671875 0.56689453125 0.88037109375 1965123
0.0263671875 0.56689453125 0.88037109375 1965124
0.0263671875 0.56689453125 0.88037109375 1965125
0.0224609375 0.56298828125 0.8837890625 1965225
0.0224609375 0.56298828125 0.8837890625 1965225
0.0224609375 0.56298828125 0.8837890625 1965226
0.0224609375 0.56298828125 0.8837890625 1965226
0.0107421875 0.5810546875 0.88818359375 1965328
0.0107421875 0.5810546875 0.88818359375 1965328
0.0107421875 0.5810546875 0.88818359375 1965329
0.0107421875 0.5810546875 0.88818359375 1965330
0.01220703125 0.5634765625 0.880859375 1965430
0.01220703125 0.5634765625 0.880859375 1965430
0.01220703125 0.5634765625 0.880859375 1965431
0.01220703125 0.5634765625 0.880859375 1965431
0.02099609375 0.58349609375 0.8857421875 1965533
0.02099609375 0.58349609375 0.8857421875 1965533
0.02099609375 0.58349609375 0.8857421875 1965534
0.02099609375 0.58349609375 0.8857421875 1965534
0.00439453125 0.576171875 0.890625 1965724
0.00439453125 0.576171875 0.890625 1965725
0.00439453125 0.576171875 0.890625 1965725
0.00439453125 0.576171875 0.890625 1965726
0.02490234375 0.56787109375 0.88134765625 1965827
0.02490234375 0.56787109375 0.88134765625 1965827
0.02490234375 0.56787109375 0.88134765625 1965828
0.02490234375 0.56787109375 0.88134765625 1965828
0 0.57666015625 0.88134765625 1965948
0 0.57666015625 0.88134765625 1965949
0 0.57666015625 0.88134765625 1965949
0 0.57666015625 0.88134765625 1965950
0.01806640625 0.5732421875 0.88623046875 1966113
0.01806640625 0.5732421875 0.88623046875 1966114
0.01806640625 0.5732421875 0.88623046875 1966114
0.01806640625 0.5732421875 0.88623046875 1966114
0.01708984375 0.57861328125 0.89111328125 1966224
0.01708984375 0.57861328125 0.89111328125 1966225
0.01708984375 0.57861328125 0.89111328125 1966226
0.01708984375 0.57861328125 0.89111328125 1966226
0.0341796875 0.56787109375 0.88427734375 1966327
0.0341796875 0.56787109375 0.88427734375 1966328
0.0341796875 0.56787109375 0.88427734375 1966329
0.0341796875 0.56787109375 0.88427734375 1966330
0.01806640625 0.5546875 0.87939453125 1966429
0.01806640625 0.5546875 0.87939453125 1966429
0.01806640625 0.5546875 0.87939453125 1966430
0.0341796875 0.591796875 0.89453125 1966532
0.0341796875 0.591796875 0.89453125 1966532
0.0341796875 0.591796875 0.89453125 1966533
0.0341796875 0.591796875 0.89453125 1966534
0.00439453125 0.556640625 0.88037109375 1966634
0.00439453125 0.556640625 0.88037109375 1966635
0.00439453125 0.556640625 0.88037109375 1966635
0.00439453125 0.556640625 0.88037109375 1966636
0.01611328125 0.5771484375 0.892578125 1966823
0.01611328125 0.5771484375 0.892578125 1966823
0.01611328125 0.5771484375 0.892578125 1966824
0.01611328125 0.5771484375 0.892578125 1966824
0.00927734375 0.57275390625 0.8837890625 1966931
0.00927734375 0.57275390625 0.8837890625 1966932
0.00927734375 0.57275390625 0.8837890625 1966933
0.00927734375 0.57275390625 0.8837890625 1966933
0.02197265625 0.572265625 0.873046875 1967121
0.02197265625 0.572265625 0.873046875 1967121
0.02197265625 0.572265625 0.873046875 1967121
0.02197265625 0.572265625 0.873046875 1967122
0.01708984375 0.57568359375 0.890625 1967223
0.01708984375 0.57568359375 0.890625 1967223
0.01708984375 0.57568359375 0.890625 1967224
0.01708984375 0.57568359375 0.890625 1967225
0.01611328125 0.58056640625 0.88134765625 1967325
0.01611328125 0.58056640625 0.88134765625 1967326
0.01611328125 0.58056640625 0.88134765625 1967326
0.01611328125 0.58056640625 0.88134765625 1967327
0.0087890625 0.5615234375 0.888671875 1967428
0.0087890625 0.5615234375 0.888671875 1967428
0.0087890625 0.5615234375 0.888671875 1967429
-0.01123046875 0.57861328125 0.9150390625 1967532
-0.01123046875 0.57861328125 0.9150390625 1967532
-0.01123046875 0.57861328125 0.9150390625 1967533
-0.01123046875 0.57861328125 0.9150390625 1967534
-0.025390625 0.5400390625 0.9267578125 1967722
-0.025390625 0.5400390625 0.9267578125 1967722
-0.025390625 0.5400390625 0.9267578125 1967723
-0.025390625 0.5400390625 0.9267578125 1967723
-0.0380859375 0.54052734375 0.92919921875 1967825
-0.0380859375 0.54052734375 0.92919921875 1967825
-0.0380859375 0.54052734375 0.92919921875 1967826
-0.0380859375 0.54052734375 0.92919921875 1967827
-0.009765625 0.5439453125 0.9033203125 1967927
-0.009765625 0.5439453125 0.9033203125 1967927
-0.009765625 0.5439453125 0.9033203125 1967928
-0.009765625 0.5439453125 0.9033203125 1967928
0.05419921875 0.47412109375 0.8037109375 1968029
0.05419921875 0.47412109375 0.8037109375 1968029
0.05419921875 0.47412109375 0.8037109375 1968030
0.05419921875 0.47412109375 0.8037109375 1968031
-0.01171875 0.6396484375 0.8056640625 1968132
-0.01171875 0.6396484375 0.8056640625 1968132
-0.01171875 0.6396484375 0.8056640625 1968133
-0.01171875 0.6396484375 0.8056640625 1968133
0.29833984375 0.75244140625 0.81494140625 1968323
0.29833984375 0.75244140625 0.81494140625 1968324
0.29833984375 0.75244140625 0.81494140625 1968324
0.29833984375 0.75244140625 0.81494140625 1968325
0.51708984375 0.71630859375 0.68701171875 1968426
0.51708984375 0.71630859375 0.68701171875 1968427
0.51708984375 0.71630859375 0.68701171875 1968427
0.51708984375 0.71630859375 0.68701171875 1968428
0.72998046875 0.58056640625 0.54736328125 1968528
0.72998046875 0.58056640625 0.54736328125 1968528
0.72998046875 0.58056640625 0.54736328125 1968529
0.72998046875 0.58056640625 0.54736328125 1968530
0.91796875 0.44677734375 0.341796875 1968631
0.91796875 0.44677734375 0.341796875 1968631
0.91796875 0.44677734375 0.341796875 1968632
0.91796875 0.44677734375 0.341796875 1968633
0.88818359375 0.22412109375 0.18701171875 1968734
0.88818359375 0.22412109375 0.18701171875 1968735
0.88818359375 0.22412109375 0.18701171875 1968735
0.88818359375 0.22412109375 0.18701171875 1968736
1.15380859375 0.43408203125 -0.0205078125 1968923
1.15380859375 0.43408203125 -0.0205078125 1968925
1.15380859375 0.43408203125 -0.0205078125 1968925
1.15380859375 0.43408203125 -0.0205078125 1968926
0.92529296875 0.4404296875 0.267578125 1969026
0.92529296875 0.4404296875 0.267578125 1969027
0.92529296875 0.4404296875 0.267578125 1969027
0.92529296875 0.4404296875 0.267578125 1969028
0.48828125 0.76025390625 0.837890625 1969129
0.48828125 0.76025390625 0.837890625 1969129
0.48828125 0.76025390625 0.837890625 1969130
0.48828125 0.76025390625 0.837890625 1969131
0.34228515625 0.5087890625 0.87255859375 1969231
0.34228515625 0.5087890625 0.87255859375 1969232
0.34228515625 0.5087890625 0.87255859375 1969232
0.34228515625 0.5087890625 0.87255859375 1969233
0.2890625 0.341796875 0.88916015625 1969333
0.2890625 0.341796875 0.88916015625 1969333
0.2890625 0.341796875 0.88916015625 1969334
0.2890625 0.341796875 0.88916015625 1969334
0.13623046875 0.1708984375 0.9287109375 1969521
0.13623046875 0.1708984375 0.9287109375 1969522
0.13623046875 0.1708984375 0.9287109375 1969522
0.13623046875 0.1708984375 0.9287109375 1969523
0.13818359375 0.21923828125 1.0048828125 1969624
0.13818359375 0.21923828125 1.0048828125 1969626
0.13818359375 0.21923828125 1.0048828125 1969626
0.13818359375 0.21923828125 1.0048828125 1969627
0.19287109375 0.318359375 1.0048828125 1969727
0.19287109375 0.318359375 1.0048828125 1969727
0.19287109375 0.318359375 1.0048828125 1969728
0.19287109375 0.318359375 1.0048828125 1969728
0.12646484375 0.29833984375 1.01611328125 1969830
0.12646484375 0.29833984375 1.01611328125 1969831
0.12646484375 0.29833984375 1.01611328125 1969831
0.12646484375 0.29833984375 1.01611328125 1969832
0.13427734375 0.32177734375 1.0146484375 1969933
0.13427734375 0.32177734375 1.0146484375 1969933
0.13427734375 0.32177734375 1.0146484375 1969934
0.13427734375 0.32177734375 1.0146484375 1969934
0.1962890625 0.30419921875 0.98681640625 1970132
0.1962890625 0.30419921875 0.98681640625 1970132
0.1962890625 0.30419921875 0.98681640625 1970133
0.1962890625 0.30419921875 0.98681640625 1970133
0.0771484375 0.4775390625 0.9951171875 1970320
0.0771484375 0.4775390625 0.9951171875 1970321
0.0771484375 0.4775390625 0.9951171875 1970321
0.0771484375 0.4775390625 0.9951171875 1970321
-0.07958984375 0.66552734375 0.9306640625 1970423
-0.07958984375 0.66552734375 0.9306640625 1970423
-0.07958984375 0.66552734375 0.9306640625 1970424
-0.07958984375 0.66552734375 0.9306640625 1970425
0.01220703125 0.76318359375 0.80419921875 1970525
0.01220703125 0.76318359375 0.80419921875 1970525
0.01220703125 0.76318359375 0.80419921875 1970526
0.01220703125 0.76318359375 0.80419921875 1970526
0.021484375 0.8271484375 0.82373046875 1970628
0.021484375 0.8271484375 0.82373046875 1970628
0.021484375 0.8271484375 0.82373046875 1970629
0.021484375 0.8271484375 0.82373046875 1970629
-0.0263671875 0.72705078125 0.79833984375 1970731
-0.0263671875 0.72705078125 0.79833984375 1970731
-0.0263671875 0.72705078125 0.79833984375 1970732
-0.0263671875 0.72705078125 0.79833984375 1970733
-0.0673828125 0.72705078125 0.7998046875 1970920
-0.0673828125 0.72705078125 0.7998046875 1970920
-0.0673828125 0.72705078125 0.7998046875 1970921
-0.0673828125 0.72705078125 0.7998046875 1970921
-0.03173828125 0.6650390625 0.73046875 1971122
-0.03173828125 0.6650390625 0.73046875 1971122
-0.03173828125 0.6650390625 0.73046875 1971124
-0.03173828125 0.6650390625 0.73046875 1971125
-0.11083984375 0.73095703125 0.8310546875 1971224
-0.11083984375 0.73095703125 0.8310546875 1971224
-0.11083984375 0.73095703125 0.8310546875 1971225
-0.11083984375 0.73095703125 0.8310546875 1971225
-0.08935546875 0.66650390625 0.892578125 1971327
-0.08935546875 0.66650390625 0.892578125 1971328
-0.08935546875 0.66650390625 0.892578125 1971328
-0.07080078125 0.5908203125 0.88623046875 1971430
-0.07080078125 0.5908203125 0.88623046875 1971431
-0.07080078125 0.5908203125 0.88623046875 1971432
-0.07080078125 0.5908203125 0.88623046875 1971432
-0.05908203125 0.5595703125 0.876953125 1971624
-0.05908203125 0.5595703125 0.876953125 1971624
-0.05908203125 0.5595703125 0.876953125 1971625
-0.05908203125 0.5595703125 0.876953125 1971626
-0.046875 0.54638671875 0.876953125 1971727
-0.046875 0.54638671875 0.876953125 1971727
-0.046875 0.54638671875 0.876953125 1971728
-0.046875 0.54638671875 0.876953125 1971728
-0.056640625 0.54638671875 0.865234375 1971829
-0.056640625 0.54638671875 0.865234375 1971829
-0.056640625 0.54638671875 0.865234375 1971830
-0.056640625 0.54638671875 0.865234375 1971830
-0.013671875 0.5576171875 0.86328125 1971932
-0.013671875 0.5576171875 0.86328125 1971933
-0.013671875 0.5576171875 0.86328125 1971933
-0.013671875 0.5576171875 0.86328125 1971934
-0.0068359375 0.60546875 0.880859375 1972121
-0.0068359375 0.60546875 0.880859375 1972122
-0.0068359375 0.60546875 0.880859375 1972122
-0.0068359375 0.60546875 0.880859375 1972123
-0.01611328125 0.595703125 0.8759765625 1972225
-0.01611328125 0.595703125 0.8759765625 1972225
-0.01611328125 0.595703125 0.8759765625 1972226
-0.01611328125 0.595703125 0.8759765625 1972226
0.00048828125 0.5966796875 0.87060546875 1972327
0.00048828125 0.5966796875 0.87060546875 1972329
0.00048828125 0.5966796875 0.87060546875 1972330
0.00048828125 0.5966796875 0.87060546875 1972330
-0.00390625 0.58740234375 0.87158203125 1972429
-0.00390625 0.58740234375 0.87158203125 1972430
-0.00390625 0.58740234375 0.87158203125 1972431
-0.00390625 0.58740234375 0.87158203125 1972431
0.0009765625 0.5771484375 0.869140625 1972532
0.0009765625 0.5771484375 0.869140625 1972532
0.0009765625 0.5771484375 0.869140625 1972533
0.0009765625 0.5771484375 0.869140625 1972534
-0.00927734375 0.58447265625 0.8740234375 1972721
-0.00927734375 0.58447265625 0.8740234375 1972721
-0.00927734375 0.58447265625 0.8740234375 1972722
-0.00927734375 0.58447265625 0.8740234375 1972722
-0.01611328125 0.5888671875 0.8701171875 1972823
-0.01611328125 0.5888671875 0.8701171875 1972823
-0.01611328125 0.5888671875 0.8701171875 1972824
-0.01611328125 0.5888671875 0.8701171875 1972825
-0.01513671875 0.5712890625 0.87060546875 1972926
-0.01513671875 0.5712890625 0.87060546875 1972927
-0.01513671875 0.5712890625 0.87060546875 1972927
-0.01513671875 0.5712890625 0.87060546875 1972928
-0.025390625 0.6005859375 0.87890625 1973028
-0.025390625 0.6005859375 0.87890625 1973028
-0.025390625 0.6005859375 0.87890625 1973029
-0.025390625 0.6005859375 0.87890625 1973029
-0.02880859375 0.595703125 0.873046875 1973131
-0.02880859375 0.595703125 0.873046875 1973131
-0.02880859375 0.595703125 0.873046875 1973132
-0.02880859375 0.595703125 0.873046875 1973133
-0.025390625 0.591796875 0.873046875 1973331
-0.025390625 0.591796875 0.873046875 1973332
-0.025390625 0.591796875 0.873046875 1973332
-0.025390625 0.591796875 0.873046875 1973333
-0.033203125 0.58154296875 0.87548828125 1973521
-0.033203125 0.58154296875 0.87548828125 1973521
-0.033203125 0.58154296875 0.87548828125 1973522
-0.033203125 0.58154296875 0.87548828125 1973522
-0.025390625 0.58251953125 0.875 1973623
-0.025390625 0.58251953125 0.875 1973623
-0.025390625 0.58251953125 0.875 1973624
-0.025390625 0.58251953125 0.875 1973625
-0.01708984375 0.59228515625 0.880859375 1973725
-0.01708984375 0.59228515625 0.880859375 1973725
-0.01708984375 0.59228515625 0.880859375 1973726
-0.01708984375 0.59228515625 0.880859375 1973726
-0.021484375 0.57373046875 0.8701171875 1973829
-0.021484375 0.57373046875 0.8701171875 1973829
-0.021484375 0.57373046875 0.8701171875 1973830
-0.021484375 0.57373046875 0.8701171875 1973830
-0.0185546875 0.57763671875 0.8720703125 1973931
-0.0185546875 0.57763671875 0.8720703125 1973931
-0.0185546875 0.57763671875 0.8720703125 1973932
-0.0185546875 0.57763671875 0.8720703125 1973932
-0.017578125 0.6103515625 0.88525390625 1974121
-0.017578125 0.6103515625 0.88525390625 1974121
-0.017578125 0.6103515625 0.88525390625 1974122
-0.017578125 0.6103515625 0.88525390625 1974122
-0.0244140625 0.5849609375 0.86376953125 1974223
-0.0244140625 0.5849609375 0.86376953125 1974223
-0.0244140625 0.5849609375 0.86376953125 1974224
-0.0244140625 0.5849609375 0.86376953125 1974224
-0.02880859375 0.5849609375 0.88232421875 1974325
-0.02880859375 0.5849609375 0.88232421875 1974325
-0.02880859375 0.5849609375 0.88232421875 1974326
-0.01318359375 0.58837890625 0.87158203125 1974429
-0.01318359375 0.58837890625 0.87158203125 1974430
-0.01318359375 0.58837890625 0.87158203125 1974430
-0.01318359375 0.58837890625 0.87158203125 1974431
-0.02587890625 0.58447265625 0.8740234375 1974532
-0.02587890625 0.58447265625 0.8740234375 1974532
-0.02587890625 0.58447265625 0.8740234375 1974532
-0.02587890625 0.58447265625 0.8740234375 1974533
-0.04443359375 0.583984375 0.87353515625 1974723
-0.04443359375 0.583984375 0.87353515625 1974723
-0.04443359375 0.583984375 0.87353515625 1974723
-0.04443359375 0.583984375 0.87353515625 1974724
-0.01416015625 0.595703125 0.87158203125 1974826
-0.01416015625 0.595703125 0.87158203125 1974826
-0.01416015625 0.595703125 0.87158203125 1974827
-0.03857421875 0.58642578125 0.88525390625 1974930
-0.03857421875 0.58642578125 0.88525390625 1974930
-0.03857421875 0.58642578125 0.88525390625 1974930
-0.03857421875 0.58642578125 0.88525390625 1974931
-0.02392578125 0.58544921875 0.87451171875 1975119
-0.02392578125 0.58544921875 0.87451171875 1975119
-0.02392578125 0.58544921875 0.87451171875 1975120
-0.02392578125 0.58544921875 0.87451171875 1975120
-0.0263671875 0.59423828125 0.8759765625 1975222
-0.0263671875 0.59423828125 0.8759765625 1975222
-0.0263671875 0.59423828125 0.8759765625 1975223
-0.0263671875 0.59423828125 0.8759765625 1975224
-0.00732421875 0.5859375 0.8662109375 1975326
-0.00732421875 0.5859375 0.8662109375 1975327
-0.00732421875 0.5859375 0.8662109375 1975327
-0.0126953125 0.57666015625 0.8671875 1975429
-0.0126953125 0.57666015625 0.8671875 1975430
-0.0126953125 0.57666015625 0.8671875 1975431
-0.0126953125 0.57666015625 0.8671875 1975431
-0.01220703125 0.580078125 0.87353515625 1975623
-0.01220703125 0.580078125 0.87353515625 1975624
-0.01220703125 0.580078125 0.87353515625 1975625
-0.01220703125 0.580078125 0.87353515625 1975625
-0.00830078125 0.59033203125 0.8671875 1975726
-0.00830078125 0.59033203125 0.8671875 1975726
-0.00830078125 0.59033203125 0.8671875 1975727
-0.00830078125 0.59033203125 0.8671875 1975727
-0.01611328125 0.5927734375 0.8759765625 1975828
-0.01611328125 0.5927734375 0.8759765625 1975828
-0.01611328125 0.5927734375 0.8759765625 1975829
-0.01611328125 0.5927734375 0.8759765625 1975829
-0.02587890625 0.56005859375 0.8662109375 1975930
-0.02587890625 0.56005859375 0.8662109375 1975930
-0.02587890625 0.56005859375 0.8662109375 1975931
-0.02587890625 0.56005859375 0.8662109375 1975931
-0.03173828125 0.57568359375 0.87109375 1976111
-0.03173828125 0.57568359375 0.87109375 1976112
-0.03173828125 0.57568359375 0.87109375 1976112
-0.03173828125 0.57568359375 0.87109375 1976113
-0.03271484375 0.5859375 0.87841796875 1976223
-0.03271484375 0.5859375 0.87841796875 1976224
-0.03271484375 0.5859375 0.87841796875 1976224
-0.03271484375 0.5859375 0.87841796875 1976225
-0.00341796875 0.59228515625 0.869140625 1976325
-0.00341796875 0.59228515625 0.869140625 1976325
-0.00341796875 0.59228515625 0.869140625 1976326
-0.00341796875 0.59228515625 0.869140625 1976326
-0.03515625 0.5869140625 0.8759765625 1976429
-0.03515625 0.5869140625 0.8759765625 1976429
-0.03515625 0.5869140625 0.8759765625 1976429
-0.03515625 0.5869140625 0.8759765625 1976429
-0.01171875 0.60400390625 0.87890625 1976539
-0.01171875 0.60400390625 0.87890625 1976540
-0.01171875 0.60400390625 0.87890625 1976540
-0.01171875 0.60400390625 0.87890625 1976541
-0.02880859375 0.57666015625 0.8740234375 1976721
-0.02880859375 0.57666015625 0.8740234375 1976721
-0.02880859375 0.57666015625 0.8740234375 1976722
-0.02880859375 0.57666015625 0.8740234375 1976722
-0.00439453125 0.59619140625 0.87451171875 1976823
-0.00439453125 0.59619140625 0.87451171875 1976824
-0.00439453125 0.59619140625 0.87451171875 1976825
-0.00439453125 0.59619140625 0.87451171875 1976826
-0.021484375 0.58056640625 0.87451171875 1976925
-0.021484375 0.58056640625 0.87451171875 1976925
-0.021484375 0.58056640625 0.87451171875 1976926
-0.021484375 0.58056640625 0.87451171875 1976926
-0.02734375 0.5966796875 0.87841796875 1977028
-0.02734375 0.5966796875 0.87841796875 1977028
-0.02734375 0.5966796875 0.87841796875 1977029
-0.02734375 0.5966796875 0.87841796875 1977030
-0.01904296875 0.578125 0.87158203125 1977131
-0.01904296875 0.578125 0.87158203125 1977131
-0.01904296875 0.578125 0.87158203125 1977132
-0.01904296875 0.578125 0.87158203125 1977132
-0.02392578125 0.60107421875 0.875 1977319
-0.02392578125 0.60107421875 0.875 1977319
-0.02392578125 0.60107421875 0.875 1977320
-0.02392578125 0.60107421875 0.875 1977320
-0.0224609375 0.57470703125 0.8671875 1977422
-0.0224609375 0.57470703125 0.8671875 1977422
-0.0224609375 0.57470703125 0.8671875 1977423
-0.0224609375 0.57470703125 0.8671875 1977423
-0.005859375 0.59423828125 0.873046875 1977525
-0.005859375 0.59423828125 0.873046875 1977525
-0.005859375 0.59423828125 0.873046875 1977526
-0.005859375 0.59423828125 0.873046875 1977526
-0.03125 0.5771484375 0.869140625 1977627
-0.03125 0.5771484375 0.869140625 1977627
-0.03125 0.5771484375 0.869140625 1977628
-0.03125 0.5771484375 0.869140625 1977629
-0.0263671875 0.60107421875 0.88671875 1977729
-0.0263671875 0.60107421875 0.88671875 1977741
-0.0263671875 0.60107421875 0.88671875 1977742
-0.0263671875 0.60107421875 0.88671875 1977742
-0.02490234375 0.58154296875 0.8720703125 1977922
-0.02490234375 0.58154296875 0.8720703125 1977923
-0.02490234375 0.58154296875 0.8720703125 1977923
-0.02490234375 0.58154296875 0.8720703125 1977924
-0.02099609375 0.6064453125 0.87890625 1978025
-0.02099609375 0.6064453125 0.87890625 1978026
-0.02099609375 0.6064453125 0.87890625 1978027
-0.02099609375 0.6064453125 0.87890625 1978028
-0.0263671875 0.58447265625 0.87255859375 1978126
-0.0263671875 0.58447265625 0.87255859375 1978126
-0.0263671875 0.58447265625 0.87255859375 1978127
-0.02685546875 0.57763671875 0.87841796875 1978229
-0.02685546875 0.57763671875 0.87841796875 1978229
-0.02685546875 0.57763671875 0.87841796875 1978230
-0.02685546875 0.57763671875 0.87841796875 1978230
-0.0244140625 0.595703125 0.87646484375 1978420
-0.0244140625 0.595703125 0.87646484375 1978420
-0.0244140625 0.595703125 0.87646484375 1978421
-0.0244140625 0.595703125 0.87646484375 1978421
-0.02099609375 0.60888671875 0.873046875 1978524
-0.02099609375 0.60888671875 0.873046875 1978524
-0.02099609375 0.60888671875 0.873046875 1978525
-0.02490234375 0.57666015625 0.86962890625 1978628
-0.02490234375 0.57666015625 0.86962890625 1978628
-0.02490234375 0.57666015625 0.86962890625 1978628
-0.02490234375 0.57666015625 0.86962890625 1978629
-0.017578125 0.59814453125 0.87646484375 1978730
-0.017578125 0.59814453125 0.87646484375 1978730
-0.017578125 0.59814453125 0.87646484375 1978731
-0.017578125 0.59814453125 0.87646484375 1978731
-0.02099609375 0.58349609375 0.8701171875 1978918
-0.02099609375 0.58349609375 0.8701171875 1978918
-0.02099609375 0.58349609375 0.8701171875 1978919
-0.02099609375 0.58349609375 0.8701171875 1978919
-0.0244140625 0.5927734375 0.8759765625 1979020
-0.0244140625 0.5927734375 0.8759765625 1979020
-0.0244140625 0.5927734375 0.8759765625 1979020
-0.0244140625 0.5927734375 0.8759765625 1979021
-0.0185546875 0.58837890625 0.873046875 1979122
-0.0185546875 0.58837890625 0.873046875 1979122
-0.0185546875 0.58837890625 0.873046875 1979122
-0.0185546875 0.58837890625 0.873046875 1979123
-0.01953125 0.58203125 0.87255859375 1979225
-0.01953125 0.58203125 0.87255859375 1979249
-0.01953125 0.58203125 0.87255859375 1979273
-0.01953125 0.58203125 0.87255859375 1979274
-0.02783203125 0.58984375 0.8720703125 1979338
-0.01123046875 0.5966796875 0.8759765625 1979415
-0.01123046875 0.5966796875 0.8759765625 1979416
-0.01123046875 0.5966796875 0.8759765625 1979417
-0.02783203125 0.58251953125 0.869140625 1979557
-0.02783203125 0.58251953125 0.869140625 1979557
-0.02783203125 0.58251953125 0.869140625 1979558
-0.02783203125 0.58251953125 0.869140625 1979558
-0.021484375 0.58154296875 0.86474609375 1979810
-0.021484375 0.58154296875 0.86474609375 1979811
-0.021484375 0.58154296875 0.86474609375 1979812
-0.021484375 0.58154296875 0.86474609375 1979812
-0.033203125 0.58203125 0.86572265625 1979920
-0.033203125 0.58203125 0.86572265625 1979920
-0.033203125 0.58203125 0.86572265625 1979920
-0.033203125 0.58203125 0.86572265625 1979921
-0.01806640625 0.59814453125 0.86572265625 1980022
-0.01806640625 0.59814453125 0.86572265625 1980023
-0.01806640625 0.59814453125 0.86572265625 1980023
-0.01806640625 0.59814453125 0.86572265625 1980023
-0.0166015625 0.61376953125 0.87158203125 1980125
-0.0166015625 0.61376953125 0.87158203125 1980125
-0.0166015625 0.61376953125 0.87158203125 1980126
-0.0166015625 0.61376953125 0.87158203125 1980126
-0.00927734375 0.595703125 0.865234375 1980227
-0.00927734375 0.595703125 0.865234375 1980228
-0.00927734375 0.595703125 0.865234375 1980228
-0.00927734375 0.595703125 0.865234375 1980228
-0.0126953125 0.6123046875 0.8779296875 1980421
-0.0126953125 0.6123046875 0.8779296875 1980422
-0.0126953125 0.6123046875 0.8779296875 1980422
-0.0126953125 0.6123046875 0.8779296875 1980422
-0.00830078125 0.58056640625 0.86328125 1980525
-0.00830078125 0.58056640625 0.86328125 1980525
-0.00830078125 0.58056640625 0.86328125 1980526
-0.00830078125 0.58056640625 0.86328125 1980526
0.001953125 0.603515625 0.8701171875 1980647
0.001953125 0.603515625 0.8701171875 1980648
0.001953125 0.603515625 0.8701171875 1980649
0.001953125 0.603515625 0.8701171875 1980649
-0.02392578125 0.5927734375 0.87646484375 1980806
-0.02392578125 0.5927734375 0.87646484375 1980807
-0.02392578125 0.5927734375 0.87646484375 1980807
-0.02392578125 0.5927734375 0.87646484375 1980807
-0.01025390625 0.6005859375 0.8681640625 1980918
-0.01025390625 0.6005859375 0.8681640625 1980918
-0.01025390625 0.6005859375 0.8681640625 1980919
-0.01025390625 0.6005859375 0.8681640625 1980919
-0.02099609375 0.607421875 0.87890625 1981124
-0.02099609375 0.607421875 0.87890625 1981124
-0.02099609375 0.607421875 0.87890625 1981126
-0.02099609375 0.607421875 0.87890625 1981126
-0.01123046875 0.5869140625 0.8642578125 1981227
-0.01123046875 0.5869140625 0.8642578125 1981227
-0.01123046875 0.5869140625 0.8642578125 1981227
-0.01123046875 0.5869140625 0.8642578125 1981228
-0.0263671875 0.5966796875 0.87255859375 1981329
-0.0263671875 0.5966796875 0.87255859375 1981329
-0.0263671875 0.5966796875 0.87255859375 1981329
-0.0263671875 0.5966796875 0.87255859375 1981330
-0.02783203125 0.5859375 0.876953125 1981517
-0.02783203125 0.5859375 0.876953125 1981524
-0.02783203125 0.5859375 0.876953125 1981525
-0.02783203125 0.5859375 0.876953125 1981525
-0.01220703125 0.6005859375 0.865234375 1981620
-0.013671875 0.5869140625 0.8623046875 1981725
-0.013671875 0.5869140625 0.8623046875 1981725
-0.013671875 0.5869140625 0.8623046875 1981725
-0.013671875 0.5869140625 0.8623046875 1981726
-0.0595703125 0.5791015625 0.90283203125 1981828
-0.0595703125 0.5791015625 0.90283203125 1981828
-0.0595703125 0.5791015625 0.90283203125 1981828
-0.0595703125 0.5791015625 0.90283203125 1981829
-0.04052734375 0.56201171875 0.92626953125 1982019
-0.04052734375 0.56201171875 0.92626953125 1982019
-0.04052734375 0.56201171875 0.92626953125 1982019
-0.04052734375 0.56201171875 0.92626953125 1982020
-0.04345703125 0.56396484375 0.8837890625 1982121
-0.04345703125 0.56396484375 0.8837890625 1982121
-0.04345703125 0.56396484375 0.8837890625 1982122
-0.04345703125 0.56396484375 0.8837890625 1982122
0.0556640625 0.4951171875 0.79638671875 1982224
0.0556640625 0.4951171875 0.79638671875 1982224
0.0556640625 0.4951171875 0.79638671875 1982225
0.0556640625 0.4951171875 0.79638671875 1982225
0.0537109375 0.58544921875 0.779296875 1982326
0.0537109375 0.58544921875 0.779296875 1982326
0.0537109375 0.58544921875 0.779296875 1982326
0.0537109375 0.58544921875 0.779296875 1982327
0.005859375 0.67041015625 0.8017578125 1982429
0.005859375 0.67041015625 0.8017578125 1982429
0.005859375 0.67041015625 0.8017578125 1982429
0.005859375 0.67041015625 0.8017578125 1982430
0.4365234375 0.7451171875 0.74853515625 1982619
0.4365234375 0.7451171875 0.74853515625 1982619
0.4365234375 0.7451171875 0.74853515625 1982619
0.4365234375 0.7451171875 0.74853515625 1982620
0.76025390625 0.65966796875 0.51171875 1982721
0.76025390625 0.65966796875 0.51171875 1982721
0.76025390625 0.65966796875 0.51171875 1982721
0.76025390625 0.65966796875 0.51171875 1982722
0.869140625 0.54248046875 0.35888671875 1982823
0.869140625 0.54248046875 0.35888671875 1982823
0.869140625 0.54248046875 0.35888671875 1982824
0.869140625 0.54248046875 0.35888671875 1982824
