33.69140625 34.24072265625 32.958984375 1937222
33.69140625 34.24072265625 32.958984375 1937222
-8.85009765625 6.04248046875 -2.86865234375 1937256
-8.85009765625 6.04248046875 -2.86865234375 1937256
-8.85009765625 6.04248046875 -2.86865234375 1937257
9.70458984375 -5.79833984375 3.5400390625 1937335
-2.685546875 -0.18310546875 -0.48828125 1937437
-7.32421875 -1.15966796875 4.150390625 1937438
-7.32421875 -1.15966796875 4.150390625 1937438
-7.32421875 -1.15966796875 4.150390625 1937438
-7.32421875 -1.15966796875 4.150390625 1937540
-6.34765625 1.8310546875 1.0986328125 1937541
-6.34765625 1.8310546875 1.0986328125 1937541
-6.34765625 1.8310546875 1.0986328125 1937541
-6.34765625 1.8310546875 1.0986328125 1937642
-9.09423828125 0.30517578125 -0.732421875 1937663
-9.09423828125 0.30517578125 -0.732421875 1937664
-9.09423828125 0.30517578125 -0.732421875 1937664
-2.01416015625 0.91552734375 0.48828125 1937835
-6.04248046875 -0.67138671875 0.244140625 1937835
-6.04248046875 -0.67138671875 0.244140625 1937836
-6.04248046875 -0.67138671875 0.244140625 1937836
-3.72314453125 3.90625 0.06103515625 1937937
-3.72314453125 3.90625 0.06103515625 1937938
-3.72314453125 3.90625 0.06103515625 1937938
-3.72314453125 3.90625 0.06103515625 1938041
-1.89208984375 2.62451171875 0.18310546875 1938041
-1.89208984375 2.62451171875 0.18310546875 1938041
-1.89208984375 2.62451171875 0.18310546875 1938042
-1.89208984375 2.62451171875 0.18310546875 1938205
2.99072265625 -3.5400390625 3.0517578125 1938205
2.99072265625 -3.5400390625 3.0517578125 1938206
2.99072265625 -3.5400390625 3.0517578125 1938206
-8.6669921875 9.82666015625 -1.8310546875 1938331
-2.62451171875 9.70458984375 5.615234375 1938331
-2.62451171875 9.70458984375 5.615234375 1938332
-2.62451171875 9.70458984375 5.615234375 1938332
-2.62451171875 9.70458984375 5.615234375 1938433
-6.591796875 5.06591796875 -5.37109375 1938434
-6.591796875 5.06591796875 -5.37109375 1938434
-6.591796875 5.06591796875 -5.37109375 1938435
-6.591796875 5.06591796875 -5.37109375 1938536
-9.82666015625 5.615234375 1.0986328125 1938536
-9.82666015625 5.615234375 1.0986328125 1938537
-9.82666015625 5.615234375 1.0986328125 1938537
-9.82666015625 5.615234375 1.0986328125 1938638
-18.9208984375 8.9111328125 3.96728515625 1938639
-18.9208984375 8.9111328125 3.96728515625 1938639
-18.9208984375 8.9111328125 3.96728515625 1938640
-18.9208984375 8.9111328125 3.96728515625 1938741
-10.8642578125 -27.9541015625 8.7890625 1938741
-10.8642578125 -27.9541015625 8.7890625 1938741
-10.8642578125 -27.9541015625 8.7890625 1938742
-21.3623046875 26.06201171875 -4.8828125 1938931
-5.615234375 -25.93994140625 10.3759765625 1938931
-5.615234375 -25.93994140625 10.3759765625 1938931
-5.615234375 -25.93994140625 10.3759765625 1938932
-5.615234375 -25.93994140625 10.3759765625 1939034
-1.28173828125 -21.05712890625 7.4462890625 1939034
-1.28173828125 -21.05712890625 7.4462890625 1939034
-1.28173828125 -21.05712890625 7.4462890625 1939035
-1.28173828125 -21.05712890625 7.4462890625 1939136
-7.50732421875 3.84521484375 0.244140625 1939136
-7.50732421875 3.84521484375 0.244140625 1939136
-7.50732421875 3.84521484375 0.244140625 1939137
-7.50732421875 3.84521484375 0.244140625 1939238
-11.1083984375 25.81787109375 -1.15966796875 1939238
-11.1083984375 25.81787109375 -1.15966796875 1939239
-11.1083984375 25.81787109375 -1.15966796875 1939239
-11.1083984375 25.81787109375 -1.15966796875 1939341
-1.40380859375 -23.8037109375 7.87353515625 1939341
-1.40380859375 -23.8037109375 7.87353515625 1939341
-1.40380859375 -23.8037109375 7.87353515625 1939342
10.92529296875 54.38232421875 -13.427734375 1939531
46.93603515625 20.751953125 0.06103515625 1939532
46.93603515625 20.751953125 0.06103515625 1939532
46.93603515625 20.751953125 0.06103515625 1939533
46.93603515625 20.751953125 0.06103515625 1939633
41.56494140625 11.65771484375 15.13671875 1939633
41.56494140625 11.65771484375 15.13671875 1939634
41.56494140625 11.65771484375 15.13671875 1939634
41.56494140625 11.65771484375 15.13671875 1939736
9.765625 -7.6904296875 5.2490234375 1939736
9.765625 -7.6904296875 5.2490234375 1939737
9.765625 -7.6904296875 5.2490234375 1939737
9.765625 -7.6904296875 5.2490234375 1939839
7.26318359375 8.97216796875 2.86865234375 1939839
7.26318359375 8.97216796875 2.86865234375 1939839
7.26318359375 8.97216796875 2.86865234375 1939840
7.26318359375 8.97216796875 2.86865234375 1939945
-5.0048828125 11.23046875 -0.30517578125 1939946
-5.0048828125 11.23046875 -0.30517578125 1939947
-5.0048828125 11.23046875 -0.30517578125 1939947
-0.91552734375 2.38037109375 1.3427734375 1940133
-2.44140625 4.82177734375 -2.38037109375 1940133
-2.44140625 4.82177734375 -2.38037109375 1940134
-2.44140625 4.82177734375 -2.38037109375 1940134
-2.44140625 4.82177734375 -2.38037109375 1940235
-2.86865234375 -2.0751953125 1.708984375 1940235
-2.86865234375 -2.0751953125 1.708984375 1940236
-2.86865234375 -2.0751953125 1.708984375 1940236
-2.86865234375 -2.0751953125 1.708984375 1940339
-2.50244140625 -0.30517578125 0.48828125 1940339
-2.50244140625 -0.30517578125 0.48828125 1940340
-2.50244140625 -0.30517578125 0.48828125 1940340
-2.50244140625 -0.30517578125 0.48828125 1940441
-5.37109375 -1.0986328125 -0.6103515625 1940441
-5.37109375 -1.0986328125 -0.6103515625 1940441
-5.37109375 -1.0986328125 -0.6103515625 1940442
-5.37109375 -1.0986328125 -0.6103515625 1940555
2.685546875 -1.0986328125 1.64794921875 1940555
2.685546875 -1.0986328125 1.64794921875 1940556
2.685546875 -1.0986328125 1.64794921875 1940556
-0.3662109375 0 -0.6103515625 1940740
-1.5869140625 -0.1220703125 0.79345703125 1940740
-1.5869140625 -0.1220703125 0.79345703125 1940740
-1.5869140625 -0.1220703125 0.79345703125 1940741
-1.5869140625 -0.1220703125 0.79345703125 1940848
0.6103515625 -3.5400390625 1.64794921875 1940849
0.6103515625 -3.5400390625 1.64794921875 1940849
0.6103515625 -3.5400390625 1.64794921875 1940850
0.67138671875 0.1220703125 -0.42724609375 1941043
-3.72314453125 7.62939453125 -4.94384765625 1941044
-3.72314453125 7.62939453125 -4.94384765625 1941044
-3.72314453125 7.62939453125 -4.94384765625 1941044
-1.89208984375 7.568359375 0.1220703125 1941233
2.5634765625 0 2.197265625 1941235
2.5634765625 0 2.197265625 1941235
2.5634765625 0 2.197265625 1941235
2.5634765625 0 2.197265625 1941336
-1.03759765625 6.9580078125 0.244140625 1941337
-1.03759765625 6.9580078125 0.244140625 1941337
-1.03759765625 6.9580078125 0.244140625 1941337
0 -24.2919921875 9.46044921875 1941531
-0.42724609375 10.009765625 -2.99072265625 1941531
-0.42724609375 10.009765625 -2.99072265625 1941532
-0.42724609375 10.009765625 -2.99072265625 1941532
0.91552734375 2.44140625 1.8310546875 1941636
0.91552734375 2.44140625 1.8310546875 1941636
0.91552734375 2.44140625 1.8310546875 1941637
0.91552734375 2.44140625 1.8310546875 1941742
0.67138671875 8.6669921875 -2.3193359375 1941742
0.67138671875 8.6669921875 -2.3193359375 1941743
0.67138671875 8.6669921875 -2.3193359375 1941743
1.708984375 7.4462890625 2.8076171875 1941930
5.43212890625 -0.1220703125 1.89208984375 1941930
5.43212890625 -0.1220703125 1.89208984375 1941931
5.43212890625 -0.1220703125 1.89208984375 1941932
5.43212890625 -0.1220703125 1.89208984375 1942033
-27.7099609375 12.0849609375 -2.3193359375 1942033
-27.7099609375 12.0849609375 -2.3193359375 1942034
-27.7099609375 12.0849609375 -2.3193359375 1942035
0.91552734375 2.44140625 0.79345703125 1942137
0.91552734375 2.44140625 0.79345703125 1942137
0.91552734375 2.44140625 0.79345703125 1942138
0.91552734375 2.44140625 0.79345703125 1942239
-11.474609375 -5.79833984375 4.39453125 1942239
-11.474609375 -5.79833984375 4.39453125 1942240
-11.474609375 -5.79833984375 4.39453125 1942240
-11.90185546875 -7.62939453125 5.06591796875 1942434
0.54931640625 -8.97216796875 4.57763671875 1942434
0.54931640625 -8.97216796875 4.57763671875 1942434
0.54931640625 -8.97216796875 4.57763671875 1942435
5.7373046875 -4.69970703125 1.15966796875 1942536
5.7373046875 -4.69970703125 1.15966796875 1942536
5.7373046875 -4.69970703125 1.15966796875 1942537
5.7373046875 -4.69970703125 1.15966796875 1942665
5.43212890625 1.28173828125 -7.4462890625 1942665
5.43212890625 1.28173828125 -7.4462890625 1942666
5.43212890625 1.28173828125 -7.4462890625 1942666
-2.13623046875 6.40869140625 -3.41796875 1942837
-2.9296875 -0.1220703125 -0.6103515625 1942838
-2.9296875 -0.1220703125 -0.6103515625 1942838
-2.9296875 -0.1220703125 -0.6103515625 1942839
-2.9296875 -0.1220703125 -0.6103515625 1942939
-0.6103515625 -0.732421875 1.0986328125 1942940
-0.6103515625 -0.732421875 1.0986328125 1942941
-0.6103515625 -0.732421875 1.0986328125 1942941
-0.6103515625 -0.732421875 1.0986328125 1943041
0.30517578125 -1.03759765625 4.5166015625 1943041
0.30517578125 -1.03759765625 4.5166015625 1943042
0.30517578125 -1.03759765625 4.5166015625 1943042
2.0751953125 -1.220703125 0.48828125 1943232
0.48828125 -0.9765625 -0.48828125 1943232
0.48828125 -0.9765625 -0.48828125 1943233
0.48828125 -0.9765625 -0.48828125 1943233
0.48828125 -0.9765625 -0.48828125 1943336
0.48828125 1.220703125 -0.79345703125 1943336
0.48828125 1.220703125 -0.79345703125 1943337
0.48828125 1.220703125 -0.79345703125 1943338
0.48828125 1.220703125 -0.79345703125 1943439
1.3427734375 1.46484375 -1.0986328125 1943439
1.3427734375 1.46484375 -1.0986328125 1943440
1.3427734375 1.46484375 -1.0986328125 1943441
1.3427734375 1.46484375 -1.0986328125 1943541
-1.28173828125 0.732421875 0.1220703125 1943541
-1.28173828125 0.732421875 0.1220703125 1943542
-1.28173828125 0.732421875 0.1220703125 1943543
0.67138671875 2.5634765625 -0.42724609375 1943730
1.953125 -0.244140625 -1.8310546875 1943730
1.953125 -0.244140625 -1.8310546875 1943731
1.953125 -0.244140625 -1.8310546875 1943732
1.953125 -0.244140625 -1.8310546875 1943832
1.89208984375 0 0.732421875 1943833
1.89208984375 0 0.732421875 1943833
1.89208984375 0 0.732421875 1943834
1.89208984375 0 0.732421875 1943935
-4.45556640625 0.9765625 1.220703125 1943936
-4.45556640625 0.9765625 1.220703125 1943936
-4.45556640625 0.9765625 1.220703125 1943937
-4.45556640625 0.9765625 1.220703125 1944037
3.23486328125 -0.48828125 -0.67138671875 1944038
3.23486328125 -0.48828125 -0.67138671875 1944039
3.23486328125 -0.48828125 -0.67138671875 1944039
3.23486328125 -0.48828125 -0.67138671875 1944140
-1.3427734375 0.244140625 1.3427734375 1944140
-1.3427734375 0.244140625 1.3427734375 1944141
-1.3427734375 0.244140625 1.3427734375 1944142
0.8544921875 0.6103515625 1.28173828125 1944330
1.3427734375 1.46484375 -1.953125 1944331
1.3427734375 1.46484375 -1.953125 1944331
1.3427734375 1.46484375 -1.953125 1944332
1.3427734375 1.46484375 -1.953125 1944432
2.44140625 1.40380859375 -2.86865234375 1944433
2.44140625 1.40380859375 -2.86865234375 1944433
2.44140625 1.40380859375 -2.86865234375 1944434
2.44140625 1.40380859375 -2.86865234375 1944534
1.15966796875 0.79345703125 -1.15966796875 1944538
1.15966796875 0.79345703125 -1.15966796875 1944541
1.15966796875 0.79345703125 -1.15966796875 1944542
0 -0.48828125 -0.79345703125 1944732
-0.30517578125 -5.55419921875 -1.953125 1944733
-0.30517578125 -5.55419921875 -1.953125 1944734
-0.30517578125 -5.55419921875 -1.953125 1944735
-0.30517578125 -5.55419921875 -1.953125 1944835
1.89208984375 -5.9814453125 -6.34765625 1944835
1.89208984375 -5.9814453125 -6.34765625 1944836
1.89208984375 -5.9814453125 -6.34765625 1944838
1.89208984375 -5.9814453125 -6.34765625 1944937
-0.06103515625 -7.26318359375 -8.30078125 1944937
-0.06103515625 -7.26318359375 -8.30078125 1944938
-0.06103515625 -7.26318359375 -8.30078125 1944939
-0.06103515625 -7.26318359375 -8.30078125 1945039
3.0517578125 -7.8125 -10.68115234375 1945040
3.0517578125 -7.8125 -10.68115234375 1945041
3.0517578125 -7.8125 -10.68115234375 1945041
-6.40869140625 -0.91552734375 -7.75146484375 1945232
-0.732421875 -1.708984375 -8.11767578125 1945232
-0.732421875 -1.708984375 -8.11767578125 1945233
-0.732421875 -1.708984375 -8.11767578125 1945233
-5.55419921875 -2.99072265625 -7.6904296875 1945335
-5.55419921875 -2.99072265625 -7.6904296875 1945336
-5.55419921875 -2.99072265625 -7.6904296875 1945336
-5.55419921875 -2.99072265625 -7.6904296875 1945439
-1.46484375 -2.38037109375 -5.7373046875 1945440
-1.46484375 -2.38037109375 -5.7373046875 1945440
-1.46484375 -2.38037109375 -5.7373046875 1945441
-1.46484375 -2.38037109375 -5.7373046875 1945541
-5.0048828125 1.28173828125 -4.8828125 1945541
-5.0048828125 1.28173828125 -4.8828125 1945542
-5.0048828125 1.28173828125 -4.8828125 1945542
-2.5634765625 3.35693359375 -3.7841796875 1945737
0 1.708984375 -3.35693359375 1945737
0 1.708984375 -3.35693359375 1945738
0 1.708984375 -3.35693359375 1945738
0 1.708984375 -3.35693359375 1945840
-7.75146484375 1.5869140625 2.13623046875 1945840
-7.75146484375 1.5869140625 2.13623046875 1945840
-7.75146484375 1.5869140625 2.13623046875 1945840
-7.75146484375 1.5869140625 2.13623046875 1945941
-3.0517578125 1.89208984375 4.8828125 1945942
-3.0517578125 1.89208984375 4.8828125 1945942
-3.0517578125 1.89208984375 4.8828125 1945943
-0.1220703125 -0.3662109375 5.18798828125 1946130
1.46484375 3.662109375 8.23974609375 1946131
1.46484375 3.662109375 8.23974609375 1946131
1.46484375 3.662109375 8.23974609375 1946132
1.46484375 3.662109375 8.23974609375 1946232
-2.44140625 6.16455078125 7.4462890625 1946232
-2.44140625 6.16455078125 7.4462890625 1946233
-2.44140625 6.16455078125 7.4462890625 1946233
1.52587890625 5.18798828125 6.8359375 1946334
1.52587890625 5.18798828125 6.8359375 1946334
1.52587890625 5.18798828125 6.8359375 1946335
1.52587890625 5.18798828125 6.8359375 1946452
-0.6103515625 5.79833984375 5.37109375 1946453
-0.6103515625 5.79833984375 5.37109375 1946454
-0.6103515625 5.79833984375 5.37109375 1946454
1.52587890625 6.89697265625 1.0986328125 1946616
-1.28173828125 3.96728515625 2.62451171875 1946617
-1.28173828125 3.96728515625 2.62451171875 1946617
-1.28173828125 3.96728515625 2.62451171875 1946618
-1.28173828125 3.96728515625 2.62451171875 1946729
1.46484375 1.28173828125 0.48828125 1946729
1.46484375 1.28173828125 0.48828125 1946730
1.46484375 1.28173828125 0.48828125 1946732
1.46484375 1.28173828125 0.48828125 1946833
-2.25830078125 0.91552734375 0.3662109375 1946834
-2.25830078125 0.91552734375 0.3662109375 1946834
-2.25830078125 0.91552734375 0.3662109375 1946835
-2.25830078125 0.91552734375 0.3662109375 1946936
6.16455078125 0.79345703125 -0.3662109375 1946936
6.16455078125 0.79345703125 -0.3662109375 1946937
6.16455078125 0.79345703125 -0.3662109375 1946938
6.16455078125 0.79345703125 -0.3662109375 1947039
0.8544921875 -0.1220703125 0 1947040
0.8544921875 -0.1220703125 0 1947040
0.8544921875 -0.1220703125 0 1947041
1.40380859375 -0.67138671875 0.244140625 1947232
-1.28173828125 -0.42724609375 0.54931640625 1947232
-1.28173828125 -0.42724609375 0.54931640625 1947232
-1.28173828125 -0.42724609375 0.54931640625 1947233
-1.28173828125 -0.42724609375 0.54931640625 1947335
-1.15966796875 0 0.244140625 1947335
-1.15966796875 0 0.244140625 1947336
-1.15966796875 0 0.244140625 1947337
-1.15966796875 0 0.244140625 1947437
0.732421875 -0.8544921875 -1.46484375 1947437
0.732421875 -0.8544921875 -1.46484375 1947438
0.732421875 -0.8544921875 -1.46484375 1947438
0.732421875 -0.8544921875 -1.46484375 1947540
-1.89208984375 1.0986328125 0.48828125 1947540
-1.89208984375 1.0986328125 0.48828125 1947541
-1.89208984375 1.0986328125 0.48828125 1947541
3.90625 -0.18310546875 -0.8544921875 1947738
-0.48828125 0.06103515625 -1.220703125 1947738
-0.48828125 0.06103515625 -1.220703125 1947738
-0.48828125 0.06103515625 -1.220703125 1947739
0.18310546875 0.244140625 -0.244140625 1947929
1.0986328125 0.79345703125 -0.54931640625 1947929
1.0986328125 0.79345703125 -0.54931640625 1947930
1.0986328125 0.79345703125 -0.54931640625 1947930
1.0986328125 0.79345703125 -0.54931640625 1948031
1.953125 -1.15966796875 0.54931640625 1948032
1.953125 -1.15966796875 0.54931640625 1948032
1.953125 -1.15966796875 0.54931640625 1948033
1.953125 -1.15966796875 0.54931640625 1948134
1.28173828125 0.91552734375 -0.8544921875 1948135
1.28173828125 0.91552734375 -0.8544921875 1948135
1.28173828125 0.91552734375 -0.8544921875 1948136
1.28173828125 0.91552734375 -0.8544921875 1948236
0.6103515625 1.52587890625 -2.0751953125 1948236
0.6103515625 1.52587890625 -2.0751953125 1948237
0.6103515625 1.52587890625 -2.0751953125 1948237
0.6103515625 1.52587890625 -2.0751953125 1948338
3.173828125 2.01416015625 -1.15966796875 1948338
3.173828125 2.01416015625 -1.15966796875 1948339
3.173828125 2.01416015625 -1.15966796875 1948339
0.9765625 0.3662109375 1.03759765625 1948529
-1.15966796875 1.03759765625 0.79345703125 1948529
-1.15966796875 1.03759765625 0.79345703125 1948530
-1.15966796875 1.03759765625 0.79345703125 1948530
-1.15966796875 1.03759765625 0.79345703125 1948632
0.48828125 0.8544921875 -0.6103515625 1948632
0.48828125 0.8544921875 -0.6103515625 1948633
0.48828125 0.8544921875 -0.6103515625 1948633
0.48828125 0.8544921875 -0.6103515625 1948734
1.28173828125 2.197265625 0 1948734
1.28173828125 2.197265625 0 1948735
1.28173828125 2.197265625 0 1948735
1.28173828125 2.197265625 0 1948836
2.685546875 3.84521484375 -0.42724609375 1948837
2.685546875 3.84521484375 -0.42724609375 1948837
2.685546875 3.84521484375 -0.42724609375 1948838
2.685546875 3.84521484375 -0.42724609375 1948938
2.0751953125 0.91552734375 -1.03759765625 1948938
2.0751953125 0.91552734375 -1.03759765625 1948939
2.0751953125 0.91552734375 -1.03759765625 1948940
-0.3662109375 2.8076171875 0.06103515625 1949128
3.173828125 -0.42724609375 0 1949128
3.173828125 -0.42724609375 0 1949129
3.173828125 -0.42724609375 0 1949129
3.173828125 -0.42724609375 0 1949230
-0.18310546875 -1.52587890625 4.2724609375 1949231
-0.18310546875 -1.52587890625 4.2724609375 1949231
-0.18310546875 -1.52587890625 4.2724609375 1949232
-0.18310546875 -1.52587890625 4.2724609375 1949332
1.28173828125 0 2.01416015625 1949332
1.28173828125 0 2.01416015625 1949333
1.28173828125 0 2.01416015625 1949333
1.28173828125 0 2.01416015625 1949435
-1.3427734375 -0.1220703125 1.15966796875 1949435
-1.3427734375 -0.1220703125 1.15966796875 1949436
-1.3427734375 -0.1220703125 1.15966796875 1949436
-1.3427734375 -0.1220703125 1.15966796875 1949538
1.708984375 -1.15966796875 2.8076171875 1949539
1.708984375 -1.15966796875 2.8076171875 1949539
1.708984375 -1.15966796875 2.8076171875 1949539
1.708984375 -1.15966796875 2.8076171875 1949652
1.03759765625 -1.3427734375 -1.15966796875 1949653
1.03759765625 -1.3427734375 -1.15966796875 1949653
1.03759765625 -1.3427734375 -1.15966796875 1949654
2.86865234375 -0.9765625 3.11279296875 1949816
-1.708984375 -1.708984375 2.01416015625 1949816
-1.708984375 -1.708984375 2.01416015625 1949817
-1.708984375 -1.708984375 2.01416015625 1949817
-1.708984375 -1.708984375 2.01416015625 1949927
2.0751953125 0 -1.8310546875 1949927
2.0751953125 0 -1.8310546875 1949928
2.0751953125 0 -1.8310546875 1949929
2.0751953125 0 -1.8310546875 1950029
2.13623046875 -0.3662109375 1.28173828125 1950029
2.13623046875 -0.3662109375 1.28173828125 1950029
2.13623046875 -0.3662109375 1.28173828125 1950030
2.13623046875 -0.3662109375 1.28173828125 1950133
-1.0986328125 0.06103515625 1.77001953125 1950134
-1.0986328125 0.06103515625 1.77001953125 1950134
-1.0986328125 0.06103515625 1.77001953125 1950135
-1.0986328125 0.06103515625 1.77001953125 1950235
-1.0986328125 -1.708984375 0.48828125 1950236
-1.0986328125 -1.708984375 0.48828125 1950236
-1.0986328125 -1.708984375 0.48828125 1950236
-1.0986328125 -1.708984375 0.48828125 1950337
1.708984375 1.220703125 0.06103515625 1950337
1.708984375 1.220703125 0.06103515625 1950338
1.708984375 1.220703125 0.06103515625 1950339
3.96728515625 0.48828125 -2.3193359375 1950527
2.38037109375 1.5869140625 0.48828125 1950527
2.38037109375 1.5869140625 0.48828125 1950528
2.38037109375 1.5869140625 0.48828125 1950528
2.38037109375 1.5869140625 0.48828125 1950629
-2.9296875 2.5634765625 2.99072265625 1950629
-2.9296875 2.5634765625 2.99072265625 1950630
-2.9296875 2.5634765625 2.99072265625 1950630
-2.9296875 2.5634765625 2.99072265625 1950733
-1.52587890625 -1.03759765625 1.64794921875 1950733
-1.52587890625 -1.03759765625 1.64794921875 1950734
-1.52587890625 -1.03759765625 1.64794921875 1950734
-1.52587890625 -1.03759765625 1.64794921875 1950835
-3.90625 1.03759765625 -0.732421875 1950835
-3.90625 1.03759765625 -0.732421875 1950835
-3.90625 1.03759765625 -0.732421875 1950836
1.89208984375 -0.54931640625 -1.40380859375 1951017
-1.0986328125 0.244140625 2.685546875 1951040
-1.0986328125 0.244140625 2.685546875 1951040
-1.0986328125 0.244140625 2.685546875 1951041
-1.0986328125 0.244140625 2.685546875 1951127
5.06591796875 -2.5634765625 0.06103515625 1951230
-1.8310546875 1.77001953125 0.79345703125 1951230
-1.8310546875 1.77001953125 0.79345703125 1951230
-1.8310546875 1.77001953125 0.79345703125 1951231
-1.8310546875 1.77001953125 0.79345703125 1951332
4.0283203125 0.1220703125 -1.77001953125 1951332
4.0283203125 0.1220703125 -1.77001953125 1951332
4.0283203125 0.1220703125 -1.77001953125 1951333
4.0283203125 0.1220703125 -1.77001953125 1951434
-0.732421875 1.3427734375 0 1951434
-0.732421875 1.3427734375 0 1951435
-0.732421875 1.3427734375 0 1951435
-0.732421875 1.3427734375 0 1951537
-0.42724609375 0.18310546875 0.30517578125 1951537
-0.42724609375 0.18310546875 0.30517578125 1951538
-0.42724609375 0.18310546875 0.30517578125 1951538
0.79345703125 0.3662109375 1.708984375 1951727
0.54931640625 -0.30517578125 -0.6103515625 1951727
0.54931640625 -0.30517578125 -0.6103515625 1951727
0.54931640625 -0.30517578125 -0.6103515625 1951728
0.54931640625 -0.30517578125 -0.6103515625 1951830
-1.220703125 -0.06103515625 -1.28173828125 1951830
-1.220703125 -0.06103515625 -1.28173828125 1951830
-1.220703125 -0.06103515625 -1.28173828125 1951831
-1.220703125 -0.06103515625 -1.28173828125 1951932
0.244140625 0.67138671875 1.708984375 1951932
0.244140625 0.67138671875 1.708984375 1951932
0.244140625 0.67138671875 1.708984375 1951933
0.244140625 0.67138671875 1.708984375 1952035
-0.30517578125 -1.5869140625 1.220703125 1952035
-0.30517578125 -1.5869140625 1.220703125 1952036
-0.30517578125 -1.5869140625 1.220703125 1952036
-0.30517578125 -1.5869140625 1.220703125 1952137
-4.57763671875 -2.38037109375 2.86865234375 1952137
-4.57763671875 -2.38037109375 2.86865234375 1952138
-4.57763671875 -2.38037109375 2.86865234375 1952138
-0.3662109375 -2.5634765625 2.685546875 1952327
-3.662109375 -4.08935546875 2.86865234375 1952327
-3.662109375 -4.08935546875 2.86865234375 1952327
-3.662109375 -4.08935546875 2.86865234375 1952328
-3.662109375 -4.08935546875 2.86865234375 1952429
-0.1220703125 -6.2255859375 0.244140625 1952430
-0.1220703125 -6.2255859375 0.244140625 1952430
-0.1220703125 -6.2255859375 0.244140625 1952430
-0.1220703125 -6.2255859375 0.244140625 1952532
-6.04248046875 -2.685546875 3.84521484375 1952533
-6.04248046875 -2.685546875 3.84521484375 1952533
-6.04248046875 -2.685546875 3.84521484375 1952533
-6.04248046875 -2.685546875 3.84521484375 1952634
-1.03759765625 -2.50244140625 1.220703125 1952635
-1.03759765625 -2.50244140625 1.220703125 1952635
-1.03759765625 -2.50244140625 1.220703125 1952635
-1.03759765625 -2.50244140625 1.220703125 1952737
-2.62451171875 -5.126953125 5.615234375 1952738
-2.62451171875 -5.126953125 5.615234375 1952738
-2.62451171875 -5.126953125 5.615234375 1952738
-2.99072265625 -3.96728515625 2.5634765625 1952928
1.46484375 -5.7373046875 0.42724609375 1952928
1.46484375 -5.7373046875 0.42724609375 1952929
1.46484375 -5.7373046875 0.42724609375 1952929
1.46484375 -5.7373046875 0.42724609375 1953031
6.40869140625 -5.18798828125 -8.1787109375 1953032
6.40869140625 -5.18798828125 -8.1787109375 1953032
6.40869140625 -5.18798828125 -8.1787109375 1953032
6.40869140625 -5.18798828125 -8.1787109375 1953133
0.1220703125 -4.08935546875 -8.48388671875 1953133
0.1220703125 -4.08935546875 -8.48388671875 1953133
0.1220703125 -4.08935546875 -8.48388671875 1953134
0.1220703125 -4.08935546875 -8.48388671875 1953236
-1.220703125 -5.79833984375 -10.7421875 1953236
-1.220703125 -5.79833984375 -10.7421875 1953237
-1.220703125 -5.79833984375 -10.7421875 1953237
-1.220703125 -5.79833984375 -10.7421875 1953338
6.04248046875 -10.6201171875 -14.83154296875 1953338
6.04248046875 -10.6201171875 -14.83154296875 1953339
6.04248046875 -10.6201171875 -14.83154296875 1953339
-1.46484375 -11.8408203125 -13.00048828125 1953527
-0.18310546875 -7.87353515625 -22.5830078125 1953527
-0.18310546875 -7.87353515625 -22.5830078125 1953528
-0.18310546875 -7.87353515625 -22.5830078125 1953528
-0.18310546875 -7.87353515625 -22.5830078125 1953629
-7.8125 -3.47900390625 -21.728515625 1953629
-7.8125 -3.47900390625 -21.728515625 1953630
-7.8125 -3.47900390625 -21.728515625 1953630
-2.38037109375 -3.662109375 -22.705078125 1953732
-2.38037109375 -3.662109375 -22.705078125 1953732
-2.38037109375 -3.662109375 -22.705078125 1953733
-2.38037109375 -3.662109375 -22.705078125 1953836
10.55908203125 -10.31494140625 -17.822265625 1953837
10.55908203125 -10.31494140625 -17.822265625 1953837
10.55908203125 -10.31494140625 -17.822265625 1953838
10.55908203125 -10.31494140625 -17.822265625 1953938
28.86962890625 -39.97802734375 0.06103515625 1953938
28.86962890625 -39.97802734375 0.06103515625 1953939
28.86962890625 -39.97802734375 0.06103515625 1953940
26.9775390625 -112.60986328125 68.05419921875 1954131
11.29150390625 -149.658203125 82.51953125 1954132
11.29150390625 -149.658203125 82.51953125 1954133
11.29150390625 -149.658203125 82.51953125 1954134
7.75146484375 -110.41259765625 57.2509765625 1954327
-2.38037109375 -125.8544921875 76.416015625 1954327
-2.38037109375 -125.8544921875 76.416015625 1954328
-2.38037109375 -125.8544921875 76.416015625 1954328
-2.38037109375 -125.8544921875 76.416015625 1954429
-3.2958984375 -111.51123046875 56.45751953125 1954429
-3.2958984375 -111.51123046875 56.45751953125 1954430
-3.2958984375 -111.51123046875 56.45751953125 1954431
17.27294921875 -106.4453125 61.03515625 1954532
17.27294921875 -106.4453125 61.03515625 1954532
17.27294921875 -106.4453125 61.03515625 1954533
17.27294921875 -106.4453125 61.03515625 1954636
5.06591796875 1.8310546875 21.66748046875 1954636
5.06591796875 1.8310546875 21.66748046875 1954637
5.06591796875 1.8310546875 21.66748046875 1954638
10.6201171875 -19.34814453125 28.9306640625 1954828
-36.19384765625 28.564453125 -93.56689453125 1954828
-36.19384765625 28.564453125 -93.56689453125 1954829
-36.19384765625 28.564453125 -93.56689453125 1954830
-36.19384765625 28.564453125 -93.56689453125 1954930
11.23046875 72.20458984375 52.55126953125 1954931
11.23046875 72.20458984375 52.55126953125 1954931
11.23046875 72.20458984375 52.55126953125 1954932
11.23046875 72.20458984375 52.55126953125 1955033
-26.7333984375 36.865234375 -134.46044921875 1955034
-26.7333984375 36.865234375 -134.46044921875 1955034
-26.7333984375 36.865234375 -134.46044921875 1955035
-26.7333984375 36.865234375 -134.46044921875 1955136
-21.484375 119.873046875 -25.45166015625 1955137
-21.484375 119.873046875 -25.45166015625 1955137
-21.484375 119.873046875 -25.45166015625 1955138
-66.71142578125 150.32958984375 -83.67919921875 1955326
-37.90283203125 188.232421875 -35.400390625 1955327
-37.90283203125 188.232421875 -35.400390625 1955327
-37.90283203125 188.232421875 -35.400390625 1955328
-37.90283203125 188.232421875 -35.400390625 1955428
-5.4931640625 104.06494140625 15.7470703125 1955428
-5.4931640625 104.06494140625 15.7470703125 1955429
-5.4931640625 104.06494140625 15.7470703125 1955429
-5.4931640625 104.06494140625 15.7470703125 1955530
-16.6015625 44.49462890625 17.39501953125 1955531
-16.6015625 44.49462890625 17.39501953125 1955531
-16.6015625 44.49462890625 17.39501953125 1955532
-16.6015625 44.49462890625 17.39501953125 1955634
13.0615234375 39.24560546875 15.13671875 1955635
13.0615234375 39.24560546875 15.13671875 1955635
13.0615234375 39.24560546875 15.13671875 1955636
13.0615234375 39.24560546875 15.13671875 1955736
-1.46484375 10.92529296875 8.7890625 1955737
-1.46484375 10.92529296875 8.7890625 1955737
-1.46484375 10.92529296875 8.7890625 1955738
-1.64794921875 8.1787109375 -1.52587890625 1955931
11.71875 3.5400390625 -8.4228515625 1955932
11.71875 3.5400390625 -8.4228515625 1955933
11.71875 3.5400390625 -8.4228515625 1955933
11.71875 3.5400390625 -8.4228515625 1956048
-5.18798828125 0.18310546875 5.79833984375 1956049
-5.18798828125 0.18310546875 5.79833984375 1956050
-5.18798828125 0.18310546875 5.79833984375 1956050
-1.52587890625 1.5869140625 -7.9345703125 1956215
0 2.38037109375 3.0517578125 1956215
0 2.38037109375 3.0517578125 1956216
0 2.38037109375 3.0517578125 1956216
0 2.38037109375 3.0517578125 1956326
-3.23486328125 6.53076171875 4.21142578125 1956327
-3.23486328125 6.53076171875 4.21142578125 1956327
-3.23486328125 6.53076171875 4.21142578125 1956328
-3.23486328125 6.53076171875 4.21142578125 1956428
-1.708984375 3.72314453125 8.056640625 1956428
-1.708984375 3.72314453125 8.056640625 1956429
-1.708984375 3.72314453125 8.056640625 1956429
-1.708984375 3.72314453125 8.056640625 1956531
1.89208984375 -2.50244140625 16.17431640625 1956531
1.89208984375 -2.50244140625 16.17431640625 1956532
1.89208984375 -2.50244140625 16.17431640625 1956532
1.89208984375 -2.50244140625 16.17431640625 1956633
4.21142578125 13.0615234375 44.61669921875 1956633
4.21142578125 13.0615234375 44.61669921875 1956634
4.21142578125 13.0615234375 44.61669921875 1956635
4.21142578125 13.0615234375 44.61669921875 1956739
36.7431640625 21.54541015625 33.26416015625 1956739
36.7431640625 21.54541015625 33.26416015625 1956740
36.7431640625 21.54541015625 33.26416015625 1956740
37.841796875 19.22607421875 4.2724609375 1956926
50.537109375 24.84130859375 -24.84130859375 1956926
50.537109375 24.84130859375 -24.84130859375 1956928
50.537109375 24.84130859375 -24.84130859375 1956928
50.537109375 24.84130859375 -24.84130859375 1957029
27.40478515625 14.22119140625 -8.544921875 1957030
27.40478515625 14.22119140625 -8.544921875 1957030
27.40478515625 14.22119140625 -8.544921875 1957031
27.40478515625 14.22119140625 -8.544921875 1957131
37.53662109375 18.06640625 -18.4326171875 1957132
37.53662109375 18.06640625 -18.4326171875 1957132
37.53662109375 18.06640625 -18.4326171875 1957133
37.53662109375 18.06640625 -18.4326171875 1957234
15.56396484375 6.103515625 -8.30078125 1957234
15.56396484375 6.103515625 -8.30078125 1957235
15.56396484375 6.103515625 -8.30078125 1957235
15.56396484375 6.103515625 -8.30078125 1957336
28.13720703125 29.1748046875 -13.7939453125 1957336
28.13720703125 29.1748046875 -13.7939453125 1957337
28.13720703125 29.1748046875 -13.7939453125 1957337
5.18798828125 9.58251953125 13.671875 1957527
-2.25830078125 21.1181640625 -8.6669921875 1957527
-2.25830078125 21.1181640625 -8.6669921875 1957528
-2.25830078125 21.1181640625 -8.6669921875 1957529
-2.25830078125 21.1181640625 -8.6669921875 1957629
-1.40380859375 6.89697265625 0 1957630
-1.40380859375 6.89697265625 0 1957631
-1.40380859375 6.89697265625 0 1957632
-1.40380859375 6.89697265625 0 1957732
-5.615234375 0.42724609375 2.44140625 1957732
-5.615234375 0.42724609375 2.44140625 1957733
-5.615234375 0.42724609375 2.44140625 1957733
-5.615234375 0.42724609375 2.44140625 1957834
-6.16455078125 0.1220703125 2.3193359375 1957834
-6.16455078125 0.1220703125 2.3193359375 1957835
-6.16455078125 0.1220703125 2.3193359375 1957836
-6.16455078125 0.1220703125 2.3193359375 1957937
-3.96728515625 -3.60107421875 1.46484375 1957937
-3.96728515625 -3.60107421875 1.46484375 1957938
-3.96728515625 -3.60107421875 1.46484375 1957938
-16.357421875 11.1083984375 -4.39453125 1958126
-26.42822265625 0.30517578125 1.3427734375 1958127
-26.42822265625 0.30517578125 1.3427734375 1958128
-26.42822265625 0.30517578125 1.3427734375 1958128
-26.42822265625 0.30517578125 1.3427734375 1958228
-15.0146484375 -1.15966796875 -8.544921875 1958229
-15.0146484375 -1.15966796875 -8.544921875 1958230
-15.0146484375 -1.15966796875 -8.544921875 1958230
-16.05224609375 -12.39013671875 5.859375 1958331
-16.05224609375 -12.39013671875 5.859375 1958331
-16.05224609375 -12.39013671875 5.859375 1958332
-16.05224609375 -12.39013671875 5.859375 1958434
-2.8076171875 -13.3056640625 8.30078125 1958436
-2.8076171875 -13.3056640625 8.30078125 1958437
-2.8076171875 -13.3056640625 8.30078125 1958437
-2.8076171875 -13.3056640625 8.30078125 1958537
12.26806640625 -9.3994140625 0.30517578125 1958537
12.26806640625 -9.3994140625 0.30517578125 1958537
12.26806640625 -9.3994140625 0.30517578125 1958538
-8.4228515625 -13.36669921875 6.89697265625 1958723
2.50244140625 -6.77490234375 -1.5869140625 1958724
2.50244140625 -6.77490234375 -1.5869140625 1958725
2.50244140625 -6.77490234375 -1.5869140625 1958725
2.50244140625 -6.77490234375 -1.5869140625 1958826
-1.77001953125 -9.1552734375 4.2724609375 1958827
-1.77001953125 -9.1552734375 4.2724609375 1958827
-1.77001953125 -9.1552734375 4.2724609375 1958827
-1.77001953125 -9.1552734375 4.2724609375 1958928
0.48828125 -4.8828125 -5.859375 1958928
0.48828125 -4.8828125 -5.859375 1958929
0.48828125 -4.8828125 -5.859375 1958929
-3.173828125 -2.44140625 0.91552734375 1959031
-3.173828125 -2.44140625 0.91552734375 1959032
-3.173828125 -2.44140625 0.91552734375 1959032
-3.173828125 -2.44140625 0.91552734375 1959135
2.44140625 -0.06103515625 -6.34765625 1959135
2.44140625 -0.06103515625 -6.34765625 1959136
2.44140625 -0.06103515625 -6.34765625 1959136
2.44140625 -0.30517578125 -3.47900390625 1959325
-1.3427734375 -0.1220703125 -0.06103515625 1959325
-1.3427734375 -0.1220703125 -0.06103515625 1959326
-1.3427734375 -0.1220703125 -0.06103515625 1959326
-1.3427734375 -0.1220703125 -0.06103515625 1959428
-0.244140625 1.77001953125 -4.150390625 1959429
-0.244140625 1.77001953125 -4.150390625 1959430
-0.244140625 1.77001953125 -4.150390625 1959431
-0.244140625 1.77001953125 -4.150390625 1959534
3.23486328125 1.89208984375 -2.685546875 1959534
3.23486328125 1.89208984375 -2.685546875 1959535
3.23486328125 1.89208984375 -2.685546875 1959535
3.23486328125 1.89208984375 -2.685546875 1959636
0.9765625 0.54931640625 -2.13623046875 1959636
0.9765625 0.54931640625 -2.13623046875 1959637
0.9765625 0.54931640625 -2.13623046875 1959637
0 0.8544921875 0.732421875 1959825
0.244140625 -2.3193359375 0.79345703125 1959825
0.244140625 -2.3193359375 0.79345703125 1959826
0.244140625 -2.3193359375 0.79345703125 1959826
0.244140625 -2.3193359375 0.79345703125 1959929
-0.18310546875 -0.91552734375 0.18310546875 1959929
-0.18310546875 -0.91552734375 0.18310546875 1959930
-0.18310546875 -0.91552734375 0.18310546875 1959930
-0.18310546875 -0.91552734375 0.18310546875 1960031
-0.30517578125 0.67138671875 0.30517578125 1960031
-0.30517578125 0.67138671875 0.30517578125 1960032
-0.30517578125 0.67138671875 0.30517578125 1960033
-0.30517578125 0.67138671875 0.30517578125 1960133
-2.44140625 0.18310546875 0 1960134
-2.44140625 0.18310546875 0 1960134
-2.44140625 0.18310546875 0 1960136
-2.44140625 0.18310546875 0 1960236
2.13623046875 -1.15966796875 -0.1220703125 1960236
2.13623046875 -1.15966796875 -0.1220703125 1960237
2.13623046875 -1.15966796875 -0.1220703125 1960238
1.15966796875 0.54931640625 0.54931640625 1960425
3.60107421875 0.06103515625 -2.38037109375 1960426
3.60107421875 0.06103515625 -2.38037109375 1960428
3.60107421875 0.06103515625 -2.38037109375 1960428
3.60107421875 0.06103515625 -2.38037109375 1960531
1.5869140625 1.15966796875 -1.708984375 1960531
1.5869140625 1.15966796875 -1.708984375 1960532
1.5869140625 1.15966796875 -1.708984375 1960533
2.86865234375 -0.42724609375 -1.03759765625 1960726
1.8310546875 1.89208984375 -0.8544921875 1960726
1.8310546875 1.89208984375 -0.8544921875 1960727
1.8310546875 1.89208984375 -0.8544921875 1960727
1.8310546875 1.89208984375 -0.8544921875 1960828
3.84521484375 2.25830078125 -0.1220703125 1960828
3.84521484375 2.25830078125 -0.1220703125 1960829
3.84521484375 2.25830078125 -0.1220703125 1960830
3.84521484375 2.25830078125 -0.1220703125 1960936
-4.150390625 2.13623046875 -2.25830078125 1960936
-4.150390625 2.13623046875 -2.25830078125 1960937
-4.150390625 2.13623046875 -2.25830078125 1960937
0.6103515625 1.40380859375 0.18310546875 1961125
-2.5634765625 3.84521484375 -2.01416015625 1961125
-2.5634765625 3.84521484375 -2.01416015625 1961125
-2.5634765625 3.84521484375 -2.01416015625 1961125
-2.5634765625 3.84521484375 -2.01416015625 1961227
-0.48828125 0.1220703125 0.06103515625 1961227
-0.48828125 0.1220703125 0.06103515625 1961228
-0.48828125 0.1220703125 0.06103515625 1961228
-0.48828125 0.1220703125 0.06103515625 1961330
0.244140625 0.3662109375 0.244140625 1961330
0.244140625 0.3662109375 0.244140625 1961331
0.244140625 0.3662109375 0.244140625 1961332
0.244140625 0.3662109375 0.244140625 1961432
-0.9765625 0.18310546875 0.06103515625 1961433
-0.9765625 0.18310546875 0.06103515625 1961433
-0.9765625 0.18310546875 0.06103515625 1961434
-0.9765625 0.18310546875 0.06103515625 1961534
1.220703125 0.1220703125 -1.8310546875 1961534
1.220703125 0.1220703125 -1.8310546875 1961535
1.220703125 0.1220703125 -1.8310546875 1961535
-2.0751953125 0.48828125 -0.18310546875 1961728
3.35693359375 -0.54931640625 -0.9765625 1961729
3.35693359375 -0.54931640625 -0.9765625 1961729
3.35693359375 -0.54931640625 -0.9765625 1961730
-3.41796875 0.42724609375 1.28173828125 1961928
2.685546875 -1.89208984375 0.42724609375 1961928
2.685546875 -1.89208984375 0.42724609375 1961929
2.685546875 -1.89208984375 0.42724609375 1961930
2.685546875 -1.89208984375 0.42724609375 1962031
3.5400390625 0 0.8544921875 1962031
3.5400390625 0 0.8544921875 1962032
3.5400390625 0 0.8544921875 1962032
3.5400390625 0 0.8544921875 1962133
-3.0517578125 -2.38037109375 0.8544921875 1962133
-3.0517578125 -2.38037109375 0.8544921875 1962134
-3.0517578125 -2.38037109375 0.8544921875 1962134
-3.0517578125 -2.38037109375 0.8544921875 1962236
2.9296875 -1.52587890625 -0.3662109375 1962237
2.9296875 -1.52587890625 -0.3662109375 1962237
2.9296875 -1.52587890625 -0.3662109375 1962238
6.89697265625 -1.03759765625 -0.30517578125 1962425
3.7841796875 0.48828125 -2.8076171875 1962425
3.7841796875 0.48828125 -2.8076171875 1962426
3.7841796875 0.48828125 -2.8076171875 1962426
3.7841796875 0.48828125 -2.8076171875 1962528
-2.3193359375 4.21142578125 -4.21142578125 1962528
-2.3193359375 4.21142578125 -4.21142578125 1962529
-2.3193359375 4.21142578125 -4.21142578125 1962529
-2.3193359375 4.21142578125 -4.21142578125 1962630
-1.89208984375 1.03759765625 -1.03759765625 1962630
-1.89208984375 1.03759765625 -1.03759765625 1962631
-1.89208984375 1.03759765625 -1.03759765625 1962631
-1.89208984375 1.03759765625 -1.03759765625 1962733
-0.30517578125 -1.03759765625 -0.8544921875 1962747
-0.30517578125 -1.03759765625 -0.8544921875 1962747
-0.30517578125 -1.03759765625 -0.8544921875 1962748
-3.47900390625 1.15966796875 -0.54931640625 1962923
2.13623046875 -1.46484375 1.28173828125 1962924
2.13623046875 -1.46484375 1.28173828125 1962924
2.13623046875 -1.46484375 1.28173828125 1962925
2.13623046875 -1.46484375 1.28173828125 1963026
-2.197265625 -0.18310546875 0 1963026
-2.197265625 -0.18310546875 0 1963027
-2.197265625 -0.18310546875 0 1963027
-2.197265625 -0.18310546875 0 1963128
1.03759765625 0 0.67138671875 1963129
1.03759765625 0 0.67138671875 1963129
1.03759765625 0 0.67138671875 1963130
1.03759765625 0 0.67138671875 1963231
-1.03759765625 0.91552734375 1.89208984375 1963231
-1.03759765625 0.91552734375 1.89208984375 1963232
-1.03759765625 0.91552734375 1.89208984375 1963233
-1.03759765625 0.91552734375 1.89208984375 1963333
0 -0.91552734375 0.06103515625 1963334
0 -0.91552734375 0.06103515625 1963334
0 -0.91552734375 0.06103515625 1963335
-0.42724609375 1.46484375 -0.244140625 1963523
2.25830078125 0.30517578125 -2.25830078125 1963523
2.25830078125 0.30517578125 -2.25830078125 1963524
2.25830078125 0.30517578125 -2.25830078125 1963524
2.25830078125 0.30517578125 -2.25830078125 1963625
-1.5869140625 1.3427734375 1.46484375 1963626
-1.5869140625 1.3427734375 1.46484375 1963627
-1.5869140625 1.3427734375 1.46484375 1963627
-1.5869140625 1.3427734375 1.46484375 1963730
-0.3662109375 1.64794921875 -0.48828125 1963731
-0.3662109375 1.64794921875 -0.48828125 1963731
-0.3662109375 1.64794921875 -0.48828125 1963732
-1.708984375 0.244140625 -0.30517578125 1963923
1.15966796875 -0.42724609375 1.28173828125 1963924
1.15966796875 -0.42724609375 1.28173828125 1963924
1.15966796875 -0.42724609375 1.28173828125 1963924
1.15966796875 -0.42724609375 1.28173828125 1964026
-0.6103515625 0.3662109375 1.5869140625 1964026
-0.6103515625 0.3662109375 1.5869140625 1964026
-0.6103515625 0.3662109375 1.5869140625 1964027
-0.6103515625 0.3662109375 1.5869140625 1964128
-0.54931640625 1.89208984375 -1.64794921875 1964129
-0.54931640625 1.89208984375 -1.64794921875 1964129
-0.54931640625 1.89208984375 -1.64794921875 1964130
-0.54931640625 1.89208984375 -1.64794921875 1964231
-1.15966796875 1.8310546875 -2.13623046875 1964232
-1.15966796875 1.8310546875 -2.13623046875 1964232
-1.15966796875 1.8310546875 -2.13623046875 1964233
-1.15966796875 1.8310546875 -2.13623046875 1964333
1.3427734375 0.9765625 0.6103515625 1964333
1.3427734375 0.9765625 0.6103515625 1964334
1.3427734375 0.9765625 0.6103515625 1964335
-2.62451171875 1.3427734375 0.8544921875 1964524
3.11279296875 0.54931640625 -1.5869140625 1964525
3.11279296875 0.54931640625 -1.5869140625 1964525
3.11279296875 0.54931640625 -1.5869140625 1964526
3.11279296875 0.54931640625 -1.5869140625 1964626
1.220703125 1.220703125 1.77001953125 1964627
1.220703125 1.220703125 1.77001953125 1964627
1.220703125 1.220703125 1.77001953125 1964627
1.220703125 1.220703125 1.77001953125 1964728
-0.48828125 0.06103515625 0.244140625 1964728
-0.48828125 0.06103515625 0.244140625 1964729
-0.48828125 0.06103515625 0.244140625 1964730
-0.48828125 0.06103515625 0.244140625 1964831
0.9765625 0.06103515625 0 1964831
0.9765625 0.06103515625 0 1964832
0.9765625 0.06103515625 0 1964832
0.9765625 0.06103515625 0 1964933
-1.708984375 1.03759765625 2.5634765625 1964934
-1.708984375 1.03759765625 2.5634765625 1964934
-1.708984375 1.03759765625 2.5634765625 1964935
0.67138671875 0.30517578125 1.15966796875 1965123
0.06103515625 0.6103515625 1.0986328125 1965123
0.06103515625 0.6103515625 1.0986328125 1965124
0.06103515625 0.6103515625 1.0986328125 1965125
0.06103515625 0.6103515625 1.0986328125 1965225
-0.1220703125 -0.3662109375 0 1965225
-0.1220703125 -0.3662109375 0 1965226
-0.1220703125 -0.3662109375 0 1965226
-0.1220703125 -0.3662109375 0 1965328
-1.15966796875 1.89208984375 0.42724609375 1965328
-1.15966796875 1.89208984375 0.42724609375 1965329
-1.15966796875 1.89208984375 0.42724609375 1965330
-1.15966796875 1.89208984375 0.42724609375 1965430
2.685546875 0.18310546875 -1.708984375 1965430
2.685546875 0.18310546875 -1.708984375 1965431
2.685546875 0.18310546875 -1.708984375 1965431
2.685546875 0.18310546875 -1.708984375 1965533
-0.54931640625 0 2.38037109375 1965533
-0.54931640625 0 2.38037109375 1965534
-0.54931640625 0 2.38037109375 1965534
0.54931640625 0.3662109375 0.1220703125 1965724
2.01416015625 0.91552734375 0 1965725
2.01416015625 0.91552734375 0 1965725
2.01416015625 0.91552734375 0 1965726
2.01416015625 0.91552734375 0 1965827
-3.60107421875 -1.77001953125 1.220703125 1965827
-3.60107421875 -1.77001953125 1.220703125 1965828
-3.60107421875 -1.77001953125 1.220703125 1965828
-3.60107421875 -1.77001953125 1.220703125 1965948
1.220703125 -2.5634765625 1.0986328125 1965949
1.220703125 -2.5634765625 1.0986328125 1965949
1.220703125 -2.5634765625 1.0986328125 1965950
-3.23486328125 -1.220703125 0.06103515625 1966113
-0.732421875 -0.244140625 -1.0986328125 1966114
-0.732421875 -0.244140625 -1.0986328125 1966114
-0.732421875 -0.244140625 -1.0986328125 1966114
-0.732421875 -0.244140625 -1.0986328125 1966224
0.79345703125 -0.06103515625 0.3662109375 1966225
0.79345703125 -0.06103515625 0.3662109375 1966226
0.79345703125 -0.06103515625 0.3662109375 1966226
0.79345703125 -0.06103515625 0.3662109375 1966327
1.64794921875 -0.06103515625 0.1220703125 1966328
1.64794921875 -0.06103515625 0.1220703125 1966329
1.64794921875 -0.06103515625 0.1220703125 1966330
1.64794921875 -0.06103515625 0.1220703125 1966429
-0.244140625 0 -0.79345703125 1966429
-0.244140625 0 -0.79345703125 1966430
-0.244140625 0 -0.79345703125 1966532
-1.3427734375 0.48828125 -0.42724609375 1966532
-1.3427734375 0.48828125 -0.42724609375 1966533
-1.3427734375 0.48828125 -0.42724609375 1966534
-1.3427734375 0.48828125 -0.42724609375 1966634
-0.48828125 -0.8544921875 1.77001953125 1966635
-0.48828125 -0.8544921875 1.77001953125 1966635
-0.48828125 -0.8544921875 1.77001953125 1966636
-0.9765625 0.54931640625 0.54931640625 1966823
1.64794921875 -0.91552734375 -0.244140625 1966823
1.64794921875 -0.91552734375 -0.244140625 1966824
1.64794921875 -0.91552734375 -0.244140625 1966824
1.64794921875 -0.91552734375 -0.244140625 1966931
2.197265625 0.06103515625 -0.54931640625 1966932
2.197265625 0.06103515625 -0.54931640625 1966933
2.197265625 0.06103515625 -0.54931640625 1966933
3.7841796875 -0.91552734375 -0.91552734375 1967121
-2.5634765625 3.84521484375 -2.9296875 1967121
-2.5634765625 3.84521484375 -2.9296875 1967121
-2.5634765625 3.84521484375 -2.9296875 1967122
-2.5634765625 3.84521484375 -2.9296875 1967223
-0.1220703125 0.6103515625 0.67138671875 1967223
-0.1220703125 0.6103515625 0.67138671875 1967224
-0.1220703125 0.6103515625 0.67138671875 1967225
-0.1220703125 0.6103515625 0.67138671875 1967325
-0.48828125 -0.6103515625 -1.220703125 1967326
-0.48828125 -0.6103515625 -1.220703125 1967326
-0.48828125 -0.6103515625 -1.220703125 1967327
1.52587890625 -2.74658203125 -3.84521484375 1967428
1.52587890625 -2.74658203125 -3.84521484375 1967428
1.52587890625 -2.74658203125 -3.84521484375 1967429
1.52587890625 -2.74658203125 -3.84521484375 1967532
-0.48828125 -4.45556640625 -5.31005859375 1967532
-0.48828125 -4.45556640625 -5.31005859375 1967533
-0.48828125 -4.45556640625 -5.31005859375 1967534
4.0283203125 -11.90185546875 -10.19287109375 1967722
-0.54931640625 -11.5966796875 -14.34326171875 1967722
-0.54931640625 -11.5966796875 -14.34326171875 1967723
-0.54931640625 -11.5966796875 -14.34326171875 1967723
-0.54931640625 -11.5966796875 -14.34326171875 1967825
-2.5634765625 -16.05224609375 -21.1181640625 1967825
-2.5634765625 -16.05224609375 -21.1181640625 1967826
-2.5634765625 -16.05224609375 -21.1181640625 1967827
-2.5634765625 -16.05224609375 -21.1181640625 1967927
-1.52587890625 -17.822265625 -33.75244140625 1967927
-1.52587890625 -17.822265625 -33.75244140625 1967928
-1.52587890625 -17.822265625 -33.75244140625 1967928
-1.52587890625 -17.822265625 -33.75244140625 1968029
-11.962890625 -23.01025390625 -22.27783203125 1968029
-11.962890625 -23.01025390625 -22.27783203125 1968030
-11.962890625 -23.01025390625 -22.27783203125 1968031
-11.962890625 -23.01025390625 -22.27783203125 1968132
16.17431640625 -21.05712890625 -26.3671875 1968132
16.17431640625 -21.05712890625 -26.3671875 1968133
16.17431640625 -21.05712890625 -26.3671875 1968133
25.81787109375 -46.44775390625 17.02880859375 1968323
23.49853515625 -105.40771484375 50.72021484375 1968324
23.49853515625 -105.40771484375 50.72021484375 1968324
23.49853515625 -105.40771484375 50.72021484375 1968325
23.49853515625 -105.40771484375 50.72021484375 1968426
27.83203125 -158.14208984375 95.458984375 1968427
27.83203125 -158.14208984375 95.458984375 1968427
27.83203125 -158.14208984375 95.458984375 1968428
27.83203125 -158.14208984375 95.458984375 1968528
-2.13623046875 -149.2919921875 91.064453125 1968528
-2.13623046875 -149.2919921875 91.064453125 1968529
-2.13623046875 -149.2919921875 91.064453125 1968530
-2.13623046875 -149.2919921875 91.064453125 1968631
3.23486328125 -125.42724609375 80.6884765625 1968631
3.23486328125 -125.42724609375 80.6884765625 1968632
3.23486328125 -125.42724609375 80.6884765625 1968633
3.23486328125 -125.42724609375 80.6884765625 1968734
15.13671875 -56.09130859375 83.251953125 1968735
15.13671875 -56.09130859375 83.251953125 1968735
15.13671875 -56.09130859375 83.251953125 1968736
-14.892578125 -74.0966796875 -46.630859375 1968923
-22.76611328125 56.5185546875 16.54052734375 1968925
-22.76611328125 56.5185546875 16.54052734375 1968925
-22.76611328125 56.5185546875 16.54052734375 1968926
-22.76611328125 56.5185546875 16.54052734375 1969026
-58.10546875 247.4365234375 -134.1552734375 1969027
-58.10546875 247.4365234375 -134.1552734375 1969027
-58.10546875 247.4365234375 -134.1552734375 1969028
-58.10546875 247.4365234375 -134.1552734375 1969129
-25.93994140625 188.90380859375 -55.35888671875 1969129
-25.93994140625 188.90380859375 -55.35888671875 1969130
-25.93994140625 188.90380859375 -55.35888671875 1969131
-25.93994140625 188.90380859375 -55.35888671875 1969231
-45.2880859375 39.794921875 21.1181640625 1969232
-45.2880859375 39.794921875 21.1181640625 1969232
-45.2880859375 39.794921875 21.1181640625 1969233
-45.2880859375 39.794921875 21.1181640625 1969333
-32.65380859375 45.654296875 14.6484375 1969333
-32.65380859375 45.654296875 14.6484375 1969334
-32.65380859375 45.654296875 14.6484375 1969334
-26.3671875 41.44287109375 13.5498046875 1969521
-3.23486328125 25.20751953125 27.16064453125 1969522
-3.23486328125 25.20751953125 27.16064453125 1969522
-3.23486328125 25.20751953125 27.16064453125 1969523
-3.23486328125 25.20751953125 27.16064453125 1969624
-1.8310546875 24.2919921875 -8.544921875 1969626
-1.8310546875 24.2919921875 -8.544921875 1969626
-1.8310546875 24.2919921875 -8.544921875 1969627
-1.8310546875 24.2919921875 -8.544921875 1969727
11.8408203125 10.009765625 -9.94873046875 1969727
11.8408203125 10.009765625 -9.94873046875 1969728
11.8408203125 10.009765625 -9.94873046875 1969728
11.8408203125 10.009765625 -9.94873046875 1969830
-11.16943359375 3.11279296875 14.16015625 1969831
-11.16943359375 3.11279296875 14.16015625 1969831
-11.16943359375 3.11279296875 14.16015625 1969832
-11.16943359375 3.11279296875 14.16015625 1969933
1.953125 4.2724609375 2.8076171875 1969933
1.953125 4.2724609375 2.8076171875 1969934
1.953125 4.2724609375 2.8076171875 1969934
-3.47900390625 1.46484375 0.1220703125 1970132
-0.91552734375 8.72802734375 1.46484375 1970132
-0.91552734375 8.72802734375 1.46484375 1970133
-0.91552734375 8.72802734375 1.46484375 1970133
18.61572265625 7.6904296875 27.89306640625 1970320
119.140625 15.80810546875 61.82861328125 1970321
119.140625 15.80810546875 61.82861328125 1970321
119.140625 15.80810546875 61.82861328125 1970321
119.140625 15.80810546875 61.82861328125 1970423
104.00390625 16.4794921875 19.8974609375 1970423
104.00390625 16.4794921875 19.8974609375 1970424
104.00390625 16.4794921875 19.8974609375 1970425
104.00390625 16.4794921875 19.8974609375 1970525
71.2890625 7.9345703125 12.14599609375 1970525
71.2890625 7.9345703125 12.14599609375 1970526
71.2890625 7.9345703125 12.14599609375 1970526
71.2890625 7.9345703125 12.14599609375 1970628
12.26806640625 19.34814453125 -19.4091796875 1970628
12.26806640625 19.34814453125 -19.4091796875 1970629
12.26806640625 19.34814453125 -19.4091796875 1970629
12.26806640625 19.34814453125 -19.4091796875 1970731
16.4794921875 17.08984375 -9.8876953125 1970731
16.4794921875 17.08984375 -9.8876953125 1970732
16.4794921875 17.08984375 -9.8876953125 1970733
-3.35693359375 7.2021484375 -3.2958984375 1970920
-4.33349609375 7.568359375 -3.23486328125 1970920
-4.33349609375 7.568359375 -3.23486328125 1970921
-4.33349609375 7.568359375 -3.23486328125 1970921
1.708984375 6.28662109375 -1.8310546875 1971122
-12.63427734375 -0.48828125 -5.7373046875 1971122
-12.63427734375 -0.48828125 -5.7373046875 1971124
-12.63427734375 -0.48828125 -5.7373046875 1971125
-12.63427734375 -0.48828125 -5.7373046875 1971224
-36.80419921875 -0.30517578125 -1.0986328125 1971224
-36.80419921875 -0.30517578125 -1.0986328125 1971225
-36.80419921875 -0.30517578125 -1.0986328125 1971225
-38.63525390625 -6.40869140625 4.08935546875 1971327
-38.63525390625 -6.40869140625 4.08935546875 1971328
-38.63525390625 -6.40869140625 4.08935546875 1971328
-38.63525390625 -6.40869140625 4.08935546875 1971430
-23.37646484375 -3.662109375 -0.30517578125 1971431
-23.37646484375 -3.662109375 -0.30517578125 1971432
-23.37646484375 -3.662109375 -0.30517578125 1971432
-7.568359375 -10.009765625 2.197265625 1971624
-2.5634765625 -5.7373046875 -0.3662109375 1971624
-2.5634765625 -5.7373046875 -0.3662109375 1971625
-2.5634765625 -5.7373046875 -0.3662109375 1971626
-2.5634765625 -5.7373046875 -0.3662109375 1971727
3.2958984375 -6.34765625 2.62451171875 1971727
3.2958984375 -6.34765625 2.62451171875 1971728
3.2958984375 -6.34765625 2.62451171875 1971728
3.2958984375 -6.34765625 2.62451171875 1971829
0.732421875 -4.150390625 -2.50244140625 1971829
0.732421875 -4.150390625 -2.50244140625 1971830
0.732421875 -4.150390625 -2.50244140625 1971830
0.732421875 -4.150390625 -2.50244140625 1971932
3.173828125 -5.2490234375 -0.732421875 1971933
3.173828125 -5.2490234375 -0.732421875 1971933
3.173828125 -5.2490234375 -0.732421875 1971934
0.1220703125 -3.90625 1.64794921875 1972121
8.48388671875 -2.197265625 -4.08935546875 1972122
8.48388671875 -2.197265625 -4.08935546875 1972122
8.48388671875 -2.197265625 -4.08935546875 1972123
8.48388671875 -2.197265625 -4.08935546875 1972225
0.732421875 -3.47900390625 -0.244140625 1972225
0.732421875 -3.47900390625 -0.244140625 1972226
0.732421875 -3.47900390625 -0.244140625 1972226
0.732421875 -3.47900390625 -0.244140625 1972327
0.18310546875 -3.90625 0.732421875 1972329
0.18310546875 -3.90625 0.732421875 1972330
0.18310546875 -3.90625 0.732421875 1972330
0.18310546875 -3.90625 0.732421875 1972429
-2.50244140625 0.30517578125 -0.54931640625 1972430
-2.50244140625 0.30517578125 -0.54931640625 1972431
-2.50244140625 0.30517578125 -0.54931640625 1972431
-2.50244140625 0.30517578125 -0.54931640625 1972532
-2.0751953125 -0.3662109375 -3.2958984375 1972532
-2.0751953125 -0.3662109375 -3.2958984375 1972533
-2.0751953125 -0.3662109375 -3.2958984375 1972534
-4.45556640625 0.91552734375 0.06103515625 1972721
2.25830078125 4.150390625 -3.7841796875 1972721
2.25830078125 4.150390625 -3.7841796875 1972722
2.25830078125 4.150390625 -3.7841796875 1972722
2.25830078125 4.150390625 -3.7841796875 1972823
1.52587890625 2.44140625 -1.5869140625 1972823
1.52587890625 2.44140625 -1.5869140625 1972824
1.52587890625 2.44140625 -1.5869140625 1972825
1.52587890625 2.44140625 -1.5869140625 1972926
1.0986328125 0.3662109375 0.244140625 1972927
1.0986328125 0.3662109375 0.244140625 1972927
1.0986328125 0.3662109375 0.244140625 1972928
1.0986328125 0.3662109375 0.244140625 1973028
1.8310546875 0.67138671875 0.06103515625 1973028
1.8310546875 0.67138671875 0.06103515625 1973029
1.8310546875 0.67138671875 0.06103515625 1973029
1.8310546875 0.67138671875 0.06103515625 1973131
-2.13623046875 1.5869140625 0.8544921875 1973131
-2.13623046875 1.5869140625 0.8544921875 1973132
-2.13623046875 1.5869140625 0.8544921875 1973133
3.60107421875 -0.67138671875 0.244140625 1973331
-2.99072265625 0.18310546875 1.03759765625 1973332
-2.99072265625 0.18310546875 1.03759765625 1973332
-2.99072265625 0.18310546875 1.03759765625 1973333
0.42724609375 -0.6103515625 -0.1220703125 1973521
-1.8310546875 0.30517578125 1.28173828125 1973521
-1.8310546875 0.30517578125 1.28173828125 1973522
-1.8310546875 0.30517578125 1.28173828125 1973522
-1.8310546875 0.30517578125 1.28173828125 1973623
1.77001953125 -1.708984375 1.15966796875 1973623
1.77001953125 -1.708984375 1.15966796875 1973624
1.77001953125 -1.708984375 1.15966796875 1973625
1.77001953125 -1.708984375 1.15966796875 1973725
1.03759765625 -0.54931640625 0.42724609375 1973725
1.03759765625 -0.54931640625 0.42724609375 1973726
1.03759765625 -0.54931640625 0.42724609375 1973726
1.03759765625 -0.54931640625 0.42724609375 1973829
-0.732421875 -1.0986328125 1.03759765625 1973829
-0.732421875 -1.0986328125 1.03759765625 1973830
-0.732421875 -1.0986328125 1.03759765625 1973830
-0.732421875 -1.0986328125 1.03759765625 1973931
-0.30517578125 1.46484375 -1.28173828125 1973931
-0.30517578125 1.46484375 -1.28173828125 1973932
-0.30517578125 1.46484375 -1.28173828125 1973932
2.685546875 -0.42724609375 -1.5869140625 1974121
0 0.3662109375 -0.6103515625 1974121
0 0.3662109375 -0.6103515625 1974122
0 0.3662109375 -0.6103515625 1974122
0 0.3662109375 -0.6103515625 1974223
5.0048828125 0.06103515625 -0.8544921875 1974223
5.0048828125 0.06103515625 -0.8544921875 1974224
5.0048828125 0.06103515625 -0.8544921875 1974224
-0.244140625 -1.40380859375 -0.244140625 1974325
-0.244140625 -1.40380859375 -0.244140625 1974325
-0.244140625 -1.40380859375 -0.244140625 1974326
-0.244140625 -1.40380859375 -0.244140625 1974429
1.03759765625 0.1220703125 -3.23486328125 1974430
1.03759765625 0.1220703125 -3.23486328125 1974430
1.03759765625 0.1220703125 -3.23486328125 1974431
1.03759765625 0.1220703125 -3.23486328125 1974532
0.48828125 1.52587890625 -0.6103515625 1974532
0.48828125 1.52587890625 -0.6103515625 1974532
0.48828125 1.52587890625 -0.6103515625 1974533
1.953125 0.67138671875 -0.30517578125 1974723
-0.18310546875 0.18310546875 -0.732421875 1974723
-0.18310546875 0.18310546875 -0.732421875 1974723
-0.18310546875 0.18310546875 -0.732421875 1974724
0.6103515625 0 -0.1220703125 1974826
0.6103515625 0 -0.1220703125 1974826
0.6103515625 0 -0.1220703125 1974827
0.6103515625 0 -0.1220703125 1974930
0.8544921875 -3.60107421875 1.40380859375 1974930
0.8544921875 -3.60107421875 1.40380859375 1974930
0.8544921875 -3.60107421875 1.40380859375 1974931
-1.77001953125 -1.52587890625 1.8310546875 1975119
1.953125 -1.953125 -1.40380859375 1975119
1.953125 -1.953125 -1.40380859375 1975120
1.953125 -1.953125 -1.40380859375 1975120
1.953125 -1.953125 -1.40380859375 1975222
0.06103515625 -0.91552734375 -1.953125 1975222
0.06103515625 -0.91552734375 -1.953125 1975223
0.06103515625 -0.91552734375 -1.953125 1975224
0.9765625 -3.35693359375 -0.3662109375 1975326
0.9765625 -3.35693359375 -0.3662109375 1975327
0.9765625 -3.35693359375 -0.3662109375 1975327
0.9765625 -3.35693359375 -0.3662109375 1975429
-3.90625 0.30517578125 -0.06103515625 1975430
-3.90625 0.30517578125 -0.06103515625 1975431
-3.90625 0.30517578125 -0.06103515625 1975431
2.74658203125 -0.244140625 -0.8544921875 1975623
0.732421875 -0.9765625 -0.244140625 1975624
0.732421875 -0.9765625 -0.244140625 1975625
0.732421875 -0.9765625 -0.244140625 1975625
0.732421875 -0.9765625 -0.244140625 1975726
-2.5634765625 -0.18310546875 1.03759765625 1975726
-2.5634765625 -0.18310546875 1.03759765625 1975727
-2.5634765625 -0.18310546875 1.03759765625 1975727
-2.5634765625 -0.18310546875 1.03759765625 1975828
0.42724609375 0.244140625 0.9765625 1975828
0.42724609375 0.244140625 0.9765625 1975829
0.42724609375 0.244140625 0.9765625 1975829
0.42724609375 0.244140625 0.9765625 1975930
-4.33349609375 -0.06103515625 0.79345703125 1975930
-4.33349609375 -0.06103515625 0.79345703125 1975931
-4.33349609375 -0.06103515625 0.79345703125 1975931
-0.732421875 0.244140625 0.8544921875 1976111
3.11279296875 -0.54931640625 -0.06103515625 1976112
3.11279296875 -0.54931640625 -0.06103515625 1976112
3.11279296875 -0.54931640625 -0.06103515625 1976113
3.11279296875 -0.54931640625 -0.06103515625 1976223
-1.28173828125 1.46484375 1.708984375 1976224
-1.28173828125 1.46484375 1.708984375 1976224
-1.28173828125 1.46484375 1.708984375 1976225
-1.28173828125 1.46484375 1.708984375 1976325
1.8310546875 -0.9765625 -2.74658203125 1976325
1.8310546875 -0.9765625 -2.74658203125 1976326
1.8310546875 -0.9765625 -2.74658203125 1976326
1.8310546875 -0.9765625 -2.74658203125 1976429
-0.732421875 0.42724609375 -0.54931640625 1976429
-0.732421875 0.42724609375 -0.54931640625 1976429
-0.732421875 0.42724609375 -0.54931640625 1976429
-0.732421875 0.42724609375 -0.54931640625 1976539
-0.18310546875 0.3662109375 0.42724609375 1976540
-0.18310546875 0.3662109375 0.42724609375 1976540
-0.18310546875 0.3662109375 0.42724609375 1976541
1.708984375 -0.48828125 -0.732421875 1976721
-0.6103515625 0.9765625 1.64794921875 1976721
-0.6103515625 0.9765625 1.64794921875 1976722
-0.6103515625 0.9765625 1.64794921875 1976722
-0.6103515625 0.9765625 1.64794921875 1976823
1.46484375 0.54931640625 -1.77001953125 1976824
1.46484375 0.54931640625 -1.77001953125 1976825
1.46484375 0.54931640625 -1.77001953125 1976826
1.46484375 0.54931640625 -1.77001953125 1976925
-0.30517578125 0.67138671875 1.46484375 1976925
-0.30517578125 0.67138671875 1.46484375 1976926
-0.30517578125 0.67138671875 1.46484375 1976926
-0.30517578125 0.67138671875 1.46484375 1977028
2.685546875 -1.03759765625 0.9765625 1977028
2.685546875 -1.03759765625 0.9765625 1977029
2.685546875 -1.03759765625 0.9765625 1977030
2.685546875 -1.03759765625 0.9765625 1977131
0.06103515625 -0.48828125 1.03759765625 1977131
0.06103515625 -0.48828125 1.03759765625 1977132
0.06103515625 -0.48828125 1.03759765625 1977132
-0.244140625 0.1220703125 -0.06103515625 1977319
-0.42724609375 -0.3662109375 0.79345703125 1977319
-0.42724609375 -0.3662109375 0.79345703125 1977320
-0.42724609375 -0.3662109375 0.79345703125 1977320
-0.42724609375 -0.3662109375 0.79345703125 1977422
-1.46484375 1.0986328125 0.42724609375 1977422
-1.46484375 1.0986328125 0.42724609375 1977423
-1.46484375 1.0986328125 0.42724609375 1977423
-1.46484375 1.0986328125 0.42724609375 1977525
0.79345703125 0.9765625 -2.197265625 1977525
0.79345703125 0.9765625 -2.197265625 1977526
0.79345703125 0.9765625 -2.197265625 1977526
0.79345703125 0.9765625 -2.197265625 1977627
0.3662109375 -0.244140625 -0.244140625 1977627
0.3662109375 -0.244140625 -0.244140625 1977628
0.3662109375 -0.244140625 -0.244140625 1977629
0.3662109375 -0.244140625 -0.244140625 1977729
1.03759765625 0.8544921875 -0.18310546875 1977741
1.03759765625 0.8544921875 -0.18310546875 1977742
1.03759765625 0.8544921875 -0.18310546875 1977742
0.244140625 -1.03759765625 -1.46484375 1977922
-2.685546875 1.46484375 1.77001953125 1977923
-2.685546875 1.46484375 1.77001953125 1977923
-2.685546875 1.46484375 1.77001953125 1977924
-2.685546875 1.46484375 1.77001953125 1978025
2.50244140625 -1.0986328125 -1.5869140625 1978026
2.50244140625 -1.0986328125 -1.5869140625 1978027
2.50244140625 -1.0986328125 -1.5869140625 1978028
2.50244140625 -1.0986328125 -1.5869140625 1978126
-0.42724609375 -0.3662109375 2.25830078125 1978126
-0.42724609375 -0.3662109375 2.25830078125 1978127
-0.42724609375 -0.3662109375 2.25830078125 1978229
-3.11279296875 1.0986328125 0.1220703125 1978229
-3.11279296875 1.0986328125 0.1220703125 1978230
-3.11279296875 1.0986328125 0.1220703125 1978230
-0.3662109375 -1.0986328125 -0.6103515625 1978420
-2.44140625 -0.79345703125 0 1978420
-2.44140625 -0.79345703125 0 1978421
-2.44140625 -0.79345703125 0 1978421
5.37109375 0 0.3662109375 1978524
5.37109375 0 0.3662109375 1978524
5.37109375 0 0.3662109375 1978525
5.37109375 0 0.3662109375 1978628
3.662109375 0 1.03759765625 1978628
3.662109375 0 1.03759765625 1978628
3.662109375 0 1.03759765625 1978629
3.662109375 0 1.03759765625 1978730
-2.197265625 0.18310546875 0.6103515625 1978730
-2.197265625 0.18310546875 0.6103515625 1978731
-2.197265625 0.18310546875 0.6103515625 1978731
1.52587890625 -0.54931640625 0.732421875 1978918
0.42724609375 0.91552734375 0.79345703125 1978918
0.42724609375 0.91552734375 0.79345703125 1978919
0.42724609375 0.91552734375 0.79345703125 1978919
0.42724609375 0.91552734375 0.79345703125 1979020
-1.953125 -0.8544921875 -0.67138671875 1979020
-1.953125 -0.8544921875 -0.67138671875 1979020
-1.953125 -0.8544921875 -0.67138671875 1979021
-1.953125 -0.8544921875 -0.67138671875 1979122
0.244140625 -0.91552734375 0.79345703125 1979122
0.244140625 -0.91552734375 0.79345703125 1979122
0.244140625 -0.91552734375 0.79345703125 1979123
0.244140625 -0.91552734375 0.79345703125 1979225
1.0986328125 0.67138671875 -0.48828125 1979249
1.0986328125 0.67138671875 -0.48828125 1979273
1.0986328125 0.67138671875 -0.48828125 1979274
1.0986328125 0.67138671875 -0.48828125 1979338
1.03759765625 0.244140625 -0.1220703125 1979415
1.03759765625 0.244140625 -0.1220703125 1979416
1.03759765625 0.244140625 -0.1220703125 1979417
1.03759765625 0.244140625 -0.1220703125 1979557
0.9765625 -1.15966796875 0.91552734375 1979557
0.9765625 -1.15966796875 0.91552734375 1979558
0.9765625 -1.15966796875 0.91552734375 1979558
0.79345703125 -0.06103515625 0.3662109375 1979810
-0.48828125 0.9765625 -0.79345703125 1979811
-0.48828125 0.9765625 -0.79345703125 1979812
-0.48828125 0.9765625 -0.79345703125 1979812
0.91552734375 -0.244140625 0 1979920
-0.79345703125 -0.8544921875 0.54931640625 1979920
-0.79345703125 -0.8544921875 0.54931640625 1979920
-0.79345703125 -0.8544921875 0.54931640625 1979921
-0.79345703125 -0.8544921875 0.54931640625 1980022
0.42724609375 0.6103515625 -1.03759765625 1980023
0.42724609375 0.6103515625 -1.03759765625 1980023
0.42724609375 0.6103515625 -1.03759765625 1980023
0.42724609375 0.6103515625 -1.03759765625 1980125
-0.3662109375 -0.48828125 0.54931640625 1980125
-0.3662109375 -0.48828125 0.54931640625 1980126
-0.3662109375 -0.48828125 0.54931640625 1980126
-0.3662109375 -0.48828125 0.54931640625 1980227
1.46484375 -1.3427734375 2.50244140625 1980228
1.46484375 -1.3427734375 2.50244140625 1980228
1.46484375 -1.3427734375 2.50244140625 1980228
-2.5634765625 -1.5869140625 3.96728515625 1980421
0.91552734375 0.1220703125 0 1980422
0.91552734375 0.1220703125 0 1980422
0.91552734375 0.1220703125 0 1980422
0.91552734375 0.1220703125 0 1980525
1.89208984375 -0.732421875 -1.40380859375 1980525
1.89208984375 -0.732421875 -1.40380859375 1980526
1.89208984375 -0.732421875 -1.40380859375 1980526
1.89208984375 -0.732421875 -1.40380859375 1980647
-1.708984375 1.40380859375 -0.18310546875 1980648
-1.708984375 1.40380859375 -0.18310546875 1980649
-1.708984375 1.40380859375 -0.18310546875 1980649
2.3193359375 1.0986328125 -2.99072265625 1980806
0.244140625 -0.18310546875 -0.54931640625 1980807
0.244140625 -0.18310546875 -0.54931640625 1980807
0.244140625 -0.18310546875 -0.54931640625 1980807
0.244140625 -0.18310546875 -0.54931640625 1980918
-0.06103515625 0.3662109375 0.54931640625 1980918
-0.06103515625 0.3662109375 0.54931640625 1980919
-0.06103515625 0.3662109375 0.54931640625 1980919
-0.54931640625 0.30517578125 1.03759765625 1981124
0 -0.18310546875 1.28173828125 1981124
0 -0.18310546875 1.28173828125 1981126
0 -0.18310546875 1.28173828125 1981126
0 -0.18310546875 1.28173828125 1981227
1.8310546875 -0.18310546875 0.48828125 1981227
1.8310546875 -0.18310546875 0.48828125 1981227
1.8310546875 -0.18310546875 0.48828125 1981228
1.8310546875 -0.18310546875 0.48828125 1981329
1.28173828125 -0.42724609375 -0.54931640625 1981329
1.28173828125 -0.42724609375 -0.54931640625 1981329
1.28173828125 -0.42724609375 -0.54931640625 1981330
1.52587890625 0.48828125 -0.732421875 1981517
1.40380859375 -0.18310546875 1.40380859375 1981524
1.40380859375 -0.18310546875 1.40380859375 1981525
1.40380859375 -0.18310546875 1.40380859375 1981525
1.40380859375 -0.18310546875 1.40380859375 1981620
-1.40380859375 -0.48828125 -1.03759765625 1981725
1.52587890625 -0.9765625 -0.244140625 1981725
1.52587890625 -0.9765625 -0.244140625 1981725
1.52587890625 -0.9765625 -0.244140625 1981726
1.52587890625 -0.9765625 -0.244140625 1981828
3.11279296875 -6.89697265625 -6.40869140625 1981828
3.11279296875 -6.89697265625 -6.40869140625 1981828
3.11279296875 -6.89697265625 -6.40869140625 1981829
3.23486328125 -15.93017578125 -10.986328125 1982019
-1.03759765625 -25.81787109375 -17.822265625 1982019
-1.03759765625 -25.81787109375 -17.822265625 1982019
-1.03759765625 -25.81787109375 -17.822265625 1982020
-1.03759765625 -25.81787109375 -17.822265625 1982121
2.86865234375 -27.03857421875 -26.67236328125 1982121
2.86865234375 -27.03857421875 -26.67236328125 1982122
2.86865234375 -27.03857421875 -26.67236328125 1982122
2.86865234375 -27.03857421875 -26.67236328125 1982224
-16.66259765625 -16.54052734375 -28.9306640625 1982224
-16.66259765625 -16.54052734375 -28.9306640625 1982225
-16.66259765625 -16.54052734375 -28.9306640625 1982225
-16.66259765625 -16.54052734375 -28.9306640625 1982326
-12.39013671875 -13.24462890625 -41.748046875 1982326
-12.39013671875 -13.24462890625 -41.748046875 1982326
-12.39013671875 -13.24462890625 -41.748046875 1982327
-12.39013671875 -13.24462890625 -41.748046875 1982429
26.4892578125 -22.39990234375 -13.73291015625 1982429
26.4892578125 -22.39990234375 -13.73291015625 1982429
26.4892578125 -22.39990234375 -13.73291015625 1982430
21.3623046875 -97.83935546875 51.7578125 1982619
31.06689453125 -166.9921875 85.0830078125 1982619
31.06689453125 -166.9921875 85.0830078125 1982619
31.06689453125 -166.9921875 85.0830078125 1982620
31.06689453125 -166.9921875 85.0830078125 1982721
11.77978515625 -170.10498046875 92.71240234375 1982721
11.77978515625 -170.10498046875 92.71240234375 1982721
11.77978515625 -170.10498046875 92.71240234375 1982722
11.77978515625 -170.10498046875 92.71240234375 1982823
-0.18310546875 -154.78515625 76.7822265625 1982823
-0.18310546875 -154.78515625 76.7822265625 1982824
-0.18310546875 -154.78515625 76.7822265625 1982824
