-0.54931640625 -0.30517578125 2.197265625 1379301
-0.54931640625 -0.30517578125 2.197265625 1379301
-0.54931640625 -0.30517578125 2.197265625 1379474
-0.54931640625 -0.30517578125 2.197265625 1379475
-0.54931640625 -0.30517578125 2.197265625 1379475
-1.0986328125 -0.79345703125 2.44140625 1379475
-0.3662109375 -1.0986328125 2.44140625 1379812
-1.03759765625 0.67138671875 2.3193359375 1379812
-1.03759765625 0.67138671875 2.3193359375 1379812
-1.03759765625 0.67138671875 2.3193359375 1379813
-0.8544921875 -0.244140625 2.8076171875 1379942
-1.220703125 -1.220703125 2.197265625 1379942
-1.220703125 -1.220703125 2.197265625 1379942
-1.220703125 -1.220703125 2.197265625 1379950
0 -1.03759765625 2.9296875 1380107
-1.52587890625 -0.91552734375 2.13623046875 1380108
-1.52587890625 -0.91552734375 2.13623046875 1380108
-1.52587890625 -0.91552734375 2.13623046875 1380109
-1.89208984375 -1.77001953125 2.25830078125 1380214
-1.89208984375 -1.77001953125 2.25830078125 1380214
-1.89208984375 -1.77001953125 2.25830078125 1380214
-1.89208984375 -1.77001953125 2.25830078125 1380316
-1.03759765625 -0.91552734375 2.5634765625 1380316
-1.03759765625 -0.91552734375 2.5634765625 1380316
-1.03759765625 -0.91552734375 2.5634765625 1380317
-1.03759765625 -0.91552734375 2.5634765625 1380418
0 -1.5869140625 2.197265625 1380419
0 -1.5869140625 2.197265625 1380419
0 -1.5869140625 2.197265625 1380419
-1.52587890625 -0.91552734375 2.62451171875 1380607
-1.46484375 -2.01416015625 2.25830078125 1380608
-1.46484375 -2.01416015625 2.25830078125 1380608
-1.46484375 -2.01416015625 2.25830078125 1380608
-1.46484375 -2.01416015625 2.25830078125 1380710
0.42724609375 -1.8310546875 1.8310546875 1380710
0.42724609375 -1.8310546875 1.8310546875 1380710
0.42724609375 -1.8310546875 1.8310546875 1380711
0.42724609375 -1.8310546875 1.8310546875 1380812
0 -2.50244140625 1.220703125 1380812
0 -2.50244140625 1.220703125 1380813
0 -2.50244140625 1.220703125 1380813
0 -2.50244140625 1.220703125 1380915
0.06103515625 -1.0986328125 2.01416015625 1380915
0.06103515625 -1.0986328125 2.01416015625 1380916
0.06103515625 -1.0986328125 2.01416015625 1380916
0.06103515625 -1.0986328125 2.01416015625 1381018
-0.9765625 -1.46484375 2.5634765625 1381018
-0.9765625 -1.46484375 2.5634765625 1381019
-0.9765625 -1.46484375 2.5634765625 1381019
-0.67138671875 -0.732421875 2.38037109375 1381197
-0.79345703125 -0.8544921875 1.5869140625 1381197
-0.79345703125 -0.8544921875 1.5869140625 1381197
-0.79345703125 -0.8544921875 1.5869140625 1381198
-0.79345703125 -0.8544921875 1.5869140625 1381308
-1.220703125 -1.5869140625 0.3662109375 1381308
-1.220703125 -1.5869140625 0.3662109375 1381308
-1.220703125 -1.5869140625 0.3662109375 1381309
-1.220703125 -1.5869140625 0.3662109375 1381410
0 -0.1220703125 1.220703125 1381410
0 -0.1220703125 1.220703125 1381410
0 -0.1220703125 1.220703125 1381411
0 -0.1220703125 1.220703125 1381524
0.9765625 0 1.03759765625 1381526
0.9765625 0 1.03759765625 1381527
0.9765625 0 1.03759765625 1381527
0.9765625 0 1.03759765625 1381633
-0.8544921875 -0.18310546875 1.03759765625 1381634
-0.8544921875 -0.18310546875 1.03759765625 1381634
-0.8544921875 -0.18310546875 1.03759765625 1381634
-0.8544921875 -0.18310546875 1.03759765625 1381737
-0.54931640625 -1.3427734375 1.953125 1381737
-0.54931640625 -1.3427734375 1.953125 1381737
-0.54931640625 -1.3427734375 1.953125 1381738
-0.54931640625 -1.3427734375 1.953125 1381904
-0.3662109375 -1.46484375 1.28173828125 1381905
-0.3662109375 -1.46484375 1.28173828125 1381905
-0.3662109375 -1.46484375 1.28173828125 1381905
0.42724609375 -0.30517578125 1.3427734375 1382021
1.40380859375 -1.52587890625 3.173828125 1382022
1.40380859375 -1.52587890625 3.173828125 1382022
1.40380859375 -1.52587890625 3.173828125 1382157
1.40380859375 -1.52587890625 3.173828125 1382173
-1.3427734375 1.15966796875 2.3193359375 1382174
-1.3427734375 1.15966796875 2.3193359375 1382174
-1.3427734375 1.15966796875 2.3193359375 1382341
-2.25830078125 4.8828125 1.15966796875 1382341
-2.25830078125 4.8828125 1.15966796875 1382341
-2.25830078125 4.8828125 1.15966796875 1382342
-1.03759765625 -1.03759765625 1.89208984375 1382506
0.244140625 -0.06103515625 1.28173828125 1382506
0.244140625 -0.06103515625 1.28173828125 1382506
0.244140625 -0.06103515625 1.28173828125 1382507
0.244140625 -0.06103515625 1.28173828125 1382609
-0.48828125 -2.86865234375 1.46484375 1382609
-0.48828125 -2.86865234375 1.46484375 1382609
-0.48828125 -2.86865234375 1.46484375 1382610
-0.48828125 -2.86865234375 1.46484375 1382711
-0.67138671875 -2.01416015625 3.173828125 1382711
-0.67138671875 -2.01416015625 3.173828125 1382712
-0.67138671875 -2.01416015625 3.173828125 1382712
-0.67138671875 -2.01416015625 3.173828125 1382813
-0.9765625 0.06103515625 3.662109375 1382814
-0.9765625 0.06103515625 3.662109375 1382814
-0.9765625 0.06103515625 3.662109375 1382814
-0.9765625 0.06103515625 3.662109375 1382916
-0.1220703125 -0.42724609375 2.74658203125 1382917
-0.1220703125 -0.42724609375 2.74658203125 1382917
-0.1220703125 -0.42724609375 2.74658203125 1382917
-0.48828125 -2.38037109375 2.44140625 1383107
0.3662109375 -2.86865234375 3.60107421875 1383108
0.3662109375 -2.86865234375 3.60107421875 1383108
0.3662109375 -2.86865234375 3.60107421875 1383109
0.3662109375 -2.86865234375 3.60107421875 1383209
-1.708984375 -0.54931640625 2.9296875 1383210
-1.708984375 -0.54931640625 2.9296875 1383210
-1.708984375 -0.54931640625 2.9296875 1383210
-1.708984375 -0.54931640625 2.9296875 1383312
-1.89208984375 -2.5634765625 2.74658203125 1383312
-1.89208984375 -2.5634765625 2.74658203125 1383313
-1.89208984375 -2.5634765625 2.74658203125 1383313
-1.89208984375 -2.5634765625 2.74658203125 1383415
4.08935546875 1.15966796875 -0.3662109375 1383415
4.08935546875 1.15966796875 -0.3662109375 1383415
4.08935546875 1.15966796875 -0.3662109375 1383416
-0.67138671875 1.46484375 1.46484375 1383605
-2.86865234375 -1.8310546875 2.685546875 1383605
-2.86865234375 -1.8310546875 2.685546875 1383606
-2.86865234375 -1.8310546875 2.685546875 1383606
-2.86865234375 -1.8310546875 2.685546875 1383711
-0.9765625 -0.30517578125 2.9296875 1383711
-0.9765625 -0.30517578125 2.9296875 1383712
-0.9765625 -0.30517578125 2.9296875 1383712
0.732421875 2.13623046875 -2.25830078125 1383912
1.46484375 0.732421875 0.42724609375 1383913
1.46484375 0.732421875 0.42724609375 1383913
1.46484375 0.732421875 0.42724609375 1383913
1.46484375 0.732421875 0.42724609375 1384015
-0.1220703125 -0.79345703125 1.953125 1384015
-0.1220703125 -0.79345703125 1.953125 1384015
-0.1220703125 -0.79345703125 1.953125 1384016
-1.52587890625 0.30517578125 2.197265625 1384205
-0.79345703125 0.9765625 1.28173828125 1384205
-0.79345703125 0.9765625 1.28173828125 1384205
-0.79345703125 0.9765625 1.28173828125 1384206
-0.79345703125 0.9765625 1.28173828125 1384309
1.15966796875 -0.244140625 1.77001953125 1384309
1.15966796875 -0.244140625 1.77001953125 1384310
1.15966796875 -0.244140625 1.77001953125 1384310
0.30517578125 -1.15966796875 0.6103515625 1384506
-0.244140625 -0.79345703125 2.197265625 1384506
-0.244140625 -0.79345703125 2.197265625 1384506
-0.244140625 -0.79345703125 2.197265625 1384507
-0.244140625 -0.79345703125 2.197265625 1384608
-0.48828125 -2.74658203125 1.03759765625 1384608
-0.48828125 -2.74658203125 1.03759765625 1384608
-0.48828125 -2.74658203125 1.03759765625 1384609
-0.48828125 -2.74658203125 1.03759765625 1384711
-1.0986328125 -2.50244140625 1.5869140625 1384711
-1.0986328125 -2.50244140625 1.5869140625 1384711
-1.0986328125 -2.50244140625 1.5869140625 1384712
-1.0986328125 -2.50244140625 1.5869140625 1384814
-1.708984375 -2.197265625 4.5166015625 1384814
-1.708984375 -2.197265625 4.5166015625 1384814
-1.708984375 -2.197265625 4.5166015625 1384815
-0.42724609375 -0.732421875 2.44140625 1385003
-3.11279296875 -2.5634765625 5.18798828125 1385003
-3.11279296875 -2.5634765625 5.18798828125 1385003
-3.11279296875 -2.5634765625 5.18798828125 1385004
-3.11279296875 -2.5634765625 5.18798828125 1385106
0.67138671875 -0.91552734375 1.8310546875 1385106
0.67138671875 -0.91552734375 1.8310546875 1385106
0.67138671875 -0.91552734375 1.8310546875 1385107
0.67138671875 -0.91552734375 1.8310546875 1385223
-2.9296875 -3.35693359375 2.25830078125 1385224
-2.9296875 -3.35693359375 2.25830078125 1385224
-2.9296875 -3.35693359375 2.25830078125 1385224
-1.708984375 -3.662109375 2.13623046875 1385415
-1.3427734375 -2.9296875 2.01416015625 1385415
-1.3427734375 -2.9296875 2.01416015625 1385416
-1.3427734375 -2.9296875 2.01416015625 1385416
-0.9765625 -0.8544921875 1.03759765625 1385604
-1.3427734375 -0.30517578125 1.708984375 1385604
-1.3427734375 -0.30517578125 1.708984375 1385604
-1.3427734375 -0.30517578125 1.708984375 1385605
-1.3427734375 -0.30517578125 1.708984375 1385706
0 0.42724609375 2.01416015625 1385706
0 0.42724609375 2.01416015625 1385706
0 0.42724609375 2.01416015625 1385707
0 0.42724609375 2.01416015625 1385808
-0.6103515625 -0.732421875 1.8310546875 1385808
-0.6103515625 -0.732421875 1.8310546875 1385809
-0.6103515625 -0.732421875 1.8310546875 1385809
-0.6103515625 -0.732421875 1.8310546875 1385911
-1.64794921875 -0.732421875 2.25830078125 1385911
-1.64794921875 -0.732421875 2.25830078125 1385912
-1.64794921875 -0.732421875 2.25830078125 1385912
-1.64794921875 -0.732421875 2.25830078125 1386013
-0.3662109375 1.953125 1.89208984375 1386014
-0.3662109375 1.953125 1.89208984375 1386014
-0.3662109375 1.953125 1.89208984375 1386014
-0.06103515625 0 1.8310546875 1386204
-0.9765625 -0.732421875 2.01416015625 1386204
-0.9765625 -0.732421875 2.01416015625 1386205
-0.9765625 -0.732421875 2.01416015625 1386205
-0.9765625 -0.732421875 2.01416015625 1386307
0 -0.8544921875 1.8310546875 1386308
0 -0.8544921875 1.8310546875 1386308
0 -0.8544921875 1.8310546875 1386308
0 -0.8544921875 1.8310546875 1386409
0.42724609375 -0.732421875 1.77001953125 1386410
0.42724609375 -0.732421875 1.77001953125 1386410
0.42724609375 -0.732421875 1.77001953125 1386410
0.42724609375 -0.732421875 1.77001953125 1386512
-1.220703125 0 1.52587890625 1386512
-1.220703125 0 1.52587890625 1386513
-1.220703125 0 1.52587890625 1386513
-1.64794921875 -0.54931640625 1.0986328125 1386702
-0.30517578125 -1.15966796875 2.0751953125 1386702
-0.30517578125 -1.15966796875 2.0751953125 1386702
-0.30517578125 -1.15966796875 2.0751953125 1386703
-0.30517578125 -1.15966796875 2.0751953125 1386805
-0.244140625 -1.52587890625 1.8310546875 1386805
-0.244140625 -1.52587890625 1.8310546875 1386814
-0.244140625 -1.52587890625 1.8310546875 1386814
-0.244140625 -1.52587890625 1.8310546875 1386908
-0.91552734375 -0.06103515625 1.28173828125 1386908
-0.91552734375 -0.06103515625 1.28173828125 1387010
-0.18310546875 0.91552734375 1.28173828125 1387010
-0.18310546875 0.91552734375 1.28173828125 1387010
-0.18310546875 0.91552734375 1.28173828125 1387011
-0.18310546875 0.91552734375 1.28173828125 1387112
-0.42724609375 0.244140625 1.89208984375 1387112
-0.42724609375 0.244140625 1.89208984375 1387112
-0.42724609375 0.244140625 1.89208984375 1387113
-0.8544921875 -0.67138671875 1.40380859375 1387303
-0.732421875 -0.8544921875 1.28173828125 1387303
-0.732421875 -0.8544921875 1.28173828125 1387304
-0.732421875 -0.8544921875 1.28173828125 1387304
-0.732421875 -0.8544921875 1.28173828125 1387405
-0.9765625 -1.220703125 1.953125 1387405
-0.9765625 -1.220703125 1.953125 1387405
-0.9765625 -1.220703125 1.953125 1387406
-0.9765625 -1.220703125 1.953125 1387510
-0.42724609375 -0.42724609375 1.46484375 1387510
-0.42724609375 -0.42724609375 1.46484375 1387511
-0.42724609375 -0.42724609375 1.46484375 1387511
-0.9765625 -1.0986328125 0.732421875 1387700
0.06103515625 -0.18310546875 0.54931640625 1387700
0.06103515625 -0.18310546875 0.54931640625 1387700
0.06103515625 -0.18310546875 0.54931640625 1387701
0.06103515625 -0.18310546875 0.54931640625 1387802
-0.67138671875 -0.79345703125 0.42724609375 1387802
-0.67138671875 -0.79345703125 0.42724609375 1387802
-0.67138671875 -0.79345703125 0.42724609375 1387803
-0.67138671875 -0.79345703125 0.42724609375 1387908
-1.89208984375 -0.42724609375 0.54931640625 1387908
-1.89208984375 -0.42724609375 0.54931640625 1387908
-1.89208984375 -0.42724609375 0.54931640625 1387909
-1.89208984375 -0.42724609375 0.54931640625 1388013
-0.732421875 0.30517578125 1.5869140625 1388013
-0.732421875 0.30517578125 1.5869140625 1388014
-0.732421875 0.30517578125 1.5869140625 1388014
-1.0986328125 -1.46484375 0.8544921875 1388196
-0.67138671875 -1.46484375 0.79345703125 1388196
-0.67138671875 -1.46484375 0.79345703125 1388196
-0.67138671875 -1.46484375 0.79345703125 1388197
-0.67138671875 -1.46484375 0.79345703125 1388298
-0.67138671875 -0.3662109375 -0.3662109375 1388298
-0.67138671875 -0.3662109375 -0.3662109375 1388298
-0.67138671875 -0.3662109375 -0.3662109375 1388299
-0.67138671875 -0.3662109375 -0.3662109375 1388402
-1.64794921875 -2.9296875 0 1388402
-1.64794921875 -2.9296875 0 1388402
-1.64794921875 -2.9296875 0 1388403
-1.64794921875 -2.9296875 0 1388505
-0.06103515625 -1.28173828125 1.28173828125 1388505
-0.06103515625 -1.28173828125 1.28173828125 1388505
-0.06103515625 -1.28173828125 1.28173828125 1388506
-0.06103515625 -1.28173828125 1.28173828125 1388618
-0.3662109375 -2.25830078125 1.708984375 1388618
-0.3662109375 -2.25830078125 1.708984375 1388619
-0.3662109375 -2.25830078125 1.708984375 1388619
-1.40380859375 -1.89208984375 1.46484375 1388798
-0.42724609375 -0.67138671875 2.197265625 1388799
-0.42724609375 -0.67138671875 2.197265625 1388799
-0.42724609375 -0.67138671875 2.197265625 1388799
-0.42724609375 -0.67138671875 2.197265625 1388903
-0.3662109375 -1.0986328125 1.3427734375 1388904
-0.3662109375 -1.0986328125 1.3427734375 1388905
-0.3662109375 -1.0986328125 1.3427734375 1388905
-0.3662109375 -1.0986328125 1.3427734375 1389005
0.244140625 -0.67138671875 1.5869140625 1389005
0.244140625 -0.67138671875 1.5869140625 1389005
0.244140625 -0.67138671875 1.5869140625 1389006
0.244140625 -0.67138671875 1.5869140625 1389108
0 -0.42724609375 1.953125 1389108
0 -0.42724609375 1.953125 1389108
0 -0.42724609375 1.953125 1389109
0 -0.42724609375 1.953125 1389211
0.6103515625 0.42724609375 1.5869140625 1389211
0.6103515625 0.42724609375 1.5869140625 1389211
0.6103515625 0.42724609375 1.5869140625 1389212
-0.1220703125 -0.91552734375 1.77001953125 1389404
0.1220703125 -0.06103515625 1.3427734375 1389404
0.1220703125 -0.06103515625 1.3427734375 1389405
0.1220703125 -0.06103515625 1.3427734375 1389405
0.1220703125 -0.06103515625 1.3427734375 1389509
0.30517578125 -0.6103515625 1.5869140625 1389509
0.30517578125 -0.6103515625 1.5869140625 1389509
0.30517578125 -0.6103515625 1.5869140625 1389510
0.30517578125 -0.6103515625 1.5869140625 1389611
0.67138671875 -0.3662109375 1.40380859375 1389611
0.67138671875 -0.3662109375 1.40380859375 1389612
0.67138671875 -0.3662109375 1.40380859375 1389612
-0.244140625 -0.244140625 0.9765625 1389800
0.91552734375 -0.1220703125 1.77001953125 1389800
0.91552734375 -0.1220703125 1.77001953125 1389801
0.91552734375 -0.1220703125 1.77001953125 1389801
0.91552734375 -0.1220703125 1.77001953125 1389903
-0.42724609375 -1.28173828125 1.52587890625 1389903
-0.42724609375 -1.28173828125 1.52587890625 1389903
-0.42724609375 -1.28173828125 1.52587890625 1389904
-0.42724609375 -1.28173828125 1.52587890625 1390006
0.48828125 -0.48828125 2.01416015625 1390006
0.48828125 -0.48828125 2.01416015625 1390007
0.48828125 -0.48828125 2.01416015625 1390007
0.48828125 -0.48828125 2.01416015625 1390108
-0.91552734375 -0.9765625 2.0751953125 1390108
-0.91552734375 -0.9765625 2.0751953125 1390109
-0.91552734375 -0.9765625 2.0751953125 1390109
-0.91552734375 -0.9765625 2.0751953125 1390211
-0.54931640625 -0.3662109375 2.5634765625 1390211
-0.54931640625 -0.3662109375 2.5634765625 1390212
-0.54931640625 -0.3662109375 2.5634765625 1390212
-0.9765625 -0.06103515625 2.685546875 1390388
-0.30517578125 -0.6103515625 2.197265625 1390388
-0.30517578125 -0.6103515625 2.197265625 1390389
-0.30517578125 -0.6103515625 2.197265625 1390389
-0.30517578125 -0.6103515625 2.197265625 1390500
-1.03759765625 -0.9765625 1.953125 1390500
-1.03759765625 -0.9765625 1.953125 1390501
-1.03759765625 -0.9765625 1.953125 1390501
-1.03759765625 -0.9765625 1.953125 1390604
-0.30517578125 -0.6103515625 1.77001953125 1390604
-0.30517578125 -0.6103515625 1.77001953125 1390605
-0.30517578125 -0.6103515625 1.77001953125 1390605
-0.30517578125 -0.6103515625 1.77001953125 1390716
-0.8544921875 -0.91552734375 2.197265625 1390716
-0.8544921875 -0.91552734375 2.197265625 1390717
-0.8544921875 -0.91552734375 2.197265625 1390717
0.732421875 -0.244140625 1.77001953125 1390907
0.1220703125 -1.46484375 1.46484375 1390907
0.1220703125 -1.46484375 1.46484375 1390908
0.1220703125 -1.46484375 1.46484375 1390908
0.1220703125 -1.46484375 1.46484375 1391010
0 -0.732421875 1.5869140625 1391011
0 -0.732421875 1.5869140625 1391012
0 -0.732421875 1.5869140625 1391012
-0.1220703125 -0.91552734375 1.77001953125 1391201
-0.9765625 0 1.15966796875 1391202
-0.9765625 0 1.15966796875 1391202
-0.9765625 0 1.15966796875 1391203
-0.9765625 0 1.15966796875 1391304
0.42724609375 -0.6103515625 1.8310546875 1391304
0.42724609375 -0.6103515625 1.8310546875 1391305
0.42724609375 -0.6103515625 1.8310546875 1391305
0.42724609375 -0.6103515625 1.8310546875 1391406
0.06103515625 -1.3427734375 0.9765625 1391407
0.06103515625 -1.3427734375 0.9765625 1391407
0.06103515625 -1.3427734375 0.9765625 1391408
0.06103515625 -1.3427734375 0.9765625 1391508
-0.732421875 -2.197265625 1.46484375 1391508
-0.732421875 -2.197265625 1.46484375 1391509
-0.732421875 -2.197265625 1.46484375 1391509
-0.48828125 -1.28173828125 1.5869140625 1391699
-1.708984375 -1.220703125 2.3193359375 1391699
-1.708984375 -1.220703125 2.3193359375 1391699
-1.708984375 -1.220703125 2.3193359375 1391700
-1.708984375 -1.220703125 2.3193359375 1391802
-0.79345703125 -0.244140625 2.01416015625 1391802
-0.79345703125 -0.244140625 2.01416015625 1391803
-0.79345703125 -0.244140625 2.01416015625 1391803
-0.79345703125 -0.244140625 2.01416015625 1391903
-0.244140625 -0.48828125 1.953125 1391903
-0.244140625 -0.48828125 1.953125 1391904
-0.244140625 -0.48828125 1.953125 1391904
-0.244140625 -0.48828125 1.953125 1392007
-0.67138671875 -1.220703125 1.5869140625 1392008
-0.67138671875 -1.220703125 1.5869140625 1392008
-0.67138671875 -1.220703125 1.5869140625 1392009
-0.67138671875 -1.220703125 1.5869140625 1392108
-0.06103515625 -0.1220703125 2.01416015625 1392108
-0.06103515625 -0.1220703125 2.01416015625 1392109
-0.06103515625 -0.1220703125 2.01416015625 1392109
-1.89208984375 0.1220703125 1.89208984375 1392298
-1.5869140625 -0.8544921875 1.953125 1392298
-1.5869140625 -0.8544921875 1.953125 1392299
-1.5869140625 -0.8544921875 1.953125 1392299
-1.5869140625 -0.8544921875 1.953125 1392401
-1.52587890625 -0.42724609375 2.0751953125 1392401
-1.52587890625 -0.42724609375 2.0751953125 1392401
-1.52587890625 -0.42724609375 2.0751953125 1392402
-0.3662109375 -0.9765625 2.685546875 1392504
-0.3662109375 -0.9765625 2.685546875 1392504
-0.3662109375 -0.9765625 2.685546875 1392505
-0.3662109375 -0.9765625 2.685546875 1392607
-0.9765625 -1.15966796875 1.64794921875 1392607
-0.9765625 -1.15966796875 1.64794921875 1392608
-0.9765625 -1.15966796875 1.64794921875 1392608
-0.42724609375 0 2.197265625 1392797
-0.91552734375 -0.30517578125 2.25830078125 1392797
-0.91552734375 -0.30517578125 2.25830078125 1392797
-0.91552734375 -0.30517578125 2.25830078125 1392798
-0.91552734375 -0.30517578125 2.25830078125 1392900
-0.8544921875 -0.9765625 2.8076171875 1392900
-0.8544921875 -0.9765625 2.8076171875 1392901
-0.8544921875 -0.9765625 2.8076171875 1392901
-0.8544921875 -0.9765625 2.8076171875 1393002
-1.89208984375 -1.15966796875 2.38037109375 1393002
-1.89208984375 -1.15966796875 2.38037109375 1393002
-1.89208984375 -1.15966796875 2.38037109375 1393003
-1.89208984375 -1.15966796875 2.38037109375 1393105
-1.03759765625 -1.15966796875 2.62451171875 1393105
-1.03759765625 -1.15966796875 2.62451171875 1393106
-1.03759765625 -1.15966796875 2.62451171875 1393106
-1.03759765625 -1.15966796875 2.62451171875 1393207
-1.46484375 -1.77001953125 2.3193359375 1393208
-1.46484375 -1.77001953125 2.3193359375 1393208
-1.46484375 -1.77001953125 2.3193359375 1393208
-0.79345703125 -0.732421875 1.89208984375 1393397
-0.48828125 -0.91552734375 2.13623046875 1393398
-0.48828125 -0.91552734375 2.13623046875 1393399
-0.48828125 -0.91552734375 2.13623046875 1393400
-0.48828125 -0.91552734375 2.13623046875 1393499
-1.40380859375 -0.18310546875 2.3193359375 1393500
-1.40380859375 -0.18310546875 2.3193359375 1393500
-1.40380859375 -0.18310546875 2.3193359375 1393501
-1.40380859375 -0.18310546875 2.3193359375 1393602
-1.52587890625 -0.30517578125 0.67138671875 1393603
-1.52587890625 -0.30517578125 0.67138671875 1393604
-1.52587890625 -0.30517578125 0.67138671875 1393604
-1.52587890625 -0.30517578125 0.67138671875 1393706
-1.220703125 -1.15966796875 1.03759765625 1393706
-1.220703125 -1.15966796875 1.03759765625 1393707
-1.220703125 -1.15966796875 1.03759765625 1393707
-1.220703125 -1.15966796875 1.03759765625 1393808
-2.50244140625 -1.3427734375 -1.52587890625 1393809
-2.50244140625 -1.3427734375 -1.52587890625 1393810
-2.50244140625 -1.3427734375 -1.52587890625 1393810
-2.8076171875 -2.38037109375 -2.86865234375 1393996
-0.48828125 0.244140625 -4.69970703125 1393997
-0.48828125 0.244140625 -4.69970703125 1393997
-0.48828125 0.244140625 -4.69970703125 1393998
-0.48828125 0.244140625 -4.69970703125 1394098
1.40380859375 2.38037109375 -7.62939453125 1394099
1.40380859375 2.38037109375 -7.62939453125 1394099
1.40380859375 2.38037109375 -7.62939453125 1394100
1.40380859375 2.38037109375 -7.62939453125 1394201
0.3662109375 -1.03759765625 -10.92529296875 1394202
0.3662109375 -1.03759765625 -10.92529296875 1394203
0.3662109375 -1.03759765625 -10.92529296875 1394203
0.3662109375 -1.03759765625 -10.92529296875 1394304
1.708984375 -4.94384765625 -15.19775390625 1394304
1.708984375 -4.94384765625 -15.19775390625 1394304
1.708984375 -4.94384765625 -15.19775390625 1394305
1.708984375 -4.94384765625 -15.19775390625 1394406
6.34765625 -6.65283203125 -18.49365234375 1394407
6.34765625 -6.65283203125 -18.49365234375 1394407
6.34765625 -6.65283203125 -18.49365234375 1394408
9.1552734375 -12.14599609375 -21.54541015625 1394597
25.69580078125 -10.19287109375 -31.1279296875 1394597
25.69580078125 -10.19287109375 -31.1279296875 1394598
25.69580078125 -10.19287109375 -31.1279296875 1394598
25.69580078125 -10.19287109375 -31.1279296875 1394698
81.84814453125 18.9208984375 -54.6875 1394698
81.84814453125 18.9208984375 -54.6875 1394698
81.84814453125 18.9208984375 -54.6875 1394699
81.84814453125 18.9208984375 -54.6875 1394801
152.52685546875 149.658203125 -119.32373046875 1394802
152.52685546875 149.658203125 -119.32373046875 1394802
152.52685546875 149.658203125 -119.32373046875 1394803
152.52685546875 149.658203125 -119.32373046875 1394903
110.04638671875 269.53125 -147.3388671875 1394903
110.04638671875 269.53125 -147.3388671875 1394904
110.04638671875 269.53125 -147.3388671875 1394904
110.04638671875 269.53125 -147.3388671875 1395006
93.75 224.12109375 -125.48828125 1395006
93.75 224.12109375 -125.48828125 1395007
93.75 224.12109375 -125.48828125 1395007
24.5361328125 56.5185546875 -58.53271484375 1395196
19.22607421875 17.88330078125 -29.96826171875 1395196
19.22607421875 17.88330078125 -29.96826171875 1395197
19.22607421875 17.88330078125 -29.96826171875 1395197
19.22607421875 17.88330078125 -29.96826171875 1395299
-1.3427734375 -0.54931640625 -3.11279296875 1395299
-1.3427734375 -0.54931640625 -3.11279296875 1395299
-1.3427734375 -0.54931640625 -3.11279296875 1395299
-1.3427734375 -0.54931640625 -3.11279296875 1395401
12.20703125 22.4609375 1.89208984375 1395402
12.20703125 22.4609375 1.89208984375 1395403
12.20703125 22.4609375 1.89208984375 1395404
12.20703125 22.4609375 1.89208984375 1395504
21.3623046875 16.41845703125 -6.7138671875 1395505
21.3623046875 16.41845703125 -6.7138671875 1395505
21.3623046875 16.41845703125 -6.7138671875 1395505
21.3623046875 16.41845703125 -6.7138671875 1395607
3.2958984375 38.2080078125 34.5458984375 1395607
3.2958984375 38.2080078125 34.5458984375 1395608
3.2958984375 38.2080078125 34.5458984375 1395608
7.9345703125 -0.91552734375 27.16064453125 1395796
-9.1552734375 -46.69189453125 30.3955078125 1395797
-9.1552734375 -46.69189453125 30.3955078125 1395798
-9.1552734375 -46.69189453125 30.3955078125 1395799
-9.1552734375 -46.69189453125 30.3955078125 1395900
-33.203125 -92.71240234375 37.353515625 1395900
-33.203125 -92.71240234375 37.353515625 1395901
-33.203125 -92.71240234375 37.353515625 1395901
-33.203125 -92.71240234375 37.353515625 1396002
-51.57470703125 -138.36669921875 46.08154296875 1396003
-51.57470703125 -138.36669921875 46.08154296875 1396003
-51.57470703125 -138.36669921875 46.08154296875 1396004
-51.57470703125 -138.36669921875 46.08154296875 1396104
-103.515625 -189.02587890625 61.4013671875 1396105
-103.515625 -189.02587890625 61.4013671875 1396105
-103.515625 -189.02587890625 61.4013671875 1396106
-148.4375 -213.19580078125 110.9619140625 1396294
-98.32763671875 -107.97119140625 114.501953125 1396295
-98.32763671875 -107.97119140625 114.501953125 1396295
-98.32763671875 -107.97119140625 114.501953125 1396295
-98.32763671875 -107.97119140625 114.501953125 1396397
-35.888671875 -0.732421875 106.75048828125 1396398
-35.888671875 -0.732421875 106.75048828125 1396399
-35.888671875 -0.732421875 106.75048828125 1396399
-35.888671875 -0.732421875 106.75048828125 1396500
11.90185546875 11.71875 53.8330078125 1396500
11.90185546875 11.71875 53.8330078125 1396501
11.90185546875 11.71875 53.8330078125 1396501
11.90185546875 11.71875 53.8330078125 1396602
20.32470703125 -27.52685546875 17.88330078125 1396602
20.32470703125 -27.52685546875 17.88330078125 1396603
20.32470703125 -27.52685546875 17.88330078125 1396603
51.69677734375 14.5263671875 -15.19775390625 1396795
43.76220703125 20.99609375 -12.939453125 1396796
43.76220703125 20.99609375 -12.939453125 1396797
43.76220703125 20.99609375 -12.939453125 1396797
43.76220703125 20.99609375 -12.939453125 1396897
12.63427734375 3.84521484375 3.173828125 1396898
12.63427734375 3.84521484375 3.173828125 1396898
12.63427734375 3.84521484375 3.173828125 1396898
1.8310546875 -2.62451171875 1.0986328125 1396999
1.8310546875 -2.62451171875 1.0986328125 1397000
1.8310546875 -2.62451171875 1.0986328125 1397001
1.8310546875 -2.62451171875 1.0986328125 1397110
-2.44140625 -4.08935546875 6.34765625 1397111
-2.44140625 -4.08935546875 6.34765625 1397111
-2.44140625 -4.08935546875 6.34765625 1397111
-5.43212890625 -2.9296875 8.36181640625 1397289
-15.93017578125 -10.8642578125 18.798828125 1397300
-15.93017578125 -10.8642578125 18.798828125 1397300
-15.93017578125 -10.8642578125 18.798828125 1397301
-15.93017578125 -10.8642578125 18.798828125 1397403
-21.3623046875 -18.49365234375 25.390625 1397403
-21.3623046875 -18.49365234375 25.390625 1397404
-21.3623046875 -18.49365234375 25.390625 1397404
-44.73876953125 -16.66259765625 32.2265625 1397593
-38.26904296875 -5.92041015625 22.15576171875 1397593
-38.26904296875 -5.92041015625 22.15576171875 1397594
-38.26904296875 -5.92041015625 22.15576171875 1397594
-38.26904296875 -5.92041015625 22.15576171875 1397697
-23.49853515625 1.28173828125 20.1416015625 1397697
-23.49853515625 1.28173828125 20.1416015625 1397697
-23.49853515625 1.28173828125 20.1416015625 1397698
-23.49853515625 1.28173828125 20.1416015625 1397798
-7.75146484375 1.03759765625 8.1787109375 1397798
-7.75146484375 1.03759765625 8.1787109375 1397799
-7.75146484375 1.03759765625 8.1787109375 1397799
-7.75146484375 1.03759765625 8.1787109375 1397902
-7.62939453125 -1.3427734375 6.77490234375 1397902
-7.62939453125 -1.3427734375 6.77490234375 1397902
-7.62939453125 -1.3427734375 6.77490234375 1397903
-7.62939453125 -1.3427734375 6.77490234375 1398005
-5.79833984375 -0.67138671875 5.31005859375 1398005
-5.79833984375 -0.67138671875 5.31005859375 1398006
-5.79833984375 -0.67138671875 5.31005859375 1398007
0.91552734375 3.41796875 -1.46484375 1398194
-8.36181640625 -3.173828125 4.45556640625 1398195
-8.36181640625 -3.173828125 4.45556640625 1398195
-8.36181640625 -3.173828125 4.45556640625 1398196
-8.36181640625 -3.173828125 4.45556640625 1398296
-4.0283203125 0.732421875 0.18310546875 1398296
-4.0283203125 0.732421875 0.18310546875 1398297
-4.0283203125 0.732421875 0.18310546875 1398297
-4.0283203125 0.732421875 0.18310546875 1398399
1.5869140625 -1.15966796875 -3.2958984375 1398400
1.5869140625 -1.15966796875 -3.2958984375 1398400
1.5869140625 -1.15966796875 -3.2958984375 1398401
1.5869140625 -1.15966796875 -3.2958984375 1398504
-6.103515625 -4.82177734375 -0.79345703125 1398504
-6.103515625 -4.82177734375 -0.79345703125 1398505
-6.103515625 -4.82177734375 -0.79345703125 1398506
4.2724609375 1.40380859375 -7.50732421875 1398694
1.0986328125 -3.41796875 -3.662109375 1398695
1.0986328125 -3.41796875 -3.662109375 1398695
1.0986328125 -3.41796875 -3.662109375 1398696
1.0986328125 -3.41796875 -3.662109375 1398796
-0.42724609375 -0.30517578125 -5.31005859375 1398796
-0.42724609375 -0.30517578125 -5.31005859375 1398797
-0.42724609375 -0.30517578125 -5.31005859375 1398797
-2.0751953125 -5.67626953125 -3.2958984375 1398899
-2.0751953125 -5.67626953125 -3.2958984375 1398899
-2.0751953125 -5.67626953125 -3.2958984375 1398900
-2.0751953125 -5.67626953125 -3.2958984375 1399002
2.8076171875 -3.173828125 -5.92041015625 1399003
2.8076171875 -3.173828125 -5.92041015625 1399003
2.8076171875 -3.173828125 -5.92041015625 1399004
5.37109375 -2.0751953125 -8.11767578125 1399192
2.13623046875 -3.173828125 -6.53076171875 1399192
2.13623046875 -3.173828125 -6.53076171875 1399193
2.13623046875 -3.173828125 -6.53076171875 1399193
2.13623046875 -3.173828125 -6.53076171875 1399298
3.11279296875 -2.74658203125 -5.615234375 1399299
3.11279296875 -2.74658203125 -5.615234375 1399299
3.11279296875 -2.74658203125 -5.615234375 1399300
3.11279296875 -2.74658203125 -5.615234375 1399400
1.3427734375 -2.197265625 -4.0283203125 1399401
1.3427734375 -2.197265625 -4.0283203125 1399401
1.3427734375 -2.197265625 -4.0283203125 1399402
1.3427734375 -2.197265625 -4.0283203125 1399504
-2.01416015625 -2.13623046875 -1.953125 1399504
-2.01416015625 -2.13623046875 -1.953125 1399505
-2.01416015625 -2.13623046875 -1.953125 1399505
-2.9296875 -4.94384765625 -0.8544921875 1399692
-1.03759765625 -3.7841796875 -2.13623046875 1399692
-1.03759765625 -3.7841796875 -2.13623046875 1399693
-1.03759765625 -3.7841796875 -2.13623046875 1399693
-1.03759765625 -3.7841796875 -2.13623046875 1399794
0.1220703125 -1.28173828125 -2.38037109375 1399795
0.1220703125 -1.28173828125 -2.38037109375 1399795
0.1220703125 -1.28173828125 -2.38037109375 1399796
0.1220703125 -1.28173828125 -2.38037109375 1399897
-1.28173828125 -3.5400390625 -1.89208984375 1399898
-1.28173828125 -3.5400390625 -1.89208984375 1399898
-1.28173828125 -3.5400390625 -1.89208984375 1399899
-1.28173828125 -3.5400390625 -1.89208984375 1400000
-0.91552734375 -2.13623046875 -2.3193359375 1400001
-0.91552734375 -2.13623046875 -2.3193359375 1400002
-0.91552734375 -2.13623046875 -2.3193359375 1400003
-0.91552734375 -2.13623046875 -2.3193359375 1400103
0.67138671875 -4.21142578125 -0.8544921875 1400104
0.67138671875 -4.21142578125 -0.8544921875 1400105
0.67138671875 -4.21142578125 -0.8544921875 1400105
-0.6103515625 -4.33349609375 -0.3662109375 1400311
1.708984375 -1.03759765625 -0.6103515625 1400312
1.708984375 -1.03759765625 -0.6103515625 1400312
1.708984375 -1.03759765625 -0.6103515625 1400313
-0.18310546875 0.30517578125 0.8544921875 1400503
-0.9765625 0.42724609375 2.13623046875 1400503
-0.9765625 0.42724609375 2.13623046875 1400504
-0.9765625 0.42724609375 2.13623046875 1400504
-0.91552734375 -1.3427734375 0.8544921875 1400691
-0.30517578125 -1.28173828125 2.3193359375 1400691
-0.30517578125 -1.28173828125 2.3193359375 1400691
-0.30517578125 -1.28173828125 2.3193359375 1400692
-0.30517578125 -1.28173828125 2.3193359375 1400793
-0.48828125 -0.3662109375 3.7841796875 1400794
-0.48828125 -0.3662109375 3.7841796875 1400794
-0.48828125 -0.3662109375 3.7841796875 1400795
-0.48828125 -0.3662109375 3.7841796875 1400897
-2.44140625 -0.30517578125 4.0283203125 1400897
-2.44140625 -0.30517578125 4.0283203125 1400898
-2.44140625 -0.30517578125 4.0283203125 1400898
-2.44140625 -0.30517578125 4.0283203125 1401000
-2.685546875 1.52587890625 5.31005859375 1401000
-2.685546875 1.52587890625 5.31005859375 1401001
-2.685546875 1.52587890625 5.31005859375 1401001
-2.685546875 1.52587890625 5.31005859375 1401102
-1.77001953125 0 5.18798828125 1401102
-1.77001953125 0 5.18798828125 1401103
-1.77001953125 0 5.18798828125 1401103
-0.1220703125 1.28173828125 4.94384765625 1401291
-1.64794921875 1.0986328125 5.615234375 1401291
-1.64794921875 1.0986328125 5.615234375 1401292
-1.64794921875 1.0986328125 5.615234375 1401292
-1.64794921875 1.0986328125 5.615234375 1401393
-2.44140625 -1.5869140625 4.638671875 1401393
-2.44140625 -1.5869140625 4.638671875 1401394
-2.44140625 -1.5869140625 4.638671875 1401394
-2.44140625 -1.5869140625 4.638671875 1401496
-1.40380859375 -1.953125 3.11279296875 1401496
-1.40380859375 -1.953125 3.11279296875 1401497
-1.40380859375 -1.953125 3.11279296875 1401497
-1.40380859375 -1.953125 3.11279296875 1401598
-0.8544921875 0.8544921875 3.11279296875 1401599
-0.8544921875 0.8544921875 3.11279296875 1401600
-0.8544921875 0.8544921875 3.11279296875 1401601
-0.54931640625 -1.46484375 5.7373046875 1401791
-2.74658203125 -0.30517578125 3.2958984375 1401791
-2.74658203125 -0.30517578125 3.2958984375 1401792
-2.74658203125 -0.30517578125 3.2958984375 1401792
-2.74658203125 -0.30517578125 3.2958984375 1401894
-3.11279296875 -0.06103515625 1.52587890625 1401894
-3.11279296875 -0.06103515625 1.52587890625 1401895
-3.11279296875 -0.06103515625 1.52587890625 1401895
-1.89208984375 0.18310546875 1.77001953125 1401996
-1.89208984375 0.18310546875 1.77001953125 1401996
-1.89208984375 0.18310546875 1.77001953125 1401997
-1.89208984375 0.18310546875 1.77001953125 1402100
0.30517578125 -1.28173828125 0.9765625 1402100
0.30517578125 -1.28173828125 0.9765625 1402101
0.30517578125 -1.28173828125 0.9765625 1402101
0.30517578125 -1.28173828125 0.9765625 1402202
3.23486328125 -2.197265625 2.01416015625 1402202
3.23486328125 -2.197265625 2.01416015625 1402203
3.23486328125 -2.197265625 2.01416015625 1402203
-1.03759765625 -1.46484375 0.6103515625 1402391
-3.47900390625 2.0751953125 3.35693359375 1402392
-3.47900390625 2.0751953125 3.35693359375 1402392
-3.47900390625 2.0751953125 3.35693359375 1402393
-3.47900390625 2.0751953125 3.35693359375 1402493
-0.48828125 -2.3193359375 1.3427734375 1402493
-0.48828125 -2.3193359375 1.3427734375 1402494
-0.48828125 -2.3193359375 1.3427734375 1402494
-0.48828125 -2.3193359375 1.3427734375 1402596
-1.28173828125 -0.244140625 3.2958984375 1402597
-1.28173828125 -0.244140625 3.2958984375 1402597
-1.28173828125 -0.244140625 3.2958984375 1402598
-1.28173828125 -0.244140625 3.2958984375 1402698
-1.52587890625 -0.732421875 2.01416015625 1402698
-1.52587890625 -0.732421875 2.01416015625 1402699
-1.52587890625 -0.732421875 2.01416015625 1402699
-1.52587890625 -0.732421875 2.01416015625 1402801
-1.77001953125 -2.62451171875 2.38037109375 1402802
-1.77001953125 -2.62451171875 2.38037109375 1402803
-1.77001953125 -2.62451171875 2.38037109375 1402803
-0.54931640625 -2.62451171875 0.732421875 1402993
-1.64794921875 -4.69970703125 3.0517578125 1402994
-1.64794921875 -4.69970703125 3.0517578125 1402994
-1.64794921875 -4.69970703125 3.0517578125 1402995
-1.64794921875 -4.69970703125 3.0517578125 1403095
-4.2724609375 -5.615234375 3.90625 1403095
-4.2724609375 -5.615234375 3.90625 1403096
-4.2724609375 -5.615234375 3.90625 1403096
-4.2724609375 -5.615234375 3.90625 1403197
1.3427734375 1.28173828125 0.6103515625 1403198
1.3427734375 1.28173828125 0.6103515625 1403198
1.3427734375 1.28173828125 0.6103515625 1403199
1.3427734375 1.28173828125 0.6103515625 1403300
1.220703125 -1.52587890625 -0.6103515625 1403300
1.220703125 -1.52587890625 -0.6103515625 1403301
1.220703125 -1.52587890625 -0.6103515625 1403301
-0.18310546875 2.13623046875 1.77001953125 1403490
0.8544921875 -0.244140625 3.60107421875 1403490
0.8544921875 -0.244140625 3.60107421875 1403491
0.8544921875 -0.244140625 3.60107421875 1403491
0.8544921875 -0.244140625 3.60107421875 1403593
0.42724609375 0.06103515625 2.0751953125 1403594
0.42724609375 0.06103515625 2.0751953125 1403595
0.42724609375 0.06103515625 2.0751953125 1403596
0.42724609375 0.06103515625 2.0751953125 1403695
-0.79345703125 1.89208984375 3.11279296875 1403695
-0.79345703125 1.89208984375 3.11279296875 1403696
-0.79345703125 1.89208984375 3.11279296875 1403696
-0.79345703125 1.89208984375 3.11279296875 1403799
-1.0986328125 1.220703125 3.11279296875 1403799
-1.0986328125 1.220703125 3.11279296875 1403800
-1.0986328125 1.220703125 3.11279296875 1403800
2.13623046875 -2.38037109375 1.0986328125 1403988
0 0.6103515625 0.91552734375 1403988
0 0.6103515625 0.91552734375 1403989
0 0.6103515625 0.91552734375 1403990
0 0.6103515625 0.91552734375 1404091
1.52587890625 2.25830078125 1.77001953125 1404091
1.52587890625 2.25830078125 1.77001953125 1404092
1.52587890625 2.25830078125 1.77001953125 1404093
1.52587890625 2.25830078125 1.77001953125 1404194
2.0751953125 -0.30517578125 2.685546875 1404194
2.0751953125 -0.30517578125 2.685546875 1404195
2.0751953125 -0.30517578125 2.685546875 1404195
2.0751953125 -0.30517578125 2.685546875 1404296
2.50244140625 0.06103515625 4.21142578125 1404297
2.50244140625 0.06103515625 4.21142578125 1404297
2.50244140625 0.06103515625 4.21142578125 1404298
2.50244140625 0.06103515625 4.21142578125 1404398
0.6103515625 -0.1220703125 4.8828125 1404399
0.6103515625 -0.1220703125 4.8828125 1404399
0.6103515625 -0.1220703125 4.8828125 1404401
1.46484375 0.79345703125 5.92041015625 1404588
-2.44140625 -0.1220703125 2.62451171875 1404588
-2.44140625 -0.1220703125 2.62451171875 1404589
-2.44140625 -0.1220703125 2.62451171875 1404589
-2.44140625 -0.1220703125 2.62451171875 1404691
-2.86865234375 2.25830078125 0.9765625 1404691
-2.86865234375 2.25830078125 0.9765625 1404692
-2.86865234375 2.25830078125 0.9765625 1404692
-2.86865234375 2.25830078125 0.9765625 1404793
-0.42724609375 -0.244140625 0.30517578125 1404793
-0.42724609375 -0.244140625 0.30517578125 1404794
-0.42724609375 -0.244140625 0.30517578125 1404795
-1.220703125 -2.197265625 0.48828125 1404988
0.244140625 -0.244140625 0.6103515625 1404989
0.244140625 -0.244140625 0.6103515625 1404989
0.244140625 -0.244140625 0.6103515625 1404989
0.244140625 -0.244140625 0.6103515625 1405090
-0.79345703125 -1.15966796875 1.52587890625 1405090
-0.79345703125 -1.15966796875 1.52587890625 1405091
-0.79345703125 -1.15966796875 1.52587890625 1405091
-1.708984375 -4.2724609375 2.8076171875 1405193
-1.708984375 -4.2724609375 2.8076171875 1405193
-1.708984375 -4.2724609375 2.8076171875 1405194
-1.708984375 -4.2724609375 2.8076171875 1405291
-1.953125 -0.1220703125 1.708984375 1405377
-1.953125 -0.1220703125 1.708984375 1405378
-1.953125 -0.1220703125 1.708984375 1405379
-1.953125 -0.1220703125 1.708984375 1405487
0.06103515625 -1.3427734375 0.3662109375 1405487
0.06103515625 -1.3427734375 0.3662109375 1405488
0.06103515625 -1.3427734375 0.3662109375 1405488
0.06103515625 -1.3427734375 0.3662109375 1405590
-0.1220703125 -2.62451171875 -0.9765625 1405590
-0.1220703125 -2.62451171875 -0.9765625 1405591
-0.1220703125 -2.62451171875 -0.9765625 1405591
-0.1220703125 -2.62451171875 -0.9765625 1405692
2.197265625 -2.197265625 -1.15966796875 1405692
2.197265625 -2.197265625 -1.15966796875 1405693
2.197265625 -2.197265625 -1.15966796875 1405693
2.197265625 -2.197265625 -1.15966796875 1405795
0.3662109375 -2.86865234375 -1.5869140625 1405834
0.3662109375 -2.86865234375 -1.5869140625 1405834
0.3662109375 -2.86865234375 -1.5869140625 1405835
0.3662109375 -2.86865234375 -1.5869140625 1405916
-0.42724609375 -3.5400390625 -0.42724609375 1405990
-0.42724609375 -3.5400390625 -0.42724609375 1405990
-0.42724609375 -3.5400390625 -0.42724609375 1405991
-0.42724609375 -3.5400390625 -0.42724609375 1406088
-2.44140625 -1.64794921875 -0.18310546875 1406190
-2.3193359375 0.244140625 -0.91552734375 1406190
-2.3193359375 0.244140625 -0.91552734375 1406191
-2.3193359375 0.244140625 -0.91552734375 1406191
-2.3193359375 0.244140625 -0.91552734375 1406292
0.1220703125 -0.9765625 0 1406292
0.1220703125 -0.9765625 0 1406292
0.1220703125 -0.9765625 0 1406293
0.1220703125 -0.9765625 0 1406394
0 -2.38037109375 1.40380859375 1406395
0 -2.38037109375 1.40380859375 1406395
0 -2.38037109375 1.40380859375 1406396
0 -2.38037109375 1.40380859375 1406497
-0.18310546875 -0.30517578125 1.28173828125 1406497
-0.18310546875 -0.30517578125 1.28173828125 1406498
-0.18310546875 -0.30517578125 1.28173828125 1406498
-1.46484375 -1.0986328125 2.01416015625 1406687
0 -1.03759765625 1.220703125 1406687
0 -1.03759765625 1.220703125 1406687
0 -1.03759765625 1.220703125 1406688
0 -1.03759765625 1.220703125 1406791
-1.220703125 -1.220703125 1.220703125 1406791
-1.220703125 -1.220703125 1.220703125 1406791
-1.220703125 -1.220703125 1.220703125 1406792
-1.220703125 -1.220703125 1.220703125 1406893
-2.685546875 -2.3193359375 0.732421875 1406894
-2.685546875 -2.3193359375 0.732421875 1406894
-2.685546875 -2.3193359375 0.732421875 1406894
-2.685546875 -2.3193359375 0.732421875 1406996
-1.03759765625 -5.37109375 -0.3662109375 1406996
-1.03759765625 -5.37109375 -0.3662109375 1406996
-1.03759765625 -5.37109375 -0.3662109375 1406997
-1.03759765625 -5.37109375 -0.3662109375 1407098
-1.0986328125 -2.197265625 -3.72314453125 1407098
-1.0986328125 -2.197265625 -3.72314453125 1407099
-1.0986328125 -2.197265625 -3.72314453125 1407100
10.25390625 -13.916015625 -19.22607421875 1407285
29.78515625 -18.73779296875 -29.84619140625 1407286
29.78515625 -18.73779296875 -29.84619140625 1407286
29.78515625 -18.73779296875 -29.84619140625 1407287
29.78515625 -18.73779296875 -29.84619140625 1407388
77.69775390625 43.212890625 -88.31787109375 1407388
77.69775390625 43.212890625 -88.31787109375 1407388
77.69775390625 43.212890625 -88.31787109375 1407389
77.69775390625 43.212890625 -88.31787109375 1407490
173.76708984375 225.4638671875 -179.74853515625 1407491
173.76708984375 225.4638671875 -179.74853515625 1407491
173.76708984375 225.4638671875 -179.74853515625 1407492
173.76708984375 225.4638671875 -179.74853515625 1407593
146.78955078125 308.65478515625 -166.19873046875 1407593
146.78955078125 308.65478515625 -166.19873046875 1407593
146.78955078125 308.65478515625 -166.19873046875 1407594
146.78955078125 308.65478515625 -166.19873046875 1407696
56.640625 143.85986328125 -102.1728515625 1407696
56.640625 143.85986328125 -102.1728515625 1407697
56.640625 143.85986328125 -102.1728515625 1407697
56.640625 143.85986328125 -102.1728515625 1407798
30.029296875 17.7001953125 -42.96875 1407798
30.029296875 17.7001953125 -42.96875 1407799
30.029296875 17.7001953125 -42.96875 1407799
8.1787109375 -14.2822265625 -17.2119140625 1407995
7.9345703125 72.6318359375 48.2177734375 1407996
7.9345703125 72.6318359375 48.2177734375 1407996
7.9345703125 72.6318359375 48.2177734375 1407997
8.1787109375 8.056640625 2.13623046875 1408186
-32.958984375 -202.7587890625 33.38623046875 1408186
-32.958984375 -202.7587890625 33.38623046875 1408187
-32.958984375 -202.7587890625 33.38623046875 1408187
-32.958984375 -202.7587890625 33.38623046875 1408289
-93.017578125 -309.38720703125 106.01806640625 1408289
-93.017578125 -309.38720703125 106.01806640625 1408289
-93.017578125 -309.38720703125 106.01806640625 1408290
-93.017578125 -309.38720703125 106.01806640625 1408391
-186.21826171875 -319.03076171875 174.49951171875 1408391
-186.21826171875 -319.03076171875 174.49951171875 1408391
-186.21826171875 -319.03076171875 174.49951171875 1408392
-186.21826171875 -319.03076171875 174.49951171875 1408493
-118.71337890625 -138.36669921875 197.265625 1408493
-118.71337890625 -138.36669921875 197.265625 1408493
-118.71337890625 -138.36669921875 197.265625 1408494
-118.71337890625 -138.36669921875 197.265625 1408596
17.9443359375 50.29296875 94.42138671875 1408596
17.9443359375 50.29296875 94.42138671875 1408597
17.9443359375 50.29296875 94.42138671875 1408597
46.0205078125 76.66015625 6.16455078125 1408785
51.513671875 42.48046875 -33.0810546875 1408786
51.513671875 42.48046875 -33.0810546875 1408786
51.513671875 42.48046875 -33.0810546875 1408787
51.513671875 42.48046875 -33.0810546875 1408887
54.26025390625 42.236328125 -33.87451171875 1408887
54.26025390625 42.236328125 -33.87451171875 1408888
54.26025390625 42.236328125 -33.87451171875 1408890
54.26025390625 42.236328125 -33.87451171875 1408990
37.78076171875 49.8046875 -13.97705078125 1408990
37.78076171875 49.8046875 -13.97705078125 1408990
37.78076171875 49.8046875 -13.97705078125 1408991
37.78076171875 49.8046875 -13.97705078125 1409092
26.123046875 29.296875 -6.89697265625 1409092
26.123046875 29.296875 -6.89697265625 1409093
26.123046875 29.296875 -6.89697265625 1409093
26.123046875 29.296875 -6.89697265625 1409194
12.87841796875 27.7099609375 -17.4560546875 1409195
12.87841796875 27.7099609375 -17.4560546875 1409196
12.87841796875 27.7099609375 -17.4560546875 1409196
7.38525390625 19.47021484375 -5.31005859375 1409384
6.77490234375 -2.13623046875 4.08935546875 1409385
6.77490234375 -2.13623046875 4.08935546875 1409385
6.77490234375 -2.13623046875 4.08935546875 1409385
6.77490234375 -2.13623046875 4.08935546875 1409487
-4.45556640625 -36.2548828125 11.16943359375 1409487
-4.45556640625 -36.2548828125 11.16943359375 1409489
-4.45556640625 -36.2548828125 11.16943359375 1409490
-4.45556640625 -36.2548828125 11.16943359375 1409589
2.197265625 1.77001953125 7.9345703125 1409590
2.197265625 1.77001953125 7.9345703125 1409591
2.197265625 1.77001953125 7.9345703125 1409592
2.197265625 1.77001953125 7.9345703125 1409692
-2.25830078125 3.47900390625 9.1552734375 1409693
-2.25830078125 3.47900390625 9.1552734375 1409693
-2.25830078125 3.47900390625 9.1552734375 1409693
-2.25830078125 3.47900390625 9.1552734375 1409794
-13.12255859375 -19.22607421875 28.86962890625 1409795
-13.12255859375 -19.22607421875 28.86962890625 1409795
-13.12255859375 -19.22607421875 28.86962890625 1409796
-39.36767578125 -47.54638671875 46.142578125 1409985
-57.7392578125 -60.97412109375 62.255859375 1409986
-57.7392578125 -60.97412109375 62.255859375 1409987
-57.7392578125 -60.97412109375 62.255859375 1409987
-57.7392578125 -60.97412109375 62.255859375 1410089
-53.89404296875 -26.30615234375 38.4521484375 1410089
-53.89404296875 -26.30615234375 38.4521484375 1410090
-53.89404296875 -26.30615234375 38.4521484375 1410090
-53.89404296875 -26.30615234375 38.4521484375 1410192
-26.06201171875 -4.0283203125 13.97705078125 1410192
-26.06201171875 -4.0283203125 13.97705078125 1410193
-26.06201171875 -4.0283203125 13.97705078125 1410194
-26.06201171875 -4.0283203125 13.97705078125 1410292
-18.12744140625 -2.38037109375 10.19287109375 1410292
-18.12744140625 -2.38037109375 10.19287109375 1410293
-10.6201171875 -6.34765625 5.43212890625 1410376
-10.6201171875 -6.34765625 5.43212890625 1410484
-7.87353515625 -4.0283203125 -1.46484375 1410485
-7.87353515625 -4.0283203125 -1.46484375 1410485
-7.87353515625 -4.0283203125 -1.46484375 1410485
-7.87353515625 -4.0283203125 -1.46484375 1410587
-3.23486328125 -11.77978515625 -2.74658203125 1410587
-3.23486328125 -11.77978515625 -2.74658203125 1410588
-3.23486328125 -11.77978515625 -2.74658203125 1410588
3.35693359375 -1.953125 0.9765625 1410689
3.35693359375 -1.953125 0.9765625 1410690
3.35693359375 -1.953125 0.9765625 1410691
3.35693359375 -1.953125 0.9765625 1410793
3.60107421875 2.3193359375 -1.0986328125 1410794
3.60107421875 2.3193359375 -1.0986328125 1410795
3.60107421875 2.3193359375 -1.0986328125 1410796
1.40380859375 -2.86865234375 2.38037109375 1410983
1.0986328125 -5.31005859375 6.34765625 1410984
1.0986328125 -5.31005859375 6.34765625 1410985
1.0986328125 -5.31005859375 6.34765625 1410986
1.0986328125 -5.31005859375 6.34765625 1411086
2.3193359375 3.173828125 4.21142578125 1411086
2.3193359375 3.173828125 4.21142578125 1411086
2.3193359375 3.173828125 4.21142578125 1411087
2.3193359375 3.173828125 4.21142578125 1411190
-0.3662109375 -0.91552734375 4.21142578125 1411191
-0.3662109375 -0.91552734375 4.21142578125 1411191
-0.3662109375 -0.91552734375 4.21142578125 1411191
0.42724609375 0.48828125 -0.54931640625 1411383
1.40380859375 0.9765625 0.30517578125 1411383
1.40380859375 0.9765625 0.30517578125 1411384
1.40380859375 0.9765625 0.30517578125 1411384
1.40380859375 0.9765625 0.30517578125 1411486
-0.9765625 -3.35693359375 1.220703125 1411486
-0.9765625 -3.35693359375 1.220703125 1411487
-0.9765625 -3.35693359375 1.220703125 1411487
-0.9765625 -3.35693359375 1.220703125 1411588
-4.150390625 -3.662109375 3.23486328125 1411589
-4.150390625 -3.662109375 3.23486328125 1411589
-4.150390625 -3.662109375 3.23486328125 1411590
-4.150390625 -3.662109375 3.23486328125 1411691
-2.44140625 -3.173828125 -3.90625 1411691
-2.44140625 -3.173828125 -3.90625 1411692
-2.44140625 -3.173828125 -3.90625 1411692
-2.44140625 -3.173828125 -3.90625 1411793
1.3427734375 -2.5634765625 -6.103515625 1411793
1.3427734375 -2.5634765625 -6.103515625 1411794
1.3427734375 -2.5634765625 -6.103515625 1411794
4.08935546875 -1.0986328125 -9.58251953125 1411983
6.103515625 1.77001953125 -9.27734375 1411984
6.103515625 1.77001953125 -9.27734375 1411985
6.103515625 1.77001953125 -9.27734375 1411985
6.103515625 1.77001953125 -9.27734375 1412085
2.38037109375 0.18310546875 -6.16455078125 1412086
2.38037109375 0.18310546875 -6.16455078125 1412086
2.38037109375 0.18310546875 -6.16455078125 1412086
-1.5869140625 -5.06591796875 -2.25830078125 1412188
-1.5869140625 -5.06591796875 -2.25830078125 1412188
-1.5869140625 -5.06591796875 -2.25830078125 1412189
-1.5869140625 -5.06591796875 -2.25830078125 1412292
0.1220703125 -5.37109375 -3.47900390625 1412292
0.1220703125 -5.37109375 -3.47900390625 1412293
0.1220703125 -5.37109375 -3.47900390625 1412293
0.1220703125 -5.37109375 -3.47900390625 1412395
-0.67138671875 -3.7841796875 -2.74658203125 1412395
-0.67138671875 -3.7841796875 -2.74658203125 1412396
-0.67138671875 -3.7841796875 -2.74658203125 1412396
3.47900390625 1.64794921875 -4.8828125 1412582
-0.67138671875 0.18310546875 -1.0986328125 1412582
-0.67138671875 0.18310546875 -1.0986328125 1412583
-0.67138671875 0.18310546875 -1.0986328125 1412583
-0.67138671875 0.18310546875 -1.0986328125 1412684
0.732421875 3.60107421875 -1.0986328125 1412684
0.732421875 3.60107421875 -1.0986328125 1412685
0.732421875 3.60107421875 -1.0986328125 1412685
0.732421875 3.60107421875 -1.0986328125 1412787
-1.15966796875 -0.42724609375 1.89208984375 1412788
-1.15966796875 -0.42724609375 1.89208984375 1412789
-1.15966796875 -0.42724609375 1.89208984375 1412791
-1.15966796875 -0.42724609375 1.89208984375 1412889
-0.732421875 -2.0751953125 2.74658203125 1412890
-0.732421875 -2.0751953125 2.74658203125 1412890
-0.732421875 -2.0751953125 2.74658203125 1412992
0.06103515625 -1.89208984375 3.5400390625 1412992
0.06103515625 -1.89208984375 3.5400390625 1412993
0.06103515625 -1.89208984375 3.5400390625 1412993
-1.220703125 -2.50244140625 2.9296875 1413170
-0.3662109375 -0.9765625 3.35693359375 1413171
-0.3662109375 -0.9765625 3.35693359375 1413172
-0.3662109375 -0.9765625 3.35693359375 1413173
-0.3662109375 -0.9765625 3.35693359375 1413281
-0.06103515625 -0.1220703125 2.197265625 1413282
-0.06103515625 -0.1220703125 2.197265625 1413283
-0.06103515625 -0.1220703125 2.197265625 1413283
-0.06103515625 -0.1220703125 2.197265625 1413384
-0.30517578125 -0.67138671875 1.46484375 1413385
-0.30517578125 -0.67138671875 1.46484375 1413385
-0.30517578125 -0.67138671875 1.46484375 1413386
-0.30517578125 -0.67138671875 1.46484375 1413487
-2.197265625 -1.03759765625 1.3427734375 1413487
-2.197265625 -1.03759765625 1.3427734375 1413487
-2.197265625 -1.03759765625 1.3427734375 1413488
-2.197265625 -1.03759765625 1.3427734375 1413589
-1.220703125 -1.708984375 2.25830078125 1413590
-1.220703125 -1.708984375 2.25830078125 1413591
-1.220703125 -1.708984375 2.25830078125 1413592
-1.220703125 -1.708984375 2.25830078125 1413692
0.54931640625 -2.13623046875 1.708984375 1413692
0.54931640625 -2.13623046875 1.708984375 1413693
0.54931640625 -2.13623046875 1.708984375 1413693
-0.06103515625 -1.708984375 3.23486328125 1413881
-0.3662109375 -0.67138671875 1.40380859375 1413881
-0.3662109375 -0.67138671875 1.40380859375 1413882
-0.3662109375 -0.67138671875 1.40380859375 1413882
-0.3662109375 -0.67138671875 1.40380859375 1413983
-0.1220703125 -1.03759765625 2.25830078125 1413984
-0.1220703125 -1.03759765625 2.25830078125 1413984
-0.1220703125 -1.03759765625 2.25830078125 1413985
-0.1220703125 -1.03759765625 2.25830078125 1414086
-0.6103515625 -1.64794921875 2.9296875 1414086
-0.6103515625 -1.64794921875 2.9296875 1414087
-0.6103515625 -1.64794921875 2.9296875 1414087
-0.6103515625 -1.64794921875 2.9296875 1414188
-0.54931640625 -1.953125 1.953125 1414188
-0.54931640625 -1.953125 1.953125 1414189
-0.54931640625 -1.953125 1.953125 1414189
-0.54931640625 -1.953125 1.953125 1414290
-1.03759765625 -0.9765625 2.3193359375 1414290
-1.03759765625 -0.9765625 2.3193359375 1414291
-1.03759765625 -0.9765625 2.3193359375 1414291
-0.67138671875 -0.67138671875 1.708984375 1414475
-1.220703125 -0.3662109375 2.0751953125 1414475
-1.220703125 -0.3662109375 2.0751953125 1414476
-1.220703125 -0.3662109375 2.0751953125 1414476
-1.220703125 -0.3662109375 2.0751953125 1414578
-0.91552734375 -0.42724609375 1.89208984375 1414578
-0.91552734375 -0.42724609375 1.89208984375 1414579
-0.91552734375 -0.42724609375 1.89208984375 1414579
-0.91552734375 -0.42724609375 1.89208984375 1414680
-1.8310546875 -0.6103515625 1.64794921875 1414680
-1.8310546875 -0.6103515625 1.64794921875 1414680
-1.8310546875 -0.6103515625 1.64794921875 1414681
-1.8310546875 -0.6103515625 1.64794921875 1414783
-0.9765625 0.244140625 2.9296875 1414783
-0.9765625 0.244140625 2.9296875 1414783
-0.9765625 0.244140625 2.9296875 1414784
-0.9765625 0.244140625 2.9296875 1414886
-1.15966796875 0 2.50244140625 1414886
-1.15966796875 0 2.50244140625 1414886
-1.15966796875 0 2.50244140625 1414887
-1.15966796875 0 2.50244140625 1414988
-1.03759765625 -1.8310546875 3.173828125 1414988
-1.03759765625 -1.8310546875 3.173828125 1414998
-1.03759765625 -1.8310546875 3.173828125 1414998
-1.03759765625 -1.8310546875 3.173828125 1415092
-0.30517578125 -0.9765625 3.173828125 1415092
0.42724609375 0.8544921875 2.197265625 1415170
0.42724609375 0.8544921875 2.197265625 1415170
0.42724609375 0.8544921875 2.197265625 1415280
-1.3427734375 -0.91552734375 2.685546875 1415280
-1.3427734375 -0.91552734375 2.685546875 1415280
-1.3427734375 -0.91552734375 2.685546875 1415281
-2.0751953125 1.5869140625 3.173828125 1415484
-1.8310546875 1.3427734375 2.38037109375 1415484
-1.8310546875 1.3427734375 2.38037109375 1415485
-1.8310546875 1.3427734375 2.38037109375 1415485
-1.8310546875 1.3427734375 2.38037109375 1415586
-0.9765625 3.5400390625 0.6103515625 1415586
-0.9765625 3.5400390625 0.6103515625 1415587
-0.9765625 3.5400390625 0.6103515625 1415587
-0.9765625 3.5400390625 0.6103515625 1415688
-0.42724609375 -0.1220703125 0.54931640625 1415688
-0.42724609375 -0.1220703125 0.54931640625 1415689
-0.42724609375 -0.1220703125 0.54931640625 1415689
-0.42724609375 -0.1220703125 0.54931640625 1415790
-0.06103515625 1.220703125 2.5634765625 1415791
-0.06103515625 1.220703125 2.5634765625 1415792
-0.06103515625 1.220703125 2.5634765625 1415792
0.42724609375 1.89208984375 0.42724609375 1415979
-0.67138671875 -1.8310546875 2.44140625 1415980
-0.67138671875 -1.8310546875 2.44140625 1415980
-0.67138671875 -1.8310546875 2.44140625 1415981
-0.67138671875 -1.8310546875 2.44140625 1416081
-0.30517578125 -1.64794921875 1.953125 1416082
-0.30517578125 -1.64794921875 1.953125 1416082
-0.30517578125 -1.64794921875 1.953125 1416083
-0.30517578125 -1.64794921875 1.953125 1416184
-0.30517578125 -0.30517578125 1.89208984375 1416185
-0.30517578125 -0.30517578125 1.89208984375 1416185
-0.30517578125 -0.30517578125 1.89208984375 1416186
-0.30517578125 -0.30517578125 1.89208984375 1416287
-0.9765625 -1.89208984375 2.86865234375 1416287
-0.9765625 -1.89208984375 2.86865234375 1416288
-0.9765625 -1.89208984375 2.86865234375 1416288
-0.9765625 -1.89208984375 2.86865234375 1416390
-1.3427734375 0 2.3193359375 1416390
-1.3427734375 0 2.3193359375 1416391
-1.3427734375 0 2.3193359375 1416391
-1.3427734375 0.91552734375 2.8076171875 1416579
-0.67138671875 -0.91552734375 2.44140625 1416580
-0.67138671875 -0.91552734375 2.44140625 1416582
-0.67138671875 -0.91552734375 2.44140625 1416582
-0.67138671875 -0.91552734375 2.44140625 1416682
-0.48828125 -0.67138671875 2.38037109375 1416682
-0.48828125 -0.67138671875 2.38037109375 1416683
-0.48828125 -0.67138671875 2.38037109375 1416683
-0.48828125 -0.67138671875 2.38037109375 1416785
-0.91552734375 0 2.0751953125 1416785
-0.91552734375 0 2.0751953125 1416786
-0.91552734375 0 2.0751953125 1416786
-0.91552734375 0 2.0751953125 1416888
-1.03759765625 0.54931640625 1.89208984375 1416888
-1.03759765625 0.54931640625 1.89208984375 1416889
-1.03759765625 0.54931640625 1.89208984375 1416889
-1.03759765625 0.54931640625 1.89208984375 1416991
-0.18310546875 0.30517578125 1.3427734375 1416992
-0.18310546875 0.30517578125 1.3427734375 1416992
-0.18310546875 0.30517578125 1.3427734375 1416993
-1.64794921875 -0.06103515625 2.13623046875 1417180
0.244140625 -0.30517578125 1.46484375 1417180
0.244140625 -0.30517578125 1.46484375 1417181
0.244140625 -0.30517578125 1.46484375 1417181
0.244140625 -0.30517578125 1.46484375 1417282
0 -0.91552734375 1.220703125 1417282
0 -0.91552734375 1.220703125 1417283
0 -0.91552734375 1.220703125 1417283
0 -0.91552734375 1.220703125 1417384
0.54931640625 -1.28173828125 2.13623046875 1417385
0.54931640625 -1.28173828125 2.13623046875 1417385
0.54931640625 -1.28173828125 2.13623046875 1417385
0.54931640625 -1.28173828125 2.13623046875 1417487
0 -1.03759765625 1.28173828125 1417487
0 -1.03759765625 1.28173828125 1417488
0 -1.03759765625 1.28173828125 1417488
0 -1.03759765625 1.28173828125 1417590
-0.42724609375 -1.03759765625 2.197265625 1417590
-0.42724609375 -1.03759765625 2.197265625 1417591
-0.42724609375 -1.03759765625 2.197265625 1417592
-0.06103515625 -0.91552734375 1.28173828125 1417779
-0.79345703125 -1.03759765625 1.28173828125 1417779
-0.79345703125 -1.03759765625 1.28173828125 1417780
-0.79345703125 -1.03759765625 1.28173828125 1417780
-0.79345703125 -1.03759765625 1.28173828125 1417882
-1.03759765625 -0.3662109375 3.0517578125 1417883
-1.03759765625 -0.3662109375 3.0517578125 1417883
-1.03759765625 -0.3662109375 3.0517578125 1417884
-1.28173828125 -0.732421875 3.0517578125 1417985
-1.28173828125 -0.732421875 3.0517578125 1417986
-1.28173828125 -0.732421875 3.0517578125 1417986
-1.28173828125 -0.732421875 3.0517578125 1418087
-2.13623046875 -1.03759765625 1.64794921875 1418087
-2.13623046875 -1.03759765625 1.64794921875 1418088
-2.13623046875 -1.03759765625 1.64794921875 1418088
-1.40380859375 -0.18310546875 2.5634765625 1418278
-1.28173828125 -1.953125 2.50244140625 1418278
-1.28173828125 -1.953125 2.50244140625 1418279
-1.28173828125 -1.953125 2.50244140625 1418279
-1.28173828125 -1.953125 2.50244140625 1418381
-0.3662109375 -1.0986328125 1.5869140625 1418382
-0.3662109375 -1.0986328125 1.5869140625 1418382
-0.3662109375 -1.0986328125 1.5869140625 1418382
-0.3662109375 -1.0986328125 1.5869140625 1418483
-1.0986328125 -0.91552734375 2.197265625 1418483
-1.0986328125 -0.91552734375 2.197265625 1418484
-1.0986328125 -0.91552734375 2.197265625 1418484
-1.0986328125 -0.91552734375 2.197265625 1418585
-1.3427734375 -1.708984375 2.0751953125 1418586
-1.3427734375 -1.708984375 2.0751953125 1418587
-1.3427734375 -1.708984375 2.0751953125 1418587
-1.3427734375 -1.708984375 2.0751953125 1418688
-0.48828125 -1.5869140625 2.38037109375 1418688
-0.48828125 -1.5869140625 2.38037109375 1418689
-0.48828125 -1.5869140625 2.38037109375 1418689
-0.732421875 -0.54931640625 2.74658203125 1418878
-1.52587890625 -0.9765625 1.64794921875 1418878
-1.52587890625 -0.9765625 1.64794921875 1418879
-1.52587890625 -0.9765625 1.64794921875 1418879
-1.52587890625 -0.9765625 1.64794921875 1418983
-0.732421875 -0.30517578125 2.99072265625 1418984
-0.732421875 -0.30517578125 2.99072265625 1418984
-0.732421875 -0.30517578125 2.99072265625 1418985
-0.732421875 -0.30517578125 2.99072265625 1419085
-0.3662109375 -1.28173828125 2.38037109375 1419085
-0.3662109375 -1.28173828125 2.38037109375 1419087
-0.3662109375 -1.28173828125 2.38037109375 1419087
-0.3662109375 -1.28173828125 2.38037109375 1419188
-1.46484375 -0.30517578125 2.0751953125 1419188
-1.46484375 -0.30517578125 2.0751953125 1419189
-1.46484375 -0.30517578125 2.0751953125 1419189
-1.5869140625 -0.18310546875 2.13623046875 1419378
-0.244140625 -0.48828125 1.3427734375 1419380
-0.244140625 -0.48828125 1.3427734375 1419380
-0.244140625 -0.48828125 1.3427734375 1419381
-0.244140625 -0.48828125 1.3427734375 1419481
0.30517578125 -0.1220703125 1.5869140625 1419481
0.30517578125 -0.1220703125 1.5869140625 1419482
0.30517578125 -0.1220703125 1.5869140625 1419482
0.30517578125 -0.1220703125 1.5869140625 1419584
-0.79345703125 -1.40380859375 1.8310546875 1419584
-0.79345703125 -1.40380859375 1.8310546875 1419585
-0.79345703125 -1.40380859375 1.8310546875 1419585
-0.79345703125 -1.40380859375 1.8310546875 1419686
-0.30517578125 -0.244140625 1.8310546875 1419686
-0.30517578125 -0.244140625 1.8310546875 1419687
-0.30517578125 -0.244140625 1.8310546875 1419687
0.732421875 -1.03759765625 2.74658203125 1419877
-0.42724609375 -2.01416015625 3.47900390625 1419877
-0.42724609375 -2.01416015625 3.47900390625 1419877
-0.42724609375 -2.01416015625 3.47900390625 1419878
-0.42724609375 -2.01416015625 3.47900390625 1419979
-0.732421875 -3.173828125 0.6103515625 1419979
-0.732421875 -3.173828125 0.6103515625 1419980
-0.732421875 -3.173828125 0.6103515625 1419980
-0.732421875 -3.173828125 0.6103515625 1420082
-1.220703125 0.67138671875 0.06103515625 1420083
-1.220703125 0.67138671875 0.06103515625 1420083
-1.220703125 0.67138671875 0.06103515625 1420084
-1.220703125 0.67138671875 0.06103515625 1420184
0 -0.9765625 0.79345703125 1420185
0 -0.9765625 0.79345703125 1420185
0 -0.9765625 0.79345703125 1420186
0 -0.9765625 0.79345703125 1420287
-0.732421875 -1.52587890625 0.244140625 1420287
-0.732421875 -1.52587890625 0.244140625 1420288
-0.732421875 -1.52587890625 0.244140625 1420288
0.06103515625 -1.77001953125 1.40380859375 1420465
-0.67138671875 0.48828125 2.13623046875 1420466
-0.67138671875 0.48828125 2.13623046875 1420466
-0.67138671875 0.48828125 2.13623046875 1420467
-0.67138671875 0.48828125 2.13623046875 1420577
-0.48828125 0.48828125 2.44140625 1420577
-0.48828125 0.48828125 2.44140625 1420578
-0.48828125 0.48828125 2.44140625 1420578
-0.48828125 0.48828125 2.44140625 1420679
-0.91552734375 0.9765625 2.685546875 1420680
-0.91552734375 0.9765625 2.685546875 1420681
-0.91552734375 0.9765625 2.685546875 1420681
-0.91552734375 0.9765625 2.685546875 1420796
-1.40380859375 -0.42724609375 2.62451171875 1420796
-1.40380859375 -0.42724609375 2.62451171875 1420796
-1.40380859375 -0.42724609375 2.62451171875 1420797
-0.3662109375 -0.6103515625 2.62451171875 1420979
0.42724609375 -0.42724609375 1.953125 1420979
0.42724609375 -0.42724609375 1.953125 1420980
0.42724609375 -0.42724609375 1.953125 1420980
0 -0.06103515625 2.5634765625 1421082
0 -0.06103515625 2.5634765625 1421082
0 -0.06103515625 2.5634765625 1421082
0 -0.06103515625 2.5634765625 1421185
-0.30517578125 0 2.44140625 1421185
-0.30517578125 0 2.44140625 1421185
-0.30517578125 0 2.44140625 1421186
-1.220703125 -1.3427734375 3.7841796875 1421375
-1.220703125 -0.30517578125 1.15966796875 1421376
-1.220703125 -0.30517578125 1.15966796875 1421376
-1.220703125 -0.30517578125 1.15966796875 1421376
-1.220703125 -0.30517578125 1.15966796875 1421478
-11.8408203125 -1.15966796875 3.2958984375 1421518
-11.8408203125 -1.15966796875 3.2958984375 1421519
-11.8408203125 -1.15966796875 3.2958984375 1421519
-11.8408203125 -1.15966796875 3.2958984375 1421580
-14.404296875 -5.43212890625 2.62451171875 1421708
3.23486328125 0.18310546875 -13.00048828125 1421708
3.23486328125 0.18310546875 -13.00048828125 1421709
3.23486328125 0.18310546875 -13.00048828125 1421709
5.31005859375 -1.52587890625 -16.17431640625 1421864
9.27734375 -7.01904296875 -19.287109375 1421865
9.27734375 -7.01904296875 -19.287109375 1421866
9.27734375 -7.01904296875 -19.287109375 1421866
9.27734375 -7.01904296875 -19.287109375 1421975
12.87841796875 -12.8173828125 -20.81298828125 1421976
12.87841796875 -12.8173828125 -20.81298828125 1421976
12.87841796875 -12.8173828125 -20.81298828125 1421977
12.87841796875 -12.8173828125 -20.81298828125 1422077
18.798828125 -17.27294921875 -21.91162109375 1422077
18.798828125 -17.27294921875 -21.91162109375 1422079
18.798828125 -17.27294921875 -21.91162109375 1422079
18.798828125 -17.27294921875 -21.91162109375 1422183
47.30224609375 6.34765625 -50.4150390625 1422183
47.30224609375 6.34765625 -50.4150390625 1422184
47.30224609375 6.34765625 -50.4150390625 1422184
47.30224609375 6.34765625 -50.4150390625 1422285
120.9716796875 122.37548828125 -72.69287109375 1422285
120.9716796875 122.37548828125 -72.69287109375 1422286
120.9716796875 122.37548828125 -72.69287109375 1422286
136.04736328125 270.1416015625 -136.3525390625 1422475
83.0078125 215.4541015625 -103.759765625 1422475
83.0078125 215.4541015625 -103.759765625 1422476
83.0078125 215.4541015625 -103.759765625 1422477
83.0078125 215.4541015625 -103.759765625 1422578
13.12255859375 79.4677734375 -45.7763671875 1422579
13.12255859375 79.4677734375 -45.7763671875 1422580
13.12255859375 79.4677734375 -45.7763671875 1422580
13.12255859375 79.4677734375 -45.7763671875 1422682
18.798828125 46.7529296875 -36.80419921875 1422682
18.798828125 46.7529296875 -36.80419921875 1422683
18.798828125 46.7529296875 -36.80419921875 1422683
18.798828125 46.7529296875 -36.80419921875 1422784
-15.9912109375 -62.01171875 -26.42822265625 1422784
-15.9912109375 -62.01171875 -26.42822265625 1422785
-15.9912109375 -62.01171875 -26.42822265625 1422786
-15.9912109375 -62.01171875 -26.42822265625 1422887
-9.521484375 34.85107421875 40.0390625 1422887
-9.521484375 34.85107421875 40.0390625 1422887
-9.521484375 34.85107421875 40.0390625 1422888
39.6728515625 80.2001953125 5.67626953125 1423076
-19.71435546875 -77.57568359375 -44.00634765625 1423099
-19.71435546875 -77.57568359375 -44.00634765625 1423099
-19.71435546875 -77.57568359375 -44.00634765625 1423100
