-0.42919921875 0.58349609375 0.76171875 1278922
-0.42919921875 0.58349609375 0.76171875 1278922
-0.42919921875 0.58349609375 0.76171875 1278923
-0.42919921875 0.58349609375 0.76171875 1278923
-0.42919921875 0.58349609375 0.76171875 1278924
-0.35693359375 0.53955078125 0.83203125 1279119
-0.35693359375 0.53955078125 0.83203125 1279120
-0.35693359375 0.53955078125 0.83203125 1279120
-0.35693359375 0.53955078125 0.83203125 1279120
-0.3203125 0.5244140625 0.857421875 1279226
-0.3203125 0.5244140625 0.857421875 1279226
-0.3203125 0.5244140625 0.857421875 1279227
-0.3203125 0.5244140625 0.857421875 1279227
-0.3056640625 0.53564453125 0.87158203125 1279329
-0.3056640625 0.53564453125 0.87158203125 1279330
-0.3056640625 0.53564453125 0.87158203125 1279331
-0.3056640625 0.53564453125 0.87158203125 1279331
-0.30029296875 0.52001953125 0.8720703125 1279573
-0.30029296875 0.52001953125 0.8720703125 1279574
-0.30029296875 0.52001953125 0.8720703125 1279574
-0.30029296875 0.52001953125 0.8720703125 1279575
-0.31982421875 0.5439453125 0.85546875 1279714
-0.31982421875 0.5439453125 0.85546875 1279725
-0.31982421875 0.5439453125 0.85546875 1279725
-0.31982421875 0.5439453125 0.85546875 1279726
-0.31591796875 0.53662109375 0.85888671875 1279824
-0.32861328125 0.5537109375 0.8466796875 1279927
-0.32861328125 0.5537109375 0.8466796875 1279927
-0.32861328125 0.5537109375 0.8466796875 1279927
-0.32861328125 0.5537109375 0.8466796875 1279928
-0.33056640625 0.55908203125 0.84814453125 1280029
-0.33056640625 0.55908203125 0.84814453125 1280029
-0.33056640625 0.55908203125 0.84814453125 1280030
-0.33056640625 0.55908203125 0.84814453125 1280030
-0.328125 0.53662109375 0.8515625 1280218
-0.328125 0.53662109375 0.8515625 1280219
-0.328125 0.53662109375 0.8515625 1280219
-0.328125 0.53662109375 0.8515625 1280219
-0.333984375 0.54052734375 0.8359375 1280321
-0.333984375 0.54052734375 0.8359375 1280321
-0.333984375 0.54052734375 0.8359375 1280322
-0.333984375 0.54052734375 0.8359375 1280322
-0.30126953125 0.5595703125 0.85498046875 1280427
-0.30126953125 0.5595703125 0.85498046875 1280427
-0.30126953125 0.5595703125 0.85498046875 1280428
-0.32275390625 0.5703125 0.833984375 1280527
-0.32275390625 0.5703125 0.833984375 1280528
-0.32275390625 0.5703125 0.833984375 1280528
-0.32275390625 0.5703125 0.833984375 1280529
-0.34716796875 0.63720703125 0.875 1280629
-0.34716796875 0.63720703125 0.875 1280630
-0.34716796875 0.63720703125 0.875 1280630
-0.34716796875 0.63720703125 0.875 1280630
-0.4853515625 0.55615234375 0.98095703125 1280821
-0.4853515625 0.55615234375 0.98095703125 1280821
-0.4853515625 0.55615234375 0.98095703125 1280821
-0.4853515625 0.55615234375 0.98095703125 1280822
-0.69580078125 0.50439453125 0.74169921875 1280923
-0.69580078125 0.50439453125 0.74169921875 1280923
-0.69580078125 0.50439453125 0.74169921875 1280923
-0.69580078125 0.50439453125 0.74169921875 1280924
-0.53076171875 0.4951171875 0.712890625 1281026
-0.53076171875 0.4951171875 0.712890625 1281026
-0.53076171875 0.4951171875 0.712890625 1281026
-0.53076171875 0.4951171875 0.712890625 1281027
-0.38037109375 0.41455078125 0.748046875 1281128
-0.38037109375 0.41455078125 0.748046875 1281129
-0.38037109375 0.41455078125 0.748046875 1281129
-0.38037109375 0.41455078125 0.748046875 1281129
-0.17724609375 0.28515625 0.99169921875 1281317
-0.17724609375 0.28515625 0.99169921875 1281317
-0.17724609375 0.28515625 0.99169921875 1281318
-0.17724609375 0.28515625 0.99169921875 1281318
0.04345703125 0.27392578125 1.13330078125 1281419
0.04345703125 0.27392578125 1.13330078125 1281419
0.04345703125 0.27392578125 1.13330078125 1281420
0.04345703125 0.27392578125 1.13330078125 1281421
0.1298828125 0.1767578125 1.08203125 1281523
0.1298828125 0.1767578125 1.08203125 1281523
0.1298828125 0.1767578125 1.08203125 1281524
0.06640625 0.2353515625 1.0234375 1281625
0.06640625 0.2353515625 1.0234375 1281626
0.06640625 0.2353515625 1.0234375 1281626
0.06640625 0.2353515625 1.0234375 1281627
0.01806640625 0.30908203125 1.001953125 1281816
0.01806640625 0.30908203125 1.001953125 1281816
0.01806640625 0.30908203125 1.001953125 1281817
0.01806640625 0.30908203125 1.001953125 1281817
-0.01611328125 0.34130859375 0.98046875 1281921
-0.01611328125 0.34130859375 0.98046875 1281922
-0.01611328125 0.34130859375 0.98046875 1281922
-0.01611328125 0.34130859375 0.98046875 1281923
-0.064453125 0.30029296875 0.99462890625 1282026
-0.064453125 0.30029296875 0.99462890625 1282027
-0.064453125 0.30029296875 0.99462890625 1282027
-0.064453125 0.30029296875 0.99462890625 1282028
-0.07763671875 0.26416015625 0.93017578125 1282216
-0.07763671875 0.26416015625 0.93017578125 1282217
-0.07763671875 0.26416015625 0.93017578125 1282217
-0.07763671875 0.26416015625 0.93017578125 1282218
0.033203125 0.3017578125 1.060546875 1282318
0.033203125 0.3017578125 1.060546875 1282319
0.033203125 0.3017578125 1.060546875 1282319
0.033203125 0.3017578125 1.060546875 1282320
0.04296875 0.26953125 1.0380859375 1282421
0.04296875 0.26953125 1.0380859375 1282422
0.04296875 0.26953125 1.0380859375 1282422
0.06787109375 0.392578125 1.015625 1282524
0.06787109375 0.392578125 1.015625 1282525
0.06787109375 0.392578125 1.015625 1282526
0.06787109375 0.392578125 1.015625 1282526
-0.04443359375 0.39404296875 0.98828125 1282715
-0.04443359375 0.39404296875 0.98828125 1282715
-0.04443359375 0.39404296875 0.98828125 1282716
-0.04443359375 0.39404296875 0.98828125 1282716
-0.015625 0.40625 1.00439453125 1282817
-0.015625 0.40625 1.00439453125 1282817
-0.015625 0.40625 1.00439453125 1282818
-0.015625 0.40625 1.00439453125 1282818
-0.0146484375 0.3603515625 0.99951171875 1282920
-0.0146484375 0.3603515625 0.99951171875 1282920
-0.0146484375 0.3603515625 0.99951171875 1282921
-0.0146484375 0.3603515625 0.99951171875 1282922
-0.00732421875 0.27880859375 1.01025390625 1283022
-0.00732421875 0.27880859375 1.01025390625 1283022
-0.00732421875 0.27880859375 1.01025390625 1283023
-0.00732421875 0.27880859375 1.01025390625 1283023
-0.1396484375 0.560546875 0.9052734375 1283124
-0.1396484375 0.560546875 0.9052734375 1283125
-0.1396484375 0.560546875 0.9052734375 1283125
-0.1396484375 0.560546875 0.9052734375 1283126
-0.39013671875 0.666015625 0.71484375 1283254
-0.39013671875 0.666015625 0.71484375 1283254
-0.39013671875 0.666015625 0.71484375 1283254
-0.39013671875 0.666015625 0.71484375 1283255
-0.5625 0.703125 0.58984375 1283417
-0.5625 0.703125 0.58984375 1283417
-0.5625 0.703125 0.58984375 1283417
-0.5625 0.703125 0.58984375 1283418
-0.54150390625 0.6572265625 0.6162109375 1283520
-0.54150390625 0.6572265625 0.6162109375 1283520
-0.54150390625 0.6572265625 0.6162109375 1283521
-0.4912109375 0.68603515625 0.65283203125 1283624
-0.4912109375 0.68603515625 0.65283203125 1283625
-0.4912109375 0.68603515625 0.65283203125 1283625
-0.4912109375 0.68603515625 0.65283203125 1283626
-0.46240234375 0.64013671875 0.6611328125 1283814
-0.46240234375 0.64013671875 0.6611328125 1283814
-0.46240234375 0.64013671875 0.6611328125 1283815
-0.46240234375 0.64013671875 0.6611328125 1283815
-0.38671875 0.68505859375 0.7197265625 1283922
-0.38671875 0.68505859375 0.7197265625 1283922
-0.38671875 0.68505859375 0.7197265625 1283923
-0.38671875 0.68505859375 0.7197265625 1283923
-0.32080078125 0.6669921875 0.74072265625 1284025
-0.32080078125 0.6669921875 0.74072265625 1284025
-0.32080078125 0.6669921875 0.74072265625 1284026
-0.32080078125 0.6669921875 0.74072265625 1284026
-0.06982421875 0.5517578125 0.91845703125 1284212
-0.06982421875 0.5517578125 0.91845703125 1284213
-0.06982421875 0.5517578125 0.91845703125 1284214
-0.06982421875 0.5517578125 0.91845703125 1284214
0.009765625 0.50244140625 0.96826171875 1284315
0.009765625 0.50244140625 0.96826171875 1284315
0.009765625 0.50244140625 0.96826171875 1284316
0.009765625 0.50244140625 0.96826171875 1284316
-0.001953125 0.4658203125 0.974609375 1284417
-0.001953125 0.4658203125 0.974609375 1284418
-0.001953125 0.4658203125 0.974609375 1284418
-0.001953125 0.4658203125 0.974609375 1284419
0.00146484375 0.5126953125 0.96826171875 1284520
0.00146484375 0.5126953125 0.96826171875 1284520
0.00146484375 0.5126953125 0.96826171875 1284521
0.00146484375 0.5126953125 0.96826171875 1284521
0.0029296875 0.47216796875 0.96728515625 1284622
0.0029296875 0.47216796875 0.96728515625 1284623
0.0029296875 0.47216796875 0.96728515625 1284623
0.0029296875 0.47216796875 0.96728515625 1284624
0.04443359375 0.4501953125 1.01220703125 1284817
0.04443359375 0.4501953125 1.01220703125 1284817
0.04443359375 0.4501953125 1.01220703125 1284818
0.04443359375 0.4501953125 1.01220703125 1284818
0.0185546875 0.42919921875 0.98583984375 1284919
0.0185546875 0.42919921875 0.98583984375 1284919
0.0185546875 0.42919921875 0.98583984375 1284920
0.0185546875 0.42919921875 0.98583984375 1284921
0.02392578125 0.427734375 0.994140625 1285022
0.02392578125 0.427734375 0.994140625 1285022
0.02392578125 0.427734375 0.994140625 1285023
0.02392578125 0.427734375 0.994140625 1285023
-0.005859375 0.38623046875 0.98095703125 1285199
-0.005859375 0.38623046875 0.98095703125 1285200
-0.005859375 0.38623046875 0.98095703125 1285200
-0.005859375 0.38623046875 0.98095703125 1285201
-0.00048828125 0.3828125 0.9794921875 1285310
-0.00048828125 0.3828125 0.9794921875 1285311
-0.00048828125 0.3828125 0.9794921875 1285311
-0.00048828125 0.3828125 0.9794921875 1285311
0.01123046875 0.37841796875 0.97314453125 1285413
0.01123046875 0.37841796875 0.97314453125 1285413
0.01123046875 0.37841796875 0.97314453125 1285414
0.01123046875 0.37841796875 0.97314453125 1285415
0.00048828125 0.40234375 0.966796875 1285515
0.00048828125 0.40234375 0.966796875 1285516
0.00048828125 0.40234375 0.966796875 1285516
0.00048828125 0.40234375 0.966796875 1285517
0.02734375 0.39892578125 0.98876953125 1285618
0.02734375 0.39892578125 0.98876953125 1285618
0.02734375 0.39892578125 0.98876953125 1285619
0.02734375 0.39892578125 0.98876953125 1285619
0.03271484375 0.39306640625 0.99951171875 1285721
0.03271484375 0.39306640625 0.99951171875 1285722
0.03271484375 0.39306640625 0.99951171875 1285722
0.03271484375 0.39306640625 0.99951171875 1285723
0.03955078125 0.453125 1.00439453125 1285911
0.03955078125 0.453125 1.00439453125 1285912
0.03955078125 0.453125 1.00439453125 1285912
0.03955078125 0.453125 1.00439453125 1285913
0.05029296875 0.43115234375 1.00390625 1286013
0.05029296875 0.43115234375 1.00390625 1286014
0.05029296875 0.43115234375 1.00390625 1286014
0.05029296875 0.43115234375 1.00390625 1286015
0.0341796875 0.427734375 0.98876953125 1286116
0.0341796875 0.427734375 0.98876953125 1286116
0.0341796875 0.427734375 0.98876953125 1286117
0.03515625 0.4267578125 0.99072265625 1286220
0.03515625 0.4267578125 0.99072265625 1286221
0.03515625 0.4267578125 0.99072265625 1286221
0.03515625 0.4267578125 0.99072265625 1286222
0.0302734375 0.43701171875 0.97509765625 1286410
0.0302734375 0.43701171875 0.97509765625 1286410
0.0302734375 0.43701171875 0.97509765625 1286410
0.0302734375 0.43701171875 0.97509765625 1286411
0.0322265625 0.45068359375 0.98046875 1286513
0.0322265625 0.45068359375 0.98046875 1286513
0.0322265625 0.45068359375 0.98046875 1286514
0.0322265625 0.45068359375 0.98046875 1286514
0.01904296875 0.45849609375 0.982421875 1286615
0.01904296875 0.45849609375 0.982421875 1286615
0.01904296875 0.45849609375 0.982421875 1286617
0.01904296875 0.45849609375 0.982421875 1286617
0.02783203125 0.44140625 0.97900390625 1286718
0.02783203125 0.44140625 0.97900390625 1286718
0.02783203125 0.44140625 0.97900390625 1286719
0.02783203125 0.44140625 0.97900390625 1286719
0.02001953125 0.4306640625 0.9794921875 1286821
0.02001953125 0.4306640625 0.9794921875 1286821
0.02001953125 0.4306640625 0.9794921875 1286822
0.02001953125 0.4306640625 0.9794921875 1286823
0.0126953125 0.4404296875 0.9853515625 1287010
0.0126953125 0.4404296875 0.9853515625 1287010
0.0126953125 0.4404296875 0.9853515625 1287011
0.0126953125 0.4404296875 0.9853515625 1287011
0.02197265625 0.43701171875 0.98291015625 1287113
0.02197265625 0.43701171875 0.98291015625 1287113
0.02197265625 0.43701171875 0.98291015625 1287113
0.02197265625 0.43701171875 0.98291015625 1287114
0.01708984375 0.44287109375 0.9736328125 1287215
0.01708984375 0.44287109375 0.9736328125 1287215
0.01708984375 0.44287109375 0.9736328125 1287216
0.01708984375 0.44287109375 0.9736328125 1287216
0.01318359375 0.44775390625 0.97705078125 1287318
0.01318359375 0.44775390625 0.97705078125 1287318
0.01318359375 0.44775390625 0.97705078125 1287318
0.01318359375 0.44775390625 0.97705078125 1287319
0.03271484375 0.43798828125 0.9892578125 1287508
0.03271484375 0.43798828125 0.9892578125 1287508
0.03271484375 0.43798828125 0.9892578125 1287509
0.03271484375 0.43798828125 0.9892578125 1287509
0.02392578125 0.43115234375 0.98486328125 1287610
0.02392578125 0.43115234375 0.98486328125 1287610
0.02392578125 0.43115234375 0.98486328125 1287611
0.02392578125 0.43115234375 0.98486328125 1287611
0.02392578125 0.43994140625 0.98876953125 1287713
0.02392578125 0.43994140625 0.98876953125 1287714
0.02392578125 0.43994140625 0.98876953125 1287715
0.02392578125 0.43994140625 0.98876953125 1287715
0.009765625 0.4404296875 0.9765625 1287908
0.009765625 0.4404296875 0.9765625 1287908
0.009765625 0.4404296875 0.9765625 1287909
0.009765625 0.4404296875 0.9765625 1287910
0.01171875 0.43310546875 0.98193359375 1288011
0.01171875 0.43310546875 0.98193359375 1288011
0.01171875 0.43310546875 0.98193359375 1288021
0.01171875 0.43310546875 0.98193359375 1288021
0.0234375 0.44287109375 0.9833984375 1288113
0.025390625 0.4365234375 0.98388671875 1288217
0.025390625 0.4365234375 0.98388671875 1288218
0.025390625 0.4365234375 0.98388671875 1288218
0.025390625 0.4365234375 0.98388671875 1288219
0.01416015625 0.43701171875 0.984375 1288399
0.01416015625 0.43701171875 0.984375 1288399
0.01416015625 0.43701171875 0.984375 1288399
0.01416015625 0.43701171875 0.984375 1288399
0.0126953125 0.44140625 0.98828125 1288509
0.0126953125 0.44140625 0.98828125 1288510
0.0126953125 0.44140625 0.98828125 1288511
0.0126953125 0.44140625 0.98828125 1288511
0.01513671875 0.42431640625 0.97998046875 1288611
0.01513671875 0.42431640625 0.97998046875 1288612
0.01513671875 0.42431640625 0.97998046875 1288612
0.01513671875 0.42431640625 0.97998046875 1288613
0.04248046875 0.4228515625 1.0009765625 1288714
0.04248046875 0.4228515625 1.0009765625 1288714
0.04248046875 0.4228515625 1.0009765625 1288715
0.04248046875 0.4228515625 1.0009765625 1288715
0.0595703125 0.4423828125 1.00341796875 1288816
0.0595703125 0.4423828125 1.00341796875 1288816
0.0595703125 0.4423828125 1.00341796875 1288817
0.0595703125 0.4423828125 1.00341796875 1288817
0.0302734375 0.42626953125 0.9912109375 1288919
0.0302734375 0.42626953125 0.9912109375 1288919
0.0302734375 0.42626953125 0.9912109375 1288920
0.0302734375 0.42626953125 0.9912109375 1288922
0.0654296875 0.39892578125 0.998046875 1289108
0.0654296875 0.39892578125 0.998046875 1289109
0.0654296875 0.39892578125 0.998046875 1289109
0.0654296875 0.39892578125 0.998046875 1289110
0.1337890625 0.38232421875 1.03857421875 1289211
0.1337890625 0.38232421875 1.03857421875 1289211
0.1337890625 0.38232421875 1.03857421875 1289212
0.1337890625 0.38232421875 1.03857421875 1289212
0.06494140625 0.404296875 0.9931640625 1289313
0.06494140625 0.404296875 0.9931640625 1289314
0.06494140625 0.404296875 0.9931640625 1289314
0.06494140625 0.404296875 0.9931640625 1289315
0.05126953125 0.42919921875 0.97119140625 1289415
0.05126953125 0.42919921875 0.97119140625 1289415
0.05126953125 0.42919921875 0.97119140625 1289415
0.05126953125 0.42919921875 0.97119140625 1289416
0.068359375 0.44140625 0.99755859375 1289606
0.068359375 0.44140625 0.99755859375 1289606
0.068359375 0.44140625 0.99755859375 1289606
0.068359375 0.44140625 0.99755859375 1289607
0.02880859375 0.43212890625 0.97607421875 1289708
0.02880859375 0.43212890625 0.97607421875 1289708
0.02880859375 0.43212890625 0.97607421875 1289708
0.02880859375 0.43212890625 0.97607421875 1289709
0.01953125 0.45166015625 0.96337890625 1289954
0.01953125 0.45166015625 0.96337890625 1289954
0.01953125 0.45166015625 0.96337890625 1289954
0.01953125 0.45166015625 0.96337890625 1289955
0.02392578125 0.4697265625 0.96826171875 1290105
0.02392578125 0.4697265625 0.96826171875 1290105
0.02392578125 0.4697265625 0.96826171875 1290105
0.02392578125 0.4697265625 0.96826171875 1290106
0.02197265625 0.466796875 0.96435546875 1290208
0.02197265625 0.466796875 0.96435546875 1290208
0.02197265625 0.466796875 0.96435546875 1290208
0.02197265625 0.466796875 0.96435546875 1290209
0.01318359375 0.48046875 0.95654296875 1290313
0.01318359375 0.48046875 0.95654296875 1290314
0.01318359375 0.48046875 0.95654296875 1290314
0.01318359375 0.48046875 0.95654296875 1290315
0.017578125 0.474609375 0.9609375 1290414
0.017578125 0.474609375 0.9609375 1290414
0.017578125 0.474609375 0.9609375 1290414
0.017578125 0.474609375 0.9609375 1290415
0.021484375 0.49072265625 0.96142578125 1290605
0.021484375 0.49072265625 0.96142578125 1290605
0.021484375 0.49072265625 0.96142578125 1290605
0.021484375 0.49072265625 0.96142578125 1290606
0.01513671875 0.47412109375 0.96240234375 1290707
0.01513671875 0.47412109375 0.96240234375 1290707
0.01513671875 0.47412109375 0.96240234375 1290708
0.01513671875 0.47412109375 0.96240234375 1290708
0.0205078125 0.4775390625 0.9599609375 1290810
0.0205078125 0.4775390625 0.9599609375 1290842
0.0205078125 0.4775390625 0.9599609375 1290842
0.0205078125 0.4775390625 0.9599609375 1290843
0.025390625 0.48583984375 0.966796875 1290912
0.0205078125 0.47900390625 0.9580078125 1291014
0.0205078125 0.47900390625 0.9580078125 1291015
0.0205078125 0.47900390625 0.9580078125 1291015
0.0205078125 0.47900390625 0.9580078125 1291015
0.0205078125 0.48681640625 0.96044921875 1291204
0.0205078125 0.48681640625 0.96044921875 1291204
0.0205078125 0.48681640625 0.96044921875 1291205
0.0205078125 0.48681640625 0.96044921875 1291205
0.025390625 0.48779296875 0.95947265625 1291307
0.025390625 0.48779296875 0.95947265625 1291307
0.025390625 0.48779296875 0.95947265625 1291308
0.025390625 0.48779296875 0.95947265625 1291308
0.021484375 0.48291015625 0.95751953125 1291410
0.021484375 0.48291015625 0.95751953125 1291410
0.021484375 0.48291015625 0.95751953125 1291411
0.0283203125 0.48046875 0.96630859375 1291513
0.0283203125 0.48046875 0.96630859375 1291513
0.0283203125 0.48046875 0.96630859375 1291513
0.0283203125 0.48046875 0.96630859375 1291514
0.01904296875 0.48388671875 0.96142578125 1291702
0.01904296875 0.48388671875 0.96142578125 1291702
0.01904296875 0.48388671875 0.96142578125 1291703
0.01904296875 0.48388671875 0.96142578125 1291703
0.02734375 0.48681640625 0.958984375 1291805
0.02734375 0.48681640625 0.958984375 1291805
0.02734375 0.48681640625 0.958984375 1291806
0.02734375 0.48681640625 0.958984375 1291807
0.021484375 0.48291015625 0.9560546875 1291907
0.021484375 0.48291015625 0.9560546875 1291907
0.021484375 0.48291015625 0.9560546875 1291908
0.021484375 0.48291015625 0.9560546875 1291908
0.02734375 0.490234375 0.9638671875 1292009
0.02734375 0.490234375 0.9638671875 1292010
0.02734375 0.490234375 0.9638671875 1292011
0.02734375 0.490234375 0.9638671875 1292012
0.01953125 0.4755859375 0.96435546875 1292111
0.01953125 0.4755859375 0.96435546875 1292112
0.01953125 0.4755859375 0.96435546875 1292113
0.01953125 0.4755859375 0.96435546875 1292113
0.0205078125 0.4873046875 0.9560546875 1292302
0.0205078125 0.4873046875 0.9560546875 1292302
0.0205078125 0.4873046875 0.9560546875 1292303
0.0205078125 0.4873046875 0.9560546875 1292303
0.01904296875 0.4814453125 0.9580078125 1292404
0.01904296875 0.4814453125 0.9580078125 1292404
0.01904296875 0.4814453125 0.9580078125 1292404
0.01904296875 0.4814453125 0.9580078125 1292405
0.02294921875 0.4912109375 0.955078125 1292507
0.02294921875 0.4912109375 0.955078125 1292507
0.02294921875 0.4912109375 0.955078125 1292508
0.02294921875 0.4912109375 0.955078125 1292508
0.0244140625 0.486328125 0.96044921875 1292609
0.0244140625 0.486328125 0.96044921875 1292609
0.0244140625 0.486328125 0.96044921875 1292610
0.0244140625 0.486328125 0.96044921875 1292611
0.0185546875 0.484375 0.95556640625 1292713
0.0185546875 0.484375 0.95556640625 1292713
0.0185546875 0.484375 0.95556640625 1292714
0.0185546875 0.484375 0.95556640625 1292714
0.03076171875 0.482421875 0.96484375 1292905
0.03076171875 0.482421875 0.96484375 1292906
0.03076171875 0.482421875 0.96484375 1292906
0.03076171875 0.482421875 0.96484375 1292907
0.02734375 0.4853515625 0.95556640625 1293008
0.02734375 0.4853515625 0.95556640625 1293009
0.02734375 0.4853515625 0.95556640625 1293009
0.02734375 0.4853515625 0.95556640625 1293010
0.0283203125 0.48828125 0.9658203125 1293110
0.0283203125 0.48828125 0.9658203125 1293111
0.0283203125 0.48828125 0.9658203125 1293112
0.0283203125 0.48828125 0.9658203125 1293113
0.01904296875 0.4892578125 0.95654296875 1293300
0.01904296875 0.4892578125 0.95654296875 1293300
0.01904296875 0.4892578125 0.95654296875 1293301
0.01904296875 0.4892578125 0.95654296875 1293301
0.0263671875 0.48095703125 0.9580078125 1293403
0.0263671875 0.48095703125 0.9580078125 1293404
0.0263671875 0.48095703125 0.9580078125 1293404
0.0263671875 0.48095703125 0.9580078125 1293405
0.0341796875 0.48388671875 0.96142578125 1293507
0.0341796875 0.48388671875 0.96142578125 1293507
0.0341796875 0.48388671875 0.96142578125 1293508
0.0341796875 0.48388671875 0.96142578125 1293508
0.0322265625 0.4833984375 0.9599609375 1293609
0.0322265625 0.4833984375 0.9599609375 1293610
0.0322265625 0.4833984375 0.9599609375 1293611
0.0322265625 0.4833984375 0.9599609375 1293611
0.025390625 0.49755859375 0.9560546875 1293712
0.025390625 0.49755859375 0.9560546875 1293712
0.025390625 0.49755859375 0.9560546875 1293713
0.025390625 0.49755859375 0.9560546875 1293713
-0.0029296875 0.5224609375 0.93896484375 1293900
-0.0029296875 0.5224609375 0.93896484375 1293901
-0.0029296875 0.5224609375 0.93896484375 1293901
-0.0029296875 0.5224609375 0.93896484375 1293902
-0.0068359375 0.4833984375 0.9248046875 1294003
-0.0068359375 0.4833984375 0.9248046875 1294003
-0.0068359375 0.4833984375 0.9248046875 1294004
-0.0068359375 0.4833984375 0.9248046875 1294004
0.01171875 0.478515625 0.91015625 1294105
0.01171875 0.478515625 0.91015625 1294106
0.01171875 0.478515625 0.91015625 1294107
0.0380859375 0.427734375 0.92626953125 1294209
0.0380859375 0.427734375 0.92626953125 1294210
0.0380859375 0.427734375 0.92626953125 1294210
0.0380859375 0.427734375 0.92626953125 1294211
-0.0439453125 0.50537109375 0.947265625 1294400
-0.0439453125 0.50537109375 0.947265625 1294400
-0.0439453125 0.50537109375 0.947265625 1294400
-0.0439453125 0.50537109375 0.947265625 1294401
-0.28955078125 0.7392578125 0.74462890625 1294502
-0.28955078125 0.7392578125 0.74462890625 1294502
-0.28955078125 0.7392578125 0.74462890625 1294502
-0.28955078125 0.7392578125 0.74462890625 1294503
-0.7412109375 0.77978515625 0.1640625 1294604
-0.7412109375 0.77978515625 0.1640625 1294604
-0.7412109375 0.77978515625 0.1640625 1294605
-0.7412109375 0.77978515625 0.1640625 1294605
-1.04150390625 0.3701171875 -0.46630859375 1294712
-1.04150390625 0.3701171875 -0.46630859375 1294713
-1.04150390625 0.3701171875 -0.46630859375 1294714
-1.04150390625 0.3701171875 -0.46630859375 1294714
-0.73828125 0.19580078125 -0.2958984375 1294899
-0.73828125 0.19580078125 -0.2958984375 1294899
-0.73828125 0.19580078125 -0.2958984375 1294900
-0.73828125 0.19580078125 -0.2958984375 1294901
-0.671875 0.01171875 -0.171875 1295000
-0.671875 0.01171875 -0.171875 1295000
-0.671875 0.01171875 -0.171875 1295001
-0.671875 0.01171875 -0.171875 1295001
-0.80126953125 0.33544921875 -0.46630859375 1295103
-0.80126953125 0.33544921875 -0.46630859375 1295103
-0.80126953125 0.33544921875 -0.46630859375 1295104
-0.80126953125 0.33544921875 -0.46630859375 1295104
-0.966796875 0.369140625 -0.7578125 1295206
-0.966796875 0.369140625 -0.7578125 1295207
-0.966796875 0.369140625 -0.7578125 1295207
-0.966796875 0.369140625 -0.7578125 1295208
-0.55078125 -0.03076171875 -0.3388671875 1295308
-0.55078125 -0.03076171875 -0.3388671875 1295309
-0.55078125 -0.03076171875 -0.3388671875 1295309
-0.55078125 -0.03076171875 -0.3388671875 1295310
-0.783203125 0.3994140625 -0.7490234375 1295409
-0.783203125 0.3994140625 -0.7490234375 1295410
-0.783203125 0.3994140625 -0.7490234375 1295410
-0.783203125 0.3994140625 -0.7490234375 1295411
-0.798828125 0.3369140625 -0.42724609375 1295598
-0.798828125 0.3369140625 -0.42724609375 1295599
-0.798828125 0.3369140625 -0.42724609375 1295600
-0.798828125 0.3369140625 -0.42724609375 1295600
-0.75732421875 0.44189453125 0.0859375 1295701
-0.75732421875 0.44189453125 0.0859375 1295702
-0.75732421875 0.44189453125 0.0859375 1295702
-0.75732421875 0.44189453125 0.0859375 1295703
-0.43212890625 0.49267578125 0.6279296875 1295803
-0.43212890625 0.49267578125 0.6279296875 1295804
-0.43212890625 0.49267578125 0.6279296875 1295805
-0.43212890625 0.49267578125 0.6279296875 1295805
0.03125 0.32080078125 0.9580078125 1295906
0.03125 0.32080078125 0.9580078125 1295906
0.03125 0.32080078125 0.9580078125 1295906
0.03125 0.32080078125 0.9580078125 1295907
0.33642578125 0.26806640625 1.08544921875 1296008
0.33642578125 0.26806640625 1.08544921875 1296008
0.33642578125 0.26806640625 1.08544921875 1296009
0.33642578125 0.26806640625 1.08544921875 1296009
0.1220703125 0.37158203125 0.958984375 1296197
0.1220703125 0.37158203125 0.958984375 1296198
0.1220703125 0.37158203125 0.958984375 1296198
0.1220703125 0.37158203125 0.958984375 1296199
-0.15283203125 0.5947265625 0.82421875 1296300
-0.15283203125 0.5947265625 0.82421875 1296300
-0.15283203125 0.5947265625 0.82421875 1296300
-0.15283203125 0.5947265625 0.82421875 1296301
-0.25146484375 0.7197265625 0.755859375 1296402
-0.25146484375 0.7197265625 0.755859375 1296402
-0.25146484375 0.7197265625 0.755859375 1296402
-0.25146484375 0.7197265625 0.755859375 1296403
-0.298828125 0.76611328125 0.76416015625 1296504
-0.298828125 0.76611328125 0.76416015625 1296505
-0.298828125 0.76611328125 0.76416015625 1296505
-0.298828125 0.76611328125 0.76416015625 1296506
-0.31494140625 0.72265625 0.74560546875 1296607
-0.31494140625 0.72265625 0.74560546875 1296609
-0.31494140625 0.72265625 0.74560546875 1296609
-0.31494140625 0.72265625 0.74560546875 1296609
-0.31494140625 0.6640625 0.75048828125 1296796
-0.31494140625 0.6640625 0.75048828125 1296797
-0.31494140625 0.6640625 0.75048828125 1296797
-0.31494140625 0.6640625 0.75048828125 1296797
-0.30078125 0.6845703125 0.74072265625 1296899
-0.30078125 0.6845703125 0.74072265625 1296900
-0.30078125 0.6845703125 0.74072265625 1296900
-0.30078125 0.6845703125 0.74072265625 1296901
-0.29248046875 0.72119140625 0.748046875 1297002
-0.29248046875 0.72119140625 0.748046875 1297002
-0.29248046875 0.72119140625 0.748046875 1297003
-0.24755859375 0.68994140625 0.7685546875 1297105
-0.24755859375 0.68994140625 0.7685546875 1297106
-0.24755859375 0.68994140625 0.7685546875 1297106
-0.24755859375 0.68994140625 0.7685546875 1297107
-0.20166015625 0.72021484375 0.77197265625 1297298
-0.20166015625 0.72021484375 0.77197265625 1297298
-0.20166015625 0.72021484375 0.77197265625 1297298
-0.20166015625 0.72021484375 0.77197265625 1297299
-0.16357421875 0.70361328125 0.77587890625 1297401
-0.16357421875 0.70361328125 0.77587890625 1297401
-0.16357421875 0.70361328125 0.77587890625 1297402
-0.16357421875 0.70361328125 0.77587890625 1297402
-0.01123046875 0.6044921875 0.8740234375 1297503
-0.01123046875 0.6044921875 0.8740234375 1297511
-0.01123046875 0.6044921875 0.8740234375 1297512
-0.01123046875 0.6044921875 0.8740234375 1297512
0.06494140625 0.5654296875 0.9638671875 1297630
0.06494140625 0.5654296875 0.9638671875 1297630
0.06494140625 0.5654296875 0.9638671875 1297631
0.06494140625 0.5654296875 0.9638671875 1297631
0.05517578125 0.4716796875 0.95068359375 1297795
0.05517578125 0.4716796875 0.95068359375 1297795
0.05517578125 0.4716796875 0.95068359375 1297797
0.05517578125 0.4716796875 0.95068359375 1297797
0.048828125 0.48095703125 0.96240234375 1297913
0.048828125 0.48095703125 0.96240234375 1297913
0.048828125 0.48095703125 0.96240234375 1297914
0.048828125 0.48095703125 0.96240234375 1297914
0.07373046875 0.4765625 0.9736328125 1298102
0.07373046875 0.4765625 0.9736328125 1298102
0.07373046875 0.4765625 0.9736328125 1298103
0.07373046875 0.4765625 0.9736328125 1298103
0.08251953125 0.474609375 0.9794921875 1298204
0.08251953125 0.474609375 0.9794921875 1298205
0.08251953125 0.474609375 0.9794921875 1298205
0.08251953125 0.474609375 0.9794921875 1298205
0.08642578125 0.4482421875 0.9755859375 1298394
0.08642578125 0.4482421875 0.9755859375 1298394
0.08642578125 0.4482421875 0.9755859375 1298395
0.08642578125 0.4482421875 0.9755859375 1298395
0.0859375 0.431640625 0.9775390625 1298497
0.0859375 0.431640625 0.9775390625 1298497
0.0859375 0.431640625 0.9775390625 1298498
0.0859375 0.431640625 0.9775390625 1298499
0.1083984375 0.4140625 0.98876953125 1298599
0.1083984375 0.4140625 0.98876953125 1298600
0.1083984375 0.4140625 0.98876953125 1298600
0.1083984375 0.4140625 0.98876953125 1298602
0.0888671875 0.41845703125 0.9775390625 1298702
0.0888671875 0.41845703125 0.9775390625 1298702
0.0888671875 0.41845703125 0.9775390625 1298703
0.0888671875 0.41845703125 0.9775390625 1298704
0.0869140625 0.41748046875 0.98193359375 1298804
0.0869140625 0.41748046875 0.98193359375 1298805
0.0869140625 0.41748046875 0.98193359375 1298805
0.0869140625 0.41748046875 0.98193359375 1298806
0.08056640625 0.4404296875 0.966796875 1298994
0.08056640625 0.4404296875 0.966796875 1299010
0.08056640625 0.4404296875 0.966796875 1299011
0.08056640625 0.4404296875 0.966796875 1299011
0.07763671875 0.44677734375 0.9697265625 1299096
0.07177734375 0.44677734375 0.962890625 1299199
0.07177734375 0.44677734375 0.962890625 1299200
0.07177734375 0.44677734375 0.962890625 1299200
0.07373046875 0.4609375 0.96337890625 1299285
0.0771484375 0.46337890625 0.96826171875 1299393
0.0771484375 0.46337890625 0.96826171875 1299393
0.0771484375 0.46337890625 0.96826171875 1299393
0.0771484375 0.46337890625 0.96826171875 1299394
0.05859375 0.48095703125 0.95458984375 1299495
0.05859375 0.48095703125 0.95458984375 1299496
0.05859375 0.48095703125 0.95458984375 1299496
0.05859375 0.48095703125 0.95458984375 1299496
0.0634765625 0.46923828125 0.9638671875 1299598
0.0634765625 0.46923828125 0.9638671875 1299598
0.0634765625 0.46923828125 0.9638671875 1299598
0.0634765625 0.46923828125 0.9638671875 1299599
0.068359375 0.46533203125 0.9697265625 1299700
0.068359375 0.46533203125 0.9697265625 1299701
0.068359375 0.46533203125 0.9697265625 1299701
0.068359375 0.46533203125 0.9697265625 1299701
0.0791015625 0.45458984375 0.97265625 1299803
0.0791015625 0.45458984375 0.97265625 1299803
0.0791015625 0.45458984375 0.97265625 1299804
0.0791015625 0.45458984375 0.97265625 1299804
0.080078125 0.4677734375 0.96142578125 1299990
0.080078125 0.4677734375 0.96142578125 1299990
0.080078125 0.4677734375 0.96142578125 1299991
0.080078125 0.4677734375 0.96142578125 1299991
0.07177734375 0.46484375 0.9638671875 1300092
0.07177734375 0.46484375 0.9638671875 1300092
0.07177734375 0.46484375 0.9638671875 1300092
0.07177734375 0.46484375 0.9638671875 1300093
0.0625 0.46923828125 0.96337890625 1300198
0.0625 0.46923828125 0.96337890625 1300199
0.0625 0.46923828125 0.96337890625 1300199
0.0625 0.46923828125 0.96337890625 1300199
0.08056640625 0.46142578125 0.96826171875 1300401
0.08056640625 0.46142578125 0.96826171875 1300401
0.08056640625 0.46142578125 0.96826171875 1300401
0.08056640625 0.46142578125 0.96826171875 1300402
0.07568359375 0.47265625 0.96435546875 1300592
0.07568359375 0.47265625 0.96435546875 1300592
0.07568359375 0.47265625 0.96435546875 1300593
0.07568359375 0.47265625 0.96435546875 1300593
0.0771484375 0.47021484375 0.96923828125 1300694
0.0771484375 0.47021484375 0.96923828125 1300694
0.0771484375 0.47021484375 0.96923828125 1300695
0.0771484375 0.47021484375 0.96923828125 1300695
0.09375 0.4755859375 0.97509765625 1300797
0.09375 0.4755859375 0.97509765625 1300798
0.09375 0.4755859375 0.97509765625 1300798
0.09375 0.4755859375 0.97509765625 1300799
0.08642578125 0.46923828125 0.9677734375 1300900
0.08642578125 0.46923828125 0.9677734375 1300900
0.08642578125 0.46923828125 0.9677734375 1300901
0.08642578125 0.46923828125 0.9677734375 1300902
0.0908203125 0.474609375 0.96142578125 1301001
0.0908203125 0.474609375 0.96142578125 1301001
0.0908203125 0.474609375 0.96142578125 1301002
0.0908203125 0.474609375 0.96142578125 1301002
0.087890625 0.466796875 0.96044921875 1301193
0.087890625 0.466796875 0.96044921875 1301193
0.087890625 0.466796875 0.96044921875 1301194
0.087890625 0.466796875 0.96044921875 1301194
0.0859375 0.47607421875 0.96630859375 1301296
0.0859375 0.47607421875 0.96630859375 1301296
0.0859375 0.47607421875 0.96630859375 1301297
0.0859375 0.47607421875 0.96630859375 1301297
0.08154296875 0.4794921875 0.9609375 1301398
0.08154296875 0.4794921875 0.9609375 1301398
0.08154296875 0.4794921875 0.9609375 1301399
0.08154296875 0.4794921875 0.9609375 1301400
0.0888671875 0.4716796875 0.96533203125 1301500
0.0888671875 0.4716796875 0.96533203125 1301500
0.0888671875 0.4716796875 0.96533203125 1301501
0.0888671875 0.4716796875 0.96533203125 1301502
0.07763671875 0.47705078125 0.95947265625 1301691
0.07763671875 0.47705078125 0.95947265625 1301691
0.07763671875 0.47705078125 0.95947265625 1301692
0.07763671875 0.47705078125 0.95947265625 1301692
0.083984375 0.47314453125 0.97119140625 1301794
0.083984375 0.47314453125 0.97119140625 1301794
0.083984375 0.47314453125 0.97119140625 1301794
0.083984375 0.47314453125 0.97119140625 1301795
0.09033203125 0.47314453125 0.9755859375 1301895
0.09033203125 0.47314453125 0.9755859375 1301896
0.09033203125 0.47314453125 0.9755859375 1301896
0.09033203125 0.47314453125 0.9755859375 1301897
0.0830078125 0.47314453125 0.95947265625 1301997
0.0830078125 0.47314453125 0.95947265625 1301998
0.0830078125 0.47314453125 0.95947265625 1301998
0.0830078125 0.47314453125 0.95947265625 1301999
0.06396484375 0.49365234375 0.95166015625 1302100
0.06396484375 0.49365234375 0.95166015625 1302101
0.06396484375 0.49365234375 0.95166015625 1302101
0.06396484375 0.49365234375 0.95166015625 1302102
0.07666015625 0.44921875 0.9619140625 1302289
0.07666015625 0.44921875 0.9619140625 1302290
0.07666015625 0.44921875 0.9619140625 1302290
0.07666015625 0.44921875 0.9619140625 1302291
0.08740234375 0.45703125 0.96826171875 1302392
0.08740234375 0.45703125 0.96826171875 1302393
0.08740234375 0.45703125 0.96826171875 1302402
0.08740234375 0.45703125 0.96826171875 1302402
0.07421875 0.47314453125 0.9677734375 1302589
0.07421875 0.47314453125 0.9677734375 1302589
0.07421875 0.47314453125 0.9677734375 1302590
0.07421875 0.47314453125 0.9677734375 1302590
0.07373046875 0.474609375 0.95556640625 1302692
0.07373046875 0.474609375 0.95556640625 1302694
0.07373046875 0.474609375 0.95556640625 1302694
0.07373046875 0.474609375 0.95556640625 1302695
0.0830078125 0.47119140625 0.9697265625 1302794
0.0830078125 0.47119140625 0.9697265625 1302795
0.0830078125 0.47119140625 0.9697265625 1302796
0.0830078125 0.47119140625 0.9697265625 1302797
0.07958984375 0.478515625 0.96484375 1302897
0.07958984375 0.478515625 0.96484375 1302897
0.07958984375 0.478515625 0.96484375 1302898
0.07958984375 0.478515625 0.96484375 1302898
0.091796875 0.4638671875 0.9677734375 1302999
0.091796875 0.4638671875 0.9677734375 1302999
0.091796875 0.4638671875 0.9677734375 1303000
0.091796875 0.4638671875 0.9677734375 1303000
0.08251953125 0.470703125 0.95751953125 1303189
0.08251953125 0.470703125 0.95751953125 1303189
0.08251953125 0.470703125 0.95751953125 1303190
0.08251953125 0.470703125 0.95751953125 1303190
0.09228515625 0.47802734375 0.96044921875 1303292
0.09228515625 0.47802734375 0.96044921875 1303292
0.09228515625 0.47802734375 0.96044921875 1303293
0.09228515625 0.47802734375 0.96044921875 1303293
0.09326171875 0.4755859375 0.96875 1303395
0.09326171875 0.4755859375 0.96875 1303396
0.09326171875 0.4755859375 0.96875 1303396
0.09765625 0.47607421875 0.97021484375 1303498
0.09765625 0.47607421875 0.97021484375 1303508
0.09765625 0.47607421875 0.97021484375 1303508
0.09765625 0.47607421875 0.97021484375 1303509
0.09521484375 0.47314453125 0.96337890625 1303688
0.09521484375 0.47314453125 0.96337890625 1303688
0.09521484375 0.47314453125 0.96337890625 1303688
0.09521484375 0.47314453125 0.96337890625 1303689
0.09912109375 0.46630859375 0.96728515625 1303791
0.09912109375 0.46630859375 0.96728515625 1303791
0.09912109375 0.46630859375 0.96728515625 1303791
0.09912109375 0.46630859375 0.96728515625 1303792
0.08740234375 0.47216796875 0.962890625 1303893
0.08740234375 0.47216796875 0.962890625 1303893
0.08740234375 0.47216796875 0.962890625 1303894
0.08740234375 0.47216796875 0.962890625 1303894
0.0966796875 0.470703125 0.970703125 1303995
0.0966796875 0.470703125 0.970703125 1303995
0.0966796875 0.470703125 0.970703125 1303995
0.0966796875 0.470703125 0.970703125 1303996
0.0986328125 0.4599609375 0.96435546875 1304098
0.0986328125 0.4599609375 0.96435546875 1304098
0.0986328125 0.4599609375 0.96435546875 1304098
0.0986328125 0.4599609375 0.96435546875 1304099
0.08251953125 0.47314453125 0.96240234375 1304288
0.08251953125 0.47314453125 0.96240234375 1304288
0.08251953125 0.47314453125 0.96240234375 1304288
0.08251953125 0.47314453125 0.96240234375 1304289
0.0947265625 0.46337890625 0.96875 1304391
0.0947265625 0.46337890625 0.96875 1304391
0.0947265625 0.46337890625 0.96875 1304393
0.0947265625 0.46337890625 0.96875 1304393
0.09326171875 0.46044921875 0.9658203125 1304494
0.09326171875 0.46044921875 0.9658203125 1304494
0.09326171875 0.46044921875 0.9658203125 1304495
0.09326171875 0.46044921875 0.9658203125 1304495
0.08740234375 0.46533203125 0.9658203125 1304597
0.08740234375 0.46533203125 0.9658203125 1304597
0.08740234375 0.46533203125 0.9658203125 1304598
0.08740234375 0.46533203125 0.9658203125 1304598
0.0908203125 0.46923828125 0.95947265625 1304786
0.0908203125 0.46923828125 0.95947265625 1304786
0.0908203125 0.46923828125 0.95947265625 1304786
0.0908203125 0.46923828125 0.95947265625 1304787
0.0966796875 0.4658203125 0.96240234375 1304893
0.0966796875 0.4658203125 0.96240234375 1304893
0.0966796875 0.4658203125 0.96240234375 1304894
0.0966796875 0.4658203125 0.96240234375 1304894
0.091796875 0.4619140625 0.970703125 1304997
0.091796875 0.4619140625 0.970703125 1304997
0.091796875 0.4619140625 0.970703125 1304997
0.091796875 0.4619140625 0.970703125 1304998
0.09228515625 0.4716796875 0.96630859375 1305187
0.09228515625 0.4716796875 0.96630859375 1305187
0.09228515625 0.4716796875 0.96630859375 1305187
0.09228515625 0.4716796875 0.96630859375 1305188
0.08935546875 0.46533203125 0.9580078125 1305289
0.08935546875 0.46533203125 0.9580078125 1305289
0.08935546875 0.46533203125 0.9580078125 1305289
0.08935546875 0.46533203125 0.9580078125 1305290
0.10009765625 0.4638671875 0.966796875 1305392
0.10009765625 0.4638671875 0.966796875 1305392
0.10009765625 0.4638671875 0.966796875 1305392
0.10107421875 0.46435546875 0.9677734375 1305495
0.10107421875 0.46435546875 0.9677734375 1305495
0.10107421875 0.46435546875 0.9677734375 1305496
0.10107421875 0.46435546875 0.9677734375 1305496
0.09619140625 0.46484375 0.966796875 1305678
0.09619140625 0.46484375 0.966796875 1305678
0.09619140625 0.46484375 0.966796875 1305678
0.09619140625 0.46484375 0.966796875 1305679
0.095703125 0.46630859375 0.96142578125 1305787
0.095703125 0.46630859375 0.96142578125 1305787
0.095703125 0.46630859375 0.96142578125 1305788
0.095703125 0.46630859375 0.96142578125 1305788
0.08984375 0.466796875 0.96484375 1305889
0.08984375 0.466796875 0.96484375 1305889
0.08984375 0.466796875 0.96484375 1305890
0.08984375 0.466796875 0.96484375 1305890
0.08837890625 0.46240234375 0.955078125 1305991
0.08837890625 0.46240234375 0.955078125 1305991
0.08837890625 0.46240234375 0.955078125 1305992
0.08837890625 0.46240234375 0.955078125 1305992
0.099609375 0.46728515625 0.97314453125 1306094
0.099609375 0.46728515625 0.97314453125 1306094
0.099609375 0.46728515625 0.97314453125 1306095
0.099609375 0.46728515625 0.97314453125 1306095
0.0947265625 0.47119140625 0.96923828125 1306197
0.0947265625 0.47119140625 0.96923828125 1306197
0.0947265625 0.47119140625 0.96923828125 1306198
0.0947265625 0.47119140625 0.96923828125 1306198
0.1025390625 0.470703125 0.9716796875 1306411
0.1025390625 0.470703125 0.9716796875 1306412
0.1025390625 0.470703125 0.9716796875 1306414
0.1025390625 0.470703125 0.9716796875 1306415
0.0966796875 0.46044921875 0.9716796875 1306591
0.0966796875 0.46044921875 0.9716796875 1306592
0.0966796875 0.46044921875 0.9716796875 1306593
0.0966796875 0.46044921875 0.9716796875 1306594
0.0888671875 0.4638671875 0.96484375 1306694
0.0888671875 0.4638671875 0.96484375 1306694
0.0888671875 0.4638671875 0.96484375 1306695
0.0888671875 0.4638671875 0.96484375 1306695
0.09521484375 0.46435546875 0.96923828125 1306884
0.09521484375 0.46435546875 0.96923828125 1306884
0.09521484375 0.46435546875 0.96923828125 1306885
0.09521484375 0.46435546875 0.96923828125 1306885
0.0966796875 0.4658203125 0.966796875 1306987
0.0966796875 0.4658203125 0.966796875 1306987
0.0966796875 0.4658203125 0.966796875 1306988
0.0966796875 0.4658203125 0.966796875 1306988
0.0966796875 0.46484375 0.970703125 1307090
0.0966796875 0.46484375 0.970703125 1307141
0.0966796875 0.46484375 0.970703125 1307142
0.0966796875 0.46484375 0.970703125 1307143
0.09521484375 0.46875 0.962890625 1307191
0.0927734375 0.48193359375 0.96435546875 1307294
0.0927734375 0.48193359375 0.96435546875 1307295
0.0927734375 0.48193359375 0.96435546875 1307295
0.0927734375 0.48193359375 0.96435546875 1307296
0.08349609375 0.47802734375 0.9599609375 1307484
0.08349609375 0.47802734375 0.9599609375 1307484
0.08349609375 0.47802734375 0.9599609375 1307484
0.08349609375 0.47802734375 0.9599609375 1307485
0.083984375 0.4619140625 0.9560546875 1307587
0.083984375 0.4619140625 0.9560546875 1307588
0.083984375 0.4619140625 0.9560546875 1307588
0.083984375 0.4619140625 0.9560546875 1307588
0.0849609375 0.44921875 0.95947265625 1307695
0.0849609375 0.44921875 0.95947265625 1307695
0.0849609375 0.44921875 0.95947265625 1307696
0.0849609375 0.44921875 0.95947265625 1307696
0.0703125 0.447265625 0.93701171875 1307872
0.0703125 0.447265625 0.93701171875 1307872
0.0703125 0.447265625 0.93701171875 1307872
0.0703125 0.447265625 0.93701171875 1307873
0.01318359375 0.4677734375 0.92431640625 1307982
0.01318359375 0.4677734375 0.92431640625 1307983
0.01318359375 0.4677734375 0.92431640625 1307983
0.01318359375 0.4677734375 0.92431640625 1307984
0.08203125 0.50146484375 0.95458984375 1308086
0.08203125 0.50146484375 0.95458984375 1308086
0.08203125 0.50146484375 0.95458984375 1308087
0.08203125 0.50146484375 0.95458984375 1308087
-0.12646484375 0.6884765625 0.7783203125 1308187
-0.12646484375 0.6884765625 0.7783203125 1308187
-0.12646484375 0.6884765625 0.7783203125 1308189
-0.12646484375 0.6884765625 0.7783203125 1308189
-0.5556640625 0.7333984375 0.3408203125 1308291
-0.5556640625 0.7333984375 0.3408203125 1308291
-0.5556640625 0.7333984375 0.3408203125 1308292
-0.5556640625 0.7333984375 0.3408203125 1308292
-0.9501953125 0.5361328125 -0.30810546875 1308393
-0.9501953125 0.5361328125 -0.30810546875 1308394
-0.9501953125 0.5361328125 -0.30810546875 1308394
-0.9501953125 0.5361328125 -0.30810546875 1308395
-0.7958984375 0.318359375 -0.2978515625 1308583
-0.7958984375 0.318359375 -0.2978515625 1308592
-0.7958984375 0.318359375 -0.2978515625 1308592
-0.7958984375 0.318359375 -0.2978515625 1308592
-0.80029296875 0.29931640625 -0.27197265625 1308686
-0.791015625 0.2783203125 -0.34814453125 1308800
-0.791015625 0.2783203125 -0.34814453125 1308800
-0.791015625 0.2783203125 -0.34814453125 1308801
-0.82763671875 0.2861328125 -0.46484375 1308879
-0.90234375 0.37841796875 -0.50634765625 1308982
-0.90234375 0.37841796875 -0.50634765625 1308982
-0.90234375 0.37841796875 -0.50634765625 1308983
-0.90234375 0.37841796875 -0.50634765625 1308983
-0.890625 0.3837890625 -0.38037109375 1309084
-0.890625 0.3837890625 -0.38037109375 1309085
-0.890625 0.3837890625 -0.38037109375 1309085
-0.890625 0.3837890625 -0.38037109375 1309086
-0.8955078125 0.44677734375 -0.15966796875 1309188
-0.8955078125 0.44677734375 -0.15966796875 1309188
-0.8955078125 0.44677734375 -0.15966796875 1309189
-0.8955078125 0.44677734375 -0.15966796875 1309189
-0.87060546875 0.474609375 0.11962890625 1309289
-0.87060546875 0.474609375 0.11962890625 1309289
-0.87060546875 0.474609375 0.11962890625 1309289
-0.87060546875 0.474609375 0.11962890625 1309290
-0.62548828125 0.44140625 0.58251953125 1309392
-0.62548828125 0.44140625 0.58251953125 1309394
-0.62548828125 0.44140625 0.58251953125 1309394
-0.62548828125 0.44140625 0.58251953125 1309395
0.1083984375 0.27197265625 1.0087890625 1309582
0.1083984375 0.27197265625 1.0087890625 1309582
0.1083984375 0.27197265625 1.0087890625 1309583
0.1083984375 0.27197265625 1.0087890625 1309583
0.12646484375 0.1962890625 0.98583984375 1309684
0.12646484375 0.1962890625 0.98583984375 1309684
0.12646484375 0.1962890625 0.98583984375 1309685
0.12646484375 0.1962890625 0.98583984375 1309685
0.11376953125 0.400390625 0.98583984375 1309787
0.11376953125 0.400390625 0.98583984375 1309787
0.11376953125 0.400390625 0.98583984375 1309787
0.04296875 0.5908203125 0.91796875 1309883
-0.08544921875 0.689453125 0.84716796875 1309970
-0.08544921875 0.689453125 0.84716796875 1309971
-0.08544921875 0.689453125 0.84716796875 1309971
-0.16015625 0.69384765625 0.83837890625 1310080
-0.16015625 0.69384765625 0.83837890625 1310080
-0.16015625 0.69384765625 0.83837890625 1310081
-0.16015625 0.69384765625 0.83837890625 1310081
-0.14697265625 0.6240234375 0.85009765625 1310186
-0.14697265625 0.6240234375 0.85009765625 1310187
-0.14697265625 0.6240234375 0.85009765625 1310187
-0.14697265625 0.6240234375 0.85009765625 1310188
-0.19775390625 0.6953125 0.83251953125 1310288
-0.19775390625 0.6953125 0.83251953125 1310288
-0.19775390625 0.6953125 0.83251953125 1310289
-0.19775390625 0.6953125 0.83251953125 1310289
-0.181640625 0.63720703125 0.85595703125 1310390
-0.181640625 0.63720703125 0.85595703125 1310390
-0.181640625 0.63720703125 0.85595703125 1310390
-0.181640625 0.63720703125 0.85595703125 1310391
-0.08935546875 0.6748046875 0.91162109375 1310584
-0.08935546875 0.6748046875 0.91162109375 1310584
-0.08935546875 0.6748046875 0.91162109375 1310585
-0.08935546875 0.6748046875 0.91162109375 1310585
-0.1611328125 0.673828125 0.818359375 1310686
-0.1611328125 0.673828125 0.818359375 1310686
-0.1611328125 0.673828125 0.818359375 1310686
-0.1611328125 0.673828125 0.818359375 1310687
-0.171875 0.6533203125 0.80859375 1310790
-0.171875 0.6533203125 0.80859375 1310790
-0.171875 0.6533203125 0.80859375 1310791
-0.171875 0.6533203125 0.80859375 1310791
-0.12646484375 0.65234375 0.82958984375 1310979
-0.12646484375 0.65234375 0.82958984375 1310979
-0.12646484375 0.65234375 0.82958984375 1310980
-0.12646484375 0.65234375 0.82958984375 1310980
-0.1474609375 0.69677734375 0.81689453125 1311081
-0.1474609375 0.69677734375 0.81689453125 1311082
-0.1474609375 0.69677734375 0.81689453125 1311082
-0.1474609375 0.69677734375 0.81689453125 1311082
-0.06494140625 0.64697265625 0.85693359375 1311184
-0.06494140625 0.64697265625 0.85693359375 1311185
-0.06494140625 0.64697265625 0.85693359375 1311185
-0.06494140625 0.64697265625 0.85693359375 1311186
-0.00537109375 0.6279296875 0.919921875 1311286
-0.00537109375 0.6279296875 0.919921875 1311287
-0.00537109375 0.6279296875 0.919921875 1311287
-0.00537109375 0.6279296875 0.919921875 1311288
0.046875 0.546875 0.95947265625 1311389
0.046875 0.546875 0.95947265625 1311390
0.046875 0.546875 0.95947265625 1311390
0.046875 0.546875 0.95947265625 1311391
0.03076171875 0.5166015625 0.9462890625 1311579
0.03076171875 0.5166015625 0.9462890625 1311590
0.03076171875 0.5166015625 0.9462890625 1311591
0.03076171875 0.5166015625 0.9462890625 1311591
0.0234375 0.517578125 0.96240234375 1311704
0.0234375 0.517578125 0.96240234375 1311705
0.0234375 0.517578125 0.96240234375 1311705
0.0234375 0.517578125 0.96240234375 1311706
0.0390625 0.47119140625 0.974609375 1311887
0.0390625 0.47119140625 0.974609375 1311887
0.0390625 0.47119140625 0.974609375 1311887
0.0390625 0.47119140625 0.974609375 1311888
0.0244140625 0.45068359375 0.95849609375 1311990
0.0244140625 0.45068359375 0.95849609375 1311990
0.0244140625 0.45068359375 0.95849609375 1311990
0.0244140625 0.45068359375 0.95849609375 1311991
0.0439453125 0.4453125 0.97412109375 1312180
0.0439453125 0.4453125 0.97412109375 1312180
0.0439453125 0.4453125 0.97412109375 1312181
0.0439453125 0.4453125 0.97412109375 1312181
0.052734375 0.4541015625 0.97998046875 1312282
0.052734375 0.4541015625 0.97998046875 1312282
0.052734375 0.4541015625 0.97998046875 1312283
0.052734375 0.4541015625 0.97998046875 1312283
0.0498046875 0.44921875 0.97900390625 1312386
0.0498046875 0.44921875 0.97900390625 1312386
0.0498046875 0.44921875 0.97900390625 1312395
0.0498046875 0.44921875 0.97900390625 1312395
0.0498046875 0.42822265625 0.978515625 1312488
0.0498046875 0.42822265625 0.978515625 1312489
0.03564453125 0.43994140625 0.96240234375 1312580
0.03564453125 0.43994140625 0.96240234375 1312581
0.02392578125 0.443359375 0.96044921875 1312682
0.02392578125 0.443359375 0.96044921875 1312682
0.02392578125 0.443359375 0.96044921875 1312683
0.02392578125 0.443359375 0.96044921875 1312683
0.0390625 0.43701171875 0.96533203125 1312784
0.0390625 0.43701171875 0.96533203125 1312785
0.0390625 0.43701171875 0.96533203125 1312786
0.0390625 0.43701171875 0.96533203125 1312786
0.03515625 0.45263671875 0.98046875 1312974
0.03515625 0.45263671875 0.98046875 1312975
0.03515625 0.45263671875 0.98046875 1312975
0.03515625 0.45263671875 0.98046875 1312976
0.05126953125 0.44775390625 0.9853515625 1313076
0.05126953125 0.44775390625 0.9853515625 1313077
0.05126953125 0.44775390625 0.9853515625 1313077
0.05126953125 0.44775390625 0.9853515625 1313078
0.0537109375 0.4453125 0.97412109375 1313179
0.0537109375 0.4453125 0.97412109375 1313180
0.0537109375 0.4453125 0.97412109375 1313180
0.0537109375 0.4453125 0.97412109375 1313181
0.044921875 0.43603515625 0.97021484375 1313281
0.044921875 0.43603515625 0.97021484375 1313282
0.044921875 0.43603515625 0.97021484375 1313282
0.044921875 0.43603515625 0.97021484375 1313283
0.04833984375 0.43603515625 0.990234375 1313384
0.04833984375 0.43603515625 0.990234375 1313384
0.04833984375 0.43603515625 0.990234375 1313385
0.04833984375 0.43603515625 0.990234375 1313386
0.0458984375 0.44921875 0.97509765625 1313486
0.0458984375 0.44921875 0.97509765625 1313487
0.0458984375 0.44921875 0.97509765625 1313489
0.0458984375 0.44921875 0.97509765625 1313489
0.03955078125 0.453125 0.96923828125 1313676
0.03955078125 0.453125 0.96923828125 1313677
0.03955078125 0.453125 0.96923828125 1313677
0.03955078125 0.453125 0.96923828125 1313677
0.0390625 0.455078125 0.96630859375 1313779
0.0390625 0.455078125 0.96630859375 1313779
0.0390625 0.455078125 0.96630859375 1313780
0.0390625 0.455078125 0.96630859375 1313780
0.06005859375 0.4638671875 0.9765625 1313881
0.06005859375 0.4638671875 0.9765625 1313882
0.06005859375 0.4638671875 0.9765625 1313882
0.04931640625 0.46435546875 0.96337890625 1313986
0.04931640625 0.46435546875 0.96337890625 1313987
0.04931640625 0.46435546875 0.96337890625 1313987
0.04931640625 0.46435546875 0.96337890625 1313988
0.06103515625 0.455078125 0.97900390625 1314176
0.06103515625 0.455078125 0.97900390625 1314177
0.06103515625 0.455078125 0.97900390625 1314177
0.06103515625 0.455078125 0.97900390625 1314178
0.06201171875 0.4580078125 0.978515625 1314278
0.06201171875 0.4580078125 0.978515625 1314279
0.06201171875 0.4580078125 0.978515625 1314279
0.06201171875 0.4580078125 0.978515625 1314280
0.0615234375 0.4521484375 0.97314453125 1314383
0.0615234375 0.4521484375 0.97314453125 1314384
0.0615234375 0.4521484375 0.97314453125 1314384
0.0615234375 0.4521484375 0.97314453125 1314384
0.0634765625 0.45556640625 0.9833984375 1314485
0.0634765625 0.45556640625 0.9833984375 1314485
0.0634765625 0.45556640625 0.9833984375 1314486
0.0634765625 0.45556640625 0.9833984375 1314486
0.05615234375 0.45849609375 0.97412109375 1314676
0.05615234375 0.45849609375 0.97412109375 1314676
0.05615234375 0.45849609375 0.97412109375 1314677
0.05615234375 0.45849609375 0.97412109375 1314677
0.060546875 0.45166015625 0.97998046875 1314778
0.060546875 0.45166015625 0.97998046875 1314778
0.060546875 0.45166015625 0.97998046875 1314779
0.060546875 0.45166015625 0.97998046875 1314780
0.056640625 0.4501953125 0.9736328125 1314906
0.056640625 0.4501953125 0.9736328125 1314909
0.056640625 0.4501953125 0.9736328125 1314909
0.05126953125 0.45166015625 0.97216796875 1314987
0.0517578125 0.455078125 0.96826171875 1315065
0.0517578125 0.455078125 0.96826171875 1315065
0.0517578125 0.455078125 0.96826171875 1315065
0.056640625 0.45556640625 0.9736328125 1315189
0.056640625 0.45556640625 0.9736328125 1315190
0.056640625 0.45556640625 0.9736328125 1315190
0.056640625 0.45556640625 0.9736328125 1315191
0.05126953125 0.45556640625 0.9765625 1315382
0.05126953125 0.45556640625 0.9765625 1315382
0.05126953125 0.45556640625 0.9765625 1315382
0.05126953125 0.45556640625 0.9765625 1315383
0.048828125 0.44287109375 0.9697265625 1315484
0.048828125 0.44287109375 0.9697265625 1315484
0.048828125 0.44287109375 0.9697265625 1315484
0.048828125 0.44287109375 0.9697265625 1315485
0.0517578125 0.453125 0.9716796875 1315673
0.0517578125 0.453125 0.9716796875 1315673
0.0517578125 0.453125 0.9716796875 1315673
0.0517578125 0.453125 0.9716796875 1315674
0.03857421875 0.45751953125 0.96728515625 1315777
0.03857421875 0.45751953125 0.96728515625 1315777
0.03857421875 0.45751953125 0.96728515625 1315777
0.03857421875 0.45751953125 0.96728515625 1315778
0.04931640625 0.45068359375 0.97705078125 1315877
0.04931640625 0.45068359375 0.97705078125 1315877
0.04931640625 0.45068359375 0.97705078125 1315877
0.04931640625 0.45068359375 0.97705078125 1315878
0.0556640625 0.44873046875 0.97412109375 1316002
0.0556640625 0.44873046875 0.97412109375 1316002
0.0556640625 0.44873046875 0.97412109375 1316002
0.0556640625 0.44873046875 0.97412109375 1316003
0.05078125 0.45458984375 0.97265625 1316161
0.05078125 0.45458984375 0.97265625 1316161
0.05078125 0.45458984375 0.97265625 1316162
0.05078125 0.45458984375 0.97265625 1316162
0.05126953125 0.453125 0.97412109375 1316273
0.05126953125 0.453125 0.97412109375 1316273
0.05126953125 0.453125 0.97412109375 1316274
0.05126953125 0.453125 0.97412109375 1316274
0.0478515625 0.45263671875 0.97412109375 1316375
0.0478515625 0.45263671875 0.97412109375 1316375
0.0478515625 0.45263671875 0.97412109375 1316376
0.0478515625 0.45263671875 0.97412109375 1316377
0.04931640625 0.45849609375 0.97314453125 1316477
0.04931640625 0.45849609375 0.97314453125 1316477
0.04931640625 0.45849609375 0.97314453125 1316478
0.04931640625 0.45849609375 0.97314453125 1316478
0.048828125 0.4443359375 0.9716796875 1316584
0.048828125 0.4443359375 0.9716796875 1316584
0.048828125 0.4443359375 0.9716796875 1316585
0.048828125 0.4443359375 0.9716796875 1316585
0.04736328125 0.45849609375 0.97314453125 1316774
0.04736328125 0.45849609375 0.97314453125 1316775
0.04736328125 0.45849609375 0.97314453125 1316775
0.04736328125 0.45849609375 0.97314453125 1316776
0.04443359375 0.45458984375 0.97119140625 1316876
0.04443359375 0.45458984375 0.97119140625 1316876
0.04443359375 0.45458984375 0.97119140625 1316877
0.04443359375 0.45458984375 0.97119140625 1316877
0.0537109375 0.4599609375 0.98046875 1316979
0.0537109375 0.4599609375 0.98046875 1316979
0.0537109375 0.4599609375 0.98046875 1316980
0.0537109375 0.4599609375 0.98046875 1316980
0.041015625 0.4580078125 0.97119140625 1317081
0.041015625 0.4580078125 0.97119140625 1317081
0.041015625 0.4580078125 0.97119140625 1317082
0.041015625 0.4580078125 0.97119140625 1317082
0.044921875 0.453125 0.97265625 1317272
0.044921875 0.453125 0.97265625 1317273
0.044921875 0.453125 0.97265625 1317273
0.044921875 0.453125 0.97265625 1317274
0.0400390625 0.45947265625 0.966796875 1317374
0.0400390625 0.45947265625 0.966796875 1317374
0.0400390625 0.45947265625 0.966796875 1317375
0.0400390625 0.45947265625 0.966796875 1317376
0.04150390625 0.4580078125 0.96826171875 1317477
0.04150390625 0.4580078125 0.96826171875 1317477
0.04150390625 0.4580078125 0.96826171875 1317477
0.04150390625 0.4580078125 0.96826171875 1317477
0.04052734375 0.4609375 0.96484375 1317579
0.04052734375 0.4609375 0.96484375 1317580
0.04052734375 0.4609375 0.96484375 1317581
0.04052734375 0.4609375 0.96484375 1317581
0.04296875 0.4599609375 0.974609375 1317681
0.04296875 0.4599609375 0.974609375 1317681
0.04296875 0.4599609375 0.974609375 1317682
0.04296875 0.4599609375 0.974609375 1317682
0.0537109375 0.46435546875 0.9794921875 1317872
0.0537109375 0.46435546875 0.9794921875 1317872
0.0537109375 0.46435546875 0.9794921875 1317872
0.0537109375 0.46435546875 0.9794921875 1317873
0.05029296875 0.45654296875 0.97509765625 1317974
0.05029296875 0.45654296875 0.97509765625 1317974
0.05029296875 0.45654296875 0.97509765625 1317975
0.05029296875 0.45654296875 0.97509765625 1317975
0.04931640625 0.44921875 0.96875 1318076
0.04931640625 0.44921875 0.96875 1318076
0.04931640625 0.44921875 0.96875 1318077
0.04931640625 0.44921875 0.96875 1318077
0.05078125 0.44873046875 0.9765625 1318180
0.05078125 0.44873046875 0.9765625 1318180
0.05078125 0.44873046875 0.9765625 1318181
0.05078125 0.44873046875 0.9765625 1318182
0.052734375 0.45947265625 0.98193359375 1318282
0.052734375 0.45947265625 0.98193359375 1318282
0.052734375 0.45947265625 0.98193359375 1318283
0.052734375 0.45947265625 0.98193359375 1318284
0.05615234375 0.455078125 0.97998046875 1318471
0.05615234375 0.455078125 0.97998046875 1318472
0.05615234375 0.455078125 0.97998046875 1318472
0.05615234375 0.455078125 0.97998046875 1318473
0.05322265625 0.4462890625 0.98046875 1318573
0.05322265625 0.4462890625 0.98046875 1318573
0.05322265625 0.4462890625 0.98046875 1318574
0.05322265625 0.4462890625 0.98046875 1318574
0.0439453125 0.43994140625 0.96630859375 1318677
0.0439453125 0.43994140625 0.96630859375 1318678
0.0439453125 0.43994140625 0.96630859375 1318679
0.0439453125 0.43994140625 0.96630859375 1318679
0.05810546875 0.4560546875 0.98486328125 1318778
0.05810546875 0.4560546875 0.98486328125 1318778
0.05810546875 0.4560546875 0.98486328125 1318779
0.05810546875 0.4560546875 0.98486328125 1318779
0.0458984375 0.4453125 0.97900390625 1318882
0.0458984375 0.4453125 0.97900390625 1318882
0.0458984375 0.4453125 0.97900390625 1318883
0.0458984375 0.4453125 0.97900390625 1318883
0.05224609375 0.451171875 0.98046875 1319070
0.05224609375 0.451171875 0.98046875 1319070
0.05224609375 0.451171875 0.98046875 1319071
0.05224609375 0.451171875 0.98046875 1319071
0.046875 0.44287109375 0.97314453125 1319172
0.046875 0.44287109375 0.97314453125 1319172
0.046875 0.44287109375 0.97314453125 1319173
0.046875 0.44287109375 0.97314453125 1319173
0.0498046875 0.44677734375 0.9833984375 1319276
0.0498046875 0.44677734375 0.9833984375 1319276
0.0498046875 0.44677734375 0.9833984375 1319276
0.0498046875 0.44677734375 0.9833984375 1319277
0.04931640625 0.44580078125 0.9765625 1319378
0.04931640625 0.44580078125 0.9765625 1319379
0.04931640625 0.44580078125 0.9765625 1319379
0.04931640625 0.44580078125 0.9765625 1319380
0.05419921875 0.447265625 0.97705078125 1319569
0.05419921875 0.447265625 0.97705078125 1319569
0.05419921875 0.447265625 0.97705078125 1319570
0.05419921875 0.447265625 0.97705078125 1319570
0.04833984375 0.45458984375 0.97705078125 1319672
0.04833984375 0.45458984375 0.97705078125 1319672
0.04833984375 0.45458984375 0.97705078125 1319673
0.04833984375 0.45458984375 0.97705078125 1319673
0.048828125 0.43994140625 0.97607421875 1319869
0.048828125 0.43994140625 0.97607421875 1319869
0.048828125 0.43994140625 0.97607421875 1319870
0.048828125 0.43994140625 0.97607421875 1319870
0.056640625 0.44287109375 0.9794921875 1320072
0.056640625 0.44287109375 0.9794921875 1320072
0.056640625 0.44287109375 0.9794921875 1320073
0.056640625 0.44287109375 0.9794921875 1320073
0.0458984375 0.44287109375 0.97998046875 1320174
0.0458984375 0.44287109375 0.97998046875 1320175
0.0458984375 0.44287109375 0.97998046875 1320176
0.0458984375 0.44287109375 0.97998046875 1320176
0.046875 0.4462890625 0.97705078125 1320277
0.046875 0.4462890625 0.97705078125 1320277
0.046875 0.4462890625 0.97705078125 1320278
0.046875 0.4462890625 0.97705078125 1320278
0.04833984375 0.43798828125 0.97607421875 1320381
0.04833984375 0.43798828125 0.97607421875 1320382
0.04833984375 0.43798828125 0.97607421875 1320382
0.04833984375 0.43798828125 0.97607421875 1320383
0.046875 0.4365234375 0.97802734375 1320569
0.046875 0.4365234375 0.97802734375 1320569
0.046875 0.4365234375 0.97802734375 1320569
0.046875 0.4365234375 0.97802734375 1320570
0.0458984375 0.43798828125 0.982421875 1320671
0.0458984375 0.43798828125 0.982421875 1320671
0.0458984375 0.43798828125 0.982421875 1320671
0.0458984375 0.43798828125 0.982421875 1320672
0.05029296875 0.4453125 0.9765625 1320776
0.05029296875 0.4453125 0.9765625 1320776
0.05029296875 0.4453125 0.9765625 1320777
0.05517578125 0.44189453125 0.98291015625 1320856
0.05322265625 0.44677734375 0.98291015625 1320968
0.05322265625 0.44677734375 0.98291015625 1320969
0.05322265625 0.44677734375 0.98291015625 1320969
0.05322265625 0.44677734375 0.98291015625 1320970
0.04736328125 0.4443359375 0.978515625 1321070
0.04736328125 0.4443359375 0.978515625 1321070
0.04736328125 0.4443359375 0.978515625 1321070
0.04736328125 0.4443359375 0.978515625 1321071
0.052734375 0.4404296875 0.97900390625 1321173
0.052734375 0.4404296875 0.97900390625 1321173
0.052734375 0.4404296875 0.97900390625 1321175
0.052734375 0.4404296875 0.97900390625 1321176
0.05810546875 0.4375 0.9833984375 1321275
0.05810546875 0.4375 0.9833984375 1321276
0.05810546875 0.4375 0.9833984375 1321276
0.05810546875 0.4375 0.9833984375 1321277
0.052734375 0.44580078125 0.98046875 1321378
0.052734375 0.44580078125 0.98046875 1321379
0.052734375 0.44580078125 0.98046875 1321380
0.052734375 0.44580078125 0.98046875 1321380
0.04931640625 0.4443359375 0.9736328125 1321567
0.04931640625 0.4443359375 0.9736328125 1321567
0.04931640625 0.4443359375 0.9736328125 1321568
0.04931640625 0.4443359375 0.9736328125 1321568
0.056640625 0.44287109375 0.97900390625 1321671
0.056640625 0.44287109375 0.97900390625 1321672
0.056640625 0.44287109375 0.97900390625 1321672
0.056640625 0.44287109375 0.97900390625 1321672
0.04443359375 0.44091796875 0.9765625 1321776
0.04443359375 0.44091796875 0.9765625 1321776
0.04443359375 0.44091796875 0.9765625 1321777
0.04443359375 0.44091796875 0.9765625 1321777
0.05810546875 0.431640625 0.98974609375 1321966
0.05810546875 0.431640625 0.98974609375 1321966
0.05810546875 0.431640625 0.98974609375 1321967
0.05810546875 0.431640625 0.98974609375 1321967
0.05517578125 0.42724609375 0.97998046875 1322069
0.05517578125 0.42724609375 0.97998046875 1322070
0.05517578125 0.42724609375 0.97998046875 1322070
0.05517578125 0.42724609375 0.97998046875 1322070
0.04541015625 0.42138671875 0.95703125 1322171
0.04541015625 0.42138671875 0.95703125 1322172
0.04541015625 0.42138671875 0.95703125 1322172
0.04541015625 0.42138671875 0.95703125 1322173
0.02001953125 0.41650390625 0.95458984375 1322274
0.02001953125 0.41650390625 0.95458984375 1322275
0.02001953125 0.41650390625 0.95458984375 1322275
0.02001953125 0.41650390625 0.95458984375 1322276
0.01220703125 0.4130859375 0.9521484375 1322376
0.01220703125 0.4130859375 0.9521484375 1322376
0.01220703125 0.4130859375 0.9521484375 1322377
0.01220703125 0.4130859375 0.9521484375 1322378
0.06005859375 0.4169921875 0.96484375 1322567
0.06005859375 0.4169921875 0.96484375 1322567
0.06005859375 0.4169921875 0.96484375 1322567
0.06005859375 0.4169921875 0.96484375 1322568
0.10302734375 0.40478515625 1.001953125 1322670
0.10302734375 0.40478515625 1.001953125 1322670
0.10302734375 0.40478515625 1.001953125 1322670
0.10302734375 0.40478515625 1.001953125 1322671
0.12109375 0.50390625 1.06640625 1322772
0.12109375 0.50390625 1.06640625 1322772
0.12109375 0.50390625 1.06640625 1322773
0.12109375 0.50390625 1.06640625 1322773
0.00732421875 0.64013671875 1.0185546875 1322875
0.00732421875 0.64013671875 1.0185546875 1322876
0.00732421875 0.64013671875 1.0185546875 1322876
0.00732421875 0.64013671875 1.0185546875 1322876
-0.73388671875 0.6865234375 0.2890625 1323075
-0.73388671875 0.6865234375 0.2890625 1323075
-0.73388671875 0.6865234375 0.2890625 1323076
-0.73388671875 0.6865234375 0.2890625 1323076
-0.8505859375 0.53466796875 -0.00439453125 1323208
-0.8505859375 0.53466796875 -0.00439453125 1323209
-0.8505859375 0.53466796875 -0.00439453125 1323209
-0.8505859375 0.53466796875 -0.00439453125 1323209
-0.88037109375 0.35107421875 -0.27490234375 1323373
-0.88037109375 0.35107421875 -0.27490234375 1323373
-0.88037109375 0.35107421875 -0.27490234375 1323373
-0.88037109375 0.35107421875 -0.27490234375 1323374
-0.814453125 0.27099609375 -0.28955078125 1323475
-0.814453125 0.27099609375 -0.28955078125 1323475
-0.814453125 0.27099609375 -0.28955078125 1323476
-0.814453125 0.27099609375 -0.28955078125 1323476
-0.8486328125 0.30859375 -0.43017578125 1323666
-0.8486328125 0.30859375 -0.43017578125 1323666
-0.8486328125 0.30859375 -0.43017578125 1323667
-0.8486328125 0.30859375 -0.43017578125 1323668
-0.82080078125 0.26025390625 -0.435546875 1323768
-0.82080078125 0.26025390625 -0.435546875 1323768
-0.82080078125 0.26025390625 -0.435546875 1323769
-0.82080078125 0.26025390625 -0.435546875 1323769
-0.8193359375 0.25341796875 -0.42919921875 1323870
-0.8193359375 0.25341796875 -0.42919921875 1323870
-0.8193359375 0.25341796875 -0.42919921875 1323871
-0.8193359375 0.25341796875 -0.42919921875 1323871
