510 1430852
508 1430897
505 1430897
504 1430898
508 1430898
511 1430898
508 1430898
509 1430898
509 1430899
510 1430899
508 1430899
507 1430899
507 1430899
509 1430900
506 1430900
510 1430900
511 1430900
509 1430900
510 1430900
509 1430900
509 1430901
510 1430901
510 1430901
509 1430901
508 1430903
509 1430903
508 1430903
509 1430903
507 1430903
507 1430904
507 1430904
512 1430904
509 1430904
509 1430904
508 1430905
509 1430905
511 1430905
509 1430905
509 1430905
511 1430905
508 1430906
508 1430906
508 1430906
510 1430906
509 1430906
508 1430906
507 1430906
509 1430907
508 1430907
507 1430907
509 1430907
509 1430907
510 1430907
508 1430908
509 1430908
508 1430908
509 1430908
507 1430909
507 1430909
511 1430909
510 1430909
508 1430909
510 1430910
510 1430949
506 1430949
507 1430970
509 1430972
509 1431009
507 1431009
510 1431041
507 1431041
506 1431050
509 1431059
508 1431068
509 1431079
511 1431089
509 1431097
511 1431109
510 1431119
508 1431140
508 1431142
508 1431149
508 1431160
510 1431170
506 1431179
508 1431198
509 1431219
508 1431220
512 1431231
508 1431231
509 1431248
509 1431262
508 1431262
508 1431291
509 1431291
512 1431310
508 1431312
509 1431319
505 1431341
510 1431341
510 1431370
511 1431385
509 1431387
508 1431389
508 1431391
511 1431399
508 1431420
506 1431423
509 1431429
512 1431439
510 1431449
502 1431471
514 1431471
497 1431477
519 1431489
504 1431499
497 1431507
493 1431531
507 1431531
505 1431539
515 1431573
512 1431574
519 1431579
519 1431579
512 1431589
506 1431599
507 1431609
508 1431617
510 1431641
508 1431641
508 1431661
510 1431661
512 1431693
511 1431699
508 1431699
508 1431701
507 1431739
508 1431760
508 1431760
507 1431762
509 1431762
516 1431764
509 1431809
509 1431811
508 1431811
508 1431813
508 1431814
509 1431844
509 1431845
510 1431849
509 1431849
507 1431859
508 1431880
510 1431890
509 1431900
509 1431902
508 1431919
512 1432019
507 1432019
510 1432021
511 1432021
505 1432023
500 1432024
511 1432026
515 1432028
510 1432037
520 1432037
515 1432037
521 1432038
509 1432064
512 1432065
511 1432068
503 1432070
504 1432091
509 1432091
506 1432153
507 1432153
510 1432155
512 1432159
509 1432159
508 1432161
508 1432161
507 1432179
510 1432181
509 1432223
510 1432223
509 1432252
512 1432252
510 1432279
507 1432301
509 1432301
508 1432303
510 1432303
509 1432303
506 1432305
511 1432338
509 1432338
509 1432340
508 1432340
508 1432350
509 1432352
509 1432382
509 1432382
508 1432432
509 1432432
508 1432432
510 1432435
506 1432435
508 1432507
510 1432507
509 1432507
509 1432509
509 1432509
508 1432511
509 1432540
510 1432540
508 1432543
510 1432543
511 1432543
508 1432550
509 1432560
510 1432596
509 1432598
509 1432598
508 1432624
510 1432626
507 1432628
507 1432640
510 1432642
509 1432649
511 1432659
509 1432711
511 1432711
512 1432711
511 1432726
507 1432726
509 1432739
508 1432755
510 1432759
510 1432759
510 1432759
510 1432809
510 1432811
511 1432811
507 1432813
507 1432815
508 1432817
509 1432839
509 1432842
509 1432849
510 1432859
508 1432869
508 1432879
508 1432887
509 1432898
509 1432908
509 1432918
510 1432942
508 1432942
509 1432962
510 1432962
508 1432967
508 1432979
507 1432989
508 1432997
509 1433009
509 1433019
507 1433027
510 1433039
508 1433049
509 1433057
510 1433069
509 1433079
509 1433100
508 1433102
508 1433109
508 1433119
509 1433129
509 1433139
510 1433148
508 1433171
508 1433192
508 1433192
509 1433209
509 1433212
508 1433219
510 1433229
509 1433251
511 1433251
509 1433270
506 1433277
509 1433291
508 1433291
511 1433299
508 1433333
510 1433338
509 1433338
511 1433341
507 1433376
508 1433378
508 1433380
510 1433380
509 1433390
509 1433398
507 1433435
509 1433439
510 1433439
509 1433441
506 1433449
507 1433485
508 1433487
509 1433489
509 1433491
510 1433512
510 1433512
512 1433558
508 1433561
508 1433561
509 1433563
509 1433563
509 1433581
509 1433582
508 1433587
510 1433599
509 1433629
506 1433659
509 1433661
509 1433661
509 1433663
508 1433665
507 1433670
508 1433691
509 1433691
511 1433699
509 1433707
507 1433739
509 1433751
509 1433751
511 1433757
509 1433803
510 1433803
509 1433814
511 1433817
509 1433819
509 1433821
510 1433868
507 1433868
508 1433868
510 1433888
510 1433911
508 1433911
508 1433911
510 1433913
510 1433913
508 1433919
508 1433929
508 1433952
509 1433952
507 1433957
509 1433982
508 1433982
511 1433989
509 1433997
508 1434009
508 1434019
509 1434027
508 1434039
510 1434049
510 1434057
507 1434069
511 1434079
509 1434098
506 1434125
510 1434130
508 1434130
509 1434132
509 1434163
509 1434163
509 1434173
509 1434173
509 1434178
510 1434189
509 1434225
511 1434227
509 1434229
512 1434231
504 1434251
514 1434251
505 1434257
512 1434269
502 1434279
510 1434287
507 1434299
507 1434309
505 1434330
510 1434332
507 1434339
508 1434361
508 1434382
509 1434382
507 1434391
505 1434391
507 1434397
508 1434409
508 1434419
506 1434427
510 1434439
510 1434449
509 1434478
509 1434495
508 1434499
509 1434499
509 1434501
509 1434509
509 1434539
510 1434539
509 1434539
500 1434589
518 1434591
506 1434593
494 1434593
497 1434594
513 1434599
518 1434609
483 1434653
508 1434655
515 1434663
514 1434663
508 1434711
509 1434711
512 1434713
503 1434713
510 1434715
509 1434730
494 1434768
524 1434768
513 1434770
529 1434770
523 1434823
505 1434823
510 1434825
532 1434828
504 1434830
506 1434830
514 1434831
507 1434838
510 1434860
514 1434862
507 1434868
512 1434900
509 1434941
512 1434941
509 1434943
514 1434944
508 1434945
507 1434998
505 1435063
509 1435063
512 1435065
505 1435070
516 1435070
529 1435070
492 1435072
496 1435072
526 1435073
514 1435077
507 1435082
502 1435084
509 1435086
510 1435104
508 1435106
512 1435106
510 1435148
511 1435148
504 1435150
513 1435150
511 1435173
513 1435175
502 1435261
511 1435261
515 1435263
509 1435263
514 1435265
506 1435270
504 1435270
511 1435271
508 1435273
512 1435273
508 1435294
513 1435297
514 1435297
511 1435349
511 1435375
511 1435377
517 1435379
509 1435379
506 1435380
519 1435381
509 1435381
509 1435391
512 1435391
510 1435399
513 1435431
514 1435431
510 1435437
510 1435479
512 1435513
510 1435513
510 1435515
506 1435516
509 1435518
507 1435518
508 1435544
512 1435544
511 1435549
508 1435549
508 1435579
509 1435609
509 1435689
505 1435738
510 1435738
508 1435740
509 1435740
510 1435742
509 1435742
511 1435744
508 1435744
507 1435758
508 1435758
510 1435759
508 1435759
507 1435759
511 1435770
508 1435770
509 1435770
510 1435772
505 1435772
506 1435774
510 1435799
510 1435812
510 1435812
510 1435822
507 1435822
509 1435829
511 1435850
509 1435853
509 1435859
510 1435881
509 1435881
511 1435889
509 1435924
508 1435924
509 1435926
510 1435966
509 1435966
509 1435968
509 1435981
510 1435981
510 1435988
508 1436024
509 1436026
511 1436028
510 1436042
510 1436042
508 1436074
508 1436076
509 1436080
507 1436080
508 1436102
508 1436102
509 1436109
510 1436132
511 1436132
510 1436137
508 1436179
508 1436179
508 1436181
507 1436181
508 1436189
509 1436199
508 1436229
511 1436243
510 1436249
509 1436249
508 1436251
508 1436282
509 1436282
508 1436291
508 1436291
510 1436299
512 1436319
510 1436322
507 1436328
508 1436339
511 1436349
508 1436359
508 1436393
509 1436399
509 1436399
509 1436401
509 1436410
509 1436432
508 1436432
512 1436439
508 1436460
507 1436462
510 1436469
510 1436480
509 1436489
510 1436499
509 1436507
510 1436519
509 1436542
508 1436542
510 1436547
509 1436571
507 1436571
508 1436590
511 1436600
508 1436602
508 1436609
506 1436619
509 1436654
508 1436654
510 1436663
508 1436664
508 1436667
510 1436679
510 1436689
509 1436696
508 1436709
506 1436718
509 1436739
509 1436741
509 1436748
510 1436772
512 1436772
510 1436779
507 1436802
509 1436802
508 1436807
509 1436819
509 1436881
509 1436881
509 1436881
510 1436883
510 1436885
507 1436891
508 1436891
511 1436921
509 1436921
510 1436929
509 1436979
508 1437001
508 1437003
510 1437008
508 1437008
509 1437010
509 1437011
509 1437011
509 1437018
506 1437029
509 1437038
509 1437061
509 1437061
508 1437081
509 1437081
510 1437087
509 1437099
509 1437134
509 1437135
510 1437139
511 1437139
515 1437149
516 1437170
523 1437171
502 1437179
514 1437190
511 1437199
497 1437234
503 1437236
517 1437240
485 1437240
504 1437249
513 1437257
513 1437281
505 1437281
508 1437289
509 1437297
507 1437309
507 1437360
513 1437360
508 1437362
505 1437362
506 1437364
511 1437394
506 1437398
511 1437398
505 1437400
512 1437408
510 1437431
509 1437431
506 1437438
508 1437448
508 1437457
504 1437469
509 1437504
511 1437507
505 1437508
509 1437510
505 1437543
505 1437545
508 1437553
510 1437553
506 1437558
510 1437577
507 1437601
507 1437601
510 1437609
510 1437618
508 1437629
509 1437664
509 1437666
510 1437668
511 1437670
514 1437679
504 1437687
507 1437711
512 1437713
504 1437719
504 1437727
506 1437764
512 1437766
510 1437770
509 1437770
511 1437779
509 1437801
511 1437802
507 1437808
508 1437819
508 1437829
509 1437837
509 1437861
511 1437861
510 1437871
511 1437877
512 1437888
510 1437899
509 1437907
508 1437919
510 1437929
508 1437937
509 1437949
508 1437959
507 1437967
511 1437979
506 1437989
511 1437997
508 1438019
511 1438031
509 1438031
508 1438038
504 1438049
509 1438059
510 1438068
508 1438078
508 1438089
508 1438097
512 1438122
507 1438122
508 1438129
507 1438137
510 1438149
511 1438158
512 1438171
509 1438178
509 1438189
507 1438197
507 1438209
506 1438219
510 1438239
510 1438242
509 1438249
511 1438259
507 1438269
509 1438278
508 1438287
508 1438299
509 1438309
510 1438317
509 1438329
511 1438339
509 1438359
510 1438362
508 1438369
508 1438390
507 1438399
510 1438421
509 1438421
508 1438427
512 1438445
511 1438447
509 1438465
506 1438467
507 1438478
509 1438488
507 1438497
506 1438509
510 1438519
512 1438540
508 1438542
507 1438562
507 1438562
512 1438582
510 1438583
508 1438602
510 1438602
509 1438609
509 1438617
511 1438629
510 1438651
508 1438651
509 1438657
509 1438670
511 1438679
510 1438687
511 1438699
508 1438709
509 1438717
510 1438729
507 1438739
507 1438759
511 1438762
508 1438769
507 1438779
514 1438830
509 1438830
509 1438832
509 1438832
507 1438834
509 1438836
508 1438848
507 1438859
511 1438880
510 1438882
509 1438889
507 1438924
509 1438924
508 1438930
506 1438930
509 1438939
509 1438960
507 1438962
510 1438982
509 1438982
509 1438989
510 1438999
509 1439035
508 1439037
509 1439039
508 1439041
509 1439049
511 1439057
512 1439069
507 1439079
512 1439087
508 1439099
504 1439109
507 1439127
510 1439139
507 1439149
509 1439157
507 1439169
507 1439178
509 1439187
508 1439198
510 1439208
509 1439258
508 1439261
509 1439261
508 1439263
508 1439263
509 1439294
508 1439294
507 1439297
509 1439300
506 1439309
510 1439319
510 1439329
509 1439339
508 1439347
507 1439359
510 1439368
507 1439390
506 1439392
508 1439399
510 1439409
509 1439432
508 1439432
509 1439439
512 1439447
512 1439459
510 1439470
508 1439477
508 1439489
509 1439512
509 1439512
506 1439517
510 1439529
508 1439558
510 1439558
512 1439558
510 1439567
510 1439579
506 1439589
508 1439597
507 1439609
509 1439618
509 1439627
511 1439639
509 1439662
512 1439662
508 1439667
509 1439679
509 1439689
508 1439710
507 1439712
507 1439719
510 1439729
509 1439739
506 1439774
505 1439776
509 1439780
511 1439780
509 1439789
510 1439797
510 1439822
509 1439822
508 1439829
510 1439837
507 1439849
508 1439869
507 1439877
510 1439889
506 1439899
508 1439920
509 1439922
507 1439929
511 1439939
508 1439949
507 1439959
509 1439967
505 1439991
511 1439991
513 1439999
507 1440032
509 1440038
508 1440038
505 1440040
508 1440048
508 1440058
509 1440069
510 1440076
509 1440088
510 1440098
507 1440107
511 1440119
509 1440142
507 1440142
512 1440147
508 1440159
511 1440169
508 1440177
511 1440189
510 1440199
511 1440207
509 1440219
506 1440229
506 1440237
507 1440249
507 1440271
506 1440271
510 1440302
510 1440304
513 1440309
506 1440309
508 1440318
506 1440328
508 1440338
508 1440346
509 1440358
509 1440368
510 1440377
509 1440402
509 1440402
506 1440409
506 1440417
510 1440429
511 1440439
509 1440448
510 1440471
508 1440471
509 1440479
510 1440487
507 1440499
508 1440509
510 1440517
507 1440529
510 1440539
509 1440559
508 1440562
510 1440569
510 1440579
509 1440589
508 1440609
510 1440617
507 1440628
508 1440651
509 1440651
512 1440669
509 1440671
510 1440679
508 1440688
505 1440698
508 1440722
508 1440722
510 1440727
510 1440739
511 1440762
511 1440762
512 1440767
511 1440779
509 1440789
508 1440797
508 1440835
509 1440839
507 1440839
508 1440841
511 1440849
510 1440900
508 1440900
507 1440902
510 1440902
506 1440904
508 1440909
510 1440931
509 1440931
509 1440939
511 1440949
508 1440957
508 1440968
509 1440978
509 1440987
507 1440998
506 1441008
509 1441016
510 1441041
506 1441041
508 1441048
508 1441057
506 1441081
510 1441081
508 1441088
506 1441097
508 1441109
507 1441119
506 1441127
510 1441139
508 1441149
508 1441157
510 1441171
510 1441179
509 1441189
508 1441199
509 1441209
508 1441217
512 1441241
509 1441241
508 1441249
510 1441257
507 1441269
508 1441291
509 1441291
508 1441297
508 1441309
511 1441319
509 1441327
508 1441383
508 1441383
509 1441384
509 1441384
507 1441409
508 1441409
510 1441409
511 1441432
511 1441432
509 1441441
509 1441462
509 1441462
510 1441481
512 1441481
506 1441487
509 1441511
509 1441511
509 1441518
510 1441526
508 1441538
509 1441559
508 1441570
508 1441572
511 1441579
507 1441604
506 1441624
510 1441628
508 1441628
507 1441630
510 1441638
509 1441648
508 1441669
506 1441671
507 1441692
510 1441692
510 1441699
508 1441735
509 1441741
508 1441741
509 1441742
511 1441747
511 1441771
511 1441771
506 1441779
511 1441787
510 1441799
507 1441819
511 1441842
508 1441845
511 1441850
509 1441850
507 1441872
508 1441872
508 1441881
508 1441889
509 1441897
508 1441909
507 1441918
509 1441930
510 1441939
509 1441949
509 1441957
510 1441968
510 1441979
511 1441986
510 1441998
509 1442008
506 1442017
510 1442028
510 1442038
511 1442046
509 1442059
507 1442068
509 1442087
507 1442099
511 1442109
508 1442117
507 1442129
509 1442139
509 1442147
507 1442159
510 1442169
510 1442177
507 1442188
511 1442211
510 1442211
510 1442216
509 1442228
510 1442249
510 1442257
510 1442271
507 1442271
507 1442289
512 1442300
510 1442302
508 1442309
511 1442319
508 1442329
510 1442339
512 1442360
508 1442368
508 1442368
508 1442827
506 1442827
509 1442828
512 1442828
510 1442918
510 1442918
510 1442918
506 1442918
508 1442919
508 1442919
509 1442919
507 1442919
509 1442920
510 1442920
509 1442920
512 1442920
509 1442920
507 1442920
508 1442921
505 1442921
508 1442921
509 1442921
508 1442921
511 1442921
509 1442921
510 1442922
507 1442922
509 1442922
510 1442922
509 1442922
509 1442922
510 1442923
508 1442923
511 1442923
509 1442923
508 1442923
508 1442923
510 1442924
508 1442924
508 1442924
508 1442924
509 1442924
507 1442924
509 1442925
508 1442927
506 1442927
510 1442927
507 1442927
509 1442927
512 1442928
510 1442928
511 1442928
509 1442928
511 1442928
509 1442930
508 1442939
507 1442949
507 1442959
511 1442981
509 1442981
511 1442992
510 1442998
510 1443008
507 1443037
509 1443054
511 1443059
508 1443059
509 1443061
510 1443069
509 1443092
513 1443092
508 1443097
507 1443109
507 1443119
510 1443152
509 1443156
509 1443160
509 1443160
508 1443167
510 1443179
509 1443201
510 1443201
507 1443207
510 1443219
511 1443241
507 1443241
508 1443247
508 1443259
511 1443269
510 1443277
510 1443289
507 1443299
509 1443307
511 1443319
509 1443329
509 1443337
509 1443388
510 1443388
509 1443390
506 1443390
507 1443399
510 1443424
507 1443428
509 1443428
508 1443430
508 1443439
509 1443449
511 1443457
508 1443469
507 1443479
509 1443487
506 1443499
509 1443509
508 1443517
509 1443529
509 1443539
509 1443547
509 1443559
508 1443579
509 1443587
507 1443599
509 1443609
509 1443630
510 1443632
511 1443639
509 1443649
510 1443659
508 1443669
509 1443677
507 1443689
508 1443698
512 1443707
508 1443718
509 1443729
510 1443737
508 1443748
509 1443758
508 1443766
506 1443778
511 1443788
508 1443798
509 1443809
509 1443832
511 1443832
508 1443837
507 1443849
507 1443859
512 1443867
509 1443892
507 1443892
509 1443899
512 1443907
509 1443919
508 1443955
510 1443957
508 1443959
506 1443959
510 1443969
507 1443982
510 1444001
508 1444001
511 1444008
511 1444017
509 1444029
507 1444039
510 1444047
507 1444071
507 1444071
510 1444091
508 1444091
510 1444097
510 1444109
509 1444118
507 1444130
510 1444151
509 1444151
509 1444158
508 1444167
506 1444179
508 1444201
509 1444201
508 1444207
516 1444219
506 1444228
506 1444237
506 1444260
507 1444271
505 1444271
500 1444288
510 1444299
511 1444309
508 1444317
510 1444329
510 1444339
509 1444360
506 1444362
508 1444368
507 1444379
509 1444389
507 1444399
504 1444407
512 1444419
512 1444428
506 1444437
507 1444449
511 1444459
509 1444467
508 1444478
510 1444488
507 1444497
506 1444509
515 1444531
507 1444532
506 1444549
513 1444551
509 1444559
521 1444570
517 1444579
504 1444588
512 1444597
509 1444609
506 1444631
508 1444631
506 1444637
508 1444648
506 1444658
507 1444680
509 1444682
508 1444688
512 1444698
509 1444709
510 1444719
509 1444727
515 1444739
506 1444749
502 1444757
531 1444781
503 1444781
497 1444788
481 1444797
509 1444808
510 1444818
502 1444839
517 1444841
509 1444848
513 1444860
515 1444869
506 1444879
509 1444887
507 1444899
507 1444909
506 1444917
509 1444941
511 1444941
510 1444948
508 1444957
510 1444968
510 1444978
516 1444987
505 1444998
502 1445009
504 1445018
501 1445029
511 1445059
510 1445059
510 1445067
510 1445079
514 1445089
508 1445097
513 1445108
505 1445118
512 1445127
511 1445138
506 1445148
504 1445157
507 1445169
510 1445179
510 1445228
509 1445230
503 1445230
505 1445232
509 1445232
510 1445239
506 1445248
520 1445259
512 1445269
507 1445277
506 1445289
507 1445311
513 1445311
516 1445317
516 1445329
512 1445338
507 1445373
508 1445378
515 1445378
504 1445380
498 1445389
517 1445398
498 1445408
499 1445417
520 1445429
511 1445438
526 1445447
518 1445459
526 1445469
542 1445489
534 1445491
520 1445498
498 1445548
506 1445548
506 1445550
511 1445550
504 1445579
509 1445610
508 1445610
509 1445612
511 1445612
510 1445614
509 1445662
511 1445662
510 1445664
507 1445669
511 1445669
509 1445671
510 1445671
510 1445679
509 1445688
507 1445698
505 1445707
512 1445718
507 1445741
508 1445741
509 1445747
505 1445758
508 1445768
511 1445789
507 1445791
509 1445809
511 1445831
507 1445831
512 1445864
511 1445868
509 1445868
509 1445870
511 1445877
512 1445914
507 1445914
505 1445920
509 1445920
508 1445970
509 1445970
511 1445972
512 1445972
512 1445981
508 1445989
507 1445992
508 1445999
509 1446009
508 1446019
509 1446029
507 1446037
510 1446049
513 1446058
507 1446067
509 1446091
509 1446091
512 1446099
508 1446107
509 1446119
513 1446129
510 1446137
507 1446159
508 1446171
508 1446171
508 1446177
505 1446188
505 1446198
508 1446207
507 1446218
508 1446228
508 1446236
509 1446248
508 1446258
506 1446266
509 1446278
509 1446288
507 1446296
510 1446308
511 1446318
509 1446326
509 1446338
509 1446348
509 1446357
511 1446381
512 1446381
511 1446389
511 1446397
509 1446422
510 1446422
511 1446429
508 1446437
506 1446498
508 1446498
508 1446498
509 1446500
513 1446561
508 1446561
510 1446563
510 1446565
508 1446574
505 1446574
505 1446576
509 1446578
509 1446604
509 1446604
509 1446609
508 1446609
511 1446619
508 1446641
509 1446641
509 1446647
509 1446659
510 1446681
508 1446681
507 1446687
508 1446698
511 1446708
508 1446716
508 1446728
510 1446751
508 1446751
509 1446756
507 1446768
509 1446791
508 1446791
509 1446797
510 1446821
509 1446821
507 1446828
510 1446836
506 1446861
508 1446861
508 1446868
510 1446876
507 1446915
509 1446919
509 1446919
509 1446921
507 1446941
506 1446941
509 1446949
509 1446979
509 1446980
507 1446982
511 1447028
510 1447028
510 1447030
510 1447030
506 1447074
507 1447081
509 1447081
508 1447083
511 1447083
511 1447121
510 1447121
507 1447198
510 1447199
510 1447199
507 1447199
509 1447199
508 1447298
508 1447298
507 1447300
511 1447300
507 1447338
509 1447339
507 1447374
508 1447377
507 1447379
507 1447380
509 1447380
508 1447382
508 1447388
519 1447411
499 1447411
513 1447413
508 1447415
514 1447416
502 1447418
507 1447418
506 1447419
514 1447419
503 1447421
506 1447422
506 1447438
511 1447462
510 1447462
509 1447464
511 1447468
509 1447468
512 1447470
509 1447471
507 1447478
508 1447487
509 1447498
510 1447519
506 1447543
510 1447545
509 1447547
508 1447571
506 1447571
510 1447608
516 1447610
513 1447610
512 1447612
520 1447613
503 1447645
497 1447647
540 1447649
496 1447649
492 1447695
503 1447697
515 1447699
510 1447701
510 1447723
512 1447725
521 1447729
513 1447729
507 1447751
507 1447751
515 1447757
518 1447793
507 1447795
507 1447796
514 1447809
496 1447811
524 1447818
485 1447841
516 1447842
520 1447863
508 1447863
506 1447868
498 1447889
508 1447891
512 1447911
509 1447911
513 1447929
508 1447941
506 1447941
510 1447973
508 1447975
497 1447979
510 1447979
509 1448014
507 1448017
514 1448018
512 1448020
502 1448069
512 1448089
515 1448090
488 1448092
509 1448092
519 1448095
519 1448108
504 1448133
506 1448135
505 1448136
513 1448255
508 1448257
510 1448259
512 1448312
507 1448312
509 1448314
512 1448315
516 1448317
503 1448318
521 1448318
498 1448320
513 1448320
512 1448407
506 1448410
512 1448410
509 1448410
507 1448410
507 1448440
510 1448451
515 1448452
506 1448464
512 1448466
507 1448467
512 1448487
514 1448537
509 1448537
512 1448539
509 1448539
511 1448539
510 1448541
506 1448541
508 1448545
507 1448560
510 1448560
510 1448562
509 1448562
508 1448564
509 1448567
507 1448584
508 1448585
511 1448585
510 1448585
510 1448585
510 1448586
509 1448588
508 1448601
510 1448601
510 1448606
510 1448660
509 1448660
511 1448660
510 1448662
507 1448662
508 1448668
510 1448678
507 1448701
510 1448701
508 1448706
511 1448718
510 1448738
508 1448746
512 1448758
506 1448776
509 1448789
509 1448792
508 1448811
506 1448811
508 1448819
507 1448829
510 1448851
511 1448851
510 1448857
510 1448869
508 1448879
510 1448899
508 1448901
511 1448909
509 1448919
509 1448928
508 1448938
509 1448959
506 1448961
507 1448969
509 1449007
510 1449007
510 1449022
507 1449028
510 1449028
511 1449030
511 1449039
508 1449049
508 1449059
509 1449079
510 1449082
508 1449089
511 1449109
512 1449119
508 1449121
510 1449128
509 1449163
508 1449165
511 1449169
508 1449169
508 1449179
511 1449188
509 1449198
508 1449206
510 1449218
508 1449228
509 1449236
509 1449249
510 1449261
508 1449280
508 1449282
506 1449289
509 1449299
510 1449309
509 1449319
509 1449327
510 1449339
507 1449349
507 1449357
509 1449369
509 1449379
510 1449399
510 1449402
510 1449408
507 1449419
507 1449454
507 1449458
508 1449458
508 1449460
510 1449481
508 1449481
509 1449489
509 1449496
508 1449519
507 1449570
509 1449578
510 1449580
510 1449580
510 1449580
511 1449603
510 1449605
506 1449617
510 1449617
508 1449642
510 1449642
506 1449651
510 1449651
509 1449669
509 1449671
510 1449678
508 1449700
507 1449700
508 1449708
512 1449718
508 1449726
509 1449751
510 1449751
512 1449759
507 1449794
511 1449794
509 1449798
508 1449813
507 1449813
508 1449817
508 1449829
511 1449839
509 1449847
509 1449858
508 1449869
510 1449876
507 1449889
510 1449922
507 1449922
507 1449929
511 1449932
506 1449938
512 1449948
509 1449962
508 1449968
508 1449976
510 1449988
508 1449998
508 1450007
510 1450031
508 1450031
510 1450038
510 1450047
508 1450084
506 1450088
510 1450088
509 1450090
509 1450098
509 1450108
506 1450117
510 1450128
510 1450138
503 1450147
513 1450158
494 1450168
526 1450177
495 1450188
516 1450198
528 1450207
532 1450239
503 1450249
547 1450260
518 1450262
505 1450268
504 1450278
516 1450301
512 1450301
506 1450308
507 1450317
509 1450341
507 1450341
509 1450348
510 1450358
512 1450368
509 1450390
508 1450390
512 1450397
507 1450409
510 1450418
505 1450427
506 1450438
508 1450448
507 1450457
507 1450468
509 1450478
508 1450499
510 1450501
514 1450511
507 1450518
509 1450527
508 1450538
510 1450561
509 1450561
506 1450567
510 1450603
508 1450608
505 1450608
513 1450610
509 1450618
508 1450628
513 1450637
511 1450648
512 1450658
507 1450667
512 1450678
511 1450688
514 1450697
508 1450708
507 1450718
509 1450727
509 1450738
511 1450774
512 1450777
513 1450779
510 1450780
512 1450789
509 1450810
506 1450811
510 1450818
509 1450829
509 1450838
507 1450855
510 1450869
509 1450871
509 1450878
508 1450889
507 1450898
508 1450921
508 1450921
508 1450927
507 1450938
509 1450948
510 1450957
509 1450981
516 1450981
510 1450988
510 1451032
510 1451034
508 1451039
512 1451039
510 1451048
511 1451058
510 1451068
511 1451077
508 1451088
506 1451098
508 1451107
509 1451118
507 1451128
508 1451137
511 1451148
510 1451171
508 1451171
507 1451177
506 1451188
508 1451198
509 1451207
507 1451218
510 1451228
510 1451237
510 1451248
509 1451258
507 1451292
509 1451294
508 1451299
510 1451299
509 1451308
507 1451318
508 1451353
508 1451353
509 1451357
510 1451359
508 1451369
507 1451404
507 1451404
511 1451409
509 1451409
509 1451419
511 1451452
510 1451454
508 1451459
510 1451459
510 1451469
510 1451478
509 1451501
509 1451501
511 1451507
508 1451518
509 1451541
510 1451541
508 1451547
510 1451558
510 1451568
509 1451577
509 1451601
507 1451601
509 1451608
507 1451617
508 1451628
508 1451649
506 1451659
507 1451661
508 1451668
507 1451678
506 1451688
505 1451711
507 1451711
509 1451716
510 1451728
508 1451749
508 1451757
507 1451769
510 1451779
511 1451787
507 1451811
507 1451811
510 1451831
511 1451831
508 1451837
507 1451849
510 1451884
511 1451887
511 1451889
508 1451889
510 1451898
509 1451908
506 1451919
506 1451941
509 1451941
511 1451947
511 1451958
507 1451981
509 1451981
508 1451986
507 1451998
507 1452021
509 1452021
508 1452026
509 1452038
509 1452048
509 1452056
510 1452079
509 1452091
511 1452091
508 1452096
507 1452108
507 1452144
511 1452144
508 1452148
509 1452150
510 1452159
508 1452181
508 1452181
510 1452189
507 1452199
508 1452207
507 1452231
509 1452231
511 1452238
508 1452247
508 1452259
510 1452268
510 1452277
509 1452301
509 1452301
510 1452308
510 1452317
507 1452328
509 1452338
507 1452347
509 1452358
509 1452368
510 1452376
508 1452401
510 1452401
507 1452408
506 1452416
508 1452428
509 1452451
509 1452451
509 1452456
507 1452468
511 1452478
505 1452497
509 1452509
507 1452519
512 1452527
509 1452551
510 1452551
508 1452571
509 1452571
510 1452577
506 1452601
512 1452601
507 1452621
510 1452621
509 1452627
511 1452639
507 1452649
507 1452669
508 1452672
506 1452679
507 1452689
509 1452698
510 1452709
511 1452717
507 1452728
510 1452739
511 1452747
508 1452758
510 1452769
507 1452777
508 1452788
510 1452811
508 1452811
508 1452829
510 1452831
507 1452838
512 1452856
508 1452857
508 1452881
509 1452881
512 1452896
507 1452897
505 1452921
507 1452921
507 1452941
508 1452941
509 1452946
504 1452958
510 1452968
511 1452989
506 1452992
510 1452999
509 1453010
509 1453018
513 1453028
509 1453037
508 1453049
510 1453058
509 1453092
508 1453094
508 1453099
509 1453099
510 1453108
508 1453118
507 1453128
505 1453136
507 1453149
507 1453166
509 1453168
511 1453191
511 1453191
507 1453199
508 1453207
506 1453219
510 1453238
510 1453247
507 1453258
510 1453268
510 1453287
508 1453301
509 1453301
509 1453308
511 1453317
510 1453328
507 1453338
508 1453346
508 1453358
509 1453368
509 1453376
506 1453401
513 1453409
510 1453411
506 1453418
506 1453428
507 1453438
509 1453446
509 1453458
507 1453468
508 1453476
508 1453489
509 1453498
509 1453507
508 1453519
509 1453528
509 1453537
510 1453548
508 1453571
508 1453571
512 1453576
511 1453588
507 1453623
511 1453625
509 1453629
508 1453629
511 1453638
507 1453647
507 1453659
509 1453669
508 1453677
510 1453689
507 1453698
510 1453719
510 1453722
510 1453728
508 1453739
510 1453748
509 1453758
509 1453779
511 1453782
507 1453789
509 1453799
506 1453809
510 1453819
508 1453827
509 1453839
507 1453849
511 1453857
513 1453868
510 1453878
508 1453887
508 1453898
510 1453921
512 1453921
511 1453926
510 1453938
510 1453948
508 1453966
509 1453978
508 1453988
508 1453996
511 1454008
508 1454018
508 1454026
508 1454038
510 1454048
507 1454056
510 1454094
509 1454094
509 1454100
508 1454100
509 1454107
510 1454119
508 1454141
513 1454141
510 1454147
508 1454159
509 1454169
510 1454176
509 1454189
508 1454199
512 1454218
510 1454231
509 1454231
509 1454249
509 1454257
507 1454271
508 1454271
510 1454278
508 1454286
510 1454298
508 1454308
509 1454316
509 1454328
509 1454338
505 1454346
511 1454358
508 1454368
508 1454376
512 1454388
509 1454411
506 1454411
508 1454429
510 1454431
508 1454438
511 1454448
507 1454471
507 1454471
509 1454479
508 1454487
508 1454525
511 1454527
508 1454529
507 1454529
507 1454537
508 1454548
509 1454558
508 1454567
508 1454578
508 1454588
512 1454596
508 1454633
509 1454635
507 1454639
508 1454639
507 1454648
510 1454658
509 1454666
506 1454678
510 1454688
508 1454706
508 1454718
510 1454728
509 1454737
505 1454748
508 1454771
511 1454771
510 1454776
508 1454788
512 1454798
508 1454806
511 1454818
510 1454828
509 1454836
512 1454848
507 1454858
509 1454866
510 1454878
510 1454901
508 1454901
508 1454906
508 1454945
508 1454949
508 1454950
508 1454950
508 1454957
509 1454969
508 1454991
507 1454991
509 1454997
508 1455008
507 1455017
507 1455029
508 1455038
510 1455048
510 1455056
512 1455068
510 1455078
509 1455099
506 1455101
509 1455108
508 1455119
508 1455170
508 1455170
508 1455170
510 1455172
511 1455177
510 1455191
510 1455191
512 1455198
506 1455206
509 1455218
507 1455228
506 1455249
511 1455251
509 1455258
507 1455269
509 1455278
508 1455301
506 1455301
507 1455306
510 1455318
510 1455328
508 1455337
509 1455361
508 1455361
507 1455369
510 1455376
511 1455388
510 1455398
508 1455406
507 1455418
509 1455428
509 1455436
509 1455459
507 1455468
510 1455476
508 1455488
510 1455498
509 1455506
513 1455518
508 1455528
509 1455537
510 1455561
507 1455561
510 1455568
509 1455577
508 1455588
509 1455598
507 1455607
511 1455618
509 1455628
511 1455637
507 1455648
508 1455684
507 1455686
511 1455688
507 1455690
509 1455698
509 1455719
510 1455721
510 1455728
509 1455738
508 1455748
510 1455758
511 1455766
510 1455778
509 1455788
510 1455796
513 1455808
509 1455818
508 1455827
509 1455839
508 1455849
509 1455857
507 1455869
509 1455879
510 1455887
509 1455898
510 1455908
509 1455929
509 1455932
508 1455939
512 1455949
507 1455958
508 1455968
508 1455977
510 1455989
513 1455999
510 1456007
505 1456019
509 1456053
508 1456055
510 1456058
511 1456060
509 1456068
510 1456076
510 1456088
506 1456098
507 1456106
507 1456118
507 1456128
508 1456136
508 1456161
509 1456161
508 1456168
507 1456176
509 1456194
506 1456208
507 1456219
507 1456228
508 1456239
510 1456247
511 1456259
507 1456268
513 1456279
510 1456301
511 1456301
507 1456309
506 1456317
508 1456328
509 1456339
509 1456346
508 1456371
513 1456371
511 1456378
506 1456387
507 1456440
507 1456440
509 1456440
510 1456442
507 1456444
508 1456471
511 1456473
510 1456481
509 1456482
509 1456488
509 1456496
508 1456508
507 1456531
509 1456531
507 1456536
510 1456548
507 1456571
508 1456571
508 1456577
509 1456589
507 1456599
510 1456607
507 1456631
507 1456631
509 1456639
512 1456647
509 1456659
507 1456693
511 1456696
508 1456698
507 1456700
507 1456709
506 1456717
512 1456729
509 1456738
508 1456747
506 1456758
504 1456781
505 1456781
514 1456786
511 1456798
508 1456808
507 1456853
512 1456855
511 1456857
511 1456873
511 1456875
507 1456877
512 1456889
507 1456903
519 1456904
506 1456908
516 1456918
509 1456936
513 1456948
517 1456965
505 1456967
496 1457003
519 1457003
524 1457008
504 1457009
498 1457017
520 1457041
501 1457041
508 1457048
498 1457057
515 1457068
517 1457078
517 1457099
514 1457101
514 1457108
508 1457119
508 1457128
503 1457150
519 1457150
503 1457157
508 1457168
505 1457178
510 1457187
507 1457210
514 1457210
501 1457218
494 1457227
524 1457238
525 1457260
507 1457260
501 1457267
517 1457278
505 1457288
511 1457296
514 1457321
509 1457321
504 1457328
526 1457337
498 1457348
501 1457358
489 1457379
486 1457381
510 1457430
533 1457430
508 1457432
477 1457432
512 1457433
469 1457443
586 1457448
490 1457469
502 1457471
592 1457478
502 1457488
519 1457498
509 1457508
515 1457517
516 1457528
508 1457538
508 1457549
519 1457557
500 1457580
500 1457581
511 1457588
513 1457598
538 1457608
497 1457618
501 1457640
523 1457640
529 1457660
494 1457660
485 1457668
536 1457688
518 1457697
520 1457708
502 1457728
550 1457739
485 1457741
511 1457748
516 1457759
493 1457768
517 1457778
514 1457787
525 1457798
507 1457808
523 1457817
526 1457828
499 1457850
506 1457850
502 1457856
493 1457868
511 1457890
508 1457890
507 1457897
533 1457908
517 1457918
501 1457927
511 1457938
513 1457961
506 1457961
506 1457967
523 1457978
510 1458000
516 1458000
508 1458006
509 1458018
508 1458028
507 1458037
522 1458048
498 1458059
508 1458067
504 1458078
515 1458088
502 1458109
503 1458111
509 1458118
518 1458128
510 1458138
523 1458179
508 1458179
499 1458181
507 1458181
504 1458200
505 1458200
507 1458208
513 1458217
517 1458228
505 1458238
507 1458272
505 1458276
495 1458276
512 1458290
518 1458290
500 1458309
510 1458311
502 1458318
507 1458328
503 1458338
504 1458348
505 1458356
513 1458381
516 1458389
525 1458391
522 1458398
523 1458418
513 1458428
506 1458437
518 1458448
503 1458458
491 1458467
472 1458478
495 1458488
527 1458496
532 1458508
503 1458518
511 1458526
516 1458538
506 1458548
505 1458557
511 1458568
507 1458578
512 1458586
513 1458598
502 1458608
514 1458616
512 1458628
508 1458638
507 1458647
514 1458658
504 1458681
515 1458681
514 1458686
514 1458698
509 1458708
512 1458716
508 1458728
513 1458738
503 1458746
512 1458758
514 1458767
492 1458804
517 1458807
507 1458807
511 1458809
509 1458819
511 1458827
505 1458864
507 1458868
513 1458868
515 1458870
508 1458878
509 1458901
513 1458901
505 1458906
506 1458918
507 1459053
508 1459053
510 1459056
500 1459059
503 1459059
521 1459061
507 1459061
502 1459063
511 1459072
512 1459073
512 1459073
510 1459073
513 1459073
511 1459074
511 1459074
509 1459076
502 1459088
507 1459124
503 1459127
520 1459127
526 1459129
502 1459138
512 1459149
511 1459159
507 1459178
490 1459187
512 1459198
518 1459221
508 1459221
502 1459227
510 1459239
510 1459261
530 1459261
509 1459267
514 1459278
508 1459288
499 1459307
515 1459334
509 1459338
517 1459338
504 1459340
499 1459348
515 1459371
511 1459371
499 1459376
508 1459388
511 1459398
506 1459406
509 1459431
504 1459431
505 1459438
516 1459446
510 1459458
512 1459468
509 1459489
508 1459491
510 1459498
512 1459520
507 1459520
510 1459528
509 1459538
513 1459547
505 1459558
510 1459568
510 1459589
509 1459591
508 1459598
511 1459609
509 1459618
507 1459641
508 1459641
507 1459646
507 1459658
509 1459681
511 1459681
512 1459686
512 1459698
511 1459708
510 1459716
510 1459753
508 1459753
510 1459758
508 1459758
512 1459779
511 1459781
517 1459788
513 1459811
509 1459811
510 1459819
508 1459829
522 1459837
509 1459855
501 1459858
518 1459879
503 1459891
509 1459891
502 1459898
517 1459917
505 1459928
508 1459964
514 1459966
504 1459968
506 1459970
504 1459991
512 1459991
507 1460009
511 1460011
510 1460018
508 1460028
506 1460038
508 1460048
509 1460056
505 1460068
513 1460078
510 1460087
508 1460111
508 1460111
509 1460118
506 1460127
508 1460138
509 1460148
510 1460157
510 1460168
510 1460178
509 1460187
507 1460198
506 1460233
503 1460233
509 1460237
511 1460284
507 1460284
508 1460284
508 1460285
508 1460285
508 1460288
509 1460311
505 1460311
517 1460331
513 1460331
513 1460338
509 1460347
512 1460358
510 1460368
507 1460389
510 1460391
508 1460398
507 1460408
509 1460501
507 1460501
510 1460538
509 1460573
510 1460575
509 1460577
509 1460577
509 1460578
509 1460584
509 1460585
511 1460585
508 1460585
510 1460585
510 1460598
508 1460599
498 1460600
532 1460600
527 1460602
512 1460604
526 1460608
509 1460618
512 1460628
502 1460658
494 1460728
507 1460728
505 1460730
505 1460730
516 1460780
505 1460780
507 1460782
503 1460783
509 1460790
517 1460790
527 1460792
539 1460794
490 1460794
494 1460796
505 1460808
526 1460819
493 1460821
515 1460828
498 1460863
503 1460863
502 1460869
511 1460869
512 1460899
505 1460899
504 1460978
513 1460980
513 1460980
508 1460982
510 1460983
507 1460997
510 1460997
514 1460997
509 1461046
503 1461048
491 1461049
529 1461049
529 1461051
486 1461051
497 1461063
510 1461067
516 1461080
503 1461080
499 1461113
510 1461115
515 1461119
501 1461119
506 1461139
510 1461141
528 1461141
515 1461146
510 1461158
511 1461193
508 1461195
513 1461199
515 1461199
510 1461221
507 1461221
511 1461226
509 1461248
508 1461260
507 1461260
511 1461266
510 1461301
509 1461301
504 1461350
513 1461350
508 1461359
506 1461359
510 1461360
510 1461371
502 1461371
511 1461481
512 1461481
505 1461553
506 1461555
509 1461557
507 1461570
509 1461599
509 1461601
507 1461603
509 1461605
510 1461619
510 1461619
508 1461619
509 1461621
505 1461621
507 1461624
509 1461624
509 1461626
508 1461668
507 1461668
507 1461668
509 1461670
506 1461670
510 1461694
508 1461696
511 1461696
512 1461698
510 1461698
510 1461700
511 1461732
508 1461734
509 1461736
510 1461738
511 1461740
511 1461740
510 1461740
508 1461740
508 1461761
511 1461761
507 1461766
503 1461789
513 1461801
510 1461801
508 1461831
510 1461833
509 1461838
508 1461838
509 1461874
509 1461877
507 1461877
510 1461879
507 1461912
507 1461912
514 1461919
504 1461921
508 1461941
508 1461941
513 1461948
509 1461981
503 1461981
508 1461988
509 1461996
508 1462041
506 1462041
514 1462042
509 1462042
510 1462073
506 1462080
510 1462080
510 1462080
510 1462088
507 1462111
510 1462111
507 1462129
509 1462131
510 1462138
507 1462189
500 1462210
506 1462210
512 1462210
508 1462212
507 1462214
510 1462242
506 1462248
510 1462248
510 1462248
510 1462248
510 1462317
506 1462317
511 1462323
509 1462342
509 1462342
509 1462362
510 1462362
504 1462364
509 1462366
510 1462368
510 1462368
511 1462393
510 1462395
513 1462399
510 1462399
511 1462409
508 1462429
507 1462449
511 1462463
509 1462465
508 1462467
508 1462520
509 1462520
508 1462520
511 1462522
508 1462524
509 1462524
509 1462539
507 1462549
511 1462558
506 1462561
507 1462570
508 1462578
513 1462611
509 1462613
508 1462618
506 1462618
508 1462627
508 1462680
507 1462680
510 1462680
509 1462682
509 1462699
510 1462711
504 1462711
509 1462721
514 1462721
512 1462727
509 1462738
508 1462761
507 1462761
508 1462766
510 1462778
508 1462822
508 1462822
509 1462887
507 1462890
509 1462890
510 1462892
510 1462892
508 1462894
507 1462904
508 1462904
507 1462937
509 1462939
507 1462939
511 1462942
507 1463002
511 1463002
509 1463004
511 1463004
510 1463006
511 1463006
508 1463017
507 1463019
508 1463021
510 1463039
510 1463041
509 1463060
510 1463060
508 1463080
510 1463080
509 1463100
508 1463100
507 1463138
509 1463147
510 1463184
508 1463188
509 1463188
511 1463191
509 1463191
498 1463193
506 1463193
527 1463208
517 1463245
516 1463248
519 1463248
502 1463249
521 1463258
516 1463279
487 1463298
501 1463347
518 1463424
509 1463426
508 1463427
508 1463427
506 1463429
510 1463429
509 1463429
510 1463432
507 1463432
509 1463439
516 1463461
502 1463461
506 1463462
505 1463462
516 1463462
496 1463462
504 1463464
509 1463464
510 1463468
505 1463478
515 1463486
511 1463498
509 1463508
513 1463516
514 1463528
507 1463564
508 1463567
506 1463568
507 1463570
508 1463578
511 1463587
509 1463610
507 1463610
511 1463628
512 1463636
505 1463648
505 1463658
509 1463667
510 1463678
512 1463688
511 1463697
512 1463708
510 1463718
508 1463727
503 1463764
505 1463768
514 1463768
508 1463770
509 1463778
510 1463788
510 1463821
509 1463824
506 1463828
509 1463828
510 1463849
510 1463851
510 1463858
508 1463880
509 1463880
512 1463887
511 1463897
509 1463907
506 1463918
510 1463928
508 1463937
509 1463948
509 1463958
511 1463980
508 1463981
507 1463988
507 1463998
510 1464008
507 1464018
508 1464026
507 1464038
509 1464055
513 1464056
510 1464067
512 1464078
509 1464087
505 1464098
509 1464108
508 1464117
510 1464128
510 1464138
511 1464146
509 1464158
511 1464168
510 1464189
509 1464191
507 1464198
510 1464209
509 1464218
510 1464228
509 1464236
509 1464248
508 1464258
508 1464267
508 1464278
509 1464288
507 1464296
508 1464308
508 1464318
508 1464326
512 1464338
509 1464348
510 1464356
508 1464378
508 1464388
509 1464396
508 1464408
508 1464418
505 1464426
510 1464438
510 1464448
508 1464456
512 1464468
506 1464478
505 1464499
511 1464501
511 1464521
508 1464521
510 1464529
509 1464539
508 1464562
509 1464562
509 1464567
509 1464579
509 1464589
509 1464609
509 1464611
509 1464618
510 1464629
511 1464638
510 1464648
511 1464657
509 1464668
508 1464678
510 1464686
509 1464711
509 1464711
510 1464718
511 1464727
505 1464739
507 1464761
511 1464761
505 1464766
511 1464778
507 1464788
506 1464809
509 1464811
510 1464818
509 1464829
508 1464838
506 1464848
509 1464856
510 1464880
507 1464880
509 1464888
510 1464896
511 1464908
509 1464930
508 1464930
507 1464936
509 1464948
508 1464971
514 1464971
510 1464977
507 1464989
509 1464999
511 1465007
507 1465044
512 1465048
511 1465048
509 1465050
509 1465058
508 1465081
508 1465081
508 1465096
509 1465108
506 1465131
509 1465131
510 1465136
508 1465155
507 1465157
510 1465180
509 1465180
511 1465188
509 1465198
507 1465206
510 1465218
509 1465228
508 1465249
506 1465251
508 1465270
509 1465270
510 1465278
510 1465288
512 1465304
509 1465309
508 1465330
509 1465330
509 1465338
506 1465346
508 1465358
509 1465368
512 1465376
509 1465388
508 1465411
508 1465411
509 1465417
509 1465429
508 1465451
511 1465451
510 1465469
513 1465471
510 1465478
507 1465489
508 1465499
508 1465509
508 1465517
508 1465528
510 1465551
511 1465551
510 1465556
510 1465568
510 1465578
510 1465586
510 1465598
509 1465608
509 1465616
508 1465635
508 1465637
508 1465649
509 1465659
508 1465669
509 1465677
510 1465689
508 1465699
509 1465707
508 1465719
509 1465737
508 1465746
509 1465749
509 1465759
507 1465769
509 1465778
510 1465788
510 1465797
509 1465834
511 1465838
510 1465838
510 1465840
509 1465848
508 1465880
509 1465880
510 1465886
507 1465898
511 1465908
508 1465916
510 1465929
509 1465939
509 1465947
507 1465971
510 1465971
509 1465991
508 1465991
510 1465996
507 1466008
509 1466018
512 1466027
506 1466039
508 1466047
508 1466058
509 1466068
508 1466078
511 1466086
509 1466098
511 1466108
510 1466116
510 1466128
510 1466138
507 1466146
509 1466158
512 1466168
506 1466176
511 1466188
510 1466198
509 1466206
507 1466218
509 1466241
505 1466241
510 1466247
510 1466259
508 1466281
510 1466281
505 1466287
510 1466298
508 1466309
510 1466317
509 1466329
510 1466351
510 1466351
509 1466356
511 1466368
509 1466378
511 1466397
509 1466411
509 1466411
507 1466418
507 1466426
508 1466465
509 1466467
509 1466469
507 1466469
510 1466476
511 1466488
509 1466510
509 1466510
508 1466516
509 1466528
509 1466558
505 1466559
509 1466570
508 1466572
509 1466578
509 1466611
507 1466611
506 1466618
506 1466628
505 1466636
509 1466648
504 1466658
508 1466666
509 1466678
508 1466688
507 1466696
508 1466708
511 1466731
509 1466731
509 1466736
508 1466748
508 1466758
510 1466779
507 1466781
507 1466788
508 1466798
510 1466808
508 1466818
508 1466838
508 1466841
509 1466860
508 1466860
510 1466868
510 1466890
508 1466890
509 1466898
508 1466917
509 1466944
509 1466948
512 1466948
510 1466950
508 1466959
509 1466968
507 1466976
506 1466988
511 1466998
511 1467006
510 1467018
509 1467028
509 1467036
509 1467048
510 1467058
508 1467092
509 1467098
507 1467098
509 1467098
510 1467108
509 1467116
510 1467128
512 1467138
508 1467146
507 1467158
508 1467168
507 1467188
509 1467191
508 1467210
508 1467210
509 1467218
511 1467254
507 1467258
508 1467258
507 1467260
510 1467268
510 1467278
509 1467286
506 1467310
509 1467310
509 1467320
508 1467337
509 1467348
507 1467358
508 1467367
510 1467391
508 1467391
512 1467398
510 1467407
510 1467418
509 1467428
507 1467437
508 1467473
507 1467473
511 1467478
507 1467478
508 1467486
508 1467498
511 1467520
510 1467520
509 1467526
509 1467538
509 1467560
509 1467560
510 1467567
510 1467578
511 1467588
509 1467596
508 1467608
508 1467618
509 1467626
509 1467638
507 1467648
508 1467657
509 1467681
509 1467681
508 1467688
511 1467697
507 1467708
510 1467731
509 1467731
506 1467736
507 1467748
505 1467758
508 1467779
510 1467781
512 1467788
512 1467799
509 1467808
509 1467818
508 1467839
509 1467841
508 1467848
510 1467858
507 1467868
510 1467878
511 1467886
507 1467898
509 1467908
511 1467916
509 1467928
512 1467938
509 1467946
513 1467957
507 1467968
508 1467986
510 1467998
508 1468008
510 1468017
508 1468029
508 1468038
509 1468059
507 1468061
507 1468068
509 1468079
509 1468101
508 1468109
509 1468111
507 1468118
507 1468140
510 1468140
509 1468148
511 1468156
509 1468168
509 1468178
508 1468212
508 1468218
509 1468218
510 1468218
508 1468228
510 1468262
509 1468268
511 1468268
509 1468268
509 1468278
510 1468286
506 1468310
509 1468310
505 1468317
510 1468326
512 1468342
510 1468347
511 1468369
507 1468371
510 1468378
509 1468389
512 1468411
507 1468411
505 1468418
509 1468426
510 1468438
508 1468448
507 1468456
510 1468468
510 1468478
509 1468486
505 1468498
508 1468508
511 1468516
508 1468528
509 1468538
508 1468546
510 1468583
508 1468583
510 1468588
511 1468588
508 1468596
509 1468608
509 1468618
507 1468626
507 1468638
509 1468648
509 1468656
509 1468681
510 1468681
509 1468688
509 1468696
510 1468708
509 1468718
509 1468727
510 1468738
509 1468748
511 1468757
506 1468781
510 1468781
509 1468788
510 1468796
512 1468818
507 1468828
509 1468836
511 1468848
511 1468870
508 1468870
508 1468876
507 1468900
511 1468900
510 1468908
508 1468929
510 1468931
508 1468938
509 1468948
510 1468964
512 1468967
506 1468978
508 1468988
510 1468998
508 1469006
508 1469018
509 1469040
510 1469040
510 1469046
508 1469058
510 1469068
508 1469076
508 1469088
510 1469097
509 1469107
508 1469118
510 1469128
511 1469149
513 1469151
504 1469158
509 1469169
507 1469178
512 1469201
508 1469201
509 1469206
505 1469218
511 1469228
508 1469236
510 1469271
508 1469271
509 1469280
509 1469280
506 1469311
508 1469313
508 1469318
505 1469318
509 1469328
510 1469338
510 1469354
507 1469368
510 1469370
506 1469378
506 1469389
509 1469398
506 1469434
509 1469436
510 1469442
510 1469442
509 1469448
511 1469483
508 1469485
508 1469487
507 1469489
510 1469498
509 1469508
509 1469530
509 1469530
511 1469536
508 1469570
507 1469570
505 1469584
505 1469586
512 1469598
506 1469608
509 1469616
506 1469628
509 1469638
510 1469646
511 1469658
509 1469668
509 1469676
499 1469688
507 1469697
509 1469705
513 1469717
509 1469727
508 1469736
513 1469747
508 1469758
509 1469766
512 1469778
505 1469788
510 1469796
508 1469808
510 1469818
512 1469826
508 1469838
509 1469847
510 1469856
505 1469868
514 1469889
506 1469899
509 1469901
508 1469908
508 1469919
509 1469943
514 1469944
509 1469948
511 1469956
508 1469968
508 1469978
506 1469999
509 1470001
508 1470008
513 1470018
509 1470069
506 1470069
510 1470071
508 1470071
510 1470073
510 1470076
510 1470087
509 1470110
510 1470110
511 1470116
508 1470128
510 1470138
510 1470171
508 1470177
509 1470177
510 1470179
505 1470188
510 1470210
511 1470210
509 1470217
508 1470226
502 1470250
504 1470250
505 1470270
506 1470270
509 1470276
514 1470287
506 1470308
506 1470317
510 1470328
511 1470338
505 1470371
509 1470374
509 1470378
510 1470378
510 1470387
511 1470408
513 1470420
508 1470420
506 1470426
509 1470437
507 1470472
510 1470474
507 1470479
512 1470479
510 1470488
507 1470496
507 1470508
506 1470530
505 1470530
515 1470536
513 1470548
514 1470557
510 1470566
506 1470578
508 1470588
505 1470596
512 1470607
508 1470643
511 1470646
507 1470648
510 1470649
507 1470657
508 1470679
509 1470680
512 1470688
509 1470699
506 1470708
508 1470718
507 1470726
505 1470738
499 1470748
526 1470756
503 1470778
527 1470790
496 1470790
500 1470796
504 1470808
511 1470818
513 1470826
505 1470838
514 1470848
510 1470856
519 1470875
508 1470877
509 1470889
511 1470897
511 1470907
509 1470916
512 1470961
508 1470961
509 1470962
511 1470962
505 1470968
510 1470978
505 1471013
508 1471014
514 1471018
502 1471018
509 1471031
507 1471037
512 1471069
505 1471071
507 1471077
513 1471089
508 1471097
515 1471107
509 1471116
512 1471134
511 1471136
511 1471149
509 1471158
509 1471168
510 1471176
510 1471188
505 1471198
508 1471219
510 1471220
509 1471228
514 1471237
511 1471260
501 1471260
500 1471268
508 1471276
492 1471287
508 1471298
516 1471306
516 1471318
513 1471328
509 1471336
507 1471360
499 1471360
510 1471368
508 1471376
518 1471388
532 1471398
523 1471406
518 1471418
512 1471428
505 1471437
508 1471448
507 1471458
524 1471479
528 1471481
538 1471488
506 1471498
494 1471508
506 1471530
505 1471530
509 1471538
508 1471547
517 1471558
512 1471569
508 1471577
509 1471586
508 1471597
512 1471608
508 1471689
504 1471691
506 1471716
509 1471716
509 1471718
508 1471718
510 1471720
510 1471720
509 1471720
508 1471730
507 1471730
511 1471740
508 1471758
509 1471760
507 1471767
510 1471805
511 1471807
510 1471809
510 1471809
507 1471818
510 1471826
508 1471863
508 1471865
508 1471869
508 1471869
507 1471890
507 1471890
507 1471898
507 1471918
512 1471921
507 1471928
508 1471938
507 1471961
512 1471961
509 1471968
512 1471976
512 1471988
506 1471998
509 1472006
509 1472018
508 1472028
506 1472036
509 1472054
511 1472070
509 1472070
508 1472076
508 1472087
509 1472110
512 1472110
509 1472115
506 1472127
510 1472137
510 1472145
508 1472157
509 1472168
507 1472176
508 1472188
510 1472210
510 1472210
513 1472216
508 1472228
511 1472250
511 1472250
509 1472256
508 1472280
509 1472280
508 1472288
512 1472296
510 1472320
507 1472320
508 1472328
508 1472336
509 1472348
509 1472358
510 1472366
509 1472385
509 1472388
508 1472399
507 1472408
510 1472418
511 1472426
510 1472438
506 1472447
510 1472456
509 1472467
508 1472477
509 1472486
509 1472497
507 1472507
507 1472526
510 1472538
507 1472548
505 1472556
510 1472580
508 1472580
512 1472588
512 1472596
509 1472608
509 1472618
508 1472645
509 1472662
509 1472664
511 1472673
511 1472673
507 1472703
510 1472708
511 1472708
510 1472710
513 1472718
506 1472741
505 1472741
507 1472746
509 1472758
507 1472768
511 1472776
510 1472814
506 1472818
510 1472818
513 1472821
507 1472840
508 1472840
511 1472848
506 1472856
511 1472868
510 1472878
508 1472896
508 1472910
507 1472910
508 1472918
510 1472926
507 1472958
510 1472973
509 1472973
508 1472976
508 1472978
512 1473008
510 1473099
509 1473099
509 1473101
510 1473101
508 1473103
510 1473104
509 1473106
510 1473107
510 1473141
507 1473141
510 1473208
510 1473208
510 1473210
507 1473219
506 1473221
508 1473221
510 1473221
510 1473221
508 1473221
505 1473222
507 1473247
511 1473310
509 1473312
510 1473312
507 1473313
508 1473315
511 1473316
507 1473320
505 1473320
510 1473321
513 1473321
511 1473341
505 1473343
507 1473346
506 1473373
511 1473373
509 1473376
511 1473403
507 1473405
508 1473407
509 1473408
510 1473441
508 1473441
510 1473490
511 1473492
513 1473493
507 1473498
511 1473498
506 1473499
511 1473499
507 1473507
505 1473517
506 1473551
503 1473554
516 1473556
511 1473585
484 1473587
496 1473589
508 1473589
505 1473611
504 1473611
519 1473616
506 1473649
505 1473661
513 1473661
516 1473669
514 1473670
513 1473677
510 1473699
512 1473793
512 1473795
510 1473795
509 1473797
508 1473797
510 1473799
507 1473804
512 1473804
507 1473805
510 1473808
509 1473828
506 1473857
512 1473857
510 1473858
506 1473858
506 1473882
508 1473884
513 1473888
506 1473888
508 1473898
511 1473918
506 1473943
514 1473945
510 1473946
511 1473971
508 1473971
506 1473991
507 1473991
512 1474000
510 1474000
510 1474032
515 1474034
507 1474038
522 1474038
507 1474099
518 1474099
493 1474101
503 1474101
516 1474102
509 1474154
502 1474158
510 1474158
512 1474161
513 1474206
510 1474206
509 1474206
531 1474206
513 1474207
508 1474207
509 1474207
507 1474256
507 1474257
508 1474257
510 1474257
508 1474259
505 1474259
512 1474331
504 1474331
507 1474332
511 1474332
510 1474332
509 1474332
508 1474356
513 1474358
508 1474358
512 1474359
517 1474513
511 1474572
510 1474645
509 1474645
508 1474646
510 1474646
512 1474646
509 1474646
509 1474646
508 1474647
508 1474647
509 1474647
512 1474647
507 1474647
508 1474648
506 1474649
501 1474649
503 1474649
507 1474650
512 1474651
508 1474653
506 1474659
507 1474661
514 1474661
502 1474662
507 1474786
506 1474787
508 1474787
506 1474787
511 1474787
510 1474787
508 1474788
510 1474788
514 1474788
510 1474788
515 1474789
507 1474789
511 1474789
512 1474791
517 1474791
505 1474791
516 1474800
505 1474800
512 1474808
497 1474816
515 1474862
499 1474862
520 1474888
508 1474888
511 1474890
511 1474890
512 1474942
509 1474943
511 1474945
508 1474946
512 1474946
512 1474948
513 1474987
509 1474987
510 1474987
506 1474989
510 1475011
511 1475018
511 1475018
510 1475020
510 1475053
513 1475056
507 1475056
506 1475093
509 1475093
503 1475100
510 1475109
506 1475111
508 1475143
509 1475169
504 1475170
500 1475170
506 1475183
511 1475187
512 1475187
508 1475189
513 1475198
509 1475209
513 1475216
510 1475254
510 1475258
508 1475259
506 1475261
512 1475290
511 1475293
513 1475300
505 1475300
507 1475331
512 1475337
512 1475337
508 1475339
509 1475347
507 1475357
507 1475378
508 1475417
506 1475420
514 1475420
509 1475422
505 1475422
504 1475462
508 1475462
516 1475464
508 1475464
509 1475471
513 1475478
510 1475528
510 1475530
510 1475530
513 1475532
513 1475534
512 1475560
508 1475560
512 1475560
510 1475578
503 1475588
520 1475599
509 1475601
509 1475608
513 1475663
514 1475663
517 1475663
508 1475664
499 1475664
510 1475666
509 1475688
508 1475700
506 1475700
507 1475709
506 1475718
507 1475726
509 1475738
506 1475761
504 1475761
501 1475766
509 1475778
509 1475814
513 1475816
508 1475816
508 1475830
501 1475830
508 1475892
505 1475892
502 1475894
515 1475896
506 1475896
493 1475898
516 1475928
500 1475945
493 1475948
508 1475948
520 1475950
512 1475960
511 1475960
515 1475978
498 1475981
500 1475988
504 1475998
510 1476020
513 1476020
508 1476027
499 1476048
509 1476050
513 1476085
504 1476088
511 1476089
505 1476091
510 1476098
509 1476108
509 1476116
507 1476128
514 1476138
515 1476159
506 1476161
510 1476168
512 1476178
507 1476188
506 1476198
508 1476208
509 1476218
510 1476237
515 1476246
508 1476257
509 1476268
509 1476289
506 1476291
500 1476298
515 1476308
509 1476331
517 1476331
522 1476364
509 1476366
506 1476368
511 1476368
512 1476378
499 1476388
502 1476410
509 1476410
511 1476418
504 1476426
507 1476450
505 1476450
509 1476458
