508 1278876
508 1278922
511 1278922
510 1278922
509 1278923
509 1278923
508 1278923
510 1278923
509 1278923
506 1278924
510 1278924
509 1278924
509 1278924
509 1278924
509 1278925
510 1278925
511 1278925
511 1278925
508 1278925
507 1278926
508 1278926
513 1278926
505 1278926
499 1278931
511 1278931
511 1278931
502 1278931
505 1278932
512 1278932
510 1278932
511 1278932
510 1278932
510 1278933
508 1278933
509 1278933
507 1278933
508 1278933
510 1278933
508 1278934
510 1278934
508 1278934
506 1278934
509 1278934
516 1278934
508 1278935
510 1278935
509 1278935
505 1278935
507 1278935
508 1278936
500 1278936
482 1278936
525 1278936
491 1278937
519 1278937
504 1278937
541 1278937
513 1278938
510 1278938
509 1278938
505 1278938
511 1278938
507 1278939
511 1278939
512 1278939
502 1278945
512 1278953
507 1278953
506 1278990
508 1278990
513 1279011
506 1279050
511 1279050
506 1279051
508 1279055
507 1279055
509 1279101
509 1279103
510 1279104
510 1279104
505 1279114
511 1279165
517 1279165
512 1279167
513 1279167
511 1279168
509 1279212
508 1279213
504 1279214
508 1279281
507 1279283
504 1279285
507 1279285
506 1279285
512 1279288
512 1279288
510 1279312
508 1279313
507 1279315
509 1279315
511 1279316
510 1279325
509 1279327
509 1279342
510 1279356
510 1279357
507 1279412
506 1279412
507 1279413
508 1279429
510 1279429
504 1279430
511 1279459
502 1279482
512 1279482
502 1279524
515 1279525
514 1279525
489 1279525
509 1279549
520 1279550
508 1279550
529 1279551
517 1279551
509 1279574
508 1279574
507 1279575
516 1279584
506 1279607
511 1279607
510 1279614
509 1279636
509 1279636
511 1279685
505 1279685
508 1279687
506 1279687
504 1279688
509 1279720
510 1279724
510 1279724
512 1279725
506 1279745
509 1279747
509 1279763
508 1279789
511 1279789
509 1279795
510 1279795
510 1279824
510 1279838
508 1279840
508 1279874
509 1279906
511 1279917
506 1279918
511 1279962
517 1279962
511 1279964
510 1279964
509 1279966
510 1279966
498 1279967
504 1279967
503 1279969
504 1280017
506 1280017
523 1280019
488 1280022
512 1280024
505 1280025
507 1280025
504 1280046
521 1280046
509 1280054
512 1280075
509 1280100
513 1280104
509 1280104
508 1280105
506 1280112
508 1280146
509 1280156
510 1280157
508 1280163
506 1280175
511 1280210
511 1280210
510 1280214
508 1280214
507 1280271
509 1280288
507 1280288
510 1280288
507 1280288
509 1280290
508 1280291
510 1280305
508 1280307
507 1280321
509 1280323
510 1280345
509 1280347
509 1280373
512 1280387
510 1280387
508 1280396
511 1280396
509 1280418
512 1280426
510 1280426
508 1280434
511 1280527
509 1280527
509 1280528
509 1280528
508 1280528
509 1280528
510 1280555
509 1280555
509 1280555
511 1280558
511 1280558
509 1280605
509 1280605
508 1280605
509 1280605
508 1280667
507 1280667
509 1280698
508 1280700
508 1280703
511 1280705
508 1280705
508 1280705
509 1280707
506 1280707
508 1280709
510 1280711
510 1280726
510 1280726
507 1280736
510 1280744
508 1280754
506 1280764
509 1280786
511 1280786
510 1280794
505 1280804
508 1280814
505 1280824
510 1280846
509 1280846
509 1280854
508 1280864
507 1280873
509 1280883
508 1280893
509 1280903
508 1280926
511 1280926
510 1280948
509 1280948
508 1280955
510 1280965
509 1280974
510 1280984
510 1281004
508 1281055
508 1281078
508 1281080
508 1281082
507 1281082
510 1281082
507 1281084
508 1281123
508 1281126
509 1281126
510 1281128
510 1281128
509 1281147
508 1281147
508 1281154
509 1281164
510 1281174
509 1281184
510 1281206
509 1281206
511 1281215
509 1281625
508 1281625
508 1281626
508 1281626
509 1281626
509 1281626
508 1281627
510 1281627
511 1281627
510 1281628
509 1281628
508 1281628
508 1281628
508 1281628
509 1281628
511 1281628
509 1281629
510 1281629
508 1281629
508 1281630
507 1281630
507 1281630
508 1281630
509 1281630
509 1281631
508 1281631
510 1281631
510 1281631
509 1281631
508 1281632
511 1281632
510 1281632
510 1281632
510 1281633
509 1281633
512 1281633
510 1281633
507 1281634
508 1281634
509 1281634
509 1281634
508 1281704
510 1281704
511 1281704
508 1281705
509 1281705
508 1281705
509 1281705
509 1281714
509 1281727
508 1281727
508 1281735
508 1281754
508 1281777
510 1281777
509 1281784
508 1281794
510 1281804
507 1281814
508 1281825
509 1281921
507 1281921
508 1281922
509 1281922
507 1281922
509 1281923
507 1281923
510 1281923
508 1281924
509 1281926
509 1282106
509 1282106
509 1282107
509 1282107
507 1282107
509 1282108
510 1282108
509 1282108
509 1282109
509 1282109
508 1282109
509 1282109
509 1282110
508 1282110
509 1282110
509 1282110
507 1282110
511 1282116
510 1282116
508 1282123
508 1282134
510 1282143
510 1282154
508 1282164
510 1282186
508 1282186
510 1282219
510 1282220
510 1282225
510 1282236
510 1282236
509 1282318
509 1282319
509 1282319
509 1282319
512 1282319
506 1282320
515 1282320
504 1282320
515 1282324
508 1282334
514 1282344
514 1282364
503 1282377
510 1282377
508 1282384
507 1282393
509 1282403
508 1282413
509 1282524
509 1282525
509 1282525
506 1282525
508 1282526
510 1282526
510 1282526
509 1282527
511 1282527
509 1282527
509 1282534
509 1282555
509 1282596
510 1282596
509 1282598
509 1282599
509 1282601
504 1282603
509 1282715
510 1282715
502 1282715
517 1282716
503 1282716
515 1282716
528 1282716
506 1282717
511 1282717
504 1282717
508 1282718
505 1282736
508 1282737
507 1282744
510 1282754
514 1282764
508 1282773
497 1282784
517 1282794
531 1282804
504 1282827
504 1282828
504 1282920
517 1282920
511 1282920
522 1282921
503 1282921
512 1282921
513 1282922
510 1282922
509 1282922
505 1282936
507 1282936
508 1282945
510 1282953
510 1282964
509 1282974
509 1282996
507 1282996
506 1283003
510 1283014
505 1283025
504 1283046
524 1283047
512 1283124
496 1283125
518 1283125
507 1283125
508 1283125
494 1283126
505 1283126
504 1283126
508 1283147
511 1283147
512 1283154
505 1283163
507 1283174
509 1283185
507 1283193
509 1283217
511 1283217
508 1283234
511 1283244
506 1283256
511 1283264
507 1283274
511 1283385
510 1283386
507 1283387
506 1283387
511 1283520
506 1283520
506 1283520
504 1283521
511 1283521
509 1283521
511 1283521
505 1283522
506 1283522
506 1283522
510 1283557
506 1283558
506 1283559
509 1283561
510 1283562
510 1283624
506 1283624
509 1283625
509 1283625
508 1283625
509 1283625
508 1283626
509 1283626
509 1283626
511 1283696
510 1283696
507 1283696
510 1283698
510 1283698
510 1283700
507 1283702
506 1283702
510 1283704
508 1283704
509 1283706
506 1283706
507 1283814
510 1283814
510 1283815
507 1283815
508 1283815
509 1283815
509 1283816
506 1283816
510 1283816
511 1283816
510 1283816
510 1283836
507 1283836
509 1283882
508 1283882
510 1283883
508 1283897
508 1283897
507 1283952
510 1283952
509 1283954
508 1284212
507 1284213
507 1284213
508 1284213
509 1284214
508 1284214
509 1284215
508 1284215
509 1284216
510 1284216
506 1284216
509 1284216
508 1284218
508 1284218
512 1284218
508 1284218
510 1284220
507 1284222
509 1284222
508 1284222
509 1284224
507 1284224
509 1284226
512 1284417
509 1284417
509 1284418
508 1284418
510 1284419
508 1284419
508 1284419
509 1284420
510 1284420
509 1284420
509 1284420
507 1284421
507 1284421
510 1284421
511 1284422
509 1284422
509 1284422
510 1284422
510 1284423
509 1284423
510 1284423
506 1284447
508 1284447
510 1284459
511 1284459
509 1284465
511 1284622
509 1284622
509 1284623
508 1284623
509 1284623
509 1284624
509 1284624
507 1284624
508 1284624
510 1284625
510 1284625
509 1284625
509 1284625
506 1284625
508 1284626
507 1284626
511 1284653
508 1284653
509 1284655
509 1284655
512 1284700
507 1284716
508 1284716
509 1284718
508 1284720
508 1284722
508 1284919
509 1284919
508 1284920
510 1284920
508 1284920
508 1284921
509 1284921
510 1284921
508 1284922
509 1284922
510 1284922
509 1284922
510 1284922
507 1284923
508 1284923
508 1284923
509 1284923
509 1284924
508 1284924
509 1284924
508 1284924
509 1284926
510 1285100
509 1285100
508 1285100
510 1285101
509 1285101
509 1285101
510 1285101
508 1285101
509 1285101
510 1285102
509 1285102
508 1285102
509 1285102
508 1285102
510 1285102
509 1285102
511 1285103
509 1285105
509 1285199
509 1285199
507 1285200
508 1285200
509 1285200
509 1285201
510 1285201
508 1285201
510 1285202
508 1285232
507 1285232
509 1285233
509 1285234
507 1285245
507 1285280
508 1285284
504 1285284
520 1285285
526 1285293
490 1285310
494 1285314
511 1285337
529 1285337
500 1285343
518 1285353
509 1285363
515 1285386
514 1285386
499 1285406
502 1285406
509 1285413
509 1285515
510 1285515
509 1285516
511 1285516
509 1285516
509 1285517
510 1285517
507 1285517
506 1285517
514 1285536
508 1285536
507 1285544
515 1285618
512 1285618
509 1285618
508 1285619
509 1285619
509 1285637
510 1285637
507 1285649
510 1285654
506 1285655
511 1285655
508 1285664
508 1285699
511 1285699
507 1285704
508 1285704
508 1285727
509 1285727
512 1285800
510 1285800
506 1285800
512 1285800
515 1285801
508 1285801
508 1285801
508 1285803
513 1286013
506 1286013
510 1286013
512 1286014
507 1286014
510 1286014
512 1286015
510 1286015
505 1286015
508 1286015
506 1286016
508 1286016
508 1286016
511 1286016
509 1286016
507 1286017
507 1286017
509 1286017
508 1286017
507 1286029
509 1286034
507 1286034
509 1286035
509 1286220
509 1286220
508 1286221
511 1286221
508 1286221
511 1286222
507 1286222
509 1286222
508 1286223
509 1286223
508 1286223
510 1286223
511 1286224
508 1286224
509 1286224
509 1286225
511 1286227
510 1286227
510 1286297
508 1286297
510 1286297
509 1286297
507 1286298
508 1286298
508 1286298
510 1286314
510 1286326
511 1286326
510 1286346
508 1286346
510 1286353
508 1286390
509 1286392
508 1286394
509 1286394
509 1286428
508 1286430
508 1286433
508 1286435
510 1286513
509 1286513
508 1286513
509 1286513
509 1286514
510 1286514
510 1286514
510 1286514
509 1286547
509 1286547
508 1286615
508 1286615
508 1286615
508 1286617
507 1286617
510 1286617
509 1286618
509 1286618
509 1286624
509 1286647
509 1286647
509 1286654
509 1286664
508 1286675
509 1286697
509 1286697
508 1286704
509 1286714
508 1286821
508 1286821
509 1286822
510 1286822
508 1286822
510 1286823
510 1286823
510 1286823
509 1286824
509 1286824
509 1286826
509 1287396
511 1287396
510 1287397
509 1287397
507 1287397
509 1287397
508 1287397
509 1287398
509 1287398
509 1287398
510 1287398
508 1287398
510 1287398
510 1287398
509 1287399
508 1287399
508 1287399
507 1287399
509 1287399
509 1287399
510 1287400
510 1287400
511 1287400
508 1287400
508 1287400
510 1287400
511 1287401
509 1287401
509 1287401
508 1287401
511 1287401
511 1287401
509 1287402
509 1287402
508 1287402
509 1287402
510 1287402
511 1287402
509 1287403
510 1287403
508 1287403
508 1287403
508 1287403
507 1287403
511 1287404
509 1287404
509 1287404
508 1287404
509 1287404
509 1287404
508 1287405
508 1287405
508 1287405
510 1287405
509 1287405
508 1287406
508 1287408
508 1287412
510 1287455
510 1287456
508 1287456
507 1287458
507 1287508
508 1287508
511 1287713
509 1287714
508 1287714
508 1287714
511 1287715
508 1287715
507 1287715
507 1287716
511 1287716
509 1287716
509 1287716
510 1287717
508 1287717
508 1287717
510 1287717
508 1287717
509 1287717
511 1287718
507 1287718
510 1287718
509 1287718
508 1287720
510 1287720
507 1287908
507 1287908
510 1287908
510 1287909
510 1287909
509 1287909
509 1287910
511 1287910
510 1287910
510 1287910
509 1287911
507 1287911
510 1287911
509 1287911
510 1287912
509 1287912
508 1287912
506 1287912
509 1287915
510 1287917
508 1287936
508 1287936
507 1287984
508 1287984
509 1287984
508 1287987
511 1288113
509 1288113
509 1288114
507 1288114
510 1288114
511 1288114
508 1288115
511 1288115
509 1288115
509 1288115
510 1288115
510 1288137
508 1288137
508 1288155
508 1288155
506 1288157
511 1288157
510 1288157
511 1288217
511 1288217
509 1288217
508 1288218
505 1288218
508 1288294
509 1288294
511 1288294
507 1288295
508 1288295
510 1288295
511 1288295
507 1288308
507 1288308
510 1288312
509 1288355
507 1288355
509 1288355
508 1288358
511 1288358
512 1288509
507 1288510
506 1288510
508 1288511
507 1288511
507 1288511
505 1288512
511 1288512
512 1288512
516 1288513
509 1288513
509 1288513
509 1288513
508 1288513
508 1288515
511 1288714
508 1288714
515 1288714
513 1288715
505 1288715
520 1288715
510 1288716
504 1288716
507 1288716
509 1288716
507 1288717
504 1288717
512 1288717
511 1288717
509 1288717
506 1288717
508 1288718
511 1288718
506 1288718
507 1288727
508 1288727
511 1288734
510 1288744
504 1288754
506 1288764
512 1288774
506 1288784
510 1288919
510 1288919
511 1288920
508 1288920
511 1288921
508 1288921
510 1288922
509 1288922
510 1288923
506 1288923
508 1288923
509 1288929
508 1288929
510 1288934
509 1288934
510 1288954
508 1288979
508 1288979
509 1288981
509 1289108
509 1289108
509 1289109
510 1289109
507 1289110
508 1289110
512 1289110
507 1289110
507 1289111
510 1289111
502 1289111
511 1289111
508 1289111
506 1289114
511 1289313
511 1289313
506 1289314
508 1289314
511 1289314
507 1289315
510 1289315
511 1289315
510 1289315
510 1289315
505 1289316
510 1289316
509 1289316
505 1289316
509 1289316
511 1289316
513 1289316
509 1289317
508 1289317
508 1289336
511 1289336
509 1289343
506 1289368
507 1289369
511 1289386
507 1289386
508 1289393
509 1289403
509 1289413
507 1289436
514 1289436
510 1289443
507 1289453
508 1289476
510 1289476
509 1289502
507 1289502
506 1289503
508 1289526
509 1289526
508 1289534
508 1289544
508 1289554
508 1289564
509 1289574
509 1289584
509 1289604
510 1289616
510 1289616
509 1289624
509 1289660
510 1289662
509 1289664
509 1289664
506 1289673
513 1289696
510 1289696
509 1289716
510 1289716
512 1289736
508 1289736
509 1289743
511 1289753
512 1289763
507 1289773
506 1289783
508 1289804
507 1289816
509 1289816
508 1289832
509 1289834
511 1289857
510 1289857
509 1289874
509 1289884
508 1289894
508 1289929
508 1289929
507 1289935
509 1289935
511 1289944
510 1289954
509 1289964
509 1289974
510 1289996
510 1289996
509 1290045
509 1290045
509 1290047
510 1290047
510 1290049
508 1290054
508 1290064
510 1290074
509 1290084
510 1290094
509 1290104
508 1290114
509 1290123
510 1290133
509 1290143
510 1290153
510 1290176
509 1290176
510 1290183
509 1290193
509 1290217
511 1290217
511 1290237
507 1290237
509 1290244
507 1290254
508 1290264
509 1290287
509 1290287
511 1290294
509 1290304
510 1290314
507 1290324
508 1290334
506 1290344
507 1290354
508 1290364
508 1290400
510 1290404
509 1290404
512 1290404
509 1290438
508 1290440
507 1290442
510 1290449
509 1290453
510 1290476
510 1290476
509 1290483
512 1290518
509 1290520
508 1290523
510 1290525
509 1290605
506 1290605
509 1290605
508 1290605
509 1290605
509 1290610
510 1290612
510 1290612
508 1291092
509 1291092
507 1291092
510 1291093
508 1291093
508 1291093
509 1291093
509 1291093
508 1291093
508 1291094
508 1291094
510 1291094
508 1291094
510 1291094
509 1291094
510 1291095
509 1291095
507 1291095
508 1291095
509 1291095
508 1291095
508 1291095
510 1291096
511 1291096
508 1291096
512 1291096
509 1291096
508 1291096
509 1291097
507 1291097
509 1291097
509 1291097
510 1291097
510 1291097
509 1291097
509 1291099
508 1291100
508 1291100
510 1291100
509 1291100
507 1291100
509 1291100
510 1291100
509 1291101
509 1291101
508 1291102
509 1291102
510 1291102
510 1291104
509 1291307
508 1291307
509 1291307
511 1291308
507 1291308
508 1291308
508 1291308
510 1291309
509 1291309
509 1291309
511 1291309
509 1291310
510 1291310
508 1291310
509 1291310
509 1291310
509 1291311
510 1291311
510 1291311
509 1291316
509 1291316
511 1291336
510 1291336
507 1291343
509 1291353
508 1291364
508 1291374
510 1291394
510 1291404
508 1291414
511 1291427
511 1291599
509 1291600
507 1291600
507 1291600
508 1291601
509 1291601
509 1291601
510 1291601
510 1291601
510 1291602
510 1291602
508 1291602
509 1291602
509 1291603
510 1291603
508 1291603
510 1291603
510 1291606
510 1291805
509 1291805
508 1291806
509 1291806
508 1291806
508 1291807
509 1291807
506 1291807
510 1291808
510 1291808
508 1291808
509 1291808
509 1291808
511 1291809
510 1291809
507 1291809
509 1291809
510 1291809
508 1291810
511 1291810
507 1291812
508 1292009
508 1292010
509 1292010
510 1292010
509 1292011
508 1292011
509 1292012
508 1292012
506 1292012
507 1292013
508 1292013
510 1292013
511 1292013
511 1292014
510 1292014
510 1292014
510 1292014
510 1292015
509 1292015
508 1292017
508 1292111
509 1292112
509 1292112
509 1292112
508 1292113
510 1292113
510 1292113
508 1292114
509 1292114
507 1292121
508 1292123
508 1292143
509 1292153
510 1292163
509 1292174
510 1292196
507 1292196
507 1292204
510 1292224
510 1292247
507 1292247
508 1292256
511 1292256
510 1292264
511 1292274
508 1292309
509 1292313
510 1292313
509 1292315
509 1292609
509 1292609
509 1292609
510 1292610
510 1292610
509 1292610
508 1292611
510 1292611
508 1292611
510 1292612
508 1292612
508 1292612
508 1292612
509 1292612
508 1292613
507 1292613
510 1292613
509 1292613
509 1292613
508 1292614
507 1292614
510 1292614
509 1292614
510 1292615
506 1292615
509 1292615
510 1292615
509 1292615
509 1292616
506 1292618
509 1293008
512 1293008
508 1293009
509 1293009
509 1293009
506 1293010
509 1293010
510 1293011
511 1293011
510 1293011
510 1293011
508 1293012
508 1293012
507 1293012
508 1293012
508 1293012
509 1293013
506 1293013
508 1293013
510 1293013
510 1293013
509 1293014
507 1293014
505 1293014
508 1293014
514 1293014
516 1293014
506 1293015
516 1293015
513 1293015
508 1293015
507 1293015
511 1293015
510 1293016
510 1293016
509 1293016
509 1293016
511 1293016
510 1293018
509 1293110
511 1293111
509 1293112
509 1293112
508 1293112
507 1293112
509 1293113
508 1293113
508 1293113
507 1293115
509 1293188
505 1293188
504 1293188
509 1293188
512 1293189
516 1293189
517 1293208
513 1293210
507 1293216
505 1293217
512 1293223
507 1293246
505 1293246
508 1293253
510 1293263
510 1293286
511 1293286
511 1293293
507 1293303
508 1293326
508 1293326
508 1293334
509 1293343
509 1293366
502 1293366
508 1293403
533 1293404
501 1293419
530 1293423
490 1293424
508 1293425
506 1293609
492 1293610
494 1293610
513 1293610
502 1293611
515 1293611
514 1293611
507 1293612
513 1293612
510 1293612
505 1293613
512 1293613
507 1293613
508 1293614
505 1293614
505 1293614
508 1293614
512 1293615
509 1293623
510 1293634
513 1293644
506 1293653
508 1293663
503 1293673
508 1293684
504 1293694
506 1293703
515 1293789
510 1293790
511 1293790
506 1293790
512 1293791
507 1293791
507 1293791
509 1293791
509 1293793
509 1294105
506 1294106
509 1294106
511 1294106
507 1294107
508 1294107
512 1294107
507 1294108
505 1294108
499 1294108
504 1294108
497 1294109
509 1294109
517 1294109
516 1294109
514 1294109
513 1294109
510 1294110
504 1294110
508 1294110
509 1294110
506 1294110
510 1294111
493 1294111
518 1294111
516 1294111
483 1294111
503 1294112
496 1294112
519 1294112
529 1294116
522 1294116
512 1294135
518 1294136
503 1294156
507 1294156
504 1294163
505 1294173
509 1294209
509 1294209
509 1294210
509 1294213
510 1294223
510 1294287
507 1294287
509 1294287
508 1294287
509 1294288
509 1294294
508 1294306
509 1294306
509 1294313
509 1294323
507 1294333
507 1294343
510 1294357
509 1294373
511 1294383
510 1294394
510 1294404
507 1294414
507 1294436
511 1294436
509 1294474
509 1294493
507 1294493
509 1294495
510 1294495
509 1294707
507 1294708
508 1294708
509 1294708
509 1294708
509 1294709
511 1294709
509 1294709
508 1294709
508 1294710
508 1294710
506 1294710
505 1294710
508 1294710
508 1294711
512 1294711
511 1294711
509 1294711
509 1294712
509 1294712
509 1294712
508 1294712
509 1294715
508 1294799
508 1294799
510 1294799
510 1294800
508 1294800
508 1294800
505 1294800
509 1294801
508 1294803
509 1294899
507 1294899
509 1294900
510 1294900
508 1294900
511 1294901
509 1294901
507 1294914
509 1294947
510 1294947
509 1294949
508 1295206
508 1295207
510 1295207
512 1295207
508 1295208
508 1295208
508 1295208
511 1295209
509 1295209
507 1295209
510 1295209
512 1295210
511 1295210
511 1295210
508 1295210
508 1295211
507 1295211
509 1295211
507 1295211
508 1295212
507 1295212
510 1295212
509 1295212
509 1295213
508 1295213
510 1295213
508 1295215
509 1295308
509 1295308
510 1295308
510 1295309
509 1295309
509 1295309
509 1295310
508 1295310
509 1295310
509 1295311
509 1295311
507 1295409
510 1295409
511 1295410
508 1295410
510 1295410
510 1295411
508 1295411
509 1295411
509 1295419
510 1295419
508 1295421
510 1295598
510 1295598
507 1295599
510 1295599
510 1295600
509 1295600
510 1295600
509 1295601
512 1295601
511 1295601
507 1295602
506 1295602
509 1295602
510 1295602
509 1295603
507 1295603
510 1295603
510 1295605
506 1295803
509 1295804
509 1295804
507 1295804
508 1295805
508 1295805
510 1295806
507 1295806
509 1295806
510 1295807
509 1295807
510 1295807
510 1295807
509 1295808
509 1295808
508 1295808
508 1295808
508 1295809
508 1295809
509 1295809
507 1295809
509 1295813
510 1295823
509 1295856
508 1295856
508 1295863
509 1295886
510 1295886
510 1295894
508 1295903
508 1295913
508 1295924
510 1296008
511 1296008
509 1296008
510 1296009
509 1296009
507 1296009
499 1296009
513 1296010
503 1296013
511 1296023
500 1296046
503 1296046
511 1296053
513 1296064
509 1296073
510 1296096
507 1296096
510 1296103
511 1296197
508 1296197
509 1296198
509 1296198
506 1296198
511 1296198
509 1296199
506 1296199
508 1296206
509 1296206
509 1296213
509 1296224
508 1296233
508 1296256
510 1296257
512 1296263
509 1296273
507 1296299
517 1296300
519 1296316
520 1296316
520 1296323
516 1296333
505 1296355
523 1296355
503 1296376
508 1296376
508 1296396
510 1296396
508 1296428
512 1296444
504 1296444
510 1296445
508 1296504
507 1296504
508 1296505
521 1296505
525 1296505
509 1296505
512 1296528
519 1296529
514 1296531
491 1296543
518 1296636
510 1296636
506 1296667
501 1296668
511 1296669
511 1296671
505 1296672
512 1296674
511 1296674
509 1296676
508 1296676
509 1296899
505 1296899
510 1296900
507 1296900
508 1296900
500 1296901
511 1296901
531 1296901
492 1296902
483 1296902
513 1296902
508 1296902
500 1296902
503 1296925
505 1296925
512 1296927
512 1296927
505 1296929
505 1296929
508 1296931
510 1297184
508 1297184
507 1297184
508 1297184
508 1297185
512 1297185
507 1297185
508 1297185
509 1297185
508 1297185
512 1297194
511 1297195
505 1297195
505 1297195
512 1297195
504 1297195
501 1297195
504 1297196
507 1297196
514 1297196
504 1297196
512 1297196
507 1297196
508 1297196
508 1297197
509 1297197
505 1297197
508 1297197
508 1297197
509 1297197
510 1297197
509 1297200
510 1297200
509 1297202
508 1297239
509 1297243
509 1297243
510 1297244
509 1297265
509 1297277
508 1297277
510 1297284
509 1297330
507 1297332
507 1297332
508 1297401
509 1297401
510 1297401
509 1297401
511 1297402
509 1297619
508 1297621
509 1297621
508 1297623
509 1297623
512 1297625
510 1297625
509 1297627
506 1297627
510 1297629
508 1297795
510 1297795
508 1297796
509 1297796
509 1297797
510 1297797
511 1297797
510 1297798
509 1297798
508 1297798
509 1297798
509 1297798
511 1297799
509 1297799
508 1297799
508 1297799
508 1297799
506 1297799
507 1297800
508 1297826
509 1297826
509 1297883
509 1297883
508 1297885
509 1297885
510 1297887
507 1297887
508 1297889
507 1298204
510 1298205
507 1298205
510 1298205
510 1298205
510 1298205
508 1298206
508 1298206
510 1298206
510 1298207
510 1298207
509 1298207
510 1298207
510 1298208
509 1298208
510 1298208
509 1298208
509 1298208
510 1298209
509 1298209
508 1298209
509 1298209
509 1298209
506 1298210
510 1298210
509 1298210
509 1298210
508 1298210
509 1298211
511 1298211
508 1298211
506 1298211
508 1298211
508 1298239
507 1298244
507 1298244
509 1298244
509 1298276
509 1298276
510 1298300
509 1298302
511 1298302
512 1298497
508 1298497
507 1298497
508 1298498
508 1298498
508 1298498
507 1298499
511 1298499
509 1298499
517 1298500
510 1298500
503 1298500
509 1298500
503 1298500
513 1298500
505 1298501
508 1298501
510 1298501
514 1298501
518 1298507
512 1298507
504 1298567
509 1298567
509 1298569
509 1298571
504 1298571
510 1298573
508 1298599
508 1298609
508 1298703
510 1298703
512 1298704
507 1298704
508 1298704
508 1298705
505 1298705
506 1298705
512 1298706
516 1298706
506 1298708
512 1298708
506 1298882
515 1298882
507 1298882
510 1298882
509 1298883
511 1298883
510 1298883
518 1298883
503 1298884
504 1298884
509 1298884
518 1298884
516 1298884
513 1298884
511 1298885
508 1298885
524 1298885
494 1298904
521 1298915
491 1298915
518 1298923
521 1298961
514 1298962
483 1298963
524 1298994
542 1299010
507 1299010
505 1299010
517 1299016
502 1299016
500 1299025
508 1299033
520 1299055
510 1299055
521 1299063
498 1299073
508 1299083
509 1299105
509 1299105
508 1299125
512 1299125
502 1299133
515 1299143
504 1299165
517 1299165
502 1299173
507 1299183
503 1299193
516 1299215
517 1299215
502 1299223
510 1299233
520 1299243
497 1299253
515 1299275
520 1299275
507 1299287
504 1299293
511 1299303
515 1299313
523 1299335
499 1299335
507 1299343
513 1299353
507 1299363
506 1299386
506 1299386
506 1299393
512 1299403
513 1299413
505 1299423
511 1299433
512 1299443
511 1299453
509 1299463
504 1299486
506 1299486
512 1299493
518 1299504
509 1299513
508 1299535
513 1299535
506 1299553
503 1299576
509 1299576
502 1299608
507 1299610
515 1299614
501 1299615
510 1299623
521 1299646
525 1299646
505 1299653
513 1299663
513 1299673
519 1299695
509 1299695
512 1299715
504 1299715
506 1299723
506 1299733
525 1299743
510 1299753
497 1299763
503 1299774
505 1299795
507 1299796
520 1299803
512 1299813
511 1299823
502 1299833
507 1299843
506 1299865
513 1299865
515 1299873
511 1299895
510 1299896
506 1299903
509 1299913
509 1299923
508 1299944
519 1299956
506 1299956
512 1299975
509 1299975
507 1299996
510 1299996
506 1300016
507 1300016
507 1300024
509 1300033
509 1300054
510 1300065
512 1300065
509 1300085
514 1300085
507 1300093
509 1300103
508 1300140
504 1300142
514 1300144
511 1300144
517 1300174
510 1300189
508 1300198
506 1300198
505 1300199
497 1300205
507 1300213
510 1300223
507 1300233
511 1300255
491 1300255
509 1300276
485 1300276
503 1300283
555 1300303
497 1300333
498 1300349
508 1300354
538 1300354
521 1300354
513 1300363
503 1300398
518 1300398
495 1300403
520 1300403
511 1300444
502 1300465
497 1300465
497 1300465
507 1300467
512 1300592
513 1300592
507 1300592
507 1300593
506 1300593
500 1300593
509 1300593
513 1300593
508 1300594
509 1300594
509 1300594
506 1300595
512 1300597
512 1300597
506 1300797
503 1300797
523 1300798
519 1300798
516 1300798
504 1300799
514 1300799
505 1300799
508 1300799
510 1300800
513 1300800
510 1300800
511 1300800
506 1300801
510 1300801
508 1300801
511 1300802
514 1300828
508 1300828
508 1300831
501 1300833
508 1300835
508 1300835
507 1300837
504 1300844
511 1300900
508 1300900
509 1300900
524 1300901
497 1300901
516 1300903
509 1301079
506 1301079
510 1301079
507 1301079
504 1301080
508 1301080
499 1301080
513 1301080
508 1301080
510 1301080
507 1301081
506 1301081
519 1301081
507 1301081
511 1301081
510 1301081
512 1301083
513 1301895
504 1301895
509 1301896
508 1301896
511 1301896
508 1301896
512 1301897
507 1301897
505 1301898
512 1301898
508 1301898
507 1301898
506 1301899
507 1301899
504 1301899
503 1301899
506 1301900
498 1301900
511 1301900
521 1301900
507 1301900
501 1301901
506 1301901
509 1301901
510 1301901
506 1301902
507 1301902
510 1301902
510 1301902
510 1301903
507 1301903
508 1301903
514 1301903
509 1301904
506 1301904
516 1301904
503 1301904
505 1301904
508 1301904
510 1301905
504 1301905
510 1301905
507 1301905
507 1301905
511 1301906
508 1301906
510 1301906
509 1301906
508 1301906
505 1301906
510 1301907
509 1301907
511 1301907
510 1301908
510 1301908
510 1301908
505 1301908
506 1301909
510 1301909
505 1301909
507 1301909
508 1301910
512 1301910
509 1301910
511 1301910
507 1301910
504 1301911
500 1301911
512 1301911
506 1301911
506 1301911
514 1301911
504 1301912
517 1301912
505 1301912
487 1301912
503 1301912
530 1301912
508 1301924
504 1301926
500 1301926
536 1301926
497 1301927
511 1301997
497 1301998
516 1301998
476 1301998
496 1301998
514 1301999
531 1302005
496 1302005
513 1302100
523 1302100
508 1302101
514 1302101
510 1302101
501 1302102
507 1302102
503 1302103
496 1302103
500 1302105
506 1302289
486 1302289
512 1302289
495 1302290
491 1302290
497 1302291
516 1302291
512 1302292
508 1302292
508 1302292
507 1302293
493 1302293
487 1302293
513 1302293
515 1302293
506 1302294
507 1302294
507 1302310
504 1302312
509 1302314
503 1302314
508 1302323
503 1302346
507 1302346
512 1302353
513 1302480
508 1302480
510 1302480
510 1302480
508 1302481
508 1302481
507 1302481
509 1302481
510 1302481
510 1302482
509 1302482
508 1302482
508 1302514
509 1302515
510 1302515
506 1302515
508 1302589
508 1302589
509 1302589
509 1302590
511 1302590
506 1302594
508 1302692
510 1302693
506 1302694
508 1302694
507 1302694
514 1302694
508 1302695
510 1302695
509 1302695
510 1302695
508 1302696
512 1302794
510 1302794
508 1302795
508 1302795
505 1302796
510 1302796
511 1302797
510 1302797
512 1302797
511 1302798
511 1302803
509 1302813
507 1302823
507 1302833
510 1302843
511 1302853
506 1302999
508 1302999
509 1302999
508 1303000
509 1303000
508 1303000
510 1303001
510 1303001
510 1303001
508 1303001
508 1303002
508 1303002
507 1303002
508 1303002
510 1303004
508 1303077
508 1303077
511 1303077
508 1303078
509 1303078
508 1303078
511 1303094
511 1303109
508 1303109
506 1303114
510 1303114
506 1303136
511 1303136
506 1303143
507 1303153
514 1303163
508 1303174
508 1303395
509 1303395
510 1303395
509 1303396
510 1303396
508 1303396
508 1303396
511 1303397
508 1303397
508 1303397
509 1303397
509 1303397
507 1303398
510 1303398
509 1303398
507 1303398
508 1303399
509 1303399
509 1303399
507 1303399
510 1303406
507 1303406
511 1303413
508 1303424
511 1303443
508 1303443
508 1303498
508 1303507
506 1303508
505 1303511
508 1303511
512 1303513
506 1303513
508 1303523
510 1303533
508 1303569
510 1303573
507 1303573
509 1303573
506 1303583
506 1303606
507 1303606
507 1303613
508 1303623
508 1303633
510 1303654
508 1303664
509 1303675
508 1303675
511 1303695
510 1303695
506 1303703
510 1303714
513 1303724
509 1303734
506 1303743
509 1303753
509 1303763
508 1303773
510 1303783
508 1303793
508 1303803
504 1303826
509 1303826
508 1303833
508 1303843
508 1303853
509 1303863
509 1303873
509 1303883
508 1303904
509 1303944
508 1303944
509 1303946
510 1303946
510 1303948
509 1303953
512 1303963
509 1303973
508 1303983
508 1303993
509 1304003
508 1304036
509 1304036
509 1304043
509 1304053
513 1304063
510 1304113
508 1304113
509 1304115
508 1304115
508 1304175
508 1304175
507 1304175
510 1304175
510 1304175
509 1304176
508 1304176
507 1304185
509 1304193
509 1304203
507 1304213
509 1304249
510 1304253
509 1304253
510 1304255
509 1304288
508 1304288
509 1304295
509 1304295
508 1304391
508 1304391
508 1304391
507 1304392
509 1304393
509 1304393
508 1304393
510 1304393
507 1304394
508 1304396
511 1304674
508 1304674
510 1304674
508 1304674
504 1304674
507 1304675
512 1304675
508 1304675
508 1304675
510 1304675
509 1304675
509 1304676
511 1304676
508 1304676
505 1304676
508 1304676
509 1304676
508 1304677
509 1304677
509 1304677
509 1304677
510 1304677
511 1304677
508 1304678
508 1304678
509 1304678
506 1304678
509 1304678
508 1304683
508 1304693
511 1304703
508 1304713
508 1304723
509 1304733
508 1304743
508 1304763
508 1304773
510 1304795
509 1304795
509 1304804
510 1304826
511 1304826
507 1304833
509 1304844
506 1304853
509 1304863
508 1304886
509 1304886
510 1304893
509 1304903
508 1304913
509 1304923
509 1304945
511 1304945
510 1304953
507 1304976
508 1304976
508 1304983
508 1305006
509 1305007
508 1305013
508 1305023
507 1305033
510 1305043
509 1305053
508 1305063
508 1305073
509 1305083
509 1305093
509 1305103
507 1305113
509 1305123
508 1305145
509 1305145
509 1305153
510 1305163
508 1305173
508 1305184
508 1305193
508 1305203
509 1305214
508 1305223
510 1305233
508 1305243
510 1305253
510 1305263
509 1305273
507 1305309
508 1305314
509 1305315
510 1305315
509 1305323
506 1305333
509 1305343
511 1305353
511 1305363
507 1305386
508 1305386
509 1305393
509 1305415
508 1305415
509 1305423
510 1305433
511 1305455
508 1305455
510 1305463
507 1305473
513 1305493
509 1305515
510 1305515
507 1305523
511 1305533
511 1305543
508 1305582
510 1305582
510 1305585
509 1305585
508 1306411
510 1306411
509 1306414
511 1306414
511 1306414
510 1306414
509 1306415
507 1306415
508 1306416
509 1306416
510 1306416
508 1306416
509 1306417
509 1306417
509 1306417
511 1306417
509 1306418
512 1306418
508 1306418
510 1306418
513 1306418
512 1306419
507 1306419
511 1306419
510 1306419
508 1306420
509 1306420
507 1306420
508 1306420
509 1306421
505 1306421
510 1306421
512 1306421
509 1306421
507 1306422
509 1306422
508 1306422
509 1306422
511 1306422
508 1306423
507 1306423
508 1306423
508 1306423
507 1306423
508 1306424
511 1306424
508 1306424
509 1306424
508 1306424
508 1306425
509 1306425
511 1306425
510 1306425
507 1306425
512 1306425
509 1306426
509 1306426
508 1306426
508 1306426
511 1306427
509 1306427
508 1306427
509 1306427
508 1306427
508 1306428
506 1306428
508 1306428
506 1306428
511 1306428
510 1306428
511 1306428
507 1306429
510 1306429
508 1306429
507 1306429
510 1306429
507 1306430
509 1306430
510 1306430
510 1306430
508 1306430
510 1306432
506 1306432
508 1306432
510 1306591
509 1306592
509 1306592
509 1306593
509 1306593
508 1306593
509 1306594
509 1306594
508 1306595
509 1306595
511 1306595
510 1306595
507 1306596
509 1306596
507 1306596
509 1306598
509 1306771
510 1306771
508 1306772
510 1306772
507 1306772
511 1306772
512 1306772
508 1306772
499 1306773
507 1306773
504 1306773
508 1306773
511 1306773
507 1306773
510 1306774
510 1306774
507 1306775
509 1306775
511 1306796
507 1306796
508 1306884
511 1306884
511 1306884
511 1306885
508 1306885
509 1306885
509 1306887
509 1306887
505 1307090
502 1307141
510 1307141
508 1307141
510 1307143
510 1307143
511 1307143
506 1307144
510 1307144
504 1307144
507 1307144
507 1307145
511 1307145
510 1307145
507 1307145
507 1307146
511 1307146
508 1307146
509 1307146
508 1307148
509 1307149
507 1307149
509 1307149
510 1307149
510 1307149
508 1307150
509 1307294
511 1307294
507 1307295
496 1307295
508 1307296
520 1307296
505 1307296
492 1307297
506 1307297
505 1307297
518 1307297
517 1307298
507 1307298
508 1307298
509 1307298
506 1307303
513 1307313
510 1307323
512 1307346
508 1307346
509 1307353
508 1307363
511 1307375
510 1307383
509 1307393
509 1307403
506 1307425
508 1307425
505 1307433
513 1307455
506 1307455
506 1307463
503 1307473
511 1307483
510 1307493
510 1307503
510 1307513
510 1307523
508 1307533
510 1307543
508 1307566
508 1307566
511 1307573
511 1307596
509 1307596
509 1307603
509 1307627
508 1307627
506 1307641
514 1307643
509 1307662
510 1307662
506 1307686
511 1307686
507 1307693
519 1307713
504 1307723
512 1307745
512 1307745
505 1307753
513 1307763
500 1307793
508 1307809
511 1307811
501 1307811
508 1307870
517 1307870
526 1307871
502 1307871
539 1307871
533 1307871
506 1307873
510 1307982
507 1307982
518 1307983
513 1307983
534 1307983
517 1307983
499 1307983
514 1307984
506 1307984
516 1307984
507 1307984
512 1307993
513 1308015
510 1308015
511 1308023
505 1308046
507 1308046
511 1308053
507 1308063
508 1308187
511 1308187
507 1308187
508 1308189
510 1308189
505 1308189
507 1308189
510 1308189
509 1308190
507 1308190
508 1308214
509 1308214
510 1308214
509 1308217
513 1308393
511 1308393
512 1308394
506 1308394
508 1308394
510 1308394
508 1308394
505 1308395
508 1308395
512 1308396
510 1308396
510 1308396
512 1308396
508 1308396
505 1308397
508 1308397
512 1308397
510 1308398
507 1308429
512 1308433
514 1308433
515 1308435
508 1308471
507 1308471
509 1308471
508 1308473
509 1308686
509 1308686
507 1308686
508 1308687
508 1308687
508 1308687
509 1308687
509 1308687
508 1308688
509 1308688
510 1308688
509 1308688
510 1308688
511 1308689
510 1308689
510 1308689
510 1308689
507 1308689
510 1308690
510 1308690
507 1308690
504 1308692
510 1308788
507 1308788
508 1308788
507 1308788
506 1308789
510 1308789
508 1308789
508 1308789
511 1308803
511 1308803
508 1308804
508 1308816
508 1308879
508 1308879
511 1308879
509 1308879
507 1308880
509 1308880
511 1308882
509 1309084
507 1309084
508 1309085
511 1309085
509 1309085
509 1309086
508 1309086
510 1309086
511 1309087
509 1309087
508 1309087
508 1309087
510 1309088
509 1309088
509 1309088
508 1309088
509 1309089
509 1309089
507 1309089
509 1309089
508 1309106
509 1309106
509 1309113
510 1309123
509 1309134
510 1309166
508 1309166
510 1309173
507 1309196
508 1309196
511 1309216
507 1309216
506 1309392
506 1309392
507 1309394
510 1309394
511 1309394
506 1309395
507 1309395
509 1309395
511 1309396
508 1309396
509 1309396
508 1309396
508 1309397
511 1309397
510 1309397
507 1309397
508 1309397
512 1309397
509 1309416
508 1309416
509 1309423
508 1309433
511 1309443
509 1309453
509 1309870
507 1309870
510 1309871
509 1309871
508 1309871
507 1309871
510 1309872
509 1309872
508 1309872
509 1309872
507 1309872
512 1309872
507 1309873
507 1309873
508 1309873
510 1309873
508 1309873
509 1309873
507 1309873
510 1309874
508 1309874
510 1309874
508 1309874
508 1309874
512 1309874
509 1309875
511 1309875
508 1309875
508 1309875
510 1309875
508 1309875
509 1309875
510 1309876
509 1309876
510 1309876
510 1309876
509 1309876
507 1309876
506 1309877
509 1309877
509 1309877
510 1309883
509 1310186
509 1310186
508 1310187
509 1310187
507 1310187
509 1310188
509 1310188
509 1310188
510 1310188
507 1310189
508 1310189
509 1310189
512 1310189
509 1310189
508 1310189
510 1310190
508 1310190
508 1310190
509 1310190
510 1310190
508 1310191
512 1310191
509 1310191
512 1310192
510 1310192
509 1310192
509 1310192
509 1310192
512 1310193
503 1310194
518 1310196
503 1310223
514 1310244
501 1310304
512 1310346
513 1310346
521 1310348
503 1310348
507 1310350
506 1310420
514 1310421
506 1310421
508 1310424
509 1310425
510 1310425
509 1310426
507 1310426
510 1310428
510 1310429
510 1310489
507 1310490
506 1310490
507 1310492
510 1310592
509 1310592
507 1310593
510 1310594
511 1310594
508 1310596
511 1310596
506 1310598
514 1310599
516 1310601
530 1310602
508 1310658
482 1310660
522 1310661
523 1310661
493 1310662
495 1310663
504 1310663
521 1310665
502 1310665
513 1310667
505 1310867
509 1310867
521 1310868
494 1310868
531 1310868
515 1310868
500 1310868
502 1310868
503 1310869
481 1310869
533 1310869
509 1310869
498 1310869
502 1310869
504 1310869
509 1310870
511 1310870
511 1310870
511 1310870
511 1310870
509 1310870
509 1310871
507 1310885
511 1310885
509 1310924
510 1310924
508 1310986
514 1310986
510 1310988
486 1310988
524 1310990
517 1310991
504 1310993
513 1310993
525 1311004
508 1311057
514 1311059
509 1311081
511 1311081
510 1311082
510 1311082
500 1311082
512 1311082
506 1311084
504 1311086
509 1311125
509 1311125
509 1311185
511 1311186
507 1311187
509 1311187
508 1311189
508 1311336
507 1311336
507 1311353
508 1311399
508 1311401
511 1311401
505 1311579
505 1311591
516 1311592
515 1311592
507 1311592
513 1311592
513 1311592
508 1311592
511 1311592
511 1311593
507 1311593
509 1311593
510 1311593
512 1311593
507 1311593
510 1311594
509 1311594
512 1311594
509 1311594
508 1311594
509 1311594
507 1311595
511 1311595
510 1311647
507 1311648
508 1311648
508 1311648
510 1311648
510 1311649
506 1311649
510 1311649
510 1311649
506 1311649
507 1311649
509 1311650
512 1311652
508 1311652
509 1311652
508 1311652
508 1311652
507 1311653
509 1311653
511 1311653
507 1311734
509 1311737
509 1311737
509 1311738
509 1311738
509 1311738
509 1311784
509 1311784
509 1311784
509 1311784
509 1311785
509 1311785
510 1311825
510 1311825
508 1311825
510 1311827
510 1311829
510 1311857
507 1311859
511 1311887
508 1311887
509 1311894
508 1311906
509 1311906
509 1311915
508 1311915
508 1311965
511 1311965
509 1311965
510 1311965
507 1311966
509 1311976
509 1311997
508 1311997
510 1312003
507 1312013
510 1312035
511 1312035
510 1312043
508 1312066
507 1312066
509 1312085
509 1312085
508 1312128
510 1312128
508 1312130
510 1312180
511 1312180
510 1312180
507 1312180
508 1312183
508 1312183
511 1312488
510 1312488
510 1312489
509 1312489
510 1312489
508 1312490
510 1312490
509 1312490
511 1312490
508 1312490
508 1312490
509 1312491
509 1312491
509 1312491
511 1312491
509 1312491
507 1312491
510 1312492
507 1312492
508 1312492
508 1312492
509 1312493
509 1312493
509 1312493
509 1312493
507 1312516
510 1312516
507 1312523
510 1312586
509 1312586
509 1312588
509 1312590
510 1312590
508 1312592
511 1312592
510 1312594
507 1312594
510 1312602
509 1312604
508 1312623
509 1312623
508 1312623
508 1312625
507 1312634
508 1312636
505 1312784
508 1312784
506 1312785
509 1312785
510 1312785
510 1312786
510 1312786
508 1312786
510 1312786
510 1312787
510 1312787
506 1312787
510 1312788
507 1312788
510 1312818
511 1312818
506 1312823
509 1312823
511 1312832
509 1312856
508 1312856
507 1312863
509 1312873
511 1312883
509 1312918
508 1312919
508 1312974
512 1312975
508 1312975
509 1312975
508 1312975
508 1312976
508 1312976
507 1312983
509 1312993
507 1313003
509 1313013
510 1313023
509 1313032
509 1313042
508 1313053
508 1313063
518 1313179
498 1313179
523 1313180
504 1313180
496 1313180
493 1313181
535 1313181
539 1313181
530 1313182
524 1313182
504 1313184
517 1313185
504 1313193
509 1313203
504 1313213
509 1313235
509 1313236
510 1313243
512 1313253
508 1313275
505 1313275
511 1313295
510 1313295
515 1313306
502 1313384
512 1313384
504 1313384
508 1313385
507 1313385
510 1313385
512 1313386
510 1313388
516 1313486
508 1313487
508 1313487
511 1313488
507 1313489
512 1313489
512 1313489
507 1313490
508 1313499
506 1313499
509 1313503
508 1313503
507 1313564
513 1313564
505 1313564
508 1313564
509 1313565
510 1313565
512 1313572
508 1313595
515 1313595
510 1313603
509 1313613
503 1313635
512 1313635
509 1313643
512 1313653
504 1313686
508 1313686
510 1313718
508 1313718
507 1313723
511 1313723
510 1313745
508 1313745
508 1313752
506 1313762
509 1313783
509 1313808
508 1313808
510 1313810
511 1314563
511 1314563
506 1314563
508 1314564
508 1314564
508 1314564
508 1314564
508 1314564
512 1314564
511 1314565
508 1314565
509 1314565
507 1314565
509 1314565
508 1314565
511 1314566
507 1314566
509 1314566
507 1314566
509 1314566
508 1314566
510 1314566
509 1314567
509 1314567
509 1314567
508 1314567
509 1314567
507 1314567
509 1314568
507 1314568
508 1314568
508 1314568
510 1314568
511 1314568
509 1314569
509 1314569
509 1314569
508 1314569
509 1314569
508 1314569
509 1314570
508 1314570
507 1314570
510 1314570
508 1314570
509 1314570
508 1314571
511 1314571
508 1314571
507 1314571
507 1314571
509 1314571
509 1314572
510 1314572
509 1314572
511 1314572
507 1314572
509 1314572
509 1314572
507 1314573
507 1314573
508 1314573
507 1314573
509 1314573
509 1314573
509 1314574
507 1314574
508 1314574
508 1314574
509 1314574
510 1314574
509 1314575
509 1314575
509 1314575
509 1314575
509 1314577
508 1314778
510 1314778
510 1314778
510 1314779
508 1314779
510 1314779
509 1314779
510 1314780
509 1314780
508 1314780
508 1314780
509 1314781
509 1314781
509 1314781
509 1314782
509 1314782
509 1314782
508 1314782
508 1314783
510 1314783
507 1314785
509 1314885
509 1314885
508 1314885
509 1314885
510 1314886
508 1314886
508 1314886
509 1314886
507 1314886
509 1314886
510 1314910
510 1314910
509 1314912
510 1314936
509 1314936
508 1314943
507 1314966
510 1314966
510 1314973
507 1314996
508 1314996
508 1315003
511 1315013
509 1315036
509 1315036
508 1315043
509 1315053
508 1315085
506 1315085
512 1315093
509 1315103
510 1315124
510 1315135
509 1315135
509 1315155
509 1315155
509 1315163
508 1315173
507 1315195
509 1315195
509 1315202
509 1315212
508 1315235
508 1315235
511 1315243
508 1315252
508 1315262
507 1315272
507 1315282
509 1315305
510 1315305
509 1315313
508 1315323
508 1315333
507 1315343
509 1315353
510 1315375
508 1315375
509 1315383
510 1315405
508 1315405
506 1315415
509 1315423
507 1315446
508 1315446
510 1315453
509 1315463
508 1315473
512 1315483
508 1315493
506 1315503
508 1315513
509 1315523
509 1315533
506 1315543
508 1315553
510 1315563
507 1315573
511 1315583
507 1315593
509 1315602
508 1315612
507 1315623
509 1315645
508 1315645
507 1315652
510 1315662
510 1315672
510 1315682
509 1315694
508 1315703
508 1315713
510 1315723
508 1315733
507 1315743
509 1315753
510 1315763
506 1315786
509 1315786
509 1315793
508 1315829
509 1315833
509 1315833
511 1315835
510 1315878
508 1315889
508 1315901
509 1315925
510 1315942
509 1315952
509 1315952
509 1315952
508 1315991
511 1315991
511 1315992
509 1315994
508 1315994
507 1315994
510 1315994
508 1316002
508 1316012
509 1316022
512 1316033
511 1316041
507 1316073
507 1316093
508 1316093
508 1316093
509 1316095
510 1316109
507 1316113
509 1316123
510 1316160
508 1316160
508 1316160
506 1316162
510 1316273
509 1316273
508 1316273
509 1316273
510 1316274
510 1316274
508 1316274
509 1316275
508 1316275
509 1316275
509 1316375
509 1316375
509 1316375
508 1316376
509 1316376
508 1316376
508 1316377
508 1316377
509 1316377
509 1316377
509 1316377
509 1316383
509 1316393
509 1316403
508 1316413
508 1316436
507 1316436
510 1316454
508 1316465
509 1316465
510 1316487
509 1316487
508 1316493
509 1316503
509 1316517
509 1316523
507 1316584
507 1316584
510 1316584
509 1316584
508 1316585
509 1316592
511 1316602
507 1316612
507 1316623
507 1316633
507 1316643
510 1316774
509 1316774
508 1316775
505 1316775
510 1316775
509 1316776
508 1316776
509 1316776
508 1316776
509 1316777
508 1316777
507 1316777
507 1316786
508 1316786
510 1316793
509 1316829
510 1316831
510 1316833
509 1316833
510 1316843
509 1316853
507 1316979
509 1316979
511 1316979
509 1316980
509 1316980
508 1316980
509 1316981
511 1316981
509 1316981
508 1316981
508 1316982
511 1316982
507 1316996
508 1316996
509 1317003
506 1317013
508 1317036
507 1317036
510 1317043
511 1317160
511 1317160
510 1317160
512 1317161
509 1317161
508 1317161
506 1317161
510 1317162
508 1317162
510 1317162
513 1317162
510 1317164
508 1317374
507 1317374
509 1317375
510 1317375
508 1317375
508 1317375
508 1317376
511 1317376
510 1317376
510 1317377
510 1317377
508 1317377
508 1317377
508 1317377
509 1317378
509 1317378
512 1317378
509 1317378
509 1317378
508 1317379
508 1317383
509 1317419
508 1317419
508 1317422
508 1317579
512 1317580
508 1317580
508 1317581
509 1317581
507 1317581
510 1317582
511 1317582
508 1317583
508 1317583
509 1317583
510 1317583
505 1317583
509 1317584
510 1317584
507 1317584
510 1317586
510 1317758
510 1317758
511 1317758
513 1317759
508 1317759
507 1317759
507 1317759
507 1317759
510 1317760
509 1317760
509 1317760
509 1317760
509 1317760
509 1317760
507 1317761
509 1317761
509 1317761
507 1317775
506 1317775
508 1317782
507 1317793
511 1317830
508 1317833
507 1317833
511 1317833
507 1317974
510 1317974
509 1317974
509 1317974
509 1317975
509 1317975
509 1317975
508 1317975
509 1317976
507 1317976
507 1317976
510 1317976
510 1317976
508 1317976
511 1317983
508 1317993
507 1318003
509 1318013
510 1318180
508 1318180
508 1318180
508 1318181
508 1318181
510 1318181
507 1318182
508 1318182
508 1318182
511 1318183
510 1318183
509 1318183
511 1318183
510 1318183
509 1318184
510 1318186
509 1318472
508 1318473
507 1318473
510 1318473
510 1318474
509 1318474
507 1318474
508 1318475
509 1318475
507 1318475
508 1318475
506 1318475
508 1318476
507 1318476
508 1318476
506 1318476
511 1318477
509 1318477
510 1318477
508 1318477
507 1318477
507 1318477
510 1318478
509 1318478
507 1318478
509 1318478
506 1318480
510 1318482
510 1318482
508 1318484
510 1318677
510 1318678
508 1318678
508 1318678
508 1318679
510 1318679
510 1318680
509 1318680
508 1318680
508 1318680
510 1318681
511 1318681
507 1318681
507 1318681
507 1318682
509 1318682
509 1318682
509 1318682
510 1318684
508 1318686
508 1318693
509 1318703
511 1318739
509 1318743
510 1318743
508 1318744
507 1318752
510 1318775
508 1318775
508 1318782
510 1318792
510 1318803
511 1318813
510 1318823
509 1318833
507 1318843
510 1318853
507 1318873
512 1318883
507 1318893
510 1318903
508 1318927
510 1318927
508 1318959
507 1318959
508 1318959
509 1318963
509 1318973
508 1318983
506 1318993
507 1319003
512 1319013
511 1319036
509 1319036
505 1319043
506 1319053
509 1319063
508 1319073
506 1319083
508 1319093
509 1319103
510 1319112
510 1319123
505 1319145
511 1319145
510 1319152
510 1319162
507 1319172
509 1319183
508 1319205
511 1319205
509 1319212
509 1319222
511 1319232
509 1319378
508 1319379
509 1319379
510 1319379
509 1319380
509 1319380
506 1319380
508 1319381
510 1319381
509 1319381
508 1319384
510 1319384
511 1319385
508 1319385
509 1319388
510 1319456
507 1319456
509 1319456
508 1319456
508 1319457
509 1319457
510 1319478
510 1319478
509 1319484
509 1319484
508 1319493
509 1319503
510 1319513
507 1319523
511 1319533
508 1319544
509 1319563
510 1319575
506 1319575
508 1319583
509 1319593
506 1319625
510 1319625
509 1319632
509 1319643
508 1319653
508 1319663
508 1319680
507 1319682
506 1319692
508 1319702
508 1319712
510 1319722
508 1319746
506 1319746
508 1319754
507 1319776
509 1319776
508 1319783
509 1319793
509 1319803
508 1319813
509 1319848
508 1319848
509 1320855
510 1320855
507 1320855
507 1320856
509 1320856
510 1320857
509 1320857
508 1320857
510 1320857
510 1320858
510 1320858
508 1320858
508 1320859
509 1320859
509 1320859
510 1320860
507 1320860
510 1320860
510 1320861
511 1320861
509 1320861
508 1320862
508 1320862
508 1320862
508 1320863
508 1320863
508 1320863
509 1320864
511 1320864
510 1320864
507 1320864
508 1320865
509 1320865
509 1320866
511 1320866
508 1320866
510 1320866
509 1320867
510 1320867
506 1320867
508 1320867
507 1320868
506 1320868
508 1320869
505 1320869
509 1320869
507 1320869
509 1320870
509 1320870
508 1320870
510 1320870
508 1320870
509 1320870
508 1320871
508 1320871
510 1320871
509 1320871
508 1320871
510 1320871
509 1320871
508 1320872
510 1320872
509 1320872
509 1320872
511 1320872
512 1320872
508 1320872
508 1320873
509 1320873
509 1320873
509 1320873
509 1320873
508 1320873
509 1320873
510 1320874
509 1320874
507 1320874
508 1320874
506 1320874
508 1320874
508 1320875
509 1320875
511 1320875
511 1320875
510 1320875
508 1320876
508 1320876
507 1320876
509 1320876
509 1320876
507 1320877
508 1320877
510 1320877
509 1320877
508 1320877
508 1320878
509 1320878
509 1320878
509 1320878
509 1321062
512 1321063
509 1321064
507 1321064
509 1321065
507 1321065
512 1321065
508 1321065
509 1321065
509 1321066
507 1321066
509 1321066
509 1321066
510 1321067
508 1321067
509 1321067
510 1321067
508 1321067
510 1321067
507 1321068
508 1321068
508 1321068
508 1321173
506 1321173
510 1321173
505 1321175
511 1321175
506 1321175
506 1321176
499 1321176
507 1321176
504 1321178
502 1321178
508 1321275
508 1321275
510 1321275
508 1321276
506 1321276
512 1321276
509 1321277
509 1321277
506 1321277
505 1321278
507 1321378
511 1321379
509 1321379
508 1321379
508 1321380
514 1321380
512 1321380
508 1321380
506 1321386
512 1321386
511 1321394
512 1321394
509 1321403
506 1321413
512 1321422
511 1321432
500 1321442
511 1321453
510 1321475
504 1321475
506 1321482
511 1321492
508 1321502
508 1321535
508 1321535
511 1321545
507 1321545
508 1321552
509 1321575
508 1321575
509 1321595
509 1321596
509 1321602
514 1321626
511 1321626
488 1321633
508 1321642
481 1321652
531 1321662
505 1321672
514 1321698
509 1321698
505 1321703
494 1321712
512 1321776
510 1321776
508 1321776
508 1321776
507 1321777
509 1321783
511 1321795
514 1321795
510 1321803
508 1321825
509 1321826
509 1321843
507 1321852
501 1321865
505 1321871
507 1321893
504 1321905
511 1321905
510 1321912
511 1321924
508 1321932
506 1321942
509 1321952
507 1321962
507 1321972
509 1322007
506 1322009
509 1322012
507 1322012
510 1322022
507 1322033
509 1322042
509 1322052
512 1322062
507 1322073
507 1322082
511 1322105
511 1322105
509 1322112
511 1322122
508 1322171
515 1322171
506 1322172
515 1322172
509 1322172
503 1322195
507 1322195
500 1322228
509 1322229
510 1322233
507 1322233
514 1322242
502 1322253
520 1322262
513 1322273
518 1322283
502 1322376
514 1322376
499 1322376
495 1322377
504 1322377
494 1322377
489 1322378
485 1322378
500 1322378
510 1322383
515 1322393
514 1322403
507 1322425
509 1322425
510 1322432
509 1322443
506 1322453
505 1322475
508 1322475
508 1322481
510 1322492
507 1322502
509 1322512
510 1322548
512 1322548
510 1322553
508 1322553
508 1322573
508 1322583
512 1322592
508 1322603
508 1322615
508 1322623
511 1322632
510 1322643
509 1322652
511 1322662
509 1322672
509 1322682
508 1322705
509 1322705
507 1322712
508 1322736
509 1322736
509 1322772
508 1322772
510 1322772
509 1322773
509 1322795
510 1322795
508 1322803
511 1322813
509 1322823
511 1322833
510 1322843
510 1322866
510 1322866
509 1322888
511 1322888
507 1322920
511 1322922
510 1322922
509 1322959
507 1322959
509 1322968
510 1322968
508 1322973
509 1322973
509 1323008
506 1323008
510 1323013
509 1323013
508 1323023
508 1323033
509 1323042
509 1323053
506 1323063
509 1323074
508 1323083
510 1323167
508 1323168
509 1323170
508 1323170
511 1323170
509 1323184
511 1323184
510 1323184
509 1323186
508 1323186
508 1323210
508 1323231
506 1323231
509 1323233
508 1323233
509 1323257
510 1323258
507 1323262
508 1323272
511 1323283
510 1323293
509 1323303
508 1323323
510 1323333
509 1323357
510 1323358
508 1323363
510 1323373
508 1323383
508 1323393
506 1323403
508 1323413
509 1323423
510 1323445
512 1323445
512 1323454
511 1323475
511 1323475
507 1323483
508 1323493
509 1323503
510 1323512
508 1323535
510 1323535
508 1323542
508 1323552
510 1323562
511 1323585
510 1323585
509 1323592
509 1323603
508 1323666
510 1323666
508 1323666
505 1323667
510 1323667
510 1323667
506 1323673
507 1323695
507 1323695
508 1323703
507 1323725
506 1323726
510 1323757
510 1323759
507 1323761
509 1323773
509 1323785
508 1323785
508 1324426
510 1324426
509 1324426
508 1324426
507 1324426
509 1324427
508 1324427
508 1324427
510 1324427
510 1324427
509 1324428
508 1324428
510 1324428
511 1324428
510 1324428
506 1324429
511 1324429
509 1324429
510 1324429
505 1324429
507 1324429
508 1324429
508 1324430
511 1324430
511 1324430
508 1324430
504 1324430
506 1324430
512 1324431
510 1324431
507 1324431
509 1324431
533 1324431
513 1324431
503 1324432
510 1324432
503 1324432
515 1324432
514 1324432
511 1324432
508 1324433
513 1324433
509 1324433
509 1324433
509 1324433
511 1324434
509 1324434
508 1324434
508 1324434
510 1324434
508 1324435
509 1324435
505 1324435
505 1324435
513 1324435
512 1324435
509 1324435
511 1324436
509 1324436
506 1324436
510 1324436
511 1324436
524 1324462
529 1324462
491 1324463
510 1324463
522 1325198
490 1325198
486 1325198
515 1325198
531 1325198
524 1325199
516 1325199
505 1325199
508 1325199
509 1325199
513 1325199
509 1325200
512 1325200
506 1325200
508 1325200
506 1325200
507 1325200
508 1325201
507 1325201
506 1325201
508 1325201
510 1325201
510 1325201
510 1325202
511 1325202
508 1325202
503 1325202
507 1325202
503 1325202
505 1325202
512 1325203
509 1325203
508 1325203
507 1325203
509 1325203
511 1325203
508 1325204
510 1325204
509 1325204
511 1325204
510 1325204
509 1325204
508 1325205
510 1325205
518 1325205
510 1325205
493 1325205
513 1325205
518 1325205
501 1325206
495 1325206
504 1325206
499 1325207
508 1325207
505 1325207
508 1325207
506 1325207
512 1325207
510 1325208
508 1325208
505 1325208
507 1325208
511 1325208
510 1325208
510 1325208
509 1325209
510 1325209
508 1325209
509 1325209
503 1325209
500 1325209
504 1325210
506 1325210
505 1325211
511 1325211
502 1325225
