-0.6962890625 0.369140625 0.35791015625 1379301
-0.6962890625 0.369140625 0.35791015625 1379301
-0.6962890625 0.369140625 0.35791015625 1379474
-0.6962890625 0.369140625 0.35791015625 1379475
0.01123046875 0.4296875 0.9873046875 1379475
0.01123046875 0.4296875 0.9873046875 1379475
0.0107421875 0.4296875 0.984375 1379812
0.0107421875 0.4296875 0.984375 1379812
0.0107421875 0.4296875 0.984375 1379812
0.0107421875 0.4296875 0.984375 1379813
0.0087890625 0.42236328125 0.98681640625 1379942
0.0087890625 0.42236328125 0.98681640625 1379942
0.0087890625 0.42236328125 0.98681640625 1379942
0.0087890625 0.42236328125 0.98681640625 1379950
0.01171875 0.4267578125 0.99169921875 1380107
0.01171875 0.4267578125 0.99169921875 1380108
0.01171875 0.4267578125 0.99169921875 1380108
0.01171875 0.4267578125 0.99169921875 1380109
0.01513671875 0.42529296875 0.9873046875 1380214
0.01513671875 0.42529296875 0.9873046875 1380214
0.01513671875 0.42529296875 0.9873046875 1380214
0.00732421875 0.42041015625 0.98388671875 1380316
0.00732421875 0.42041015625 0.98388671875 1380316
0.00732421875 0.42041015625 0.98388671875 1380316
0.00732421875 0.42041015625 0.98388671875 1380317
0.009765625 0.4208984375 0.9833984375 1380418
0.009765625 0.4208984375 0.9833984375 1380419
0.009765625 0.4208984375 0.9833984375 1380419
0.009765625 0.4208984375 0.9833984375 1380419
0.02392578125 0.4267578125 0.990234375 1380607
0.02392578125 0.4267578125 0.990234375 1380608
0.02392578125 0.4267578125 0.990234375 1380608
0.02392578125 0.4267578125 0.990234375 1380608
0.015625 0.42333984375 0.98193359375 1380710
0.015625 0.42333984375 0.98193359375 1380710
0.015625 0.42333984375 0.98193359375 1380710
0.015625 0.42333984375 0.98193359375 1380711
0.01318359375 0.42529296875 0.9921875 1380812
0.01318359375 0.42529296875 0.9921875 1380812
0.01318359375 0.42529296875 0.9921875 1380813
0.01318359375 0.42529296875 0.9921875 1380813
0.02392578125 0.41455078125 0.990234375 1380915
0.02392578125 0.41455078125 0.990234375 1380915
0.02392578125 0.41455078125 0.990234375 1380916
0.02392578125 0.41455078125 0.990234375 1380916
0.01416015625 0.41943359375 0.98193359375 1381018
0.01416015625 0.41943359375 0.98193359375 1381018
0.01416015625 0.41943359375 0.98193359375 1381019
0.01416015625 0.41943359375 0.98193359375 1381019
0.0185546875 0.42529296875 0.98974609375 1381197
0.0185546875 0.42529296875 0.98974609375 1381197
0.0185546875 0.42529296875 0.98974609375 1381197
0.0185546875 0.42529296875 0.98974609375 1381198
0.01953125 0.42919921875 0.98583984375 1381308
0.01953125 0.42919921875 0.98583984375 1381308
0.01953125 0.42919921875 0.98583984375 1381308
0.01953125 0.42919921875 0.98583984375 1381309
0.0263671875 0.42236328125 0.9912109375 1381410
0.0263671875 0.42236328125 0.9912109375 1381410
0.0263671875 0.42236328125 0.9912109375 1381410
0.0263671875 0.42236328125 0.9912109375 1381411
0.01904296875 0.427734375 0.99072265625 1381524
0.01904296875 0.427734375 0.99072265625 1381526
0.01904296875 0.427734375 0.99072265625 1381527
0.01904296875 0.427734375 0.99072265625 1381527
0.0166015625 0.427734375 0.9833984375 1381633
0.0166015625 0.427734375 0.9833984375 1381634
0.0166015625 0.427734375 0.9833984375 1381634
0.0166015625 0.427734375 0.9833984375 1381634
0.02001953125 0.4228515625 0.986328125 1381737
0.02001953125 0.4228515625 0.986328125 1381737
0.02001953125 0.4228515625 0.986328125 1381737
0.02001953125 0.4228515625 0.986328125 1381738
0.00244140625 0.4189453125 0.974609375 1381904
0.00244140625 0.4189453125 0.974609375 1381905
0.00244140625 0.4189453125 0.974609375 1381905
0.00244140625 0.4189453125 0.974609375 1381905
0.01708984375 0.419921875 0.9912109375 1382021
0.01708984375 0.419921875 0.9912109375 1382022
0.01708984375 0.419921875 0.9912109375 1382022
0.01708984375 0.419921875 0.9912109375 1382157
0.0263671875 0.4404296875 1.00390625 1382173
0.0263671875 0.4404296875 1.00390625 1382174
0.0263671875 0.4404296875 1.00390625 1382174
0.0087890625 0.43798828125 0.96435546875 1382341
0.0087890625 0.43798828125 0.96435546875 1382341
0.0087890625 0.43798828125 0.96435546875 1382341
0.0087890625 0.43798828125 0.96435546875 1382342
0.01171875 0.43115234375 0.98779296875 1382506
0.01171875 0.43115234375 0.98779296875 1382506
0.01171875 0.43115234375 0.98779296875 1382506
0.01171875 0.43115234375 0.98779296875 1382507
0.01220703125 0.42431640625 0.9853515625 1382609
0.01220703125 0.42431640625 0.9853515625 1382609
0.01220703125 0.42431640625 0.9853515625 1382609
0.01220703125 0.42431640625 0.9853515625 1382610
0.0068359375 0.4140625 0.9912109375 1382711
0.0068359375 0.4140625 0.9912109375 1382711
0.0068359375 0.4140625 0.9912109375 1382712
0.0068359375 0.4140625 0.9912109375 1382712
0.0263671875 0.4306640625 1.00390625 1382813
0.0263671875 0.4306640625 1.00390625 1382814
0.0263671875 0.4306640625 1.00390625 1382814
0.0263671875 0.4306640625 1.00390625 1382814
0.00146484375 0.41943359375 0.98046875 1382916
0.00146484375 0.41943359375 0.98046875 1382917
0.00146484375 0.41943359375 0.98046875 1382917
0.00146484375 0.41943359375 0.98046875 1382917
0.0234375 0.41943359375 0.99169921875 1383107
0.0234375 0.41943359375 0.99169921875 1383108
0.0234375 0.41943359375 0.99169921875 1383108
0.0234375 0.41943359375 0.99169921875 1383109
0.01123046875 0.42919921875 0.9775390625 1383209
0.01123046875 0.42919921875 0.9775390625 1383210
0.01123046875 0.42919921875 0.9775390625 1383210
0.01123046875 0.42919921875 0.9775390625 1383210
0.03076171875 0.40869140625 0.97802734375 1383312
0.03076171875 0.40869140625 0.97802734375 1383312
0.03076171875 0.40869140625 0.97802734375 1383313
0.03076171875 0.40869140625 0.97802734375 1383313
0.033203125 0.43505859375 0.99072265625 1383415
0.033203125 0.43505859375 0.99072265625 1383415
0.033203125 0.43505859375 0.99072265625 1383415
0.033203125 0.43505859375 0.99072265625 1383416
0.02392578125 0.42431640625 0.990234375 1383605
0.02392578125 0.42431640625 0.990234375 1383605
0.02392578125 0.42431640625 0.990234375 1383606
0.02392578125 0.42431640625 0.990234375 1383606
0.02001953125 0.427734375 0.9853515625 1383711
0.02001953125 0.427734375 0.9853515625 1383711
0.02001953125 0.427734375 0.9853515625 1383712
0.02001953125 0.427734375 0.9853515625 1383712
0.01171875 0.42431640625 0.98876953125 1383912
0.01171875 0.42431640625 0.98876953125 1383913
0.01171875 0.42431640625 0.98876953125 1383913
0.01171875 0.42431640625 0.98876953125 1383913
0.01953125 0.41748046875 0.994140625 1384015
0.01953125 0.41748046875 0.994140625 1384015
0.01953125 0.41748046875 0.994140625 1384015
0.01953125 0.41748046875 0.994140625 1384016
0.00634765625 0.4189453125 0.9892578125 1384205
0.00634765625 0.4189453125 0.9892578125 1384205
0.00634765625 0.4189453125 0.9892578125 1384205
0.00634765625 0.4189453125 0.9892578125 1384206
0.0009765625 0.4296875 0.982421875 1384309
0.0009765625 0.4296875 0.982421875 1384309
0.0009765625 0.4296875 0.982421875 1384310
0.0009765625 0.4296875 0.982421875 1384310
0.00146484375 0.42041015625 0.984375 1384506
0.00146484375 0.42041015625 0.984375 1384506
0.00146484375 0.42041015625 0.984375 1384506
0.00146484375 0.42041015625 0.984375 1384507
0.00732421875 0.42138671875 0.99169921875 1384608
0.00732421875 0.42138671875 0.99169921875 1384608
0.00732421875 0.42138671875 0.99169921875 1384608
0.00732421875 0.42138671875 0.99169921875 1384609
0.0107421875 0.42041015625 0.9970703125 1384711
0.0107421875 0.42041015625 0.9970703125 1384711
0.0107421875 0.42041015625 0.9970703125 1384711
0.0107421875 0.42041015625 0.9970703125 1384712
0.0244140625 0.4208984375 0.99365234375 1384814
0.0244140625 0.4208984375 0.99365234375 1384814
0.0244140625 0.4208984375 0.99365234375 1384814
0.0244140625 0.4208984375 0.99365234375 1384815
0.02490234375 0.42529296875 0.98828125 1385003
0.02490234375 0.42529296875 0.98828125 1385003
0.02490234375 0.42529296875 0.98828125 1385003
0.02490234375 0.42529296875 0.98828125 1385004
0.01416015625 0.43896484375 0.98193359375 1385106
0.01416015625 0.43896484375 0.98193359375 1385106
0.01416015625 0.43896484375 0.98193359375 1385106
0.01416015625 0.43896484375 0.98193359375 1385107
0.01416015625 0.42431640625 0.9833984375 1385223
0.01416015625 0.42431640625 0.9833984375 1385224
0.01416015625 0.42431640625 0.9833984375 1385224
0.01416015625 0.42431640625 0.9833984375 1385224
0.0380859375 0.4169921875 0.9931640625 1385415
0.0380859375 0.4169921875 0.9931640625 1385415
0.0380859375 0.4169921875 0.9931640625 1385416
0.0380859375 0.4169921875 0.9931640625 1385416
0.033203125 0.41943359375 0.99609375 1385604
0.033203125 0.41943359375 0.99609375 1385604
0.033203125 0.41943359375 0.99609375 1385604
0.033203125 0.41943359375 0.99609375 1385605
0.0263671875 0.39794921875 0.978515625 1385706
0.0263671875 0.39794921875 0.978515625 1385706
0.0263671875 0.39794921875 0.978515625 1385706
0.0263671875 0.39794921875 0.978515625 1385707
0.0361328125 0.4150390625 1.00048828125 1385808
0.0361328125 0.4150390625 1.00048828125 1385808
0.0361328125 0.4150390625 1.00048828125 1385809
0.0361328125 0.4150390625 1.00048828125 1385809
0.037109375 0.41162109375 0.998046875 1385911
0.037109375 0.41162109375 0.998046875 1385911
0.037109375 0.41162109375 0.998046875 1385912
0.037109375 0.41162109375 0.998046875 1385912
0.02734375 0.408203125 0.9921875 1386013
0.02734375 0.408203125 0.9921875 1386014
0.02734375 0.408203125 0.9921875 1386014
0.02734375 0.408203125 0.9921875 1386014
0.025390625 0.404296875 0.9912109375 1386204
0.025390625 0.404296875 0.9912109375 1386204
0.025390625 0.404296875 0.9912109375 1386205
0.025390625 0.404296875 0.9912109375 1386205
0.02978515625 0.416015625 0.98974609375 1386307
0.02978515625 0.416015625 0.98974609375 1386308
0.02978515625 0.416015625 0.98974609375 1386308
0.02978515625 0.416015625 0.98974609375 1386308
0.0361328125 0.4150390625 0.99853515625 1386409
0.0361328125 0.4150390625 0.99853515625 1386410
0.0361328125 0.4150390625 0.99853515625 1386410
0.0361328125 0.4150390625 0.99853515625 1386410
0.033203125 0.41796875 0.99462890625 1386512
0.033203125 0.41796875 0.99462890625 1386512
0.033203125 0.41796875 0.99462890625 1386513
0.033203125 0.41796875 0.99462890625 1386513
0.02783203125 0.40673828125 0.99169921875 1386702
0.02783203125 0.40673828125 0.99169921875 1386702
0.02783203125 0.40673828125 0.99169921875 1386702
0.02783203125 0.40673828125 0.99169921875 1386703
0.02685546875 0.412109375 1.0009765625 1386805
0.02685546875 0.412109375 1.0009765625 1386805
0.02685546875 0.412109375 1.0009765625 1386814
0.02685546875 0.412109375 1.0009765625 1386814
0.03466796875 0.4052734375 0.99951171875 1386908
0.03466796875 0.4052734375 0.99951171875 1386908
0.025390625 0.42724609375 1 1387010
0.025390625 0.42724609375 1 1387010
0.025390625 0.42724609375 1 1387010
0.025390625 0.42724609375 1 1387011
0.02685546875 0.40185546875 0.9921875 1387112
0.02685546875 0.40185546875 0.9921875 1387112
0.02685546875 0.40185546875 0.9921875 1387112
0.02685546875 0.40185546875 0.9921875 1387113
0.02490234375 0.40966796875 0.98779296875 1387303
0.02490234375 0.40966796875 0.98779296875 1387303
0.02490234375 0.40966796875 0.98779296875 1387304
0.02490234375 0.40966796875 0.98779296875 1387304
0.0234375 0.39501953125 0.9951171875 1387405
0.0234375 0.39501953125 0.9951171875 1387405
0.0234375 0.39501953125 0.9951171875 1387405
0.0234375 0.39501953125 0.9951171875 1387406
0.02099609375 0.40869140625 1.0068359375 1387510
0.02099609375 0.40869140625 1.0068359375 1387510
0.02099609375 0.40869140625 1.0068359375 1387511
0.02099609375 0.40869140625 1.0068359375 1387511
0.025390625 0.4033203125 0.99755859375 1387700
0.025390625 0.4033203125 0.99755859375 1387700
0.025390625 0.4033203125 0.99755859375 1387700
0.025390625 0.4033203125 0.99755859375 1387701
0.02783203125 0.408203125 1.0009765625 1387802
0.02783203125 0.408203125 1.0009765625 1387802
0.02783203125 0.408203125 1.0009765625 1387802
0.02783203125 0.408203125 1.0009765625 1387803
0.0263671875 0.3974609375 0.99755859375 1387908
0.0263671875 0.3974609375 0.99755859375 1387908
0.0263671875 0.3974609375 0.99755859375 1387908
0.0263671875 0.3974609375 0.99755859375 1387909
0.02294921875 0.4169921875 0.99853515625 1388013
0.02294921875 0.4169921875 0.99853515625 1388013
0.02294921875 0.4169921875 0.99853515625 1388014
0.02294921875 0.4169921875 0.99853515625 1388014
0.01708984375 0.40673828125 0.9931640625 1388196
0.01708984375 0.40673828125 0.9931640625 1388196
0.01708984375 0.40673828125 0.9931640625 1388196
0.01708984375 0.40673828125 0.9931640625 1388197
0.0087890625 0.41357421875 0.98681640625 1388298
0.0087890625 0.41357421875 0.98681640625 1388298
0.0087890625 0.41357421875 0.98681640625 1388298
0.0087890625 0.41357421875 0.98681640625 1388299
0.0146484375 0.39013671875 0.9951171875 1388402
0.0146484375 0.39013671875 0.9951171875 1388402
0.0146484375 0.39013671875 0.9951171875 1388402
0.0146484375 0.39013671875 0.9951171875 1388403
0.01416015625 0.39453125 0.99267578125 1388505
0.01416015625 0.39453125 0.99267578125 1388505
0.01416015625 0.39453125 0.99267578125 1388505
0.01416015625 0.39453125 0.99267578125 1388506
0.0185546875 0.40576171875 1.0029296875 1388618
0.0185546875 0.40576171875 1.0029296875 1388618
0.0185546875 0.40576171875 1.0029296875 1388619
0.0185546875 0.40576171875 1.0029296875 1388619
0.0263671875 0.40087890625 1.005859375 1388798
0.0263671875 0.40087890625 1.005859375 1388799
0.0263671875 0.40087890625 1.005859375 1388799
0.0263671875 0.40087890625 1.005859375 1388799
0.01513671875 0.3935546875 0.990234375 1388903
0.01513671875 0.3935546875 0.990234375 1388904
0.01513671875 0.3935546875 0.990234375 1388905
0.01513671875 0.3935546875 0.990234375 1388905
0.025390625 0.40625 1.00146484375 1389005
0.025390625 0.40625 1.00146484375 1389005
0.025390625 0.40625 1.00146484375 1389005
0.025390625 0.40625 1.00146484375 1389006
0.017578125 0.40185546875 0.99169921875 1389108
0.017578125 0.40185546875 0.99169921875 1389108
0.017578125 0.40185546875 0.99169921875 1389108
0.017578125 0.40185546875 0.99169921875 1389109
0.01953125 0.3994140625 0.99560546875 1389211
0.01953125 0.3994140625 0.99560546875 1389211
0.01953125 0.3994140625 0.99560546875 1389211
0.01953125 0.3994140625 0.99560546875 1389212
0.0166015625 0.41064453125 0.9921875 1389404
0.0166015625 0.41064453125 0.9921875 1389404
0.0166015625 0.41064453125 0.9921875 1389405
0.0166015625 0.41064453125 0.9921875 1389405
0.017578125 0.412109375 0.9892578125 1389509
0.017578125 0.412109375 0.9892578125 1389509
0.017578125 0.412109375 0.9892578125 1389509
0.017578125 0.412109375 0.9892578125 1389510
0.0146484375 0.4091796875 0.99169921875 1389611
0.0146484375 0.4091796875 0.99169921875 1389611
0.0146484375 0.4091796875 0.99169921875 1389612
0.0146484375 0.4091796875 0.99169921875 1389612
0.01806640625 0.41015625 0.9892578125 1389800
0.01806640625 0.41015625 0.9892578125 1389800
0.01806640625 0.41015625 0.9892578125 1389801
0.01806640625 0.41015625 0.9892578125 1389801
0.02490234375 0.40771484375 1 1389903
0.02490234375 0.40771484375 1 1389903
0.02490234375 0.40771484375 1 1389903
0.02490234375 0.40771484375 1 1389904
0.01904296875 0.40380859375 0.9892578125 1390006
0.01904296875 0.40380859375 0.9892578125 1390006
0.01904296875 0.40380859375 0.9892578125 1390007
0.01904296875 0.40380859375 0.9892578125 1390007
0.02001953125 0.40625 0.99658203125 1390108
0.02001953125 0.40625 0.99658203125 1390108
0.02001953125 0.40625 0.99658203125 1390109
0.02001953125 0.40625 0.99658203125 1390109
0.021484375 0.41064453125 0.998046875 1390211
0.021484375 0.41064453125 0.998046875 1390211
0.021484375 0.41064453125 0.998046875 1390212
0.021484375 0.41064453125 0.998046875 1390212
0.01318359375 0.41064453125 0.9951171875 1390388
0.01318359375 0.41064453125 0.9951171875 1390388
0.01318359375 0.41064453125 0.9951171875 1390389
0.01318359375 0.41064453125 0.9951171875 1390389
0.0146484375 0.4091796875 0.9951171875 1390500
0.0146484375 0.4091796875 0.9951171875 1390500
0.0146484375 0.4091796875 0.9951171875 1390501
0.0146484375 0.4091796875 0.9951171875 1390501
0.021484375 0.4111328125 0.9951171875 1390604
0.021484375 0.4111328125 0.9951171875 1390604
0.021484375 0.4111328125 0.9951171875 1390605
0.021484375 0.4111328125 0.9951171875 1390605
0.01806640625 0.40966796875 0.99267578125 1390716
0.01806640625 0.40966796875 0.99267578125 1390716
0.01806640625 0.40966796875 0.99267578125 1390717
0.01806640625 0.40966796875 0.99267578125 1390717
0.02099609375 0.41064453125 0.99609375 1390907
0.02099609375 0.41064453125 0.99609375 1390907
0.02099609375 0.41064453125 0.99609375 1390908
0.02099609375 0.41064453125 0.99609375 1390908
0.0263671875 0.41064453125 1 1391010
0.0263671875 0.41064453125 1 1391011
0.0263671875 0.41064453125 1 1391012
0.0263671875 0.41064453125 1 1391012
0.0244140625 0.40625 0.984375 1391201
0.0244140625 0.40625 0.984375 1391202
0.0244140625 0.40625 0.984375 1391202
0.0244140625 0.40625 0.984375 1391203
0.02099609375 0.4208984375 0.9912109375 1391304
0.02099609375 0.4208984375 0.9912109375 1391304
0.02099609375 0.4208984375 0.9912109375 1391305
0.02099609375 0.4208984375 0.9912109375 1391305
0.02099609375 0.408203125 0.9873046875 1391406
0.02099609375 0.408203125 0.9873046875 1391407
0.02099609375 0.408203125 0.9873046875 1391407
0.02099609375 0.408203125 0.9873046875 1391408
0.01904296875 0.41357421875 0.9921875 1391508
0.01904296875 0.41357421875 0.9921875 1391508
0.01904296875 0.41357421875 0.9921875 1391509
0.01904296875 0.41357421875 0.9921875 1391509
0.02783203125 0.40771484375 1.00048828125 1391699
0.02783203125 0.40771484375 1.00048828125 1391699
0.02783203125 0.40771484375 1.00048828125 1391699
0.02783203125 0.40771484375 1.00048828125 1391700
0.02294921875 0.41455078125 0.99267578125 1391802
0.02294921875 0.41455078125 0.99267578125 1391802
0.02294921875 0.41455078125 0.99267578125 1391803
0.02294921875 0.41455078125 0.99267578125 1391803
0.02197265625 0.4052734375 0.98876953125 1391903
0.02197265625 0.4052734375 0.98876953125 1391903
0.02197265625 0.4052734375 0.98876953125 1391904
0.02197265625 0.4052734375 0.98876953125 1391904
0.02978515625 0.40478515625 1.005859375 1392007
0.02978515625 0.40478515625 1.005859375 1392008
0.02978515625 0.40478515625 1.005859375 1392008
0.02978515625 0.40478515625 1.005859375 1392009
0.02001953125 0.40576171875 0.9912109375 1392108
0.02001953125 0.40576171875 0.9912109375 1392108
0.02001953125 0.40576171875 0.9912109375 1392109
0.02001953125 0.40576171875 0.9912109375 1392109
0.02490234375 0.39990234375 0.9892578125 1392298
0.02490234375 0.39990234375 0.9892578125 1392298
0.02490234375 0.39990234375 0.9892578125 1392299
0.02490234375 0.39990234375 0.9892578125 1392299
0.0263671875 0.4052734375 0.99755859375 1392401
0.0263671875 0.4052734375 0.99755859375 1392401
0.0263671875 0.4052734375 0.99755859375 1392401
0.0263671875 0.4052734375 0.99755859375 1392402
0.0322265625 0.4013671875 1.0087890625 1392504
0.0322265625 0.4013671875 1.0087890625 1392504
0.0322265625 0.4013671875 1.0087890625 1392505
0.0185546875 0.40087890625 0.99951171875 1392607
0.0185546875 0.40087890625 0.99951171875 1392607
0.0185546875 0.40087890625 0.99951171875 1392608
0.0185546875 0.40087890625 0.99951171875 1392608
0.02734375 0.404296875 0.99609375 1392797
0.02734375 0.404296875 0.99609375 1392797
0.02734375 0.404296875 0.99609375 1392797
0.02734375 0.404296875 0.99609375 1392798
0.01904296875 0.40380859375 0.9951171875 1392900
0.01904296875 0.40380859375 0.9951171875 1392900
0.01904296875 0.40380859375 0.9951171875 1392901
0.01904296875 0.40380859375 0.9951171875 1392901
0.02294921875 0.4072265625 0.99462890625 1393002
0.02294921875 0.4072265625 0.99462890625 1393002
0.02294921875 0.4072265625 0.99462890625 1393002
0.02294921875 0.4072265625 0.99462890625 1393003
0.02783203125 0.40283203125 1.0009765625 1393105
0.02783203125 0.40283203125 1.0009765625 1393105
0.02783203125 0.40283203125 1.0009765625 1393106
0.02783203125 0.40283203125 1.0009765625 1393106
0.0185546875 0.40283203125 0.99267578125 1393207
0.0185546875 0.40283203125 0.99267578125 1393208
0.0185546875 0.40283203125 0.99267578125 1393208
0.0185546875 0.40283203125 0.99267578125 1393208
0.02587890625 0.4013671875 1.00439453125 1393397
0.02587890625 0.4013671875 1.00439453125 1393398
0.02587890625 0.4013671875 1.00439453125 1393399
0.02587890625 0.4013671875 1.00439453125 1393400
0.02392578125 0.39892578125 0.99560546875 1393499
0.02392578125 0.39892578125 0.99560546875 1393500
0.02392578125 0.39892578125 0.99560546875 1393500
0.02392578125 0.39892578125 0.99560546875 1393501
0.02294921875 0.404296875 0.99658203125 1393602
0.02294921875 0.404296875 0.99658203125 1393603
0.02294921875 0.404296875 0.99658203125 1393604
0.02294921875 0.404296875 0.99658203125 1393604
0.02001953125 0.4140625 1.00146484375 1393706
0.02001953125 0.4140625 1.00146484375 1393706
0.02001953125 0.4140625 1.00146484375 1393707
0.02001953125 0.4140625 1.00146484375 1393707
0.02001953125 0.40185546875 1.0009765625 1393808
0.02001953125 0.40185546875 1.0009765625 1393809
0.02001953125 0.40185546875 1.0009765625 1393810
0.02001953125 0.40185546875 1.0009765625 1393810
0.02294921875 0.40576171875 1.013671875 1393996
0.02294921875 0.40576171875 1.013671875 1393997
0.02294921875 0.40576171875 1.013671875 1393997
0.02294921875 0.40576171875 1.013671875 1393998
-0.001953125 0.42138671875 0.98779296875 1394098
-0.001953125 0.42138671875 0.98779296875 1394099
-0.001953125 0.42138671875 0.98779296875 1394099
-0.001953125 0.42138671875 0.98779296875 1394100
-0.0146484375 0.41162109375 0.98095703125 1394201
-0.0146484375 0.41162109375 0.98095703125 1394202
-0.0146484375 0.41162109375 0.98095703125 1394203
-0.0146484375 0.41162109375 0.98095703125 1394203
-0.01708984375 0.40234375 0.9658203125 1394304
-0.01708984375 0.40234375 0.9658203125 1394304
-0.01708984375 0.40234375 0.9658203125 1394304
-0.01708984375 0.40234375 0.9658203125 1394305
-0.03125 0.40869140625 0.94921875 1394406
-0.03125 0.40869140625 0.94921875 1394407
-0.03125 0.40869140625 0.94921875 1394407
-0.03125 0.40869140625 0.94921875 1394408
-0.0029296875 0.36083984375 0.95556640625 1394597
-0.0029296875 0.36083984375 0.95556640625 1394597
-0.0029296875 0.36083984375 0.95556640625 1394598
-0.0029296875 0.36083984375 0.95556640625 1394598
0.05419921875 0.380859375 1.0283203125 1394698
0.05419921875 0.380859375 1.0283203125 1394698
0.05419921875 0.380859375 1.0283203125 1394698
0.05419921875 0.380859375 1.0283203125 1394699
0.01171875 0.66650390625 0.9814453125 1394801
0.01171875 0.66650390625 0.9814453125 1394802
0.01171875 0.66650390625 0.9814453125 1394802
0.01171875 0.66650390625 0.9814453125 1394803
-0.54150390625 0.693359375 0.4677734375 1394903
-0.54150390625 0.693359375 0.4677734375 1394903
-0.54150390625 0.693359375 0.4677734375 1394904
-0.54150390625 0.693359375 0.4677734375 1394904
-0.921875 0.57958984375 -0.1513671875 1395006
-0.921875 0.57958984375 -0.1513671875 1395006
-0.921875 0.57958984375 -0.1513671875 1395007
-0.921875 0.57958984375 -0.1513671875 1395007
-0.81640625 0.19921875 -0.310546875 1395196
-0.81640625 0.19921875 -0.310546875 1395196
-0.81640625 0.19921875 -0.310546875 1395197
-0.81640625 0.19921875 -0.310546875 1395197
-0.7841796875 0.16357421875 -0.25048828125 1395299
-0.7841796875 0.16357421875 -0.25048828125 1395299
-0.7841796875 0.16357421875 -0.25048828125 1395299
-0.7841796875 0.16357421875 -0.25048828125 1395299
-0.833984375 0.21826171875 -0.357421875 1395401
-0.833984375 0.21826171875 -0.357421875 1395402
-0.833984375 0.21826171875 -0.357421875 1395403
-0.833984375 0.21826171875 -0.357421875 1395404
-0.77490234375 0.15673828125 -0.3427734375 1395504
-0.77490234375 0.15673828125 -0.3427734375 1395505
-0.77490234375 0.15673828125 -0.3427734375 1395505
-0.77490234375 0.15673828125 -0.3427734375 1395505
-0.8525390625 0.2333984375 -0.513671875 1395607
-0.8525390625 0.2333984375 -0.513671875 1395607
-0.8525390625 0.2333984375 -0.513671875 1395608
-0.8525390625 0.2333984375 -0.513671875 1395608
-0.87841796875 0.3564453125 -0.47998046875 1395796
-0.87841796875 0.3564453125 -0.47998046875 1395797
-0.87841796875 0.3564453125 -0.47998046875 1395798
-0.87841796875 0.3564453125 -0.47998046875 1395799
-0.91845703125 0.3984375 -0.34326171875 1395900
-0.91845703125 0.3984375 -0.34326171875 1395900
-0.91845703125 0.3984375 -0.34326171875 1395901
-0.91845703125 0.3984375 -0.34326171875 1395901
-0.92822265625 0.45703125 -0.107421875 1396002
-0.92822265625 0.45703125 -0.107421875 1396003
-0.92822265625 0.45703125 -0.107421875 1396003
-0.92822265625 0.45703125 -0.107421875 1396004
-0.82421875 0.47119140625 0.27294921875 1396104
-0.82421875 0.47119140625 0.27294921875 1396105
-0.82421875 0.47119140625 0.27294921875 1396105
-0.82421875 0.47119140625 0.27294921875 1396106
-0.03173828125 0.32275390625 0.99267578125 1396294
-0.03173828125 0.32275390625 0.99267578125 1396295
-0.03173828125 0.32275390625 0.99267578125 1396295
-0.03173828125 0.32275390625 0.99267578125 1396295
-0.18408203125 0.3447265625 0.8359375 1396397
-0.18408203125 0.3447265625 0.8359375 1396398
-0.18408203125 0.3447265625 0.8359375 1396399
-0.18408203125 0.3447265625 0.8359375 1396399
-0.19580078125 0.4931640625 0.84130859375 1396500
-0.19580078125 0.4931640625 0.84130859375 1396500
-0.19580078125 0.4931640625 0.84130859375 1396501
-0.19580078125 0.4931640625 0.84130859375 1396501
-0.15478515625 0.673828125 0.861328125 1396602
-0.15478515625 0.673828125 0.861328125 1396602
-0.15478515625 0.673828125 0.861328125 1396603
-0.15478515625 0.673828125 0.861328125 1396603
-0.1015625 0.72216796875 0.89404296875 1396795
-0.1015625 0.72216796875 0.89404296875 1396796
-0.1015625 0.72216796875 0.89404296875 1396797
-0.1015625 0.72216796875 0.89404296875 1396797
-0.130859375 0.72509765625 0.82958984375 1396897
-0.130859375 0.72509765625 0.82958984375 1396898
-0.130859375 0.72509765625 0.82958984375 1396898
-0.130859375 0.72509765625 0.82958984375 1396898
-0.20458984375 0.70751953125 0.75439453125 1396999
-0.20458984375 0.70751953125 0.75439453125 1397000
-0.20458984375 0.70751953125 0.75439453125 1397001
-0.1328125 0.697265625 0.82373046875 1397110
-0.1328125 0.697265625 0.82373046875 1397111
-0.1328125 0.697265625 0.82373046875 1397111
-0.1328125 0.697265625 0.82373046875 1397111
-0.111328125 0.68310546875 0.8212890625 1397289
-0.111328125 0.68310546875 0.8212890625 1397300
-0.111328125 0.68310546875 0.8212890625 1397300
-0.111328125 0.68310546875 0.8212890625 1397301
-0.09912109375 0.640625 0.822265625 1397403
-0.09912109375 0.640625 0.822265625 1397403
-0.09912109375 0.640625 0.822265625 1397404
-0.09912109375 0.640625 0.822265625 1397404
0.03662109375 0.56591796875 0.955078125 1397593
0.03662109375 0.56591796875 0.955078125 1397593
0.03662109375 0.56591796875 0.955078125 1397594
0.03662109375 0.56591796875 0.955078125 1397594
0.06884765625 0.49755859375 0.958984375 1397697
0.06884765625 0.49755859375 0.958984375 1397697
0.06884765625 0.49755859375 0.958984375 1397697
0.06884765625 0.49755859375 0.958984375 1397698
0.05712890625 0.47119140625 0.95947265625 1397798
0.05712890625 0.47119140625 0.95947265625 1397798
0.05712890625 0.47119140625 0.95947265625 1397799
0.05712890625 0.47119140625 0.95947265625 1397799
0.05419921875 0.46337890625 0.9697265625 1397902
0.05419921875 0.46337890625 0.9697265625 1397902
0.05419921875 0.46337890625 0.9697265625 1397902
0.05419921875 0.46337890625 0.9697265625 1397903
0.0615234375 0.4677734375 0.97802734375 1398005
0.0615234375 0.4677734375 0.97802734375 1398005
0.0615234375 0.4677734375 0.97802734375 1398006
0.0615234375 0.4677734375 0.97802734375 1398007
0.03857421875 0.4580078125 0.96923828125 1398194
0.03857421875 0.4580078125 0.96923828125 1398195
0.03857421875 0.4580078125 0.96923828125 1398195
0.03857421875 0.4580078125 0.96923828125 1398196
0.04296875 0.453125 0.974609375 1398296
0.04296875 0.453125 0.974609375 1398296
0.04296875 0.453125 0.974609375 1398297
0.04296875 0.453125 0.974609375 1398297
0.04248046875 0.45263671875 0.982421875 1398399
0.04248046875 0.45263671875 0.982421875 1398400
0.04248046875 0.45263671875 0.982421875 1398400
0.04248046875 0.45263671875 0.982421875 1398401
0.046875 0.453125 0.97900390625 1398504
0.046875 0.453125 0.97900390625 1398504
0.046875 0.453125 0.97900390625 1398505
0.046875 0.453125 0.97900390625 1398506
0.03564453125 0.45361328125 0.97021484375 1398694
0.03564453125 0.45361328125 0.97021484375 1398695
0.03564453125 0.45361328125 0.97021484375 1398695
0.03564453125 0.45361328125 0.97021484375 1398696
0.04052734375 0.45556640625 0.9736328125 1398796
0.04052734375 0.45556640625 0.9736328125 1398796
0.04052734375 0.45556640625 0.9736328125 1398797
0.04052734375 0.45556640625 0.9736328125 1398797
0.03271484375 0.45166015625 0.9658203125 1398899
0.03271484375 0.45166015625 0.9658203125 1398899
0.03271484375 0.45166015625 0.9658203125 1398900
0.03564453125 0.4453125 0.96337890625 1399002
0.03564453125 0.4453125 0.96337890625 1399003
0.03564453125 0.4453125 0.96337890625 1399003
0.03564453125 0.4453125 0.96337890625 1399004
0.04833984375 0.45751953125 0.98046875 1399192
0.04833984375 0.45751953125 0.98046875 1399192
0.04833984375 0.45751953125 0.98046875 1399193
0.04833984375 0.45751953125 0.98046875 1399193
0.03564453125 0.4423828125 0.9755859375 1399298
0.03564453125 0.4423828125 0.9755859375 1399299
0.03564453125 0.4423828125 0.9755859375 1399299
0.03564453125 0.4423828125 0.9755859375 1399300
0.0390625 0.4599609375 0.98828125 1399400
0.0390625 0.4599609375 0.98828125 1399401
0.0390625 0.4599609375 0.98828125 1399401
0.0390625 0.4599609375 0.98828125 1399402
0.03076171875 0.4580078125 0.96826171875 1399504
0.03076171875 0.4580078125 0.96826171875 1399504
0.03076171875 0.4580078125 0.96826171875 1399505
0.03076171875 0.4580078125 0.96826171875 1399505
0.02099609375 0.45361328125 0.95556640625 1399692
0.02099609375 0.45361328125 0.95556640625 1399692
0.02099609375 0.45361328125 0.95556640625 1399693
0.02099609375 0.45361328125 0.95556640625 1399693
0.03564453125 0.46728515625 0.98046875 1399794
0.03564453125 0.46728515625 0.98046875 1399795
0.03564453125 0.46728515625 0.98046875 1399795
0.03564453125 0.46728515625 0.98046875 1399796
0.0263671875 0.4638671875 0.96435546875 1399897
0.0263671875 0.4638671875 0.96435546875 1399898
0.0263671875 0.4638671875 0.96435546875 1399898
0.0263671875 0.4638671875 0.96435546875 1399899
0.02783203125 0.455078125 0.95703125 1400000
0.02783203125 0.455078125 0.95703125 1400001
0.02783203125 0.455078125 0.95703125 1400002
0.02783203125 0.455078125 0.95703125 1400003
0.02978515625 0.44921875 0.95068359375 1400103
0.02978515625 0.44921875 0.95068359375 1400104
0.02978515625 0.44921875 0.95068359375 1400105
0.02978515625 0.44921875 0.95068359375 1400105
0.03271484375 0.46484375 0.97412109375 1400311
0.03271484375 0.46484375 0.97412109375 1400312
0.03271484375 0.46484375 0.97412109375 1400312
0.03271484375 0.46484375 0.97412109375 1400313
0.02978515625 0.44287109375 0.953125 1400503
0.02978515625 0.44287109375 0.953125 1400503
0.02978515625 0.44287109375 0.953125 1400504
0.02978515625 0.44287109375 0.953125 1400504
0.05029296875 0.4404296875 0.9765625 1400691
0.05029296875 0.4404296875 0.9765625 1400691
0.05029296875 0.4404296875 0.9765625 1400691
0.05029296875 0.4404296875 0.9765625 1400692
0.03759765625 0.45361328125 0.97021484375 1400793
0.03759765625 0.45361328125 0.97021484375 1400794
0.03759765625 0.45361328125 0.97021484375 1400794
0.03759765625 0.45361328125 0.97021484375 1400795
0.04345703125 0.46630859375 0.9755859375 1400897
0.04345703125 0.46630859375 0.9755859375 1400897
0.04345703125 0.46630859375 0.9755859375 1400898
0.04345703125 0.46630859375 0.9755859375 1400898
0.03564453125 0.45166015625 0.97607421875 1401000
0.03564453125 0.45166015625 0.97607421875 1401000
0.03564453125 0.45166015625 0.97607421875 1401001
0.03564453125 0.45166015625 0.97607421875 1401001
0.0283203125 0.46533203125 0.974609375 1401102
0.0283203125 0.46533203125 0.974609375 1401102
0.0283203125 0.46533203125 0.974609375 1401103
0.0283203125 0.46533203125 0.974609375 1401103
0.03271484375 0.453125 0.966796875 1401291
0.03271484375 0.453125 0.966796875 1401291
0.03271484375 0.453125 0.966796875 1401292
0.03271484375 0.453125 0.966796875 1401292
0.0302734375 0.46240234375 0.97802734375 1401393
0.0302734375 0.46240234375 0.97802734375 1401393
0.0302734375 0.46240234375 0.97802734375 1401394
0.0302734375 0.46240234375 0.97802734375 1401394
0.0400390625 0.46533203125 0.97900390625 1401496
0.0400390625 0.46533203125 0.97900390625 1401496
0.0400390625 0.46533203125 0.97900390625 1401497
0.0400390625 0.46533203125 0.97900390625 1401497
0.05224609375 0.4521484375 0.9853515625 1401598
0.05224609375 0.4521484375 0.9853515625 1401599
0.05224609375 0.4521484375 0.9853515625 1401600
0.05224609375 0.4521484375 0.9853515625 1401601
0.04248046875 0.4716796875 0.9775390625 1401791
0.04248046875 0.4716796875 0.9775390625 1401791
0.04248046875 0.4716796875 0.9775390625 1401792
0.04248046875 0.4716796875 0.9775390625 1401792
0.0419921875 0.4638671875 0.9775390625 1401894
0.0419921875 0.4638671875 0.9775390625 1401894
0.0419921875 0.4638671875 0.9775390625 1401895
0.0419921875 0.4638671875 0.9775390625 1401895
0.05078125 0.45166015625 0.9736328125 1401996
0.05078125 0.45166015625 0.9736328125 1401996
0.05078125 0.45166015625 0.9736328125 1401997
0.03076171875 0.41650390625 0.9765625 1402100
0.03076171875 0.41650390625 0.9765625 1402100
0.03076171875 0.41650390625 0.9765625 1402101
0.03076171875 0.41650390625 0.9765625 1402101
0.044921875 0.44775390625 0.98779296875 1402202
0.044921875 0.44775390625 0.98779296875 1402202
0.044921875 0.44775390625 0.98779296875 1402203
0.044921875 0.44775390625 0.98779296875 1402203
0.03955078125 0.4541015625 0.9765625 1402391
0.03955078125 0.4541015625 0.9765625 1402392
0.03955078125 0.4541015625 0.9765625 1402392
0.03955078125 0.4541015625 0.9765625 1402393
0.0478515625 0.458984375 0.98193359375 1402493
0.0478515625 0.458984375 0.98193359375 1402493
0.0478515625 0.458984375 0.98193359375 1402494
0.0478515625 0.458984375 0.98193359375 1402494
0.048828125 0.44091796875 0.990234375 1402596
0.048828125 0.44091796875 0.990234375 1402597
0.048828125 0.44091796875 0.990234375 1402597
0.048828125 0.44091796875 0.990234375 1402598
0.03271484375 0.4345703125 0.97607421875 1402698
0.03271484375 0.4345703125 0.97607421875 1402698
0.03271484375 0.4345703125 0.97607421875 1402699
0.03271484375 0.4345703125 0.97607421875 1402699
0.01904296875 0.4326171875 0.96923828125 1402801
0.01904296875 0.4326171875 0.96923828125 1402802
0.01904296875 0.4326171875 0.96923828125 1402803
0.01904296875 0.4326171875 0.96923828125 1402803
0.06298828125 0.4453125 0.9970703125 1402993
0.06298828125 0.4453125 0.9970703125 1402994
0.06298828125 0.4453125 0.9970703125 1402994
0.06298828125 0.4453125 0.9970703125 1402995
0.0751953125 0.44970703125 0.99072265625 1403095
0.0751953125 0.44970703125 0.99072265625 1403095
0.0751953125 0.44970703125 0.99072265625 1403096
0.0751953125 0.44970703125 0.99072265625 1403096
0.0390625 0.42578125 0.96923828125 1403197
0.0390625 0.42578125 0.96923828125 1403198
0.0390625 0.42578125 0.96923828125 1403198
0.0390625 0.42578125 0.96923828125 1403199
0.0751953125 0.4453125 1.00244140625 1403300
0.0751953125 0.4453125 1.00244140625 1403300
0.0751953125 0.4453125 1.00244140625 1403301
0.0751953125 0.4453125 1.00244140625 1403301
0.04052734375 0.44189453125 0.9775390625 1403490
0.04052734375 0.44189453125 0.9775390625 1403490
0.04052734375 0.44189453125 0.9775390625 1403491
0.04052734375 0.44189453125 0.9775390625 1403491
0.04931640625 0.44677734375 0.98388671875 1403593
0.04931640625 0.44677734375 0.98388671875 1403594
0.04931640625 0.44677734375 0.98388671875 1403595
0.04931640625 0.44677734375 0.98388671875 1403596
0.05224609375 0.45166015625 0.98291015625 1403695
0.05224609375 0.45166015625 0.98291015625 1403695
0.05224609375 0.45166015625 0.98291015625 1403696
0.05224609375 0.45166015625 0.98291015625 1403696
0.03076171875 0.42822265625 0.97412109375 1403799
0.03076171875 0.42822265625 0.97412109375 1403799
0.03076171875 0.42822265625 0.97412109375 1403800
0.03076171875 0.42822265625 0.97412109375 1403800
0.0400390625 0.447265625 0.99365234375 1403988
0.0400390625 0.447265625 0.99365234375 1403988
0.0400390625 0.447265625 0.99365234375 1403989
0.0400390625 0.447265625 0.99365234375 1403990
0.03564453125 0.462890625 0.982421875 1404091
0.03564453125 0.462890625 0.982421875 1404091
0.03564453125 0.462890625 0.982421875 1404092
0.03564453125 0.462890625 0.982421875 1404093
0.0380859375 0.45556640625 0.9658203125 1404194
0.0380859375 0.45556640625 0.9658203125 1404194
0.0380859375 0.45556640625 0.9658203125 1404195
0.0380859375 0.45556640625 0.9658203125 1404195
0.04296875 0.4560546875 0.97021484375 1404296
0.04296875 0.4560546875 0.97021484375 1404297
0.04296875 0.4560546875 0.97021484375 1404297
0.04296875 0.4560546875 0.97021484375 1404298
0.0380859375 0.45361328125 0.96875 1404398
0.0380859375 0.45361328125 0.96875 1404399
0.0380859375 0.45361328125 0.96875 1404399
0.0380859375 0.45361328125 0.96875 1404401
0.02685546875 0.47314453125 0.97607421875 1404588
0.02685546875 0.47314453125 0.97607421875 1404588
0.02685546875 0.47314453125 0.97607421875 1404589
0.02685546875 0.47314453125 0.97607421875 1404589
0.01904296875 0.45458984375 0.96923828125 1404691
0.01904296875 0.45458984375 0.96923828125 1404691
0.01904296875 0.45458984375 0.96923828125 1404692
0.01904296875 0.45458984375 0.96923828125 1404692
0.03662109375 0.44384765625 0.98095703125 1404793
0.03662109375 0.44384765625 0.98095703125 1404793
0.03662109375 0.44384765625 0.98095703125 1404794
0.03662109375 0.44384765625 0.98095703125 1404795
0.01806640625 0.44970703125 0.9638671875 1404988
0.01806640625 0.44970703125 0.9638671875 1404989
0.01806640625 0.44970703125 0.9638671875 1404989
0.01806640625 0.44970703125 0.9638671875 1404989
0.02783203125 0.45947265625 0.97802734375 1405090
0.02783203125 0.45947265625 0.97802734375 1405090
0.02783203125 0.45947265625 0.97802734375 1405091
0.02783203125 0.45947265625 0.97802734375 1405091
0.03515625 0.44970703125 0.9912109375 1405193
0.03515625 0.44970703125 0.9912109375 1405193
0.03515625 0.44970703125 0.9912109375 1405194
0.03271484375 0.46044921875 0.9697265625 1405291
0.02685546875 0.44873046875 0.9609375 1405377
0.02685546875 0.44873046875 0.9609375 1405378
0.02685546875 0.44873046875 0.9609375 1405379
0.033203125 0.466796875 0.9716796875 1405487
0.033203125 0.466796875 0.9716796875 1405487
0.033203125 0.466796875 0.9716796875 1405488
0.033203125 0.466796875 0.9716796875 1405488
0.03857421875 0.44775390625 0.97802734375 1405590
0.03857421875 0.44775390625 0.97802734375 1405590
0.03857421875 0.44775390625 0.97802734375 1405591
0.03857421875 0.44775390625 0.97802734375 1405591
0.0302734375 0.44921875 0.978515625 1405692
0.0302734375 0.44921875 0.978515625 1405692
0.0302734375 0.44921875 0.978515625 1405693
0.0302734375 0.44921875 0.978515625 1405693
0.0361328125 0.46044921875 0.96875 1405795
0.0361328125 0.46044921875 0.96875 1405834
0.0361328125 0.46044921875 0.96875 1405834
0.0361328125 0.46044921875 0.96875 1405835
0.02197265625 0.45751953125 0.96533203125 1405916
0.048828125 0.4423828125 0.986328125 1405990
0.048828125 0.4423828125 0.986328125 1405990
0.048828125 0.4423828125 0.986328125 1405991
0.041015625 0.455078125 0.98193359375 1406088
0.037109375 0.447265625 0.97900390625 1406190
0.037109375 0.447265625 0.97900390625 1406190
0.037109375 0.447265625 0.97900390625 1406191
0.037109375 0.447265625 0.97900390625 1406191
0.0400390625 0.4560546875 0.97314453125 1406292
0.0400390625 0.4560546875 0.97314453125 1406292
0.0400390625 0.4560546875 0.97314453125 1406292
0.0400390625 0.4560546875 0.97314453125 1406293
0.029296875 0.4580078125 0.970703125 1406394
0.029296875 0.4580078125 0.970703125 1406395
0.029296875 0.4580078125 0.970703125 1406395
0.029296875 0.4580078125 0.970703125 1406396
0.0361328125 0.4521484375 0.9716796875 1406497
0.0361328125 0.4521484375 0.9716796875 1406497
0.0361328125 0.4521484375 0.9716796875 1406498
0.0361328125 0.4521484375 0.9716796875 1406498
0.03125 0.46044921875 0.97412109375 1406687
0.03125 0.46044921875 0.97412109375 1406687
0.03125 0.46044921875 0.97412109375 1406687
0.03125 0.46044921875 0.97412109375 1406688
0.03564453125 0.4658203125 0.9599609375 1406791
0.03564453125 0.4658203125 0.9599609375 1406791
0.03564453125 0.4658203125 0.9599609375 1406791
0.03564453125 0.4658203125 0.9599609375 1406792
0.03955078125 0.4501953125 0.96044921875 1406893
0.03955078125 0.4501953125 0.96044921875 1406894
0.03955078125 0.4501953125 0.96044921875 1406894
0.03955078125 0.4501953125 0.96044921875 1406894
0.02490234375 0.46240234375 0.9375 1406996
0.02490234375 0.46240234375 0.9375 1406996
0.02490234375 0.46240234375 0.9375 1406996
0.02490234375 0.46240234375 0.9375 1406997
0.01953125 0.4462890625 0.91748046875 1407098
0.01953125 0.4462890625 0.91748046875 1407098
0.01953125 0.4462890625 0.91748046875 1407099
0.01953125 0.4462890625 0.91748046875 1407100
0.052734375 0.45947265625 0.91748046875 1407285
0.052734375 0.45947265625 0.91748046875 1407286
0.052734375 0.45947265625 0.91748046875 1407286
0.052734375 0.45947265625 0.91748046875 1407287
0.05810546875 0.58203125 1.00244140625 1407388
0.05810546875 0.58203125 1.00244140625 1407388
0.05810546875 0.58203125 1.00244140625 1407388
0.05810546875 0.58203125 1.00244140625 1407389
0.1611328125 0.66943359375 1.1513671875 1407490
0.1611328125 0.66943359375 1.1513671875 1407491
0.1611328125 0.66943359375 1.1513671875 1407491
0.1611328125 0.66943359375 1.1513671875 1407492
-0.6484375 0.55419921875 0.25390625 1407593
-0.6484375 0.55419921875 0.25390625 1407593
-0.6484375 0.55419921875 0.25390625 1407593
-0.6484375 0.55419921875 0.25390625 1407594
-1.0078125 0.3603515625 -0.45263671875 1407696
-1.0078125 0.3603515625 -0.45263671875 1407696
-1.0078125 0.3603515625 -0.45263671875 1407697
-1.0078125 0.3603515625 -0.45263671875 1407697
-0.88720703125 0.30078125 -0.35693359375 1407798
-0.88720703125 0.30078125 -0.35693359375 1407798
-0.88720703125 0.30078125 -0.35693359375 1407799
-0.88720703125 0.30078125 -0.35693359375 1407799
-0.65185546875 -0.1416015625 -0.2646484375 1407995
-0.65185546875 -0.1416015625 -0.2646484375 1407996
-0.65185546875 -0.1416015625 -0.2646484375 1407996
-0.65185546875 -0.1416015625 -0.2646484375 1407997
-0.984375 0.29052734375 -0.47998046875 1408186
-0.984375 0.29052734375 -0.47998046875 1408186
-0.984375 0.29052734375 -0.47998046875 1408187
-0.984375 0.29052734375 -0.47998046875 1408187
-0.79736328125 0.455078125 0.103515625 1408289
-0.79736328125 0.455078125 0.103515625 1408289
-0.79736328125 0.455078125 0.103515625 1408289
-0.79736328125 0.455078125 0.103515625 1408290
-0.1953125 0.140625 0.7431640625 1408391
-0.1953125 0.140625 0.7431640625 1408391
-0.1953125 0.140625 0.7431640625 1408391
-0.1953125 0.140625 0.7431640625 1408392
0.3271484375 0.16015625 1.212890625 1408493
0.3271484375 0.16015625 1.212890625 1408493
0.3271484375 0.16015625 1.212890625 1408493
0.3271484375 0.16015625 1.212890625 1408494
0.1005859375 0.4150390625 1.052734375 1408596
0.1005859375 0.4150390625 1.052734375 1408596
0.1005859375 0.4150390625 1.052734375 1408597
0.1005859375 0.4150390625 1.052734375 1408597
-0.15185546875 0.6357421875 0.82470703125 1408785
-0.15185546875 0.6357421875 0.82470703125 1408786
-0.15185546875 0.6357421875 0.82470703125 1408786
-0.15185546875 0.6357421875 0.82470703125 1408787
-0.17431640625 0.70849609375 0.8349609375 1408887
-0.17431640625 0.70849609375 0.8349609375 1408887
-0.17431640625 0.70849609375 0.8349609375 1408888
-0.17431640625 0.70849609375 0.8349609375 1408890
-0.26025390625 0.66845703125 0.82568359375 1408990
-0.26025390625 0.66845703125 0.82568359375 1408990
-0.26025390625 0.66845703125 0.82568359375 1408990
-0.26025390625 0.66845703125 0.82568359375 1408991
-0.431640625 0.703125 0.71240234375 1409092
-0.431640625 0.703125 0.71240234375 1409092
-0.431640625 0.703125 0.71240234375 1409093
-0.431640625 0.703125 0.71240234375 1409093
-0.4287109375 0.68359375 0.724609375 1409194
-0.4287109375 0.68359375 0.724609375 1409195
-0.4287109375 0.68359375 0.724609375 1409196
-0.4287109375 0.68359375 0.724609375 1409196
-0.47119140625 0.697265625 0.61328125 1409384
-0.47119140625 0.697265625 0.61328125 1409385
-0.47119140625 0.697265625 0.61328125 1409385
-0.47119140625 0.697265625 0.61328125 1409385
-0.4267578125 0.7333984375 0.7099609375 1409487
-0.4267578125 0.7333984375 0.7099609375 1409487
-0.4267578125 0.7333984375 0.7099609375 1409489
-0.4267578125 0.7333984375 0.7099609375 1409490
-0.34765625 0.6943359375 0.79296875 1409589
-0.34765625 0.6943359375 0.79296875 1409590
-0.34765625 0.6943359375 0.79296875 1409591
-0.34765625 0.6943359375 0.79296875 1409592
-0.3994140625 0.66162109375 0.69287109375 1409692
-0.3994140625 0.66162109375 0.69287109375 1409693
-0.3994140625 0.66162109375 0.69287109375 1409693
-0.3994140625 0.66162109375 0.69287109375 1409693
-0.38134765625 0.68017578125 0.6982421875 1409794
-0.38134765625 0.68017578125 0.6982421875 1409795
-0.38134765625 0.68017578125 0.6982421875 1409795
-0.38134765625 0.68017578125 0.6982421875 1409796
-0.1513671875 0.6748046875 0.84033203125 1409985
-0.1513671875 0.6748046875 0.84033203125 1409986
-0.1513671875 0.6748046875 0.84033203125 1409987
-0.1513671875 0.6748046875 0.84033203125 1409987
-0.0361328125 0.59033203125 0.955078125 1410089
-0.0361328125 0.59033203125 0.955078125 1410089
-0.0361328125 0.59033203125 0.955078125 1410090
-0.0361328125 0.59033203125 0.955078125 1410090
-0.001953125 0.53173828125 0.970703125 1410192
-0.001953125 0.53173828125 0.970703125 1410192
-0.001953125 0.53173828125 0.970703125 1410193
-0.001953125 0.53173828125 0.970703125 1410194
0.00048828125 0.47998046875 0.97119140625 1410292
0.00048828125 0.47998046875 0.97119140625 1410292
0.00048828125 0.47998046875 0.97119140625 1410293
-0.01806640625 0.4697265625 0.95263671875 1410376
0.005859375 0.4228515625 0.9560546875 1410484
0.005859375 0.4228515625 0.9560546875 1410485
0.005859375 0.4228515625 0.9560546875 1410485
0.005859375 0.4228515625 0.9560546875 1410485
0.0107421875 0.39990234375 0.96630859375 1410587
0.0107421875 0.39990234375 0.96630859375 1410587
0.0107421875 0.39990234375 0.96630859375 1410588
0.0107421875 0.39990234375 0.96630859375 1410588
0.02880859375 0.41162109375 0.9736328125 1410689
0.02880859375 0.41162109375 0.9736328125 1410690
0.02880859375 0.41162109375 0.9736328125 1410691
0.0244140625 0.42919921875 0.97216796875 1410793
0.0244140625 0.42919921875 0.97216796875 1410794
0.0244140625 0.42919921875 0.97216796875 1410795
0.0244140625 0.42919921875 0.97216796875 1410796
0.02978515625 0.46142578125 0.9755859375 1410983
0.02978515625 0.46142578125 0.9755859375 1410984
0.02978515625 0.46142578125 0.9755859375 1410985
0.02978515625 0.46142578125 0.9755859375 1410986
0.0341796875 0.4638671875 0.98828125 1411086
0.0341796875 0.4638671875 0.98828125 1411086
0.0341796875 0.4638671875 0.98828125 1411086
0.0341796875 0.4638671875 0.98828125 1411087
0.009765625 0.48095703125 0.9697265625 1411190
0.009765625 0.48095703125 0.9697265625 1411191
0.009765625 0.48095703125 0.9697265625 1411191
0.009765625 0.48095703125 0.9697265625 1411191
0.01953125 0.4736328125 0.96142578125 1411383
0.01953125 0.4736328125 0.96142578125 1411383
0.01953125 0.4736328125 0.96142578125 1411384
0.01953125 0.4736328125 0.96142578125 1411384
0.0068359375 0.47314453125 0.9541015625 1411486
0.0068359375 0.47314453125 0.9541015625 1411486
0.0068359375 0.47314453125 0.9541015625 1411487
0.0068359375 0.47314453125 0.9541015625 1411487
0.01513671875 0.48974609375 0.96142578125 1411588
0.01513671875 0.48974609375 0.96142578125 1411589
0.01513671875 0.48974609375 0.96142578125 1411589
0.01513671875 0.48974609375 0.96142578125 1411590
0.0234375 0.46435546875 0.9619140625 1411691
0.0234375 0.46435546875 0.9619140625 1411691
0.0234375 0.46435546875 0.9619140625 1411692
0.0234375 0.46435546875 0.9619140625 1411692
0.02001953125 0.45068359375 0.96044921875 1411793
0.02001953125 0.45068359375 0.96044921875 1411793
0.02001953125 0.45068359375 0.96044921875 1411794
0.02001953125 0.45068359375 0.96044921875 1411794
0.00146484375 0.48779296875 0.95166015625 1411983
0.00146484375 0.48779296875 0.95166015625 1411984
0.00146484375 0.48779296875 0.95166015625 1411985
0.00146484375 0.48779296875 0.95166015625 1411985
0.01611328125 0.4814453125 0.962890625 1412085
0.01611328125 0.4814453125 0.962890625 1412086
0.01611328125 0.4814453125 0.962890625 1412086
0.01611328125 0.4814453125 0.962890625 1412086
0.0078125 0.462890625 0.95947265625 1412188
0.0078125 0.462890625 0.95947265625 1412188
0.0078125 0.462890625 0.95947265625 1412189
0.0029296875 0.4609375 0.9658203125 1412292
0.0029296875 0.4609375 0.9658203125 1412292
0.0029296875 0.4609375 0.9658203125 1412293
0.0029296875 0.4609375 0.9658203125 1412293
0.0107421875 0.4736328125 0.97509765625 1412395
0.0107421875 0.4736328125 0.97509765625 1412395
0.0107421875 0.4736328125 0.97509765625 1412396
0.0107421875 0.4736328125 0.97509765625 1412396
0.00244140625 0.48583984375 0.96337890625 1412582
0.00244140625 0.48583984375 0.96337890625 1412582
0.00244140625 0.48583984375 0.96337890625 1412583
0.00244140625 0.48583984375 0.96337890625 1412583
-0.0126953125 0.47216796875 0.9658203125 1412684
-0.0126953125 0.47216796875 0.9658203125 1412684
-0.0126953125 0.47216796875 0.9658203125 1412685
-0.0126953125 0.47216796875 0.9658203125 1412685
-0.017578125 0.4775390625 0.9658203125 1412787
-0.017578125 0.4775390625 0.9658203125 1412788
-0.017578125 0.4775390625 0.9658203125 1412789
-0.017578125 0.4775390625 0.9658203125 1412791
-0.01171875 0.47021484375 0.9599609375 1412889
-0.01171875 0.47021484375 0.9599609375 1412890
-0.01171875 0.47021484375 0.9599609375 1412890
-0.00634765625 0.46826171875 0.966796875 1412992
-0.00634765625 0.46826171875 0.966796875 1412992
-0.00634765625 0.46826171875 0.966796875 1412993
-0.00634765625 0.46826171875 0.966796875 1412993
-0.01220703125 0.47412109375 0.95458984375 1413170
-0.01220703125 0.47412109375 0.95458984375 1413171
-0.01220703125 0.47412109375 0.95458984375 1413172
-0.01220703125 0.47412109375 0.95458984375 1413173
-0.013671875 0.490234375 0.95068359375 1413281
-0.013671875 0.490234375 0.95068359375 1413282
-0.013671875 0.490234375 0.95068359375 1413283
-0.013671875 0.490234375 0.95068359375 1413283
-0.00830078125 0.49267578125 0.95458984375 1413384
-0.00830078125 0.49267578125 0.95458984375 1413385
-0.00830078125 0.49267578125 0.95458984375 1413385
-0.00830078125 0.49267578125 0.95458984375 1413386
-0.0107421875 0.4775390625 0.95849609375 1413487
-0.0107421875 0.4775390625 0.95849609375 1413487
-0.0107421875 0.4775390625 0.95849609375 1413487
-0.0107421875 0.4775390625 0.95849609375 1413488
-0.01513671875 0.47998046875 0.94970703125 1413589
-0.01513671875 0.47998046875 0.94970703125 1413590
-0.01513671875 0.47998046875 0.94970703125 1413591
-0.01513671875 0.47998046875 0.94970703125 1413592
-0.0078125 0.4765625 0.9560546875 1413692
-0.0078125 0.4765625 0.9560546875 1413692
-0.0078125 0.4765625 0.9560546875 1413693
-0.0078125 0.4765625 0.9560546875 1413693
-0.00732421875 0.4921875 0.9541015625 1413881
-0.00732421875 0.4921875 0.9541015625 1413881
-0.00732421875 0.4921875 0.9541015625 1413882
-0.00732421875 0.4921875 0.9541015625 1413882
0.00244140625 0.48193359375 0.9560546875 1413983
0.00244140625 0.48193359375 0.9560546875 1413984
0.00244140625 0.48193359375 0.9560546875 1413984
0.00244140625 0.48193359375 0.9560546875 1413985
0.00732421875 0.4853515625 0.9609375 1414086
0.00732421875 0.4853515625 0.9609375 1414086
0.00732421875 0.4853515625 0.9609375 1414087
0.00732421875 0.4853515625 0.9609375 1414087
-0.00341796875 0.4765625 0.95263671875 1414188
-0.00341796875 0.4765625 0.95263671875 1414188
-0.00341796875 0.4765625 0.95263671875 1414189
-0.00341796875 0.4765625 0.95263671875 1414189
0.0107421875 0.48828125 0.96435546875 1414290
0.0107421875 0.48828125 0.96435546875 1414290
0.0107421875 0.48828125 0.96435546875 1414291
0.0107421875 0.48828125 0.96435546875 1414291
0.0107421875 0.47216796875 0.955078125 1414475
0.0107421875 0.47216796875 0.955078125 1414475
0.0107421875 0.47216796875 0.955078125 1414476
0.0107421875 0.47216796875 0.955078125 1414476
0.00439453125 0.48486328125 0.9619140625 1414578
0.00439453125 0.48486328125 0.9619140625 1414578
0.00439453125 0.48486328125 0.9619140625 1414579
0.00439453125 0.48486328125 0.9619140625 1414579
0 0.47607421875 0.966796875 1414680
0 0.47607421875 0.966796875 1414680
0 0.47607421875 0.966796875 1414680
0 0.47607421875 0.966796875 1414681
0.00634765625 0.47802734375 0.9638671875 1414783
0.00634765625 0.47802734375 0.9638671875 1414783
0.00634765625 0.47802734375 0.9638671875 1414783
0.00634765625 0.47802734375 0.9638671875 1414784
0.0068359375 0.46044921875 0.96142578125 1414886
0.0068359375 0.46044921875 0.96142578125 1414886
0.0068359375 0.46044921875 0.96142578125 1414886
0.0068359375 0.46044921875 0.96142578125 1414887
0.01123046875 0.4638671875 0.95947265625 1414988
0.01123046875 0.4638671875 0.95947265625 1414988
0.01123046875 0.4638671875 0.95947265625 1414998
0.01123046875 0.4638671875 0.95947265625 1414998
0.0146484375 0.4775390625 0.9716796875 1415092
0.0146484375 0.4775390625 0.9716796875 1415092
0.00341796875 0.46875 0.9560546875 1415170
0.00341796875 0.46875 0.9560546875 1415170
0.00634765625 0.4765625 0.96435546875 1415280
0.00634765625 0.4765625 0.96435546875 1415280
0.00634765625 0.4765625 0.96435546875 1415280
0.00634765625 0.4765625 0.96435546875 1415281
-0.00146484375 0.47705078125 0.9755859375 1415484
-0.00146484375 0.47705078125 0.9755859375 1415484
-0.00146484375 0.47705078125 0.9755859375 1415485
-0.00146484375 0.47705078125 0.9755859375 1415485
-0.0078125 0.46142578125 0.9677734375 1415586
-0.0078125 0.46142578125 0.9677734375 1415586
-0.0078125 0.46142578125 0.9677734375 1415587
-0.0078125 0.46142578125 0.9677734375 1415587
-0.00390625 0.4716796875 0.97119140625 1415688
-0.00390625 0.4716796875 0.97119140625 1415688
-0.00390625 0.4716796875 0.97119140625 1415689
-0.00390625 0.4716796875 0.97119140625 1415689
-0.00439453125 0.4677734375 0.9677734375 1415790
-0.00439453125 0.4677734375 0.9677734375 1415791
-0.00439453125 0.4677734375 0.9677734375 1415792
-0.00439453125 0.4677734375 0.9677734375 1415792
-0.00634765625 0.46728515625 0.9697265625 1415979
-0.00634765625 0.46728515625 0.9697265625 1415980
-0.00634765625 0.46728515625 0.9697265625 1415980
-0.00634765625 0.46728515625 0.9697265625 1415981
-0.01025390625 0.466796875 0.9599609375 1416081
-0.01025390625 0.466796875 0.9599609375 1416082
-0.01025390625 0.466796875 0.9599609375 1416082
-0.01025390625 0.466796875 0.9599609375 1416083
-0.00341796875 0.47119140625 0.97265625 1416184
-0.00341796875 0.47119140625 0.97265625 1416185
-0.00341796875 0.47119140625 0.97265625 1416185
-0.00341796875 0.47119140625 0.97265625 1416186
-0.001953125 0.4697265625 0.9775390625 1416287
-0.001953125 0.4697265625 0.9775390625 1416287
-0.001953125 0.4697265625 0.9775390625 1416288
-0.001953125 0.4697265625 0.9775390625 1416288
-0.00830078125 0.46826171875 0.97119140625 1416390
-0.00830078125 0.46826171875 0.97119140625 1416390
-0.00830078125 0.46826171875 0.97119140625 1416391
-0.00830078125 0.46826171875 0.97119140625 1416391
-0.01025390625 0.4580078125 0.96533203125 1416579
-0.01025390625 0.4580078125 0.96533203125 1416580
-0.01025390625 0.4580078125 0.96533203125 1416582
-0.01025390625 0.4580078125 0.96533203125 1416582
-0.00927734375 0.47509765625 0.97119140625 1416682
-0.00927734375 0.47509765625 0.97119140625 1416682
-0.00927734375 0.47509765625 0.97119140625 1416683
-0.00927734375 0.47509765625 0.97119140625 1416683
-0.00634765625 0.46484375 0.97705078125 1416785
-0.00634765625 0.46484375 0.97705078125 1416785
-0.00634765625 0.46484375 0.97705078125 1416786
-0.00634765625 0.46484375 0.97705078125 1416786
-0.009765625 0.4638671875 0.966796875 1416888
-0.009765625 0.4638671875 0.966796875 1416888
-0.009765625 0.4638671875 0.966796875 1416889
-0.009765625 0.4638671875 0.966796875 1416889
-0.017578125 0.46044921875 0.9658203125 1416991
-0.017578125 0.46044921875 0.9658203125 1416992
-0.017578125 0.46044921875 0.9658203125 1416992
-0.017578125 0.46044921875 0.9658203125 1416993
-0.0224609375 0.46533203125 0.962890625 1417180
-0.0224609375 0.46533203125 0.962890625 1417180
-0.0224609375 0.46533203125 0.962890625 1417181
-0.0224609375 0.46533203125 0.962890625 1417181
-0.02099609375 0.4541015625 0.953125 1417282
-0.02099609375 0.4541015625 0.953125 1417282
-0.02099609375 0.4541015625 0.953125 1417283
-0.02099609375 0.4541015625 0.953125 1417283
-0.01513671875 0.47021484375 0.9716796875 1417384
-0.01513671875 0.47021484375 0.9716796875 1417385
-0.01513671875 0.47021484375 0.9716796875 1417385
-0.01513671875 0.47021484375 0.9716796875 1417385
-0.017578125 0.46923828125 0.966796875 1417487
-0.017578125 0.46923828125 0.966796875 1417487
-0.017578125 0.46923828125 0.966796875 1417488
-0.017578125 0.46923828125 0.966796875 1417488
-0.0126953125 0.47314453125 0.96728515625 1417590
-0.0126953125 0.47314453125 0.96728515625 1417590
-0.0126953125 0.47314453125 0.96728515625 1417591
-0.0126953125 0.47314453125 0.96728515625 1417592
-0.00927734375 0.45458984375 0.9697265625 1417779
-0.00927734375 0.45458984375 0.9697265625 1417779
-0.00927734375 0.45458984375 0.9697265625 1417780
-0.00927734375 0.45458984375 0.9697265625 1417780
-0.00830078125 0.4599609375 0.9677734375 1417882
-0.00830078125 0.4599609375 0.9677734375 1417883
-0.00830078125 0.4599609375 0.9677734375 1417883
-0.00830078125 0.4599609375 0.9677734375 1417884
-0.0166015625 0.45947265625 0.9716796875 1417985
-0.0166015625 0.45947265625 0.9716796875 1417986
-0.0166015625 0.45947265625 0.9716796875 1417986
-0.01806640625 0.46923828125 0.9677734375 1418087
-0.01806640625 0.46923828125 0.9677734375 1418087
-0.01806640625 0.46923828125 0.9677734375 1418088
-0.01806640625 0.46923828125 0.9677734375 1418088
-0.00732421875 0.462890625 0.97509765625 1418278
-0.00732421875 0.462890625 0.97509765625 1418278
-0.00732421875 0.462890625 0.97509765625 1418279
-0.00732421875 0.462890625 0.97509765625 1418279
-0.00830078125 0.455078125 0.9755859375 1418381
-0.00830078125 0.455078125 0.9755859375 1418382
-0.00830078125 0.455078125 0.9755859375 1418382
-0.00830078125 0.455078125 0.9755859375 1418382
-0.00439453125 0.45361328125 0.97216796875 1418483
-0.00439453125 0.45361328125 0.97216796875 1418483
-0.00439453125 0.45361328125 0.97216796875 1418484
-0.00439453125 0.45361328125 0.97216796875 1418484
-0.0048828125 0.4599609375 0.97607421875 1418585
-0.0048828125 0.4599609375 0.97607421875 1418586
-0.0048828125 0.4599609375 0.97607421875 1418587
-0.0048828125 0.4599609375 0.97607421875 1418587
-0.01416015625 0.458984375 0.9677734375 1418688
-0.01416015625 0.458984375 0.9677734375 1418688
-0.01416015625 0.458984375 0.9677734375 1418689
-0.01416015625 0.458984375 0.9677734375 1418689
-0.0107421875 0.455078125 0.970703125 1418878
-0.0107421875 0.455078125 0.970703125 1418878
-0.0107421875 0.455078125 0.970703125 1418879
-0.0107421875 0.455078125 0.970703125 1418879
-0.0078125 0.45556640625 0.96630859375 1418983
-0.0078125 0.45556640625 0.96630859375 1418984
-0.0078125 0.45556640625 0.96630859375 1418984
-0.0078125 0.45556640625 0.96630859375 1418985
-0.00927734375 0.45458984375 0.9794921875 1419085
-0.00927734375 0.45458984375 0.9794921875 1419085
-0.00927734375 0.45458984375 0.9794921875 1419087
-0.00927734375 0.45458984375 0.9794921875 1419087
-0.00341796875 0.44970703125 0.9775390625 1419188
-0.00341796875 0.44970703125 0.9775390625 1419188
-0.00341796875 0.44970703125 0.9775390625 1419189
-0.00341796875 0.44970703125 0.9775390625 1419189
-0.01025390625 0.45703125 0.96630859375 1419378
-0.01025390625 0.45703125 0.96630859375 1419380
-0.01025390625 0.45703125 0.96630859375 1419380
-0.01025390625 0.45703125 0.96630859375 1419381
-0.00244140625 0.451171875 0.97412109375 1419481
-0.00244140625 0.451171875 0.97412109375 1419481
-0.00244140625 0.451171875 0.97412109375 1419482
-0.00244140625 0.451171875 0.97412109375 1419482
0.00244140625 0.4521484375 0.98291015625 1419584
0.00244140625 0.4521484375 0.98291015625 1419584
0.00244140625 0.4521484375 0.98291015625 1419585
0.00244140625 0.4521484375 0.98291015625 1419585
-0.01025390625 0.45458984375 0.9755859375 1419686
-0.01025390625 0.45458984375 0.9755859375 1419686
-0.01025390625 0.45458984375 0.9755859375 1419687
-0.01025390625 0.45458984375 0.9755859375 1419687
-0.0068359375 0.455078125 0.98681640625 1419877
-0.0068359375 0.455078125 0.98681640625 1419877
-0.0068359375 0.455078125 0.98681640625 1419877
-0.0068359375 0.455078125 0.98681640625 1419878
-0.00341796875 0.46826171875 0.9755859375 1419979
-0.00341796875 0.46826171875 0.9755859375 1419979
-0.00341796875 0.46826171875 0.9755859375 1419980
-0.00341796875 0.46826171875 0.9755859375 1419980
0.01025390625 0.45751953125 0.96630859375 1420082
0.01025390625 0.45751953125 0.96630859375 1420083
0.01025390625 0.45751953125 0.96630859375 1420083
0.01025390625 0.45751953125 0.96630859375 1420084
-0.005859375 0.45068359375 0.97119140625 1420184
-0.005859375 0.45068359375 0.97119140625 1420185
-0.005859375 0.45068359375 0.97119140625 1420185
-0.005859375 0.45068359375 0.97119140625 1420186
-0.0048828125 0.44091796875 0.97900390625 1420287
-0.0048828125 0.44091796875 0.97900390625 1420287
-0.0048828125 0.44091796875 0.97900390625 1420288
-0.0048828125 0.44091796875 0.97900390625 1420288
-0.0078125 0.4404296875 0.9677734375 1420465
-0.0078125 0.4404296875 0.9677734375 1420466
-0.0078125 0.4404296875 0.9677734375 1420466
-0.0078125 0.4404296875 0.9677734375 1420467
-0.0078125 0.4541015625 0.97216796875 1420577
-0.0078125 0.4541015625 0.97216796875 1420577
-0.0078125 0.4541015625 0.97216796875 1420578
-0.0078125 0.4541015625 0.97216796875 1420578
-0.001953125 0.46044921875 0.97412109375 1420679
-0.001953125 0.46044921875 0.97412109375 1420680
-0.001953125 0.46044921875 0.97412109375 1420681
-0.001953125 0.46044921875 0.97412109375 1420681
-0.01220703125 0.45751953125 0.9619140625 1420796
-0.01220703125 0.45751953125 0.9619140625 1420796
-0.01220703125 0.45751953125 0.9619140625 1420796
-0.01220703125 0.45751953125 0.9619140625 1420797
-0.00341796875 0.45556640625 0.97802734375 1420979
-0.00341796875 0.45556640625 0.97802734375 1420979
-0.00341796875 0.45556640625 0.97802734375 1420980
-0.00341796875 0.45556640625 0.97802734375 1420980
-0.0048828125 0.45361328125 0.97021484375 1421082
-0.0048828125 0.45361328125 0.97021484375 1421082
-0.0048828125 0.45361328125 0.97021484375 1421082
-0.0107421875 0.4609375 0.96923828125 1421185
-0.0107421875 0.4609375 0.96923828125 1421185
-0.0107421875 0.4609375 0.96923828125 1421185
-0.0107421875 0.4609375 0.96923828125 1421186
-0.01416015625 0.46728515625 0.96630859375 1421375
-0.01416015625 0.46728515625 0.96630859375 1421376
-0.01416015625 0.46728515625 0.96630859375 1421376
-0.01416015625 0.46728515625 0.96630859375 1421376
-0.01171875 0.4931640625 0.97705078125 1421478
-0.01171875 0.4931640625 0.97705078125 1421518
-0.01171875 0.4931640625 0.97705078125 1421519
-0.01171875 0.4931640625 0.97705078125 1421519
-0.01171875 0.46923828125 0.96337890625 1421580
0.01025390625 0.44287109375 0.96728515625 1421708
0.01025390625 0.44287109375 0.96728515625 1421708
0.01025390625 0.44287109375 0.96728515625 1421709
0.01025390625 0.44287109375 0.96728515625 1421709
-0.0234375 0.42333984375 0.9345703125 1421864
-0.0234375 0.42333984375 0.9345703125 1421865
-0.0234375 0.42333984375 0.9345703125 1421866
-0.0234375 0.42333984375 0.9345703125 1421866
-0.04052734375 0.39404296875 0.94873046875 1421975
-0.04052734375 0.39404296875 0.94873046875 1421976
-0.04052734375 0.39404296875 0.94873046875 1421976
-0.04052734375 0.39404296875 0.94873046875 1421977
-0.0185546875 0.4189453125 0.96875 1422077
-0.0185546875 0.4189453125 0.96875 1422077
-0.0185546875 0.4189453125 0.96875 1422079
-0.0185546875 0.4189453125 0.96875 1422079
0.02734375 0.46240234375 1.04443359375 1422183
0.02734375 0.46240234375 1.04443359375 1422183
0.02734375 0.46240234375 1.04443359375 1422184
0.02734375 0.46240234375 1.04443359375 1422184
-0.07080078125 0.48974609375 0.90869140625 1422285
-0.07080078125 0.48974609375 0.90869140625 1422285
-0.07080078125 0.48974609375 0.90869140625 1422286
-0.07080078125 0.48974609375 0.90869140625 1422286
-0.8876953125 0.677734375 0.01025390625 1422475
-0.8876953125 0.677734375 0.01025390625 1422475
-0.8876953125 0.677734375 0.01025390625 1422476
-0.8876953125 0.677734375 0.01025390625 1422477
-0.98095703125 0.51513671875 -0.2998046875 1422578
-0.98095703125 0.51513671875 -0.2998046875 1422579
-0.98095703125 0.51513671875 -0.2998046875 1422580
-0.98095703125 0.51513671875 -0.2998046875 1422580
-0.7763671875 0.35595703125 -0.27783203125 1422682
-0.7763671875 0.35595703125 -0.27783203125 1422682
-0.7763671875 0.35595703125 -0.27783203125 1422683
-0.7763671875 0.35595703125 -0.27783203125 1422683
-0.62646484375 0.27001953125 -0.16259765625 1422784
-0.62646484375 0.27001953125 -0.16259765625 1422784
-0.62646484375 0.27001953125 -0.16259765625 1422785
-0.62646484375 0.27001953125 -0.16259765625 1422786
-0.50927734375 -0.150390625 0.2333984375 1422887
-0.50927734375 -0.150390625 0.2333984375 1422887
-0.50927734375 -0.150390625 0.2333984375 1422887
-0.50927734375 -0.150390625 0.2333984375 1422888
-0.81396484375 0.357421875 -0.2236328125 1423076
-0.81396484375 0.357421875 -0.2236328125 1423099
-0.81396484375 0.357421875 -0.2236328125 1423099
-0.81396484375 0.357421875 -0.2236328125 1423100
