0 0 0 1230822
0 0 0 1230822
0.8544921875 4.7607421875 4.08935546875 1230824
0.8544921875 4.7607421875 4.08935546875 1230824
0.8544921875 4.7607421875 4.08935546875 1230825
0.3662109375 0.6103515625 1.64794921875 1231003
0.6103515625 -1.28173828125 2.3193359375 1231004
0.6103515625 -1.28173828125 2.3193359375 1231005
0.6103515625 -1.28173828125 2.3193359375 1231005
-8.7890625 -7.38525390625 7.26318359375 1231226
-2.0751953125 -3.84521484375 -2.01416015625 1231226
-2.0751953125 -3.84521484375 -2.01416015625 1231227
-2.0751953125 -3.84521484375 -2.01416015625 1231227
-6.103515625 -5.2490234375 4.33349609375 1231410
-2.0751953125 4.5166015625 3.2958984375 1231411
-2.0751953125 4.5166015625 3.2958984375 1231476
-2.0751953125 4.5166015625 3.2958984375 1231477
3.90625 4.5166015625 2.5634765625 1231595
-0.79345703125 -1.77001953125 2.99072265625 1231595
-0.79345703125 -1.77001953125 2.99072265625 1231596
-0.79345703125 -1.77001953125 2.99072265625 1231596
-0.79345703125 -1.77001953125 2.99072265625 1231697
-1.28173828125 -0.1220703125 5.67626953125 1231698
-1.28173828125 -0.1220703125 5.67626953125 1231698
-1.28173828125 -0.1220703125 5.67626953125 1231698
-1.28173828125 -0.1220703125 5.67626953125 1231802
-0.1220703125 -4.21142578125 8.48388671875 1231803
-0.1220703125 -4.21142578125 8.48388671875 1231804
-0.1220703125 -4.21142578125 8.48388671875 1231804
-1.52587890625 -6.40869140625 2.01416015625 1231994
-6.591796875 -5.55419921875 8.544921875 1231995
-6.591796875 -5.55419921875 8.544921875 1231995
-6.591796875 -5.55419921875 8.544921875 1231996
-6.4697265625 -3.5400390625 4.45556640625 1232191
-7.99560546875 -6.7138671875 7.32421875 1232192
-7.99560546875 -6.7138671875 7.32421875 1232192
-7.99560546875 -6.7138671875 7.32421875 1232193
-7.99560546875 -6.7138671875 7.32421875 1232293
1.15966796875 3.2958984375 4.45556640625 1232294
1.15966796875 3.2958984375 4.45556640625 1232294
1.15966796875 3.2958984375 4.45556640625 1232295
1.15966796875 3.2958984375 4.45556640625 1232397
-2.50244140625 2.9296875 1.46484375 1232398
-2.50244140625 2.9296875 1.46484375 1232399
-2.50244140625 2.9296875 1.46484375 1232399
-2.50244140625 2.9296875 1.46484375 1232499
1.03759765625 1.953125 0.79345703125 1232500
1.03759765625 1.953125 0.79345703125 1232500
1.03759765625 1.953125 0.79345703125 1232501
1.03759765625 1.953125 0.79345703125 1232603
5.2490234375 -1.52587890625 4.150390625 1232603
5.2490234375 -1.52587890625 4.150390625 1232604
5.2490234375 -1.52587890625 4.150390625 1232604
6.2255859375 6.28662109375 -0.06103515625 1232791
5.2490234375 0.732421875 0.6103515625 1232792
5.2490234375 0.732421875 0.6103515625 1232792
5.2490234375 0.732421875 0.6103515625 1232793
5.2490234375 0.732421875 0.6103515625 1232892
3.11279296875 -2.0751953125 3.90625 1232893
3.11279296875 -2.0751953125 3.90625 1232893
3.11279296875 -2.0751953125 3.90625 1232894
1.40380859375 2.74658203125 3.35693359375 1233094
0.1220703125 1.708984375 2.50244140625 1233094
0.1220703125 1.708984375 2.50244140625 1233095
0.1220703125 1.708984375 2.50244140625 1233095
0.1220703125 1.708984375 2.50244140625 1233197
3.35693359375 0.244140625 4.21142578125 1233197
3.35693359375 0.244140625 4.21142578125 1233198
3.35693359375 0.244140625 4.21142578125 1233198
3.35693359375 0.244140625 4.21142578125 1233299
-1.0986328125 -1.52587890625 1.89208984375 1233299
-1.0986328125 -1.52587890625 1.89208984375 1233300
-1.0986328125 -1.52587890625 1.89208984375 1233300
0 -2.685546875 3.173828125 1233489
-1.953125 3.7841796875 -3.2958984375 1233489
-1.953125 3.7841796875 -3.2958984375 1233490
-1.953125 3.7841796875 -3.2958984375 1233490
-1.953125 3.7841796875 -3.2958984375 1233593
-6.40869140625 3.96728515625 -4.150390625 1233593
-6.40869140625 3.96728515625 -4.150390625 1233594
-6.40869140625 3.96728515625 -4.150390625 1233594
-6.40869140625 3.96728515625 -4.150390625 1233708
-2.9296875 4.57763671875 -2.74658203125 1233708
-2.9296875 4.57763671875 -2.74658203125 1233709
-2.9296875 4.57763671875 -2.74658203125 1233709
-5.615234375 24.59716796875 -15.13671875 1233877
1.77001953125 0.732421875 4.69970703125 1233878
1.77001953125 0.732421875 4.69970703125 1233878
1.77001953125 0.732421875 4.69970703125 1233879
1.77001953125 0.732421875 4.69970703125 1233990
-1.220703125 -4.08935546875 0.42724609375 1233990
-1.220703125 -4.08935546875 0.42724609375 1233990
-1.220703125 -4.08935546875 0.42724609375 1233991
-1.220703125 -4.08935546875 0.42724609375 1234096
-2.0751953125 0 -1.5869140625 1234097
-2.0751953125 0 -1.5869140625 1234097
-2.0751953125 0 -1.5869140625 1234097
-1.64794921875 3.35693359375 -3.7841796875 1234289
-6.28662109375 7.8125 -7.2021484375 1234290
-6.28662109375 7.8125 -7.2021484375 1234290
-6.28662109375 7.8125 -7.2021484375 1234290
-6.28662109375 7.8125 -7.2021484375 1234394
1.64794921875 1.220703125 -2.8076171875 1234394
1.64794921875 1.220703125 -2.8076171875 1234395
1.64794921875 1.220703125 -2.8076171875 1234395
1.64794921875 1.220703125 -2.8076171875 1234494
-2.50244140625 0.1220703125 0.67138671875 1234495
-2.50244140625 0.1220703125 0.67138671875 1234495
-2.50244140625 0.1220703125 0.67138671875 1234496
-2.50244140625 0.1220703125 0.67138671875 1234599
1.52587890625 5.615234375 -3.2958984375 1234600
1.52587890625 5.615234375 -3.2958984375 1234600
1.52587890625 5.615234375 -3.2958984375 1234600
-2.9296875 5.7373046875 -1.89208984375 1234787
2.50244140625 2.197265625 2.38037109375 1234787
2.50244140625 2.197265625 2.38037109375 1234787
2.50244140625 2.197265625 2.38037109375 1234787
2.50244140625 2.197265625 2.38037109375 1234895
-0.9765625 2.5634765625 1.15966796875 1234895
-0.9765625 2.5634765625 1.15966796875 1234895
-0.9765625 2.5634765625 1.15966796875 1234896
-0.9765625 2.5634765625 1.15966796875 1234996
-2.50244140625 0.54931640625 0.42724609375 1234997
-2.50244140625 0.54931640625 0.42724609375 1234997
-2.50244140625 0.54931640625 0.42724609375 1234998
1.52587890625 0.79345703125 -0.06103515625 1235194
-2.0751953125 -0.6103515625 1.03759765625 1235195
-2.0751953125 -0.6103515625 1.03759765625 1235195
-2.0751953125 -0.6103515625 1.03759765625 1235195
-1.8310546875 -0.732421875 2.38037109375 1235384
13.916015625 -4.82177734375 5.79833984375 1235385
13.916015625 -4.82177734375 5.79833984375 1235386
13.916015625 -4.82177734375 5.79833984375 1235386
13.916015625 -4.82177734375 5.79833984375 1235487
6.8359375 -9.46044921875 7.50732421875 1235488
6.8359375 -9.46044921875 7.50732421875 1235488
6.8359375 -9.46044921875 7.50732421875 1235489
6.8359375 -9.46044921875 7.50732421875 1235590
8.23974609375 -21.484375 36.7431640625 1235590
8.23974609375 -21.484375 36.7431640625 1235591
8.23974609375 -21.484375 36.7431640625 1235591
8.23974609375 -21.484375 36.7431640625 1235694
6.103515625 -12.3291015625 9.09423828125 1235695
6.103515625 -12.3291015625 9.09423828125 1235695
6.103515625 -12.3291015625 9.09423828125 1235696
6.103515625 -12.3291015625 9.09423828125 1235796
-3.11279296875 -16.11328125 13.85498046875 1235797
-3.11279296875 -16.11328125 13.85498046875 1235797
-3.11279296875 -16.11328125 13.85498046875 1235798
2.25830078125 -21.54541015625 17.02880859375 1235986
3.5400390625 -3.2958984375 7.75146484375 1235986
3.5400390625 -3.2958984375 7.75146484375 1235987
3.5400390625 -3.2958984375 7.75146484375 1235987
3.5400390625 -3.2958984375 7.75146484375 1236087
-13.61083984375 -16.11328125 20.69091796875 1236088
-13.61083984375 -16.11328125 20.69091796875 1236088
-13.61083984375 -16.11328125 20.69091796875 1236089
-13.61083984375 -16.11328125 20.69091796875 1236191
-22.64404296875 -20.32470703125 28.62548828125 1236191
-22.64404296875 -20.32470703125 28.62548828125 1236192
-22.64404296875 -20.32470703125 28.62548828125 1236192
-22.64404296875 -20.32470703125 28.62548828125 1236291
-27.9541015625 -25.57373046875 27.099609375 1236292
-27.9541015625 -25.57373046875 27.099609375 1236292
-27.9541015625 -25.57373046875 27.099609375 1236293
-27.9541015625 -25.57373046875 27.099609375 1236395
-29.47998046875 -13.427734375 27.28271484375 1236395
-29.47998046875 -13.427734375 27.28271484375 1236396
-29.47998046875 -13.427734375 27.28271484375 1236396
-4.39453125 6.9580078125 5.18798828125 1236588
-1.89208984375 2.3193359375 0.18310546875 1236588
-1.89208984375 2.3193359375 0.18310546875 1236589
-1.89208984375 2.3193359375 0.18310546875 1236589
-1.89208984375 2.3193359375 0.18310546875 1236688
-5.126953125 7.38525390625 -2.38037109375 1236688
-5.126953125 7.38525390625 -2.38037109375 1236689
-5.126953125 7.38525390625 -2.38037109375 1236690
-5.126953125 7.38525390625 -2.38037109375 1236791
0.8544921875 -0.54931640625 -0.42724609375 1236792
0.8544921875 -0.54931640625 -0.42724609375 1236792
0.8544921875 -0.54931640625 -0.42724609375 1236792
0.8544921875 -0.54931640625 -0.42724609375 1236895
-2.74658203125 0.54931640625 -2.99072265625 1236896
-2.74658203125 0.54931640625 -2.99072265625 1236896
-2.74658203125 0.54931640625 -2.99072265625 1236896
0.9765625 -4.5166015625 0.732421875 1237085
-2.8076171875 -11.3525390625 -4.0283203125 1237086
-2.8076171875 -11.3525390625 -4.0283203125 1237086
-2.8076171875 -11.3525390625 -4.0283203125 1237087
-2.8076171875 -11.3525390625 -4.0283203125 1237189
-4.8828125 -4.150390625 -2.62451171875 1237189
-4.8828125 -4.150390625 -2.62451171875 1237190
-4.8828125 -4.150390625 -2.62451171875 1237190
-4.8828125 -4.150390625 -2.62451171875 1237291
-0.48828125 -0.06103515625 -3.90625 1237291
-0.48828125 -0.06103515625 -3.90625 1237292
-0.48828125 -0.06103515625 -3.90625 1237292
-0.48828125 -0.06103515625 -3.90625 1237394
0.54931640625 0.1220703125 -0.6103515625 1237394
0.54931640625 0.1220703125 -0.6103515625 1237394
0.54931640625 0.1220703125 -0.6103515625 1237395
-4.33349609375 -6.591796875 3.90625 1237583
-4.82177734375 -1.77001953125 -0.79345703125 1237584
-4.82177734375 -1.77001953125 -0.79345703125 1237584
-4.82177734375 -1.77001953125 -0.79345703125 1237585
-4.82177734375 -1.77001953125 -0.79345703125 1237685
-4.94384765625 -2.0751953125 1.5869140625 1237686
-4.94384765625 -2.0751953125 1.5869140625 1237686
-4.94384765625 -2.0751953125 1.5869140625 1237686
-4.94384765625 -2.0751953125 1.5869140625 1237787
-0.30517578125 -4.94384765625 -0.8544921875 1237788
-0.30517578125 -4.94384765625 -0.8544921875 1237788
-0.30517578125 -4.94384765625 -0.8544921875 1237789
-0.30517578125 -4.94384765625 -0.8544921875 1237889
1.5869140625 -5.55419921875 -1.15966796875 1237890
1.5869140625 -5.55419921875 -1.15966796875 1237890
1.5869140625 -5.55419921875 -1.15966796875 1237891
1.5869140625 -5.55419921875 -1.15966796875 1237992
1.708984375 -1.03759765625 -2.86865234375 1237992
1.708984375 -1.03759765625 -2.86865234375 1237993
1.708984375 -1.03759765625 -2.86865234375 1237993
-0.48828125 0.732421875 -4.0283203125 1238180
-0.8544921875 -2.01416015625 -1.77001953125 1238180
-0.8544921875 -2.01416015625 -1.77001953125 1238181
-0.8544921875 -2.01416015625 -1.77001953125 1238181
-0.8544921875 -2.01416015625 -1.77001953125 1238283
4.57763671875 -0.6103515625 -3.173828125 1238283
4.57763671875 -0.6103515625 -3.173828125 1238284
4.57763671875 -0.6103515625 -3.173828125 1238285
4.57763671875 -0.6103515625 -3.173828125 1238394
-0.48828125 -0.8544921875 -2.13623046875 1238395
-0.48828125 -0.8544921875 -2.13623046875 1238395
-0.48828125 -0.8544921875 -2.13623046875 1238395
-1.15966796875 -0.6103515625 -2.3193359375 1238583
-0.06103515625 -4.39453125 -2.197265625 1238584
-0.06103515625 -4.39453125 -2.197265625 1238584
-0.06103515625 -4.39453125 -2.197265625 1238584
-0.06103515625 -4.39453125 -2.197265625 1238688
0.9765625 -2.0751953125 -5.615234375 1238688
0.9765625 -2.0751953125 -5.615234375 1238689
0.9765625 -2.0751953125 -5.615234375 1238689
0.9765625 -2.0751953125 -5.615234375 1238788
1.03759765625 -0.54931640625 -5.2490234375 1238788
1.03759765625 -0.54931640625 -5.2490234375 1238789
1.03759765625 -0.54931640625 -5.2490234375 1238789
1.03759765625 -0.54931640625 -5.2490234375 1238891
0.06103515625 -2.3193359375 -3.96728515625 1238891
0.06103515625 -2.3193359375 -3.96728515625 1238892
0.06103515625 -2.3193359375 -3.96728515625 1238892
2.25830078125 -0.42724609375 -5.92041015625 1239080
2.3193359375 -4.0283203125 -4.638671875 1239081
2.3193359375 -4.0283203125 -4.638671875 1239081
2.3193359375 -4.0283203125 -4.638671875 1239081
2.3193359375 -4.0283203125 -4.638671875 1239187
2.62451171875 -1.220703125 -3.90625 1239187
2.62451171875 -1.220703125 -3.90625 1239188
2.62451171875 -1.220703125 -3.90625 1239188
-2.01416015625 -5.43212890625 -0.06103515625 1239391
-0.18310546875 -3.35693359375 -2.01416015625 1239392
-0.18310546875 -3.35693359375 -2.01416015625 1239392
-0.18310546875 -3.35693359375 -2.01416015625 1239393
-1.220703125 -5.31005859375 0.18310546875 1239580
0 -4.45556640625 -0.3662109375 1239580
0 -4.45556640625 -0.3662109375 1239580
0 -4.45556640625 -0.3662109375 1239581
0 -4.45556640625 -0.3662109375 1239712
-0.1220703125 -2.5634765625 0.91552734375 1239713
-0.1220703125 -2.5634765625 0.91552734375 1239713
-0.1220703125 -2.5634765625 0.91552734375 1239714
-0.6103515625 -2.25830078125 -0.42724609375 1239878
0.06103515625 -3.0517578125 0.244140625 1239878
0.06103515625 -3.0517578125 0.244140625 1239878
0.06103515625 -3.0517578125 0.244140625 1239879
0.06103515625 -3.0517578125 0.244140625 1239980
0.244140625 -2.25830078125 0.6103515625 1239981
0.244140625 -2.25830078125 0.6103515625 1239981
0.244140625 -2.25830078125 0.6103515625 1239981
0.244140625 -2.25830078125 0.6103515625 1240084
-1.52587890625 -1.46484375 0.6103515625 1240084
-1.52587890625 -1.46484375 0.6103515625 1240085
-1.52587890625 -1.46484375 0.6103515625 1240085
-1.52587890625 -1.46484375 0.6103515625 1240187
-2.197265625 -2.3193359375 1.953125 1240187
-2.197265625 -2.3193359375 1.953125 1240188
-2.197265625 -2.3193359375 1.953125 1240188
-2.197265625 -2.3193359375 1.953125 1240289
-1.46484375 -0.6103515625 1.28173828125 1240289
-1.46484375 -0.6103515625 1.28173828125 1240290
-1.46484375 -0.6103515625 1.28173828125 1240290
-0.244140625 -0.18310546875 1.77001953125 1240478
-0.732421875 -1.40380859375 1.953125 1240478
-0.732421875 -1.40380859375 1.953125 1240478
-0.732421875 -1.40380859375 1.953125 1240479
-0.732421875 -1.40380859375 1.953125 1240580
-0.91552734375 -0.732421875 2.685546875 1240581
-0.91552734375 -0.732421875 2.685546875 1240581
-0.91552734375 -0.732421875 2.685546875 1240582
-0.48828125 -1.03759765625 3.662109375 1240683
-0.48828125 -1.03759765625 3.662109375 1240684
-0.48828125 -1.03759765625 3.662109375 1240684
-0.48828125 -1.03759765625 3.662109375 1240787
-1.40380859375 -1.5869140625 3.173828125 1240787
-1.40380859375 -1.5869140625 3.173828125 1240787
-1.40380859375 -1.5869140625 3.173828125 1240788
-0.3662109375 -0.54931640625 3.173828125 1240981
-0.8544921875 0.42724609375 4.2724609375 1240982
-0.8544921875 0.42724609375 4.2724609375 1240982
-0.8544921875 0.42724609375 4.2724609375 1240982
-1.3427734375 0 3.60107421875 1241183
-0.8544921875 -2.44140625 4.0283203125 1241184
-0.8544921875 -2.44140625 4.0283203125 1241184
-0.8544921875 -2.44140625 4.0283203125 1241184
-0.8544921875 -2.44140625 4.0283203125 1241284
-2.38037109375 -2.50244140625 4.638671875 1241285
-2.38037109375 -2.50244140625 4.638671875 1241285
-2.38037109375 -2.50244140625 4.638671875 1241287
-2.38037109375 -2.50244140625 4.638671875 1241388
-1.03759765625 -1.03759765625 3.84521484375 1241389
-1.03759765625 -1.03759765625 3.84521484375 1241389
-1.03759765625 -1.03759765625 3.84521484375 1241389
-0.8544921875 0.3662109375 4.57763671875 1241592
0.18310546875 0.9765625 4.150390625 1241592
0.18310546875 0.9765625 4.150390625 1241593
0.18310546875 0.9765625 4.150390625 1241593
-0.732421875 1.03759765625 2.5634765625 1241784
1.46484375 0.48828125 1.953125 1241784
1.46484375 0.48828125 1.953125 1241785
1.46484375 0.48828125 1.953125 1241785
1.46484375 0.48828125 1.953125 1241886
0 0.67138671875 1.77001953125 1241887
0 0.67138671875 1.77001953125 1241887
0 0.67138671875 1.77001953125 1241888
-0.732421875 -0.6103515625 3.2958984375 1242076
-0.732421875 0 2.62451171875 1242077
-0.732421875 0 2.62451171875 1242078
-0.732421875 0 2.62451171875 1242078
-0.732421875 0 2.62451171875 1242178
-1.64794921875 -1.28173828125 3.41796875 1242178
-1.64794921875 -1.28173828125 3.41796875 1242179
-1.64794921875 -1.28173828125 3.41796875 1242179
0.67138671875 -1.220703125 2.8076171875 1242281
0.67138671875 -1.220703125 2.8076171875 1242281
0.67138671875 -1.220703125 2.8076171875 1242282
0.67138671875 -1.220703125 2.8076171875 1242387
0 -2.197265625 5.37109375 1242388
0 -2.197265625 5.37109375 1242388
0 -2.197265625 5.37109375 1242389
0 -0.91552734375 3.72314453125 1242576
0.244140625 -0.732421875 3.84521484375 1242577
0.244140625 -0.732421875 3.84521484375 1242577
0.244140625 -0.732421875 3.84521484375 1242577
0.244140625 -0.732421875 3.84521484375 1242677
0.3662109375 -1.0986328125 1.3427734375 1242678
0.3662109375 -1.0986328125 1.3427734375 1242679
0.3662109375 -1.0986328125 1.3427734375 1242679
0.3662109375 -1.0986328125 1.3427734375 1242780
0 -1.64794921875 1.28173828125 1242780
0 -1.64794921875 1.28173828125 1242780
0 -1.64794921875 1.28173828125 1242782
0 -1.64794921875 1.28173828125 1242883
0.06103515625 -0.67138671875 1.15966796875 1242884
0.06103515625 -0.67138671875 1.15966796875 1242885
0.06103515625 -0.67138671875 1.15966796875 1242885
-1.3427734375 -1.89208984375 2.5634765625 1243073
-0.79345703125 -1.220703125 1.52587890625 1243074
-0.79345703125 -1.220703125 1.52587890625 1243074
-0.79345703125 -1.220703125 1.52587890625 1243075
-0.79345703125 -1.220703125 1.52587890625 1243177
-0.48828125 -0.06103515625 1.52587890625 1243177
-0.48828125 -0.06103515625 1.52587890625 1243178
-0.48828125 -0.06103515625 1.52587890625 1243178
-0.48828125 -0.06103515625 1.52587890625 1243281
-0.54931640625 -0.8544921875 1.77001953125 1243282
-0.54931640625 -0.8544921875 1.77001953125 1243282
-0.54931640625 -0.8544921875 1.77001953125 1243283
-0.54931640625 -0.8544921875 1.77001953125 1243385
0 -1.3427734375 2.197265625 1243386
0 -1.3427734375 2.197265625 1243386
0 -1.3427734375 2.197265625 1243387
-0.3662109375 -0.54931640625 1.5869140625 1243574
-0.6103515625 0.06103515625 1.52587890625 1243574
-0.6103515625 0.06103515625 1.52587890625 1243575
-0.6103515625 0.06103515625 1.52587890625 1243575
-0.6103515625 0.06103515625 1.52587890625 1243677
-0.244140625 0.1220703125 1.708984375 1243677
-0.244140625 0.1220703125 1.708984375 1243678
-0.244140625 0.1220703125 1.708984375 1243678
-0.244140625 0.1220703125 1.708984375 1243779
0.244140625 -0.732421875 1.89208984375 1243780
0.244140625 -0.732421875 1.89208984375 1243780
0.244140625 -0.732421875 1.89208984375 1243781
0.244140625 -0.732421875 1.89208984375 1243887
-1.03759765625 -0.91552734375 2.9296875 1243889
-1.03759765625 -0.91552734375 2.9296875 1243889
-1.03759765625 -0.91552734375 2.9296875 1243890
-1.3427734375 -1.64794921875 2.13623046875 1244072
0.48828125 -0.9765625 2.01416015625 1244073
0.48828125 -0.9765625 2.01416015625 1244074
0.48828125 -0.9765625 2.01416015625 1244074
0.48828125 -0.9765625 2.01416015625 1244174
-1.220703125 -0.42724609375 2.62451171875 1244175
-1.220703125 -0.42724609375 2.62451171875 1244176
-1.220703125 -0.42724609375 2.62451171875 1244176
-1.220703125 -0.42724609375 2.62451171875 1244277
-0.79345703125 -0.3662109375 1.220703125 1244278
-0.79345703125 -0.3662109375 1.220703125 1244278
-0.79345703125 -0.3662109375 1.220703125 1244279
-0.79345703125 -0.3662109375 1.220703125 1244381
-0.8544921875 -1.3427734375 1.28173828125 1244381
-0.8544921875 -1.3427734375 1.28173828125 1244382
-0.8544921875 -1.3427734375 1.28173828125 1244382
-0.8544921875 -1.3427734375 1.28173828125 1244481
-0.06103515625 -0.18310546875 2.01416015625 1244482
-0.06103515625 -0.18310546875 2.01416015625 1244482
-0.06103515625 -0.18310546875 2.01416015625 1244482
-0.42724609375 -0.3662109375 1.0986328125 1244689
-1.03759765625 -0.732421875 2.13623046875 1244690
-1.03759765625 -0.732421875 2.13623046875 1244691
-1.03759765625 -0.732421875 2.13623046875 1244691
-1.03759765625 -0.732421875 2.13623046875 1244790
-2.01416015625 -0.48828125 1.5869140625 1244791
-2.01416015625 -0.48828125 1.5869140625 1244792
-2.01416015625 -0.48828125 1.5869140625 1244792
-1.220703125 -1.40380859375 1.708984375 1244982
-3.0517578125 -1.0986328125 0.42724609375 1244982
-3.0517578125 -1.0986328125 0.42724609375 1244983
-3.0517578125 -1.0986328125 0.42724609375 1244983
-4.08935546875 -2.01416015625 -0.06103515625 1245172
-4.57763671875 -1.3427734375 -2.197265625 1245173
-4.57763671875 -1.3427734375 -2.197265625 1245173
-4.57763671875 -1.3427734375 -2.197265625 1245174
-4.57763671875 -1.3427734375 -2.197265625 1245273
-4.82177734375 -0.42724609375 -7.26318359375 1245274
-4.82177734375 -0.42724609375 -7.26318359375 1245274
-5.06591796875 -1.220703125 -12.20703125 1245376
-5.06591796875 -1.220703125 -12.20703125 1245377
-5.06591796875 -1.220703125 -12.20703125 1245377
-5.06591796875 -1.220703125 -12.20703125 1245480
-2.0751953125 -4.94384765625 -16.11328125 1245480
-2.0751953125 -4.94384765625 -16.11328125 1245480
-2.0751953125 -4.94384765625 -16.11328125 1245481
-1.03759765625 -6.53076171875 -21.240234375 1245669
4.45556640625 -7.9345703125 -23.8037109375 1245670
4.45556640625 -7.9345703125 -23.8037109375 1245671
4.45556640625 -7.9345703125 -23.8037109375 1245671
4.45556640625 -7.9345703125 -23.8037109375 1245773
13.5498046875 -11.71875 -24.5361328125 1245774
13.5498046875 -11.71875 -24.5361328125 1245774
13.5498046875 -11.71875 -24.5361328125 1245775
13.5498046875 -11.71875 -24.5361328125 1245876
16.90673828125 -11.90185546875 -21.91162109375 1245876
16.90673828125 -11.90185546875 -21.91162109375 1245877
16.90673828125 -11.90185546875 -21.91162109375 1245877
16.90673828125 -11.90185546875 -21.91162109375 1245977
54.62646484375 19.47021484375 -43.5791015625 1245977
54.62646484375 19.47021484375 -43.5791015625 1245978
54.62646484375 19.47021484375 -43.5791015625 1245978
54.62646484375 19.47021484375 -43.5791015625 1246082
85.99853515625 95.88623046875 -70.37353515625 1246083
85.99853515625 95.88623046875 -70.37353515625 1246083
85.99853515625 95.88623046875 -70.37353515625 1246083
99.4873046875 186.03515625 -100.09765625 1246270
88.68408203125 183.59375 -104.79736328125 1246271
88.68408203125 183.59375 -104.79736328125 1246271
88.68408203125 183.59375 -104.79736328125 1246272
88.68408203125 183.59375 -104.79736328125 1246371
47.36328125 135.92529296875 -81.6650390625 1246371
47.36328125 135.92529296875 -81.6650390625 1246372
47.36328125 135.92529296875 -81.6650390625 1246372
18.85986328125 64.3310546875 -59.326171875 1246474
18.85986328125 64.3310546875 -59.326171875 1246475
18.85986328125 64.3310546875 -59.326171875 1246475
18.85986328125 64.3310546875 -59.326171875 1246579
18.00537109375 36.7431640625 -53.16162109375 1246579
18.00537109375 36.7431640625 -53.16162109375 1246580
18.00537109375 36.7431640625 -53.16162109375 1246580
7.080078125 27.2216796875 -41.32080078125 1246768
6.9580078125 35.09521484375 -21.97265625 1246769
6.9580078125 35.09521484375 -21.97265625 1246769
6.9580078125 35.09521484375 -21.97265625 1246770
6.9580078125 35.09521484375 -21.97265625 1246871
17.578125 80.01708984375 45.166015625 1246871
17.578125 80.01708984375 45.166015625 1246871
17.578125 80.01708984375 45.166015625 1246872
17.578125 80.01708984375 45.166015625 1246973
5.67626953125 -9.21630859375 2.3193359375 1246974
5.67626953125 -9.21630859375 2.3193359375 1246974
5.67626953125 -9.21630859375 2.3193359375 1246975
5.67626953125 -9.21630859375 2.3193359375 1247077
-14.70947265625 -118.83544921875 14.404296875 1247078
-14.70947265625 -118.83544921875 14.404296875 1247078
-14.70947265625 -118.83544921875 14.404296875 1247079
-14.70947265625 -118.83544921875 14.404296875 1247179
-9.521484375 -63.4765625 51.08642578125 1247180
-9.521484375 -63.4765625 51.08642578125 1247180
-9.521484375 -63.4765625 51.08642578125 1247180
-15.68603515625 -91.064453125 35.400390625 1247367
-18.06640625 -138.00048828125 53.466796875 1247367
-18.06640625 -138.00048828125 53.466796875 1247368
-18.06640625 -138.00048828125 53.466796875 1247368
-18.06640625 -138.00048828125 53.466796875 1247471
-6.28662109375 -147.3388671875 65.91796875 1247471
-6.28662109375 -147.3388671875 65.91796875 1247471
-6.28662109375 -147.3388671875 65.91796875 1247472
-6.28662109375 -147.3388671875 65.91796875 1247573
-32.71484375 -116.63818359375 64.5751953125 1247573
-32.71484375 -116.63818359375 64.5751953125 1247574
-32.71484375 -116.63818359375 64.5751953125 1247574
-32.71484375 -116.63818359375 64.5751953125 1247674
-33.63037109375 -67.0166015625 33.3251953125 1247675
-33.63037109375 -67.0166015625 33.3251953125 1247675
-33.63037109375 -67.0166015625 33.3251953125 1247676
-33.63037109375 -67.0166015625 33.3251953125 1247776
-21.78955078125 -33.99658203125 0 1247777
-21.78955078125 -33.99658203125 0 1247777
-21.78955078125 -33.99658203125 0 1247778
-49.6826171875 -48.2177734375 16.29638671875 1247966
-70.49560546875 -54.6875 58.837890625 1247966
-70.49560546875 -54.6875 58.837890625 1247966
-70.49560546875 -54.6875 58.837890625 1247967
-70.49560546875 -54.6875 58.837890625 1248069
-90.9423828125 -53.77197265625 118.10302734375 1248070
-90.9423828125 -53.77197265625 118.10302734375 1248071
-90.9423828125 -53.77197265625 118.10302734375 1248071
-90.9423828125 -53.77197265625 118.10302734375 1248173
-56.640625 -4.7607421875 106.38427734375 1248173
-56.640625 -4.7607421875 106.38427734375 1248174
-56.640625 -4.7607421875 106.38427734375 1248174
-56.640625 -4.7607421875 106.38427734375 1248274
12.5732421875 28.62548828125 61.95068359375 1248274
12.5732421875 28.62548828125 61.95068359375 1248275
12.5732421875 28.62548828125 61.95068359375 1248275
12.5732421875 28.62548828125 61.95068359375 1248377
74.70703125 71.22802734375 49.6826171875 1248378
74.70703125 71.22802734375 49.6826171875 1248378
74.70703125 71.22802734375 49.6826171875 1248379
86.669921875 82.3974609375 30.3955078125 1248565
35.7666015625 61.21826171875 8.6669921875 1248565
35.7666015625 61.21826171875 8.6669921875 1248566
35.7666015625 61.21826171875 8.6669921875 1248566
35.7666015625 61.21826171875 8.6669921875 1248668
-0.54931640625 9.6435546875 0.30517578125 1248669
-0.54931640625 9.6435546875 0.30517578125 1248669
-0.54931640625 9.6435546875 0.30517578125 1248670
0 -6.591796875 -6.8359375 1248771
0 -6.591796875 -6.8359375 1248771
0 -6.591796875 -6.8359375 1248772
0 -6.591796875 -6.8359375 1248901
3.90625 -2.99072265625 1.15966796875 1248901
3.90625 -2.99072265625 1.15966796875 1248902
3.90625 -2.99072265625 1.15966796875 1248902
2.5634765625 3.7841796875 3.173828125 1249055
0.30517578125 -0.54931640625 6.34765625 1249055
0.30517578125 -0.54931640625 6.34765625 1249056
0.30517578125 -0.54931640625 6.34765625 1249056
0.30517578125 -0.54931640625 6.34765625 1249164
-11.90185546875 -20.1416015625 17.27294921875 1249164
-11.90185546875 -20.1416015625 17.27294921875 1249165
-11.90185546875 -20.1416015625 17.27294921875 1249166
-11.90185546875 -20.1416015625 17.27294921875 1249273
-27.89306640625 -41.9921875 27.9541015625 1249274
-27.89306640625 -41.9921875 27.9541015625 1249274
-27.89306640625 -41.9921875 27.9541015625 1249275
-19.34814453125 -31.8603515625 28.4423828125 1249463
-35.82763671875 -44.921875 34.423828125 1249464
-35.82763671875 -44.921875 34.423828125 1249464
-35.82763671875 -44.921875 34.423828125 1249464
-35.82763671875 -44.921875 34.423828125 1249565
-40.46630859375 -31.92138671875 46.38671875 1249566
-40.46630859375 -31.92138671875 46.38671875 1249566
-40.46630859375 -31.92138671875 46.38671875 1249567
-40.46630859375 -31.92138671875 46.38671875 1249670
-44.49462890625 -26.0009765625 33.38623046875 1249671
-44.49462890625 -26.0009765625 33.38623046875 1249671
-44.49462890625 -26.0009765625 33.38623046875 1249672
-44.49462890625 -26.0009765625 33.38623046875 1249771
-33.02001953125 -22.0947265625 25.93994140625 1249772
-33.02001953125 -22.0947265625 25.93994140625 1249773
-33.02001953125 -22.0947265625 25.93994140625 1249773
-33.02001953125 -22.0947265625 25.93994140625 1249875
-1.220703125 1.03759765625 2.197265625 1249875
-1.220703125 1.03759765625 2.197265625 1249876
-1.220703125 1.03759765625 2.197265625 1249877
-5.0048828125 -4.57763671875 2.50244140625 1250066
5.31005859375 -0.244140625 -11.474609375 1250066
5.31005859375 -0.244140625 -11.474609375 1250067
5.31005859375 -0.244140625 -11.474609375 1250067
5.31005859375 -0.244140625 -11.474609375 1250167
-3.0517578125 -5.79833984375 -4.69970703125 1250168
-3.0517578125 -5.79833984375 -4.69970703125 1250169
-3.0517578125 -5.79833984375 -4.69970703125 1250169
-3.0517578125 -5.79833984375 -4.69970703125 1250269
-1.5869140625 -5.2490234375 -0.42724609375 1250269
-1.5869140625 -5.2490234375 -0.42724609375 1250270
-1.5869140625 -5.2490234375 -0.42724609375 1250270
-1.5869140625 -5.2490234375 -0.42724609375 1250372
2.25830078125 -8.97216796875 -4.150390625 1250373
2.25830078125 -8.97216796875 -4.150390625 1250373
2.25830078125 -8.97216796875 -4.150390625 1250374
-5.67626953125 -12.02392578125 -0.48828125 1250563
-5.31005859375 -9.58251953125 -5.9814453125 1250563
-5.31005859375 -9.58251953125 -5.9814453125 1250564
-5.31005859375 -9.58251953125 -5.9814453125 1250564
-5.31005859375 -9.58251953125 -5.9814453125 1250666
0.8544921875 1.220703125 -10.986328125 1250667
0.8544921875 1.220703125 -10.986328125 1250668
0.8544921875 1.220703125 -10.986328125 1250668
0.8544921875 1.220703125 -10.986328125 1250771
2.5634765625 0.1220703125 -8.11767578125 1250772
2.5634765625 0.1220703125 -8.11767578125 1250772
2.5634765625 0.1220703125 -8.11767578125 1250773
2.5634765625 0.1220703125 -8.11767578125 1250873
-2.99072265625 -3.23486328125 -4.7607421875 1250873
-2.99072265625 -3.23486328125 -4.7607421875 1250874
-2.99072265625 -3.23486328125 -4.7607421875 1250874
-4.94384765625 -8.48388671875 -4.150390625 1251069
-1.3427734375 -5.67626953125 -9.33837890625 1251070
-1.3427734375 -5.67626953125 -9.33837890625 1251071
-1.3427734375 -5.67626953125 -9.33837890625 1251071
-1.3427734375 -5.67626953125 -9.33837890625 1251172
5.92041015625 -5.0048828125 -14.83154296875 1251173
5.92041015625 -5.0048828125 -14.83154296875 1251174
5.92041015625 -5.0048828125 -14.83154296875 1251174
2.99072265625 -8.11767578125 -11.41357421875 1251365
12.0849609375 -12.6953125 -13.73291015625 1251365
12.0849609375 -12.6953125 -13.73291015625 1251366
12.0849609375 -12.6953125 -13.73291015625 1251366
12.0849609375 -12.6953125 -13.73291015625 1251465
2.74658203125 -9.09423828125 -5.126953125 1251465
2.74658203125 -9.09423828125 -5.126953125 1251466
2.74658203125 -9.09423828125 -5.126953125 1251466
2.74658203125 -9.09423828125 -5.126953125 1251568
2.8076171875 -4.82177734375 -5.37109375 1251569
2.8076171875 -4.82177734375 -5.37109375 1251569
2.8076171875 -4.82177734375 -5.37109375 1251570
2.8076171875 -4.82177734375 -5.37109375 1251673
-0.67138671875 -6.65283203125 -1.46484375 1251673
-0.67138671875 -6.65283203125 -1.46484375 1251674
-0.67138671875 -6.65283203125 -1.46484375 1251674
0.244140625 -4.638671875 1.28173828125 1251860
-0.1220703125 -2.86865234375 1.52587890625 1251860
-0.1220703125 -2.86865234375 1.52587890625 1251861
-0.1220703125 -2.86865234375 1.52587890625 1251861
-0.1220703125 -2.86865234375 1.52587890625 1251965
-0.6103515625 -2.38037109375 2.50244140625 1251966
-0.6103515625 -2.38037109375 2.50244140625 1251966
-0.6103515625 -2.38037109375 2.50244140625 1251967
-0.6103515625 -2.38037109375 2.50244140625 1252067
-1.15966796875 -2.3193359375 2.74658203125 1252068
-1.15966796875 -2.3193359375 2.74658203125 1252068
-1.15966796875 -2.3193359375 2.74658203125 1252068
-1.15966796875 -2.3193359375 2.74658203125 1252172
-1.52587890625 -2.25830078125 2.86865234375 1252173
-1.52587890625 -2.25830078125 2.86865234375 1252173
-1.52587890625 -2.25830078125 2.86865234375 1252174
-0.244140625 0.244140625 2.74658203125 1252360
-2.01416015625 -1.40380859375 2.25830078125 1252360
-2.01416015625 -1.40380859375 2.25830078125 1252361
-2.01416015625 -1.40380859375 2.25830078125 1252361
-2.01416015625 -1.40380859375 2.25830078125 1252473
-1.03759765625 0.91552734375 2.44140625 1252474
-1.03759765625 0.91552734375 2.44140625 1252475
-1.03759765625 0.91552734375 2.44140625 1252475
-1.15966796875 0.1220703125 2.62451171875 1252663
-0.91552734375 0.18310546875 2.44140625 1252663
-0.91552734375 0.18310546875 2.44140625 1252664
-0.91552734375 0.18310546875 2.44140625 1252664
-0.91552734375 0.18310546875 2.44140625 1252765
-0.9765625 -0.8544921875 1.8310546875 1252766
-0.9765625 -0.8544921875 1.8310546875 1252767
-0.9765625 -0.8544921875 1.8310546875 1252767
-0.9765625 -0.8544921875 1.8310546875 1252868
-0.3662109375 -0.6103515625 2.74658203125 1252869
-0.3662109375 -0.6103515625 2.74658203125 1252869
-0.3662109375 -0.6103515625 2.74658203125 1252870
0.6103515625 0 0.91552734375 1253058
0.1220703125 -0.42724609375 2.0751953125 1253058
0.1220703125 -0.42724609375 2.0751953125 1253059
0.1220703125 -0.42724609375 2.0751953125 1253059
0.1220703125 -0.42724609375 2.0751953125 1253161
-0.48828125 -0.67138671875 1.52587890625 1253161
-0.48828125 -0.67138671875 1.52587890625 1253162
-0.48828125 -0.67138671875 1.52587890625 1253162
-0.48828125 -0.67138671875 1.52587890625 1253264
-0.54931640625 -1.0986328125 1.708984375 1253264
-0.54931640625 -1.0986328125 1.708984375 1253265
-0.54931640625 -1.0986328125 1.708984375 1253265
-0.54931640625 -1.0986328125 1.708984375 1253369
0.1220703125 -0.1220703125 2.74658203125 1253369
0.1220703125 -0.1220703125 2.74658203125 1253369
0.1220703125 -0.1220703125 2.74658203125 1253370
-0.1220703125 -0.48828125 2.25830078125 1253546
0 -1.52587890625 1.64794921875 1253546
0 -1.52587890625 1.64794921875 1253547
0 -1.52587890625 1.64794921875 1253547
0 -1.52587890625 1.64794921875 1253658
0.30517578125 -0.48828125 2.01416015625 1253659
0.30517578125 -0.48828125 2.01416015625 1253659
0.30517578125 -0.48828125 2.01416015625 1253659
0.30517578125 -0.48828125 2.01416015625 1253761
-0.48828125 -0.06103515625 1.46484375 1253761
-0.48828125 -0.06103515625 1.46484375 1253762
-0.48828125 -0.06103515625 1.46484375 1253762
-0.48828125 -0.06103515625 1.46484375 1253865
-0.06103515625 0.6103515625 1.46484375 1253865
-0.06103515625 0.6103515625 1.46484375 1253866
-0.06103515625 0.6103515625 1.46484375 1253866
-0.06103515625 0.6103515625 1.46484375 1253968
1.0986328125 -0.244140625 1.89208984375 1253969
1.0986328125 -0.244140625 1.89208984375 1253969
1.0986328125 -0.244140625 1.89208984375 1253970
0.8544921875 -0.48828125 1.953125 1254159
0.244140625 -0.1220703125 0.9765625 1254159
0.244140625 -0.1220703125 0.9765625 1254160
0.244140625 -0.1220703125 0.9765625 1254160
0.244140625 -0.1220703125 0.9765625 1254261
0 -0.79345703125 1.8310546875 1254262
0 -0.79345703125 1.8310546875 1254263
0 -0.79345703125 1.8310546875 1254263
0 -0.79345703125 1.8310546875 1254361
-0.54931640625 0.48828125 1.77001953125 1254366
-0.54931640625 0.48828125 1.77001953125 1254367
-0.54931640625 0.48828125 1.77001953125 1254367
-0.54931640625 0.48828125 1.77001953125 1254468
-0.48828125 0.3662109375 1.0986328125 1254469
-0.48828125 0.3662109375 1.0986328125 1254469
-0.48828125 0.3662109375 1.0986328125 1254470
-0.91552734375 0.18310546875 0.9765625 1254657
-0.30517578125 -1.5869140625 2.197265625 1254657
-0.30517578125 -1.5869140625 2.197265625 1254657
-0.30517578125 -1.5869140625 2.197265625 1254658
-0.54931640625 -1.3427734375 1.220703125 1254858
0.06103515625 -0.91552734375 1.64794921875 1254858
0.06103515625 -0.91552734375 1.64794921875 1254859
0.06103515625 -0.91552734375 1.64794921875 1254859
0.06103515625 -0.91552734375 1.64794921875 1254960
-0.6103515625 -1.28173828125 1.220703125 1254961
-0.6103515625 -1.28173828125 1.220703125 1254961
-0.6103515625 -1.28173828125 1.220703125 1254962
-0.6103515625 -1.28173828125 1.220703125 1255062
0 -1.40380859375 2.99072265625 1255062
0 -1.40380859375 2.99072265625 1255063
0 -1.40380859375 2.99072265625 1255064
0 -1.40380859375 2.99072265625 1255165
0 -1.40380859375 2.13623046875 1255166
0 -1.40380859375 2.13623046875 1255166
0 -1.40380859375 2.13623046875 1255167
0 -1.40380859375 2.13623046875 1255270
-1.03759765625 -1.52587890625 1.77001953125 1255270
-1.03759765625 -1.52587890625 1.77001953125 1255271
-1.03759765625 -1.52587890625 1.77001953125 1255271
0.42724609375 -2.197265625 1.52587890625 1255454
-0.79345703125 -1.220703125 1.15966796875 1255455
-0.79345703125 -1.220703125 1.15966796875 1255455
-0.79345703125 -1.220703125 1.15966796875 1255455
-0.79345703125 -1.220703125 1.15966796875 1255557
-1.220703125 -0.91552734375 2.13623046875 1255558
-1.220703125 -0.91552734375 2.13623046875 1255558
-1.220703125 -0.91552734375 2.13623046875 1255558
-1.220703125 -0.91552734375 2.13623046875 1255673
-1.0986328125 -0.8544921875 1.40380859375 1255674
-1.0986328125 -0.8544921875 1.40380859375 1255675
-1.0986328125 -0.8544921875 1.40380859375 1255675
0 -1.64794921875 2.50244140625 1255863
-0.244140625 -1.0986328125 2.13623046875 1255864
-0.244140625 -1.0986328125 2.13623046875 1255864
-0.244140625 -1.0986328125 2.13623046875 1255865
-0.244140625 -1.0986328125 2.13623046875 1255967
-0.91552734375 -0.732421875 1.89208984375 1255968
-0.91552734375 -0.732421875 1.89208984375 1255968
-0.91552734375 -0.732421875 1.89208984375 1255968
-1.3427734375 -0.06103515625 2.86865234375 1256145
-0.91552734375 0 3.173828125 1256146
-0.91552734375 0 3.173828125 1256146
-0.91552734375 0 3.173828125 1256147
-0.91552734375 0 3.173828125 1256256
0 -1.52587890625 2.0751953125 1256256
0 -1.52587890625 2.0751953125 1256256
0 -1.52587890625 2.0751953125 1256257
0 -1.52587890625 2.0751953125 1256359
-0.6103515625 -0.91552734375 0.9765625 1256359
-0.6103515625 -0.91552734375 0.9765625 1256360
-0.6103515625 -0.91552734375 0.9765625 1256360
-0.6103515625 -0.91552734375 0.9765625 1256461
-0.30517578125 -0.8544921875 2.0751953125 1256461
-0.30517578125 -0.8544921875 2.0751953125 1256462
-0.30517578125 -0.8544921875 2.0751953125 1256462
-0.30517578125 -0.8544921875 2.0751953125 1256564
-0.91552734375 -1.52587890625 2.0751953125 1256564
-0.91552734375 -1.52587890625 2.0751953125 1256565
-0.91552734375 -1.52587890625 2.0751953125 1256565
-0.6103515625 -0.48828125 2.3193359375 1256753
0.30517578125 -1.52587890625 0.79345703125 1256754
0.30517578125 -1.52587890625 0.79345703125 1256755
0.30517578125 -1.52587890625 0.79345703125 1256755
0.30517578125 -1.52587890625 0.79345703125 1256857
0.18310546875 -1.220703125 1.40380859375 1256858
0.18310546875 -1.220703125 1.40380859375 1256858
0.18310546875 -1.220703125 1.40380859375 1256858
0.30517578125 -2.13623046875 2.44140625 1256958
0.30517578125 -2.13623046875 2.44140625 1256958
0.30517578125 -2.13623046875 2.44140625 1256959
0.30517578125 -2.13623046875 2.44140625 1257044
-1.0986328125 -1.0986328125 2.197265625 1257152
-0.48828125 -0.30517578125 1.953125 1257152
-0.48828125 -0.30517578125 1.953125 1257152
-0.48828125 -0.30517578125 1.953125 1257153
-0.48828125 -0.30517578125 1.953125 1257254
-0.42724609375 -0.79345703125 1.40380859375 1257255
-0.42724609375 -0.79345703125 1.40380859375 1257256
-0.42724609375 -0.79345703125 1.40380859375 1257256
-0.42724609375 -0.79345703125 1.40380859375 1257358
0.1220703125 -0.54931640625 1.28173828125 1257358
0.1220703125 -0.54931640625 1.28173828125 1257359
0.1220703125 -0.54931640625 1.28173828125 1257359
0.1220703125 -0.54931640625 1.28173828125 1257459
-0.30517578125 -0.6103515625 1.03759765625 1257460
-0.30517578125 -0.6103515625 1.03759765625 1257460
-0.30517578125 -0.6103515625 1.03759765625 1257461
-0.30517578125 -0.6103515625 1.03759765625 1257563
-1.3427734375 -1.0986328125 0.48828125 1257564
-1.3427734375 -1.0986328125 0.48828125 1257564
-1.3427734375 -1.0986328125 0.48828125 1257564
-1.52587890625 -1.28173828125 0.9765625 1257752
-2.86865234375 -0.48828125 0.6103515625 1257753
-2.86865234375 -0.48828125 0.6103515625 1257753
-2.86865234375 -0.48828125 0.6103515625 1257753
-2.86865234375 -0.48828125 0.6103515625 1257855
-7.4462890625 0.30517578125 -1.77001953125 1257855
-7.4462890625 0.30517578125 -1.77001953125 1257856
-7.4462890625 0.30517578125 -1.77001953125 1257857
-10.92529296875 0 -8.544921875 1257958
-10.92529296875 0 -8.544921875 1257958
-10.92529296875 0 -8.544921875 1257959
-10.92529296875 0 -8.544921875 1258060
-9.94873046875 -2.8076171875 -15.19775390625 1258060
-9.94873046875 -2.8076171875 -15.19775390625 1258061
-9.94873046875 -2.8076171875 -15.19775390625 1258061
-3.2958984375 -5.55419921875 -21.484375 1258251
5.615234375 -7.38525390625 -22.76611328125 1258252
5.615234375 -7.38525390625 -22.76611328125 1258253
5.615234375 -7.38525390625 -22.76611328125 1258253
5.615234375 -7.38525390625 -22.76611328125 1258353
20.01953125 -5.18798828125 -27.7099609375 1258354
20.01953125 -5.18798828125 -27.7099609375 1258355
20.01953125 -5.18798828125 -27.7099609375 1258355
20.01953125 -5.18798828125 -27.7099609375 1258456
33.0810546875 3.2958984375 -34.36279296875 1258456
33.0810546875 3.2958984375 -34.36279296875 1258457
33.0810546875 3.2958984375 -34.36279296875 1258457
33.0810546875 3.2958984375 -34.36279296875 1258558
43.212890625 15.7470703125 -29.72412109375 1258558
43.212890625 15.7470703125 -29.72412109375 1258559
43.212890625 15.7470703125 -29.72412109375 1258559
43.212890625 15.7470703125 -29.72412109375 1258660
70.00732421875 96.00830078125 -64.14794921875 1258660
70.00732421875 96.00830078125 -64.14794921875 1258661
70.00732421875 96.00830078125 -64.14794921875 1258661
87.34130859375 191.22314453125 -104.98046875 1258849
78.0029296875 217.529296875 -108.642578125 1258849
78.0029296875 217.529296875 -108.642578125 1258850
78.0029296875 217.529296875 -108.642578125 1258850
78.0029296875 217.529296875 -108.642578125 1258953
44.61669921875 153.564453125 -79.40673828125 1258953
44.61669921875 153.564453125 -79.40673828125 1258953
44.61669921875 153.564453125 -79.40673828125 1258954
28.13720703125 60.72998046875 -60.36376953125 1259056
28.13720703125 60.72998046875 -60.36376953125 1259056
28.13720703125 60.72998046875 -60.36376953125 1259057
28.13720703125 60.72998046875 -60.36376953125 1259159
12.939453125 28.01513671875 -35.82763671875 1259160
12.939453125 28.01513671875 -35.82763671875 1259160
12.939453125 28.01513671875 -35.82763671875 1259161
6.40869140625 30.21240234375 -22.39990234375 1259349
5.7373046875 21.3623046875 -12.451171875 1259350
5.7373046875 21.3623046875 -12.451171875 1259350
5.7373046875 21.3623046875 -12.451171875 1259351
5.7373046875 21.3623046875 -12.451171875 1259453
7.87353515625 14.7705078125 1.8310546875 1259454
7.87353515625 14.7705078125 1.8310546875 1259455
7.87353515625 14.7705078125 1.8310546875 1259455
7.87353515625 14.7705078125 1.8310546875 1259555
13.00048828125 27.34375 0.91552734375 1259555
13.00048828125 27.34375 0.91552734375 1259555
13.00048828125 27.34375 0.91552734375 1259556
13.00048828125 27.34375 0.91552734375 1259659
-4.39453125 20.5078125 50.47607421875 1259659
-4.39453125 20.5078125 50.47607421875 1259660
-4.39453125 20.5078125 50.47607421875 1259660
-4.39453125 20.5078125 50.47607421875 1259761
-10.19287109375 21.6064453125 46.875 1259761
-10.19287109375 21.6064453125 46.875 1259762
-10.19287109375 21.6064453125 46.875 1259762
8.4228515625 -55.17578125 -6.7138671875 1259948
-29.052734375 -76.2939453125 44.61669921875 1259949
-29.052734375 -76.2939453125 44.61669921875 1259949
-29.052734375 -76.2939453125 44.61669921875 1259950
-29.052734375 -76.2939453125 44.61669921875 1260051
-50.10986328125 -171.56982421875 70.068359375 1260051
-50.10986328125 -171.56982421875 70.068359375 1260052
-50.10986328125 -171.56982421875 70.068359375 1260052
-50.10986328125 -171.56982421875 70.068359375 1260154
-68.05419921875 -227.72216796875 91.796875 1260155
-68.05419921875 -227.72216796875 91.796875 1260155
-68.05419921875 -227.72216796875 91.796875 1260155
-95.3369140625 -206.60400390625 97.7783203125 1260351
-102.05078125 -157.470703125 106.26220703125 1260352
-102.05078125 -157.470703125 106.26220703125 1260352
-102.05078125 -157.470703125 106.26220703125 1260353
-102.05078125 -157.470703125 106.26220703125 1260452
-76.7822265625 -82.51953125 110.2294921875 1260452
-76.7822265625 -82.51953125 110.2294921875 1260453
-76.7822265625 -82.51953125 110.2294921875 1260453
-76.7822265625 -82.51953125 110.2294921875 1260554
-38.14697265625 -19.6533203125 93.3837890625 1260554
-38.14697265625 -19.6533203125 93.3837890625 1260555
-38.14697265625 -19.6533203125 93.3837890625 1260556
-38.14697265625 -19.6533203125 93.3837890625 1260656
-35.2783203125 -4.57763671875 96.00830078125 1260657
-35.2783203125 -4.57763671875 96.00830078125 1260657
-35.2783203125 -4.57763671875 96.00830078125 1260658
-15.44189453125 2.8076171875 56.5185546875 1260859
36.0107421875 29.96826171875 16.41845703125 1260859
36.0107421875 29.96826171875 16.41845703125 1260860
36.0107421875 29.96826171875 16.41845703125 1260860
68.90869140625 45.8984375 -7.26318359375 1261046
76.2939453125 63.96484375 -11.1083984375 1261047
76.2939453125 63.96484375 -11.1083984375 1261048
76.2939453125 63.96484375 -11.1083984375 1261048
76.2939453125 63.96484375 -11.1083984375 1261151
52.734375 76.11083984375 -30.70068359375 1261151
52.734375 76.11083984375 -30.70068359375 1261152
52.734375 76.11083984375 -30.70068359375 1261152
23.3154296875 59.6923828125 -19.83642578125 1261254
23.3154296875 59.6923828125 -19.83642578125 1261255
23.3154296875 59.6923828125 -19.83642578125 1261255
23.3154296875 59.6923828125 -19.83642578125 1261359
3.41796875 25.390625 0.1220703125 1261359
3.41796875 25.390625 0.1220703125 1261359
3.41796875 25.390625 0.1220703125 1261360
2.9296875 7.62939453125 1.28173828125 1261548
9.8876953125 2.8076171875 7.01904296875 1261549
9.8876953125 2.8076171875 7.01904296875 1261549
9.8876953125 2.8076171875 7.01904296875 1261550
9.8876953125 2.8076171875 7.01904296875 1261652
-0.79345703125 -3.41796875 5.615234375 1261653
-0.79345703125 -3.41796875 5.615234375 1261653
-0.79345703125 -3.41796875 5.615234375 1261654
-0.79345703125 -3.41796875 5.615234375 1261754
6.2255859375 -7.32421875 15.44189453125 1261755
6.2255859375 -7.32421875 15.44189453125 1261756
6.2255859375 -7.32421875 15.44189453125 1261756
6.2255859375 -7.32421875 15.44189453125 1261855
-18.1884765625 -35.5224609375 35.33935546875 1261855
-18.1884765625 -35.5224609375 35.33935546875 1261856
-18.1884765625 -35.5224609375 35.33935546875 1261856
-45.34912109375 -65.36865234375 61.46240234375 1262046
-44.49462890625 -36.7431640625 33.3251953125 1262046
-44.49462890625 -36.7431640625 33.3251953125 1262047
-44.49462890625 -36.7431640625 33.3251953125 1262047
-44.49462890625 -36.7431640625 33.3251953125 1262150
-29.4189453125 -18.98193359375 23.25439453125 1262150
-29.4189453125 -18.98193359375 23.25439453125 1262151
-29.4189453125 -18.98193359375 23.25439453125 1262151
-29.4189453125 -18.98193359375 23.25439453125 1262251
-12.3291015625 6.9580078125 5.55419921875 1262252
-12.3291015625 6.9580078125 5.55419921875 1262252
-12.3291015625 6.9580078125 5.55419921875 1262252
-12.3291015625 6.9580078125 5.55419921875 1262355
-6.2255859375 2.9296875 4.82177734375 1262355
-6.2255859375 2.9296875 4.82177734375 1262355
-6.2255859375 2.9296875 4.82177734375 1262356
-9.033203125 -1.03759765625 3.5400390625 1262544
-7.26318359375 -3.7841796875 2.9296875 1262545
-7.26318359375 -3.7841796875 2.9296875 1262545
-7.26318359375 -3.7841796875 2.9296875 1262545
-7.26318359375 -3.7841796875 2.9296875 1262649
-11.53564453125 -10.009765625 6.4697265625 1262650
-11.53564453125 -10.009765625 6.4697265625 1262650
-11.53564453125 -10.009765625 6.4697265625 1262651
-11.53564453125 -10.009765625 6.4697265625 1262750
-7.4462890625 -4.8828125 1.46484375 1262751
-7.4462890625 -4.8828125 1.46484375 1262751
-7.4462890625 -4.8828125 1.46484375 1262752
-7.4462890625 -4.8828125 1.46484375 1262852
-5.126953125 -3.60107421875 1.5869140625 1262853
-5.126953125 -3.60107421875 1.5869140625 1262853
-5.126953125 -3.60107421875 1.5869140625 1262854
-5.126953125 -3.60107421875 1.5869140625 1262954
-8.60595703125 -3.41796875 0.732421875 1262955
-8.60595703125 -3.41796875 0.732421875 1262955
-8.60595703125 -3.41796875 0.732421875 1262956
-9.033203125 -7.080078125 4.2724609375 1263143
-3.11279296875 -3.84521484375 -1.03759765625 1263144
-3.11279296875 -3.84521484375 -1.03759765625 1263144
-3.11279296875 -3.84521484375 -1.03759765625 1263145
-3.11279296875 -3.84521484375 -1.03759765625 1263245
-0.732421875 1.03759765625 -5.18798828125 1263246
-0.732421875 1.03759765625 -5.18798828125 1263246
-0.732421875 1.03759765625 -5.18798828125 1263247
-0.732421875 1.03759765625 -5.18798828125 1263354
-5.43212890625 -0.9765625 -3.662109375 1263361
-5.43212890625 -0.9765625 -3.662109375 1263361
-5.43212890625 -0.9765625 -3.662109375 1263362
-3.2958984375 -1.52587890625 -6.65283203125 1263544
1.77001953125 -1.28173828125 -8.4228515625 1263544
1.77001953125 -1.28173828125 -8.4228515625 1263545
1.77001953125 -1.28173828125 -8.4228515625 1263546
1.77001953125 -1.28173828125 -8.4228515625 1263645
-2.44140625 -2.62451171875 -4.0283203125 1263645
-2.44140625 -2.62451171875 -4.0283203125 1263646
-2.44140625 -2.62451171875 -4.0283203125 1263647
-2.44140625 -2.62451171875 -4.0283203125 1263749
-2.13623046875 -0.48828125 -3.90625 1263750
-2.13623046875 -0.48828125 -3.90625 1263750
-2.13623046875 -0.48828125 -3.90625 1263751
-2.13623046875 -0.48828125 -3.90625 1263853
-2.9296875 -1.46484375 -3.0517578125 1263853
-2.9296875 -1.46484375 -3.0517578125 1263854
-2.9296875 -1.46484375 -3.0517578125 1263854
-2.9296875 -1.46484375 -3.0517578125 1263955
-2.62451171875 -2.8076171875 -7.080078125 1263956
-2.62451171875 -2.8076171875 -7.080078125 1263956
-2.62451171875 -2.8076171875 -7.080078125 1263956
1.77001953125 -2.25830078125 -10.6201171875 1264142
5.31005859375 -6.2255859375 -12.87841796875 1264143
5.31005859375 -6.2255859375 -12.87841796875 1264143
5.31005859375 -6.2255859375 -12.87841796875 1264144
5.31005859375 -6.2255859375 -12.87841796875 1264247
1.40380859375 -8.23974609375 -9.521484375 1264247
1.40380859375 -8.23974609375 -9.521484375 1264248
1.40380859375 -8.23974609375 -9.521484375 1264248
1.40380859375 -8.23974609375 -9.521484375 1264350
1.3427734375 -5.67626953125 -10.1318359375 1264351
1.3427734375 -5.67626953125 -10.1318359375 1264352
1.3427734375 -5.67626953125 -10.1318359375 1264352
1.3427734375 -5.67626953125 -10.1318359375 1264450
1.64794921875 -4.45556640625 -9.21630859375 1264554
2.8076171875 -2.86865234375 -7.26318359375 1264554
2.8076171875 -2.86865234375 -7.26318359375 1264555
2.8076171875 -2.86865234375 -7.26318359375 1264555
2.13623046875 -1.03759765625 -6.2255859375 1264744
0.91552734375 -1.64794921875 -1.89208984375 1264745
0.91552734375 -1.64794921875 -1.89208984375 1264745
0.91552734375 -1.64794921875 -1.89208984375 1264746
1.0986328125 -2.25830078125 -0.18310546875 1264944
0.30517578125 -1.52587890625 1.220703125 1264944
0.30517578125 -1.52587890625 1.220703125 1264945
0.30517578125 -1.52587890625 1.220703125 1264945
0.30517578125 -1.52587890625 1.220703125 1265047
-0.8544921875 -2.0751953125 2.9296875 1265048
-0.8544921875 -2.0751953125 2.9296875 1265048
-0.8544921875 -2.0751953125 2.9296875 1265049
-0.8544921875 -2.0751953125 2.9296875 1265150
0.42724609375 0.1220703125 1.220703125 1265150
0.42724609375 0.1220703125 1.220703125 1265151
0.42724609375 0.1220703125 1.220703125 1265151
0.244140625 -0.79345703125 1.0986328125 1265342
1.40380859375 0.8544921875 0.18310546875 1265343
1.40380859375 0.8544921875 0.18310546875 1265343
1.40380859375 0.8544921875 0.18310546875 1265344
1.40380859375 0.8544921875 0.18310546875 1265444
1.3427734375 0.67138671875 0.42724609375 1265444
1.3427734375 0.67138671875 0.42724609375 1265445
1.3427734375 0.67138671875 0.42724609375 1265445
1.3427734375 0.67138671875 0.42724609375 1265546
-0.6103515625 -0.42724609375 2.74658203125 1265547
-0.6103515625 -0.42724609375 2.74658203125 1265547
-0.6103515625 -0.42724609375 2.74658203125 1265548
-0.6103515625 -0.42724609375 2.74658203125 1265651
-0.244140625 -0.67138671875 1.708984375 1265652
-0.244140625 -0.67138671875 1.708984375 1265652
-0.244140625 -0.67138671875 1.708984375 1265653
-0.9765625 -0.42724609375 2.74658203125 1265842
0.30517578125 2.01416015625 1.52587890625 1265843
0.30517578125 2.01416015625 1.52587890625 1265843
0.30517578125 2.01416015625 1.52587890625 1265843
0.30517578125 2.01416015625 1.52587890625 1265946
-0.48828125 -0.06103515625 2.5634765625 1265946
-0.48828125 -0.06103515625 2.5634765625 1265947
-0.48828125 -0.06103515625 2.5634765625 1265947
-0.48828125 -0.06103515625 2.5634765625 1266050
0.06103515625 -0.06103515625 1.77001953125 1266050
0.06103515625 -0.06103515625 1.77001953125 1266051
0.06103515625 -0.06103515625 1.77001953125 1266051
-0.79345703125 -1.52587890625 2.0751953125 1266242
1.15966796875 -0.8544921875 1.8310546875 1266242
1.15966796875 -0.8544921875 1.8310546875 1266242
1.15966796875 -0.8544921875 1.8310546875 1266243
0.06103515625 0 2.38037109375 1266344
0.06103515625 0 2.38037109375 1266344
0.06103515625 0 2.38037109375 1266345
0.06103515625 0 2.38037109375 1266449
-0.30517578125 -1.3427734375 2.38037109375 1266450
-0.30517578125 -1.3427734375 2.38037109375 1266451
-0.30517578125 -1.3427734375 2.38037109375 1266451
-0.30517578125 -1.3427734375 2.38037109375 1266549
0.30517578125 -1.8310546875 2.13623046875 1266550
0 -1.40380859375 1.77001953125 1266639
0 -1.40380859375 1.77001953125 1266639
0 -1.40380859375 1.77001953125 1266743
-0.91552734375 -1.15966796875 1.953125 1266744
-0.91552734375 -1.15966796875 1.953125 1266745
-0.91552734375 -1.15966796875 1.953125 1266746
-0.91552734375 -1.15966796875 1.953125 1266845
0 -0.30517578125 2.01416015625 1266846
0 -0.30517578125 2.01416015625 1266846
0 -0.30517578125 2.01416015625 1266949
0.1220703125 -0.42724609375 1.77001953125 1266949
0.1220703125 -0.42724609375 1.77001953125 1266950
0.1220703125 -0.42724609375 1.77001953125 1266950
0.1220703125 -0.42724609375 1.77001953125 1267050
-0.67138671875 -1.0986328125 2.62451171875 1267051
-0.67138671875 -1.0986328125 2.62451171875 1267051
-0.67138671875 -1.0986328125 2.62451171875 1267052
-1.708984375 -1.40380859375 2.13623046875 1267237
0.3662109375 -1.40380859375 1.953125 1267237
0.3662109375 -1.40380859375 1.953125 1267238
0.3662109375 -1.40380859375 1.953125 1267238
0.3662109375 -1.40380859375 1.953125 1267364
-1.0986328125 -1.708984375 1.40380859375 1267365
-1.0986328125 -1.708984375 1.40380859375 1267365
-1.0986328125 -1.708984375 1.40380859375 1267366
-0.18310546875 -0.91552734375 1.89208984375 1267545
-0.54931640625 -1.3427734375 2.13623046875 1267546
-0.54931640625 -1.3427734375 2.13623046875 1267546
-0.54931640625 -1.3427734375 2.13623046875 1267547
-0.54931640625 -1.3427734375 2.13623046875 1267647
-0.18310546875 -1.220703125 1.708984375 1267648
-0.18310546875 -1.220703125 1.708984375 1267649
-0.18310546875 -1.220703125 1.708984375 1267649
0.18310546875 -0.732421875 2.8076171875 1267841
-1.3427734375 -1.46484375 2.685546875 1267841
-1.3427734375 -1.46484375 2.685546875 1267841
-1.3427734375 -1.46484375 2.685546875 1267842
-1.3427734375 -1.46484375 2.685546875 1267945
-0.67138671875 -0.48828125 1.953125 1267945
-0.67138671875 -0.48828125 1.953125 1267946
-0.67138671875 -0.48828125 1.953125 1267946
-0.67138671875 -0.48828125 1.953125 1268048
-0.18310546875 -0.9765625 2.9296875 1268049
-0.18310546875 -0.9765625 2.9296875 1268049
-0.18310546875 -0.9765625 2.9296875 1268050
0.48828125 -0.79345703125 1.0986328125 1268236
-1.15966796875 -0.91552734375 2.44140625 1268236
-1.15966796875 -0.91552734375 2.44140625 1268237
-1.15966796875 -0.91552734375 2.44140625 1268237
-1.15966796875 -0.91552734375 2.44140625 1268338
0.1220703125 -0.9765625 2.0751953125 1268338
0.1220703125 -0.9765625 2.0751953125 1268339
0.1220703125 -0.9765625 2.0751953125 1268339
0.1220703125 -0.9765625 2.0751953125 1268440
-0.1220703125 -2.197265625 2.3193359375 1268441
-0.1220703125 -2.197265625 2.3193359375 1268441
-0.1220703125 -2.197265625 2.3193359375 1268442
-0.1220703125 -2.197265625 2.3193359375 1268544
-0.732421875 -1.03759765625 1.52587890625 1268544
-0.732421875 -1.03759765625 1.52587890625 1268545
-0.732421875 -1.03759765625 1.52587890625 1268545
-0.732421875 -1.03759765625 1.52587890625 1268646
-1.52587890625 -1.0986328125 1.5869140625 1268647
-1.52587890625 -1.0986328125 1.5869140625 1268648
-1.52587890625 -1.0986328125 1.5869140625 1268648
-0.42724609375 -2.0751953125 1.953125 1268835
-1.0986328125 -2.62451171875 2.38037109375 1268835
-1.0986328125 -2.62451171875 2.38037109375 1268836
-1.0986328125 -2.62451171875 2.38037109375 1268836
-1.0986328125 -2.62451171875 2.38037109375 1268939
-1.03759765625 -0.8544921875 2.5634765625 1268940
-1.03759765625 -0.8544921875 2.5634765625 1268940
-1.03759765625 -0.8544921875 2.5634765625 1268941
-0.91552734375 -0.54931640625 1.15966796875 1269145
-0.42724609375 -0.79345703125 2.197265625 1269146
-0.42724609375 -0.79345703125 2.197265625 1269146
-0.42724609375 -0.79345703125 2.197265625 1269147
0.244140625 -1.220703125 1.8310546875 1269337
-0.8544921875 -0.67138671875 1.89208984375 1269337
-0.8544921875 -0.67138671875 1.89208984375 1269338
-0.8544921875 -0.67138671875 1.89208984375 1269338
-0.8544921875 -0.67138671875 1.89208984375 1269440
-1.03759765625 -1.46484375 1.40380859375 1269440
-1.03759765625 -1.46484375 1.40380859375 1269440
-1.03759765625 -1.46484375 1.40380859375 1269441
-1.03759765625 -1.46484375 1.40380859375 1269542
-0.3662109375 -0.732421875 1.46484375 1269543
-0.3662109375 -0.732421875 1.46484375 1269543
-0.3662109375 -0.732421875 1.46484375 1269544
-0.3662109375 -0.732421875 1.46484375 1269645
-0.732421875 -0.244140625 1.46484375 1269646
-0.732421875 -0.244140625 1.46484375 1269647
-0.732421875 -0.244140625 1.46484375 1269647
0.30517578125 -0.1220703125 1.52587890625 1269821
-0.54931640625 -0.6103515625 2.13623046875 1269821
-0.54931640625 -0.6103515625 2.13623046875 1269822
-0.54931640625 -0.6103515625 2.13623046875 1269822
-0.54931640625 -0.6103515625 2.13623046875 1269933
-0.6103515625 -0.54931640625 1.953125 1269934
-0.6103515625 -0.54931640625 1.953125 1269934
-0.6103515625 -0.54931640625 1.953125 1269935
-0.6103515625 -0.54931640625 1.953125 1270036
-0.1220703125 -0.1220703125 2.13623046875 1270037
-0.1220703125 -0.1220703125 2.13623046875 1270038
-0.1220703125 -0.1220703125 2.13623046875 1270038
-0.1220703125 -0.1220703125 2.13623046875 1270139
-0.48828125 -0.42724609375 1.52587890625 1270139
-0.48828125 -0.42724609375 1.52587890625 1270140
-0.48828125 -0.42724609375 1.52587890625 1270140
-0.48828125 -0.42724609375 1.52587890625 1270241
-0.18310546875 -1.0986328125 1.5869140625 1270242
-0.18310546875 -1.0986328125 1.5869140625 1270242
-0.18310546875 -1.0986328125 1.5869140625 1270243
-0.18310546875 -1.0986328125 1.5869140625 1270344
0.48828125 0 1.8310546875 1270344
0.48828125 0 1.8310546875 1270345
0.48828125 0 1.8310546875 1270345
-1.03759765625 -1.3427734375 1.708984375 1270532
-2.62451171875 -2.13623046875 1.8310546875 1270533
-2.62451171875 -2.13623046875 1.8310546875 1270533
-2.62451171875 -2.13623046875 1.8310546875 1270534
-2.62451171875 -2.13623046875 1.8310546875 1270635
-1.46484375 -0.6103515625 0.8544921875 1270636
-1.46484375 -0.6103515625 0.8544921875 1270636
-1.46484375 -0.6103515625 0.8544921875 1270636
-2.50244140625 -2.01416015625 0.67138671875 1270739
-2.50244140625 -2.01416015625 0.67138671875 1270739
-2.50244140625 -2.01416015625 0.67138671875 1270739
-2.50244140625 -2.01416015625 0.67138671875 1270841
-5.31005859375 -2.9296875 -1.5869140625 1270841
-5.31005859375 -2.9296875 -1.5869140625 1270842
-5.31005859375 -2.9296875 -1.5869140625 1270842
-4.57763671875 -4.08935546875 -3.60107421875 1271034
-2.99072265625 -1.52587890625 -6.04248046875 1271034
-2.99072265625 -1.52587890625 -6.04248046875 1271034
-2.99072265625 -1.52587890625 -6.04248046875 1271035
0 -1.77001953125 -10.3759765625 1271231
3.23486328125 -2.25830078125 -14.7705078125 1271232
3.23486328125 -2.25830078125 -14.7705078125 1271232
3.23486328125 -2.25830078125 -14.7705078125 1271233
3.23486328125 -2.25830078125 -14.7705078125 1271334
4.33349609375 -9.3994140625 -16.7236328125 1271335
4.33349609375 -9.3994140625 -16.7236328125 1271335
4.33349609375 -9.3994140625 -16.7236328125 1271335
5.31005859375 -12.5732421875 -18.24951171875 1271437
5.31005859375 -12.5732421875 -18.24951171875 1271438
5.31005859375 -12.5732421875 -18.24951171875 1271438
5.31005859375 -12.5732421875 -18.24951171875 1271540
22.4609375 -2.62451171875 -31.3720703125 1271541
22.4609375 -2.62451171875 -31.3720703125 1271541
22.4609375 -2.62451171875 -31.3720703125 1271542
52.8564453125 30.09033203125 -46.142578125 1271719
106.50634765625 133.9111328125 -88.07373046875 1271719
106.50634765625 133.9111328125 -88.07373046875 1271720
106.50634765625 133.9111328125 -88.07373046875 1271720
106.50634765625 133.9111328125 -88.07373046875 1271829
88.134765625 224.7314453125 -103.515625 1271829
88.134765625 224.7314453125 -103.515625 1271830
88.134765625 224.7314453125 -103.515625 1271830
88.134765625 224.7314453125 -103.515625 1271933
82.3974609375 195.1904296875 -109.86328125 1271933
82.3974609375 195.1904296875 -109.86328125 1271934
82.3974609375 195.1904296875 -109.86328125 1271934
82.3974609375 195.1904296875 -109.86328125 1272036
59.5703125 117.12646484375 -83.80126953125 1272036
59.5703125 117.12646484375 -83.80126953125 1272037
59.5703125 117.12646484375 -83.80126953125 1272038
59.5703125 117.12646484375 -83.80126953125 1272137
40.52734375 55.0537109375 -58.10546875 1272137
40.52734375 55.0537109375 -58.10546875 1272138
40.52734375 55.0537109375 -58.10546875 1272138
40.52734375 55.0537109375 -58.10546875 1272240
16.66259765625 7.8125 -36.865234375 1272241
16.66259765625 7.8125 -36.865234375 1272241
16.66259765625 7.8125 -36.865234375 1272241
3.84521484375 -16.357421875 -29.72412109375 1272430
18.4326171875 75.50048828125 75.8056640625 1272431
18.4326171875 75.50048828125 75.8056640625 1272431
18.4326171875 75.50048828125 75.8056640625 1272432
18.4326171875 75.50048828125 75.8056640625 1272534
-17.76123046875 -80.38330078125 2.9296875 1272535
-17.76123046875 -80.38330078125 2.9296875 1272535
-17.76123046875 -80.38330078125 2.9296875 1272535
-52.55126953125 -127.5634765625 31.25 1272635
-52.55126953125 -127.5634765625 31.25 1272635
-52.55126953125 -127.5634765625 31.25 1272636
-52.55126953125 -127.5634765625 31.25 1272739
-28.1982421875 -82.1533203125 27.587890625 1272740
-28.1982421875 -82.1533203125 27.587890625 1272740
-28.1982421875 -82.1533203125 27.587890625 1272741
-7.14111328125 -52.30712890625 6.65283203125 1272929
-28.4423828125 -67.138671875 8.11767578125 1272930
-28.4423828125 -67.138671875 8.11767578125 1272931
-28.4423828125 -67.138671875 8.11767578125 1272931
