511 1233199
510 1233202
504 1233203
506 1233205
516 1233205
508 1233205
506 1233680
511 1233682
510 1233684
510 1233684
506 1233686
509 1233708
509 1233710
507 1233710
509 1233710
507 1233710
508 1233710
510 1233711
510 1233711
510 1233770
510 1233773
511 1233795
510 1233817
510 1233819
506 1233822
510 1233822
508 1233822
516 1233823
511 1233823
506 1233823
505 1233823
506 1233823
514 1233824
508 1233824
509 1233824
507 1233824
511 1233824
508 1233828
506 1233829
505 1233829
497 1233829
501 1233829
505 1233830
507 1233830
511 1233930
509 1233930
509 1233930
503 1233933
507 1233933
512 1233934
512 1233934
507 1233936
507 1233936
512 1233937
510 1233937
507 1233937
510 1233937
510 1233937
510 1233937
511 1233938
508 1233938
509 1233938
509 1233938
513 1233938
-939 1233938
509 1233939
510 1234083
511 1234083
508 1234083
513 1234084
508 1234086
508 1234086
511 1234086
508 1234087
505 1234087
510 1234087
510 1234087
505 1234088
509 1234088
509 1234089
506 1234090
509 1234090
514 1234090
509 1234092
510 1234095
507 1234095
510 1234095
509 1234109
506 1234112
520 1234114
506 1234118
512 1234124
507 1234147
514 1234150
514 1234154
512 1234164
501 1234174
502 1234184
513 1234215
511 1234226
509 1234228
510 1234259
509 1234261
508 1234262
507 1234276
511 1234278
511 1234284
509 1234333
509 1234335
509 1234335
508 1234339
509 1234391
509 1234403
509 1234405
509 1234406
509 1234407
508 1234408
510 1234409
511 1234425
512 1234440
510 1234442
501 1234443
494 1234455
496 1234506
502 1234507
501 1234508
511 1234509
508 1234510
507 1234513
511 1234539
513 1234541
511 1234544
510 1234546
503 1234554
513 1234590
514 1234594
514 1234595
501 1234595
511 1234604
498 1234625
486 1234650
517 1234654
519 1234655
515 1234655
502 1234664
521 1234700
497 1234703
505 1234706
513 1234706
516 1234714
503 1234754
510 1234773
513 1234775
510 1234776
509 1234777
509 1234795
508 1234807
506 1234810
508 1234814
509 1234850
511 1234854
511 1234856
512 1234856
523 1234864
498 1234874
492 1234907
520 1234911
521 1234917
524 1234918
513 1234979
514 1234981
507 1234982
501 1234984
507 1234984
507 1234986
506 1235025
510 1235027
508 1235027
508 1235030
510 1235030
508 1235045
513 1235067
511 1235069
511 1235074
501 1235074
506 1235127
509 1235129
508 1235145
508 1235147
511 1235147
508 1235149
511 1235152
501 1235155
509 1235164
511 1235174
507 1235196
514 1235200
514 1235246
507 1235247
512 1235247
508 1235250
511 1235250
511 1235254
514 1235274
507 1235286
510 1235289
505 1235294
513 1235355
508 1235408
510 1235410
510 1235412
511 1235415
510 1235417
509 1235417
508 1235419
509 1235419
510 1235421
508 1235423
508 1235438
511 1235442
509 1235442
508 1235474
509 1235505
507 1235507
507 1235507
510 1235509
509 1235511
511 1235526
510 1235528
508 1235546
508 1235549
507 1235614
508 1235678
508 1235679
509 1235681
512 1235683
524 1235683
508 1235685
521 1235685
510 1235687
506 1235687
504 1235690
515 1235730
507 1235732
509 1235734
526 1235767
511 1235771
510 1235813
509 1235816
504 1235816
516 1235819
494 1235883
507 1235885
505 1235885
504 1235984
512 1236215
510 1236270
506 1236272
498 1236274
501 1236274
488 1236276
507 1236276
508 1236276
500 1236278
508 1236278
516 1236281
509 1236283
506 1236285
513 1236324
505 1236394
510 1236465
513 1236475
505 1236526
505 1236528
513 1236528
504 1236530
504 1236530
500 1236530
509 1236532
512 1236534
508 1236534
505 1236534
511 1236534
512 1236534
507 1236535
509 1236535
508 1236535
506 1236535
507 1236535
511 1236556
510 1236557
512 1236557
512 1236557
507 1236557
507 1236558
508 1236558
515 1236560
505 1236560
507 1236560
512 1236560
509 1236560
510 1236561
511 1236561
508 1236561
508 1236561
509 1236564
508 1236636
510 1236639
508 1236640
508 1236642
511 1236642
508 1236645
506 1236645
508 1236645
507 1236646
512 1236646
508 1236646
508 1236646
508 1236646
509 1236646
506 1236647
503 1236647
507 1236666
513 1236667
508 1236667
507 1236667
509 1236667
508 1236669
507 1236669
511 1236669
511 1236671
510 1236673
511 1236686
507 1236688
509 1236750
511 1236752
508 1236754
509 1236754
511 1236755
508 1236757
508 1236757
509 1236757
508 1236759
510 1236759
508 1236762
510 1236779
509 1236781
510 1236784
508 1236784
508 1236784
506 1236786
508 1236813
509 1236815
509 1236815
509 1236817
509 1236894
512 1236895
510 1236896
509 1236897
505 1236898
509 1236898
510 1236900
509 1236901
508 1236923
508 1236925
509 1236925
509 1236927
508 1236977
508 1236981
508 1236993
508 1236995
510 1236995
508 1236999
509 1237033
510 1237035
510 1237035
511 1237038
510 1237045
505 1237045
522 1237098
505 1237100
505 1237101
514 1237104
497 1237106
519 1237106
487 1237108
518 1237126
506 1237130
512 1237134
516 1237144
509 1237176
506 1237178
504 1237186
510 1237191
507 1237245
506 1237247
508 1237247
505 1237249
512 1237250
511 1237267
506 1237270
506 1237285
509 1237296
510 1237298
506 1237304
510 1237340
510 1237344
509 1237347
510 1237347
511 1237354
508 1237389
509 1237391
509 1237396
507 1237400
505 1237427
506 1237429
507 1237466
507 1237467
510 1237467
508 1237469
512 1237472
509 1237499
510 1237501
509 1237504
508 1237507
512 1237527
509 1237531
507 1237534
509 1237567
505 1237569
502 1237597
507 1237599
508 1237610
504 1237614
511 1237615
508 1237616
507 1237646
512 1237650
508 1237654
512 1237694
509 1237728
508 1237731
511 1237733
507 1237733
508 1237735
510 1237735
510 1237758
511 1237760
509 1237760
507 1237765
507 1237768
506 1237774
508 1237809
509 1237810
510 1237815
510 1237817
512 1237824
512 1237834
508 1237844
509 1237866
512 1237868
508 1237874
507 1237907
507 1237909
512 1237914
511 1237924
514 1237960
508 1237964
509 1237966
507 1237966
510 1237974
510 1237983
505 1238019
507 1238021
513 1238024
515 1238028
507 1238034
507 1238057
506 1238058
510 1238064
511 1238086
509 1238090
511 1238094
510 1238116
510 1238118
512 1238123
508 1238134
507 1238144
517 1238167
508 1238171
505 1238186
511 1238189
506 1238194
528 1238203
512 1238224
506 1238236
504 1238238
517 1238244
500 1238253
505 1238276
511 1238278
508 1238296
508 1238298
511 1238303
499 1238314
501 1238334
506 1238346
504 1238348
511 1238354
501 1238364
512 1238386
510 1238390
512 1238395
509 1238403
506 1238414
506 1238424
506 1238433
506 1238444
509 1238453
511 1238463
511 1238473
505 1238484
512 1238494
506 1238504
508 1238514
507 1238537
507 1238540
516 1238543
514 1238553
506 1238564
509 1238574
510 1238596
517 1238600
504 1238603
509 1238613
505 1238624
494 1238634
531 1238644
527 1238653
496 1238664
509 1238684
516 1238694
537 1238704
512 1238713
505 1238723
523 1238733
507 1238743
538 1238753
506 1238766
514 1238773
499 1238783
512 1238794
513 1238816
512 1238818
507 1238823
512 1238834
512 1238856
509 1238859
503 1238864
509 1238874
505 1238884
501 1238896
500 1238904
501 1238914
504 1238924
509 1238934
509 1238944
504 1238967
512 1238969
513 1238974
526 1238984
501 1238994
510 1239004
501 1239014
503 1239024
506 1239034
506 1239044
512 1239054
505 1239064
507 1239074
510 1239083
514 1239094
506 1239116
512 1239118
505 1239124
507 1239133
508 1239143
508 1239167
510 1239169
506 1239174
511 1239184
506 1239194
510 1239204
514 1239214
513 1239236
506 1239239
506 1239243
510 1239253
506 1239264
506 1239286
511 1239290
507 1239294
510 1239303
512 1239314
507 1239324
507 1239346
508 1239349
509 1239354
505 1239364
502 1239374
505 1239384
509 1239395
503 1239403
506 1239424
507 1239434
510 1239444
511 1239454
509 1239464
507 1239474
510 1239496
508 1239500
511 1239504
510 1239514
507 1239536
510 1239538
505 1239543
507 1239553
509 1239563
509 1239573
510 1239584
507 1239594
513 1239604
503 1239614
507 1239624
511 1239634
507 1239654
511 1239666
508 1239670
508 1239673
501 1239704
509 1239720
512 1239724
507 1239726
512 1239726
508 1239734
510 1239744
511 1239754
508 1239776
508 1239778
510 1239784
508 1239835
507 1239837
505 1239837
509 1239839
506 1239839
509 1239856
510 1239860
508 1239876
507 1239880
511 1239883
506 1239895
509 1239903
510 1239913
509 1239923
507 1239934
507 1239944
508 1239954
510 1239963
510 1239973
512 1239984
505 1239994
510 1240030
508 1240033
510 1240036
509 1240037
509 1240044
510 1240074
511 1240089
504 1240091
510 1240095
512 1240097
508 1240104
513 1240113
511 1240124
509 1240133
509 1240143
513 1240153
509 1240174
508 1240183
509 1240193
506 1240203
505 1240224
512 1240237
508 1240240
511 1240244
512 1240254
508 1240263
508 1240284
510 1240296
510 1240299
514 1240303
510 1240314
511 1240323
510 1240334
511 1240344
515 1240354
503 1240364
512 1240373
506 1240398
510 1240400
508 1240403
509 1240414
508 1240424
511 1240434
505 1240457
507 1240460
512 1240464
502 1240473
506 1240509
512 1240511
515 1240514
514 1240517
510 1240524
512 1240546
514 1240551
509 1240554
512 1240564
506 1240574
511 1240584
505 1240618
507 1240621
508 1240624
510 1240627
508 1240658
502 1240662
505 1240662
504 1240674
507 1240696
510 1240698
507 1240718
508 1240722
512 1240740
511 1240740
513 1240740
506 1240769
509 1240773
511 1240776
499 1240776
525 1240783
519 1240806
501 1240810
513 1240826
503 1240830
514 1240846
507 1240849
500 1240853
508 1240876
512 1240910
506 1240910
510 1240916
513 1240919
507 1240924
504 1240934
510 1240944
507 1240953
510 1240963
508 1240980
507 1240984
519 1240994
519 1241004
514 1241026
520 1241029
518 1241034
518 1241044
519 1241053
499 1241063
513 1241087
514 1241090
514 1241094
505 1241103
505 1241140
514 1241144
512 1241146
507 1241146
511 1241154
508 1241164
508 1241186
513 1241190
509 1241194
508 1241204
511 1241226
509 1241228
511 1241246
511 1241249
507 1241253
508 1241263
508 1241274
510 1241284
508 1241294
504 1241304
505 1241314
508 1241324
508 1241346
510 1241349
512 1241353
512 1241363
508 1241374
507 1241384
505 1241393
511 1241404
508 1241413
508 1241424
508 1241459
508 1241461
509 1241465
509 1241468
506 1241474
512 1241484
507 1241506
504 1241510
507 1241514
504 1241524
509 1241533
509 1241556
511 1241559
510 1241563
509 1241574
511 1241596
513 1241598
508 1241603
512 1241613
509 1241624
510 1241634
508 1241654
504 1241664
509 1241673
506 1241683
514 1241706
510 1241708
515 1241714
514 1241723
512 1241734
513 1241743
512 1241766
504 1241770
509 1241773
504 1241783
514 1241794
508 1241814
507 1241827
506 1241831
510 1241834
512 1241844
505 1241866
505 1241868
505 1241874
509 1241884
507 1241894
506 1241903
512 1241913
508 1241923
513 1241933
504 1241944
511 1241953
508 1241964
512 1241974
509 1241984
503 1241994
512 1242003
507 1242027
508 1242030
510 1242034
511 1242043
513 1242054
507 1242063
508 1242074
508 1242083
506 1242094
509 1242104
512 1242125
508 1242129
510 1242134
509 1242143
506 1242153
510 1242164
508 1242173
507 1242183
505 1242193
511 1242204
503 1242214
511 1242265
510 1242267
509 1242267
510 1242269
504 1242270
510 1242273
510 1242284
509 1242306
510 1242309
507 1242314
509 1242324
507 1242344
511 1242356
508 1242359
510 1242373
511 1242386
508 1242388
508 1242403
510 1242413
507 1242423
509 1242434
509 1242444
508 1242453
510 1242463
512 1242473
511 1242484
510 1242493
510 1242503
507 1242513
507 1242523
512 1242534
508 1242556
509 1242558
510 1242564
510 1242574
510 1242584
508 1242594
516 1242603
513 1242613
512 1242624
519 1242634
503 1242644
499 1242654
503 1242664
505 1242673
470 1242684
462 1242693
530 1242745
496 1242747
518 1242747
504 1242749
512 1242750
525 1242773
493 1242787
512 1242790
504 1242810
508 1242814
505 1242816
503 1242816
507 1242836
508 1242840
508 1242846
505 1242853
511 1242886
510 1242890
507 1242908
507 1242921
509 1242922
511 1242926
514 1242929
513 1242946
512 1242950
509 1242954
510 1242964
507 1243000
510 1243003
507 1243005
514 1243005
509 1243014
511 1243050
509 1243054
507 1243056
508 1243056
507 1243064
507 1243086
506 1243088
506 1243094
508 1243104
509 1243113
514 1243145
511 1243156
505 1243158
505 1243164
511 1243173
508 1243196
511 1243200
509 1243203
509 1243213
510 1243249
509 1243253
506 1243256
510 1243256
510 1243263
510 1243273
510 1243296
509 1243298
509 1243316
509 1243319
508 1243324
507 1243333
507 1243344
510 1243353
509 1243364
511 1243374
509 1243383
509 1243407
509 1243410
512 1243426
509 1243430
506 1243446
510 1243449
509 1243466
510 1243470
509 1243474
509 1243484
508 1243494
509 1243503
508 1243513
508 1243524
509 1243533
506 1243544
509 1243566
508 1243568
508 1243574
507 1243584
511 1243593
509 1243616
508 1243618
508 1243624
509 1243633
508 1243644
508 1243666
507 1243668
509 1243686
510 1243688
509 1243693
508 1243728
508 1243731
509 1243734
510 1243736
509 1243743
509 1243753
509 1243774
510 1243786
509 1243788
510 1243794
510 1243803
510 1243814
509 1243836
507 1243838
508 1243844
509 1243854
508 1243864
510 1243884
509 1243904
508 1243916
508 1243918
508 1243924
509 1243934
510 1243944
509 1243954
510 1243976
511 1243980
510 1243984
508 1244037
509 1244041
510 1244057
510 1244059
510 1244076
508 1244078
508 1244108
509 1244109
509 1244111
508 1244114
508 1244116
511 1244116
508 1244118
510 1244136
510 1244138
509 1244144
517 1244154
511 1244164
508 1244174
505 1244210
509 1244214
508 1244216
506 1244216
509 1244223
508 1244259
510 1244261
509 1244264
506 1244266
506 1244274
508 1244284
507 1244293
507 1244304
508 1244314
506 1244323
512 1244333
510 1244344
508 1244366
507 1244368
508 1244373
510 1244409
508 1244411
510 1244415
507 1244426
509 1244428
509 1244434
505 1244444
505 1244454
503 1244464
512 1244473
510 1244484
514 1244520
507 1244524
507 1244525
509 1244525
509 1244533
510 1244544
507 1244553
508 1244576
506 1244580
508 1244584
509 1244594
509 1244603
510 1244624
508 1244633
509 1244644
510 1244654
522 1244690
515 1244693
499 1244696
517 1244696
521 1244703
501 1244714
497 1244723
506 1244734
511 1244744
504 1244794
496 1244818
504 1244826
509 1244826
512 1244826
513 1244826
507 1244827
510 1244836
511 1244840
508 1244844
507 1244854
509 1244863
509 1244874
507 1244898
512 1244901
512 1244904
512 1244926
506 1244930
507 1244946
507 1244950
509 1244954
508 1244964
505 1244986
508 1244988
512 1244994
507 1245004
510 1245014
507 1245024
511 1245034
508 1245056
509 1245057
507 1245063
509 1245073
511 1245096
513 1245100
504 1245116
509 1245118
507 1245124
506 1245146
508 1245150
514 1245164
509 1245176
517 1245178
519 1245183
507 1245206
512 1245215
502 1245216
505 1245237
512 1245239
517 1245256
510 1245258
513 1245264
508 1245274
506 1245284
506 1245327
513 1245330
523 1245336
508 1245340
496 1245344
519 1245354
542 1245364
493 1245374
501 1245384
507 1245405
525 1245416
520 1245419
511 1245424
513 1245458
503 1245461
520 1245462
507 1245489
506 1245491
509 1245494
509 1245496
514 1245504
508 1245514
506 1245524
508 1245534
517 1245544
497 1245566
512 1245570
510 1245574
508 1245584
511 1245606
509 1245609
509 1245613
510 1245624
510 1245646
507 1245649
508 1245653
513 1245663
510 1245686
507 1245688
501 1245693
512 1245703
515 1245714
512 1245724
508 1245733
504 1245743
503 1245753
507 1245775
510 1245780
508 1245783
509 1245794
508 1245803
510 1245814
510 1245836
510 1245839
508 1245843
507 1245854
506 1245864
506 1245874
514 1245898
513 1245903
508 1245906
514 1245926
508 1245930
505 1245946
505 1245950
510 1245954
506 1245963
511 1245973
509 1245984
512 1246006
515 1246009
511 1246013
506 1246024
507 1246059
507 1246061
509 1246064
510 1246068
509 1246074
506 1246094
510 1246106
507 1246109
509 1246150
506 1246154
506 1246156
508 1246156
510 1246194
510 1246228
512 1246232
510 1246247
509 1246250
508 1246250
506 1246252
512 1246254
509 1246254
507 1246264
509 1246276
511 1246278
511 1246283
510 1246306
510 1246310
509 1246313
510 1246324
509 1246333
510 1246343
510 1246353
506 1246363
511 1246373
511 1246384
509 1246394
507 1246403
509 1246426
508 1246428
509 1246434
508 1246444
506 1246453
509 1246464
511 1246473
509 1246484
507 1246494
509 1246504
507 1246514
508 1246524
507 1246534
506 1246544
509 1246553
509 1246564
511 1246573
509 1246584
509 1246594
508 1246604
508 1246626
509 1246630
508 1246646
509 1246648
510 1246654
510 1246664
509 1246674
509 1246696
511 1246699
508 1246704
510 1246713
509 1246723
510 1246746
508 1246748
508 1246753
507 1246786
509 1246788
509 1246796
510 1246798
509 1246803
510 1246813
510 1246823
511 1246833
509 1246853
508 1246863
509 1246904
508 1246906
507 1246906
509 1246909
509 1246926
509 1246928
510 1246934
509 1246943
508 1246954
510 1246964
509 1246973
509 1246984
508 1246994
510 1247003
508 1247014
510 1247044
512 1247076
509 1247077
507 1247077
509 1247079
509 1247081
510 1247084
510 1247094
507 1247104
508 1247114
512 1247124
509 1247134
509 1247144
511 1247153
503 1247164
520 1247174
506 1247184
506 1247194
511 1247224
502 1247239
504 1247243
505 1247245
507 1247246
514 1247266
507 1247268
505 1247273
510 1247284
512 1247306
506 1247310
509 1247313
508 1247348
508 1247350
508 1247353
509 1247366
509 1247367
510 1247386
511 1247388
509 1247394
512 1247404
508 1247414
510 1247423
510 1247434
510 1247444
506 1247454
501 1247464
504 1247486
495 1247488
490 1247494
501 1247503
479 1247526
521 1247530
510 1247546
490 1247548
523 1247564
504 1247574
507 1247584
513 1247594
512 1247603
506 1247614
509 1247636
512 1247638
506 1247644
498 1247653
531 1247664
527 1247686
556 1247688
532 1247693
510 1247704
506 1247726
501 1247729
512 1247773
500 1247775
505 1247775
503 1247777
505 1247784
509 1247796
508 1247798
511 1247804
513 1247814
510 1247824
509 1247858
508 1247860
509 1247864
514 1247868
518 1247886
510 1247888
511 1247893
513 1247929
526 1247931
501 1247933
514 1247945
522 1247956
514 1247960
512 1247963
517 1247973
501 1247994
509 1248006
506 1248010
505 1248013
503 1248024
505 1248033
514 1248044
506 1248064
510 1248076
509 1248077
509 1248083
506 1248094
510 1248116
507 1248120
501 1248124
512 1248176
511 1248178
510 1248178
504 1248180
505 1248182
506 1248196
497 1248199
513 1248203
510 1248214
513 1248236
512 1248238
509 1248244
515 1248254
509 1248264
509 1248274
508 1248283
512 1248294
522 1248316
508 1248326
510 1248326
509 1248343
508 1248378
507 1248380
511 1248384
506 1248387
502 1248393
518 1248403
509 1248413
514 1248424
506 1248433
510 1248443
505 1248454
511 1248464
516 1248474
503 1248483
515 1248493
505 1248503
508 1248514
513 1248524
510 1248546
508 1248550
507 1248553
512 1248614
508 1248616
511 1248616
510 1248618
510 1248628
509 1248630
510 1248632
510 1248646
509 1248649
506 1248653
503 1248705
505 1248708
510 1248708
510 1248708
513 1248712
508 1248739
508 1248742
507 1248742
504 1248756
508 1248759
508 1248865
506 1248867
508 1248867
507 1248867
510 1248971
504 1248973
508 1248973
506 1249456
507 1249456
508 1249460
508 1249522
510 1249525
510 1249525
511 1249525
508 1249527
513 1249527
509 1249529
506 1249529
513 1249531
512 1249533
508 1249572
510 1249575
509 1249584
509 1249584
507 1249586
512 1249586
509 1249586
509 1249586
508 1249587
506 1249587
441 1249587
570 1249620
476 1249622
522 1249622
507 1249622
501 1249623
511 1249623
507 1249623
511 1249626
510 1249626
511 1249626
507 1249626
513 1249626
322 1249627
342 1249627
473 1249627
526 1249627
539 1249627
549 1249627
521 1249628
490 1249628
490 1249628
508 1249628
508 1249628
503 1249628
509 1249629
511 1249629
509 1249629
510 1249629
510 1249644
22014 1249697
509 1249700
510 1249701
508 1249709
510 1249713
509 1249715
508 1249715
507 1249717
507 1249717
510 1249719
510 1249721
506 1249723
510 1249723
509 1249725
509 1249753
509 1249774
508 1249834
510 1249836
506 1249836
511 1249838
509 1249838
509 1249840
510 1249840
508 1249877
508 1249879
505 1249881
508 1249882
508 1249884
509 1249884
509 1249913
508 1249935
509 1249937
511 1249937
509 1249939
509 1249940
508 1249969
510 1249973
510 1249975
509 1249975
508 1249983
510 1250014
510 1250028
509 1250030
509 1250034
508 1250036
510 1250044
509 1250079
507 1250083
509 1250085
512 1250086
511 1250094
509 1250128
497 1250131
521 1250134
501 1250137
515 1250144
483 1250195
535 1250197
520 1250197
523 1250199
513 1250199
506 1250203
508 1250226
511 1250229
511 1250233
505 1250244
511 1250253
507 1250286
505 1250287
509 1250293
509 1250303
508 1250313
511 1250324
506 1250333
515 1250343
507 1250354
513 1250363
510 1250373
508 1250396
511 1250399
505 1250405
508 1250446
509 1250450
512 1250454
513 1250466
508 1250468
511 1250484
512 1250499
508 1250503
509 1250505
508 1250506
508 1250526
510 1250528
510 1250573
511 1250575
507 1250575
510 1250578
509 1250586
506 1250590
508 1250606
507 1250608
512 1250613
506 1250665
509 1250667
507 1250668
508 1250670
512 1250670
509 1250673
506 1250696
507 1250699
507 1250703
510 1250713
510 1250749
511 1250750
509 1250754
509 1250757
508 1250763
509 1250773
508 1250783
511 1250793
507 1250803
510 1250813
509 1250823
508 1250833
508 1250856
509 1250858
507 1250876
509 1250878
511 1250884
505 1250893
511 1250916
513 1250920
509 1250924
509 1250933
510 1250969
509 1250971
508 1250974
509 1250976
507 1250983
510 1251006
508 1251008
509 1251026
511 1251029
507 1251033
507 1251043
508 1251066
507 1251069
510 1251073
510 1251083
510 1251093
509 1251103
511 1251113
511 1251125
506 1251134
506 1251143
509 1251153
509 1251163
511 1251173
509 1251183
509 1251193
510 1251203
510 1251213
508 1251223
508 1251233
511 1251243
510 1251266
510 1251268
509 1251285
508 1251289
511 1251293
511 1251313
506 1251336
508 1251339
509 1251343
507 1251353
511 1251363
507 1251386
509 1251389
508 1251393
509 1251403
509 1251413
508 1251423
510 1251433
508 1251443
510 1251453
510 1251463
507 1251473
508 1251483
510 1251493
508 1251503
507 1251513
511 1251523
507 1251533
508 1251543
510 1251553
509 1251563
505 1251573
510 1251583
510 1251605
506 1251609
507 1251613
507 1251623
510 1251658
510 1251663
506 1251665
510 1251665
510 1251673
510 1251683
508 1251693
508 1251703
508 1251713
506 1251723
508 1251744
508 1251755
507 1251758
510 1251763
510 1251773
508 1251783
509 1251793
511 1251803
509 1251813
511 1251823
510 1251833
510 1251853
509 1251878
511 1251880
507 1251884
507 1251888
508 1251893
509 1251916
508 1251918
508 1251923
509 1251933
510 1251956
510 1251959
508 1251976
508 1251979
506 1251983
507 1251993
510 1252003
511 1252013
509 1252023
508 1252043
510 1252054
508 1252063
508 1252086
508 1252089
508 1252093
508 1252144
510 1252144
509 1252144
509 1252145
511 1252145
508 1252153
507 1252175
508 1252179
509 1252183
510 1252193
509 1252203
508 1252213
509 1252235
512 1252239
509 1252243
509 1252253
508 1252263
509 1252273
511 1252283
508 1252293
510 1252303
508 1252326
512 1252328
508 1252353
507 1252368
508 1252370
508 1252373
509 1252377
506 1252396
508 1252398
509 1252404
509 1252414
508 1252436
508 1252438
509 1252456
511 1252459
509 1252463
509 1252498
509 1252500
507 1252503
508 1252515
510 1252519
507 1252523
509 1252533
508 1252554
508 1252566
509 1252568
510 1252585
510 1252589
511 1252593
511 1252615
507 1252619
508 1252623
509 1252634
508 1252643
508 1252653
507 1252675
508 1252679
510 1252683
510 1252693
509 1252703
508 1252713
508 1252734
508 1252764
509 1252785
509 1252787
508 1252787
510 1252789
510 1252789
509 1252803
508 1252813
510 1252823
509 1252833
508 1252896
510 1252903
510 1252905
508 1252905
510 1252907
510 1252907
509 1252910
509 1252924
511 1252934
510 1252987
509 1252989
507 1252992
507 1252994
509 1252995
511 1252995
509 1253019
507 1253021
509 1253024
508 1253025
508 1253046
508 1253050
509 1253066
509 1253068
511 1253086
508 1253088
510 1253093
510 1253103
507 1253125
508 1253129
510 1253146
510 1253148
510 1253166
510 1253168
509 1253173
506 1253196
508 1253200
507 1253203
508 1253213
509 1253249
509 1253253
510 1253255
508 1253255
509 1253262
507 1253273
509 1253284
508 1253294
509 1253303
508 1253313
509 1253323
509 1253346
511 1253350
508 1253353
506 1253363
509 1253373
508 1253383
509 1253393
509 1253403
508 1253413
508 1253423
511 1253433
507 1253443
509 1253453
508 1253463
511 1253486
511 1253489
508 1253506
509 1253508
509 1253523
510 1253534
509 1253543
508 1253553
508 1253564
509 1253573
511 1253583
509 1253593
508 1253603
508 1253613
508 1253624
509 1253633
509 1253643
510 1253666
509 1253668
509 1253674
507 1253683
509 1253693
508 1253703
510 1253714
510 1253724
507 1253734
509 1253743
509 1253753
507 1253763
508 1253773
508 1253783
508 1253793
510 1253828
512 1253833
509 1253837
510 1253838
509 1253843
508 1253866
509 1253868
509 1253886
509 1253889
509 1253893
512 1253915
508 1253919
507 1253936
506 1253939
507 1253943
507 1253953
509 1253976
508 1253979
509 1253983
511 1253993
510 1254003
508 1254013
507 1254023
509 1254056
507 1254061
508 1254066
510 1254070
508 1254085
508 1254089
509 1254093
507 1254103
508 1254113
509 1254123
508 1254134
508 1254144
509 1254154
512 1254164
509 1254173
510 1254210
508 1254214
508 1254216
511 1254216
508 1254224
508 1254233
510 1254254
509 1254263
509 1254273
511 1254283
507 1254306
508 1254309
508 1254313
508 1254323
507 1254346
509 1254348
509 1254365
509 1254369
511 1254373
509 1254409
508 1254413
508 1254415
506 1254415
508 1254423
509 1254444
508 1254469
511 1254473
510 1254475
509 1254475
509 1254483
509 1254492
509 1254502
510 1254513
510 1254523
510 1254532
511 1254569
510 1254573
510 1254575
509 1254575
509 1254583
511 1254605
506 1254609
507 1254639
509 1254641
507 1254644
511 1254666
510 1254670
507 1254676
507 1254678
510 1254683
507 1254694
508 1254716
510 1254718
508 1254724
510 1254733
510 1254744
508 1254753
507 1254764
509 1254773
509 1254784
509 1254793
509 1254845
511 1254848
509 1254848
510 1254848
508 1254850
510 1254853
508 1254863
509 1254873
507 1254884
510 1254893
507 1254903
508 1254926
510 1254936
508 1254943
507 1254953
507 1254975
510 1254979
509 1254983
507 1254993
509 1255003
509 1255013
512 1255023
508 1255033
507 1255043
509 1255053
509 1255089
511 1255093
508 1255095
509 1255095
509 1255103
511 1255113
509 1255124
509 1255134
505 1255143
510 1255153
508 1255163
510 1255199
510 1255203
509 1255205
511 1255205
510 1255213
508 1255223
509 1255246
510 1255250
509 1255253
510 1255263
507 1255274
510 1255283
508 1255305
510 1255307
507 1255326
509 1255329
509 1255345
508 1255349
508 1255366
510 1255368
509 1255383
508 1255394
510 1255419
509 1255423
508 1255425
510 1255425
507 1255432
507 1255485
509 1255487
511 1255487
510 1255489
512 1255489
509 1255506
508 1255509
509 1255513
508 1255523
509 1255533
510 1255556
509 1255558
508 1255576
511 1255578
507 1255583
506 1255593
509 1255603
508 1255613
509 1255624
509 1255634
509 1255643
510 1255679
513 1255683
510 1255685
508 1255685
508 1255693
507 1255729
509 1255731
508 1255734
508 1255736
508 1255744
511 1255763
510 1255772
509 1255784
508 1255832
512 1255835
508 1255835
510 1255835
510 1255846
509 1255849
510 1255853
511 1255889
510 1255893
508 1255895
509 1255895
509 1255903
509 1255913
510 1255923
508 1255946
508 1255948
510 1255953
509 1255963
504 1255983
506 1255996
508 1255999
510 1256003
509 1256013
508 1256049
510 1256053
510 1256056
509 1256056
506 1256063
507 1256073
507 1256106
507 1256108
509 1256116
511 1256119
509 1256136
511 1256146
507 1256169
506 1256171
508 1256174
508 1256198
508 1256200
508 1256204
507 1256207
509 1256213
512 1256223
509 1256245
508 1256249
508 1256253
508 1256263
511 1256273
509 1256283
510 1256306
511 1256308
510 1256326
509 1256330
509 1256333
508 1256344
510 1256366
509 1256369
510 1256373
508 1256383
507 1256403
508 1256413
509 1256423
508 1256434
509 1256468
509 1256470
508 1256473
508 1256477
511 1256483
508 1256505
511 1256509
511 1256525
507 1256527
508 1256533
510 1256543
508 1256565
509 1256569
510 1256572
509 1256582
508 1256593
512 1256616
508 1256620
508 1256623
508 1256633
508 1256643
509 1256666
510 1256668
508 1256673
507 1256682
511 1256694
511 1256703
506 1256714
509 1256735
507 1256737
509 1256755
509 1256757
506 1256763
509 1256786
510 1256788
509 1256793
506 1256803
508 1256813
510 1256835
508 1256837
509 1256842
511 1256854
509 1256864
510 1256886
508 1256889
509 1256893
505 1256903
510 1256936
508 1256940
507 1256945
509 1256948
509 1256953
511 1256988
510 1256991
507 1256994
508 1256997
509 1257004
509 1257013
509 1257023
509 1257044
505 1257056
508 1257060
510 1257064
509 1257073
510 1257083
508 1257093
508 1257116
509 1257120
510 1257124
510 1257133
509 1257156
505 1257158
508 1257163
510 1257173
516 1257183
503 1257193
514 1257203
512 1257213
507 1257223
507 1257233
508 1257264
508 1257305
508 1257307
509 1257307
509 1257309
511 1257312
510 1257314
507 1257323
509 1257333
511 1257366
510 1257368
509 1257376
508 1257378
507 1257383
512 1257393
507 1257403
508 1257413
510 1257423
508 1257433
511 1257443
513 1257453
515 1257476
504 1257477
508 1257483
502 1257493
504 1257516
511 1257519
512 1257523
511 1257533
505 1257568
507 1257571
510 1257573
511 1257586
511 1257589
510 1257619
510 1257621
509 1257625
511 1257644
507 1257658
506 1257660
510 1257662
509 1257688
503 1257691
520 1257694
518 1257706
503 1257708
514 1257713
501 1257723
503 1257733
510 1257754
501 1257754
508 1257763
494 1257773
506 1257783
514 1257793
513 1257803
508 1257813
504 1257823
506 1257833
511 1257843
508 1257863
509 1257873
510 1257883
512 1257893
511 1257903
515 1257913
506 1257936
507 1257938
509 1257943
506 1257953
508 1257963
513 1257973
511 1257996
513 1258000
510 1258015
505 1258018
509 1258023
507 1258046
514 1258048
503 1258053
509 1258063
510 1258115
510 1258117
511 1258117
508 1258118
508 1258119
509 1258124
510 1258133
511 1258156
515 1258158
510 1258164
510 1258173
510 1258183
514 1258193
510 1258203
511 1258213
510 1258223
509 1258233
506 1258256
508 1258258
501 1258263
506 1258273
510 1258283
504 1258306
505 1258308
514 1258313
506 1258323
505 1258334
510 1258354
537 1258366
525 1258369
494 1258374
515 1258383
493 1258393
507 1258403
494 1258424
513 1258435
514 1258438
498 1258443
507 1258478
507 1258480
511 1258484
511 1258486
506 1258493
510 1258516
508 1258520
508 1258523
513 1258533
511 1258543
510 1258578
506 1258580
508 1258583
509 1258587
507 1258604
509 1258628
510 1258630
511 1258634
510 1258635
508 1258643
507 1258653
506 1258663
507 1258673
510 1258683
509 1258693
508 1258716
507 1258720
508 1258733
508 1258743
509 1258753
509 1258763
509 1258798
508 1258800
507 1258804
507 1258808
509 1258813
511 1258823
509 1258845
509 1258848
508 1258853
511 1258863
508 1258873
511 1258883
509 1258893
509 1258903
509 1258913
512 1258923
508 1258945
507 1258949
509 1258953
510 1258963
510 1258973
508 1258995
508 1258999
512 1259003
511 1259013
507 1259023
508 1259033
509 1259055
506 1259057
510 1259063
509 1259073
509 1259082
510 1259105
510 1259107
509 1259113
509 1259136
506 1259139
509 1259143
508 1259153
510 1259163
509 1259172
510 1259182
509 1259205
512 1259209
508 1259225
509 1259229
509 1259233
509 1259242
510 1259253
511 1259263
509 1259273
509 1259283
509 1259293
509 1259314
508 1259325
508 1259329
508 1259333
509 1259343
510 1259417
511 1259421
509 1259421
509 1259423
509 1259423
508 1259425
509 1259435
507 1259437
510 1259442
509 1259453
510 1259463
508 1259474
510 1259483
510 1259493
509 1259503
510 1259513
507 1259523
508 1259533
510 1259543
508 1259553
511 1259588
511 1259593
509 1259595
509 1259595
510 1259603
509 1259613
510 1259623
508 1259633
509 1259643
507 1259666
512 1259668
509 1259673
509 1259683
508 1259693
510 1259715
508 1259719
508 1259735
508 1259737
508 1259742
512 1259752
510 1259762
510 1259772
509 1259783
509 1259805
509 1259807
511 1259813
510 1259848
511 1259851
511 1259854
510 1259865
507 1259868
507 1259873
509 1259883
507 1259903
510 1259915
509 1259917
508 1259923
508 1259959
510 1259963
509 1259965
507 1259966
509 1259973
508 1259983
508 1260006
508 1260009
509 1260013
509 1260023
510 1260033
508 1260043
506 1260065
508 1260069
507 1260073
510 1260083
511 1260093
508 1260103
510 1260113
510 1260123
507 1260133
506 1260143
508 1260153
505 1260163
514 1260173
499 1260183
527 1260228
511 1260233
517 1260235
515 1260236
514 1260256
515 1260258
520 1260276
505 1260278
510 1260283
507 1260293
507 1260303
510 1260313
511 1260323
509 1260406
510 1260407
511 1260407
510 1260409
508 1260412
506 1260413
508 1260413
511 1260415
510 1260424
507 1260436
509 1260439
512 1260444
509 1260453
510 1260463
507 1260473
506 1260483
499 1260493
502 1260503
504 1260552
511 1260554
521 1260555
494 1260556
521 1260594
494 1260596
498 1260596
515 1260598
513 1260601
508 1260603
506 1260626
510 1260629
508 1260633
506 1260643
509 1260665
513 1260668
512 1260685
497 1260689
478 1260706
518 1260708
500 1260713
504 1260723
516 1260768
503 1260771
524 1260773
511 1260786
503 1260788
506 1260793
507 1260829
510 1260831
509 1260835
511 1260844
507 1260869
508 1260873
509 1260875
510 1260875
507 1260883
510 1260893
510 1260905
509 1260914
504 1260923
507 1260946
516 1260950
499 1260965
500 1260970
512 1260973
499 1260983
500 1261005
506 1261007
496 1261013
497 1261023
504 1261033
506 1261068
502 1261073
508 1261076
507 1261076
511 1261083
512 1261118
507 1261121
510 1261123
511 1261125
509 1261134
507 1261156
510 1261157
509 1261164
508 1261173
506 1261183
509 1261204
511 1261228
507 1261231
503 1261234
513 1261236
513 1261263
506 1261278
503 1261280
508 1261284
498 1261285
501 1261293
509 1261326
511 1261330
507 1261336
508 1261340
506 1261343
507 1261496
506 1261499
510 1261524
511 1261544
507 1261546
508 1261546
512 1261546
511 1261548
507 1261593
507 1261626
509 1261628
507 1261628
510 1261630
509 1261634
507 1261643
510 1261695
508 1261697
510 1261697
507 1261698
509 1261700
508 1261701
511 1261703
515 1261703
508 1261746
510 1261749
511 1261775
512 1261777
499 1261777
510 1261779
510 1261781
509 1261781
509 1261784
510 1261784
509 1261804
504 1261853
509 1261854
510 1262209
505 1262211
511 1262213
506 1262213
508 1262215
511 1262215
510 1262217
511 1262217
512 1262218
507 1262220
508 1262226
508 1262228
509 1262233
509 1262255
508 1262257
509 1262257
508 1262258
508 1262335
508 1262335
509 1262336
512 1262336
509 1262336
508 1262336
508 1262339
510 1262339
508 1262339
507 1262339
509 1262340
509 1262340
509 1262340
509 1262340
508 1262340
507 1262341
509 1262341
510 1262341
508 1262341
510 1262341
507 1262342
509 1262342
509 1262362
508 1262364
509 1262364
506 1262364
510 1262367
509 1262367
507 1262370
508 1262370
507 1262379
508 1262381
510 1262383
511 1262383
509 1262385
510 1262385
509 1262387
506 1262387
507 1262393
508 1262405
509 1262455
510 1262457
508 1262457
509 1262459
512 1262459
509 1262504
510 1262506
508 1262506
508 1262508
509 1262510
512 1262513
507 1262533
511 1262613
510 1262615
508 1262615
509 1262617
509 1262617
510 1262618
509 1262618
509 1262621
508 1262638
509 1262640
510 1262642
509 1262656
508 1262659
509 1262663
509 1262706
509 1262709
509 1262718
509 1262720
509 1262723
509 1262727
509 1262750
508 1262766
508 1262770
507 1262775
509 1262779
508 1262783
510 1262819
507 1262823
510 1262825
510 1262825
507 1262856
506 1262859
509 1262865
507 1262873
507 1262883
509 1262893
509 1262905
510 1262913
510 1262949
509 1262951
508 1262953
508 1262966
508 1262968
508 1262973
509 1262983
509 1262993
511 1263026
512 1263030
508 1263036
506 1263038
510 1263043
508 1263066
509 1263067
509 1263086
508 1263090
511 1263093
502 1263103
512 1263126
525 1263128
481 1263133
496 1263143
505 1263166
515 1263168
540 1263186
500 1263188
516 1263193
520 1263245
506 1263247
505 1263248
512 1263248
509 1263249
507 1263253
510 1263289
508 1263293
507 1263295
509 1263295
511 1263303
511 1263343
509 1263363
513 1263364
510 1263366
510 1263368
508 1263368
511 1263396
513 1263398
508 1263398
506 1263405
507 1263440
507 1263442
507 1263444
506 1263456
508 1263459
511 1263504
511 1263506
509 1263506
507 1263508
509 1263508
508 1263513
509 1263523
509 1263534
508 1263543
511 1263566
509 1263568
510 1263573
507 1263609
507 1263611
507 1263614
507 1263626
512 1263627
512 1263633
510 1263643
509 1263666
508 1263669
509 1263673
507 1263683
507 1263693
511 1263703
510 1263713
509 1263723
508 1263733
510 1263743
509 1263766
509 1263769
510 1263773
511 1263783
507 1263806
510 1263809
510 1263813
508 1263823
509 1263833
508 1263843
509 1263853
508 1263863
510 1263873
505 1263883
511 1263907
507 1263911
510 1263923
507 1263933
510 1263954
505 1263966
506 1263969
508 1263973
509 1263994
507 1264005
508 1264007
508 1264013
511 1264023
510 1264033
510 1264043
510 1264053
510 1264089
509 1264093
508 1264095
508 1264095
510 1264103
511 1264113
511 1264123
508 1264133
507 1264143
507 1264153
507 1264162
509 1264173
508 1264183
508 1264205
511 1264208
511 1264213
510 1264223
508 1264245
508 1264248
507 1264253
510 1264263
509 1264297
509 1264300
510 1264304
510 1264307
510 1264366
508 1264370
510 1264371
510 1264371
510 1264373
509 1264373
509 1264399
509 1264403
511 1264405
509 1264405
509 1264413
509 1264423
511 1264433
509 1264455
510 1264459
510 1264475
509 1264477
511 1264495
509 1264499
508 1264503
508 1264523
508 1264548
509 1264551
509 1264553
508 1264565
510 1264569
509 1264573
511 1264625
509 1264627
508 1264627
508 1264629
508 1264629
509 1264633
510 1264665
509 1264669
510 1264673
509 1264722
507 1264724
511 1264724
510 1264726
509 1264733
509 1264773
509 1264795
508 1264797
509 1264797
511 1264799
510 1264802
509 1264818
508 1264820
508 1264824
510 1264827
508 1264833
510 1264853
509 1264879
510 1264883
510 1264885
507 1264885
508 1264893
510 1264928
507 1264930
510 1264933
508 1264937
509 1264967
510 1264970
509 1264973
509 1264976
508 1264982
509 1264992
509 1265044
510 1265046
508 1265046
509 1265048
511 1265050
512 1265078
509 1265080
508 1265084
509 1265087
508 1265093
509 1265103
510 1265125
510 1265128
509 1265133
509 1265142
509 1265152
507 1265162
509 1265185
507 1265188
508 1265193
508 1265203
509 1265213
509 1265245
512 1265249
508 1265255
508 1265257
509 1265262
508 1265273
509 1265309
509 1265313
508 1265315
510 1265315
509 1265335
510 1265337
505 1265355
509 1265358
508 1265363
508 1265383
509 1265407
504 1265409
508 1265425
510 1265427
509 1265445
508 1265448
508 1265452
508 1265463
511 1265472
509 1265483
510 1265506
509 1265509
509 1265526
509 1265529
508 1265574
507 1265576
508 1265576
510 1265578
509 1265582
509 1265608
509 1265611
509 1265615
510 1265615
508 1265623
508 1265633
509 1265642
509 1265665
509 1265668
510 1265672
511 1265682
509 1265725
510 1265729
509 1265737
508 1265741
508 1265741
509 1265755
507 1265758
510 1265776
509 1265778
510 1265783
510 1265793
508 1265815
506 1265818
508 1265833
507 1265845
509 1265847
509 1265852
509 1265873
508 1265885
511 1265889
508 1265893
507 1265926
510 1265928
507 1265936
509 1265939
509 1265943
507 1265953
509 1265975
511 1265979
510 1265983
508 1265993
508 1266003
510 1266013
508 1266035
509 1266037
508 1266043
509 1266053
510 1266089
509 1266093
509 1266096
508 1266096
509 1266115
507 1266119
507 1266158
510 1266160
509 1266162
509 1266189
507 1266193
508 1266195
508 1266195
510 1266203
509 1266213
508 1266223
508 1266244
510 1266255
509 1266257
510 1266262
508 1266272
509 1266308
509 1266310
508 1266313
510 1266315
509 1266335
509 1266337
511 1266342
508 1266353
509 1266363
508 1266373
508 1266382
506 1266407
507 1266409
509 1266412
509 1266423
508 1266445
512 1266449
509 1266452
507 1266475
509 1266477
508 1266524
508 1266526
509 1266526
509 1266528
510 1266528
510 1266532
509 1266554
507 1266565
509 1266569
508 1266598
509 1266600
509 1266603
509 1266607
508 1266613
509 1266622
509 1266642
507 1266644
508 1266665
508 1266669
508 1266672
510 1266682
508 1266705
510 1266709
509 1266738
510 1266742
507 1266744
507 1266746
508 1266778
509 1266782
508 1266785
509 1266785
509 1266817
510 1266821
509 1266824
509 1266827
507 1266833
509 1266843
510 1266866
508 1266870
510 1266883
509 1266892
509 1266902
510 1266926
508 1266928
509 1266933
508 1266955
507 1266958
509 1266963
507 1266973
506 1266995
510 1266999
512 1267003
510 1267012
507 1267046
508 1267048
509 1267055
509 1267057
509 1267062
507 1267098
510 1267102
511 1267105
508 1267105
508 1267152
506 1267155
509 1267155
509 1267155
510 1267208
509 1267210
508 1267213
510 1267215
510 1267215
508 1267217
507 1267217
509 1267235
509 1267239
510 1267253
509 1267266
508 1267268
509 1267273
510 1267309
509 1267313
507 1267315
508 1267315
507 1267323
509 1267333
509 1267342
510 1267353
509 1267363
510 1267372
508 1267414
508 1267416
509 1267416
508 1267416
510 1267423
509 1267445
508 1267447
508 1267465
511 1267467
510 1267472
508 1267482
508 1267518
506 1267522
509 1267525
508 1267525
510 1267533
509 1267556
509 1267559
511 1267563
509 1267583
510 1267593
507 1267603
507 1267612
509 1267623
508 1267632
507 1267667
511 1267670
508 1267672
510 1267686
509 1267694
509 1267713
507 1267724
510 1267738
508 1267740
509 1267742
507 1267784
509 1267787
507 1267787
508 1267789
510 1267789
509 1267792
508 1267803
510 1267854
510 1267856
509 1267856
508 1267858
507 1267861
508 1267888
507 1267890
509 1267894
510 1267897
509 1267903
509 1267913
508 1267923
510 1267932
508 1267942
508 1267952
508 1267975
509 1267979
509 1267995
509 1267999
508 1268002
509 1268068
510 1268070
509 1268074
507 1268076
509 1268076
508 1268078
507 1268078
508 1268108
508 1268110
508 1268113
511 1268115
510 1268149
507 1268152
509 1268155
508 1268155
509 1268163
510 1268199
507 1268201
510 1268203
511 1268215
508 1268217
509 1268223
510 1268259
510 1268261
508 1268263
509 1268275
509 1268279
511 1268283
509 1268313
509 1268326
507 1268329
508 1268346
510 1268350
509 1268354
509 1268366
509 1268369
510 1268383
510 1268418
510 1268420
508 1268423
509 1268425
510 1268432
508 1268443
507 1268477
510 1268482
509 1268484
510 1268484
510 1268534
509 1268537
509 1268537
509 1268539
508 1268539
509 1268542
509 1268553
509 1268575
509 1268578
510 1268582
508 1268592
509 1268603
509 1268624
508 1268635
510 1268638
510 1268642
509 1268679
510 1268683
509 1268685
510 1268685
507 1268693
509 1268703
508 1268713
509 1268736
509 1268739
507 1268743
508 1268753
511 1268775
509 1268777
507 1268783
507 1268805
509 1268807
507 1268854
508 1268857
509 1268857
510 1268857
508 1268859
509 1268904
509 1268906
508 1268906
510 1268909
507 1268913
509 1268916
509 1268943
510 1268958
510 1268973
510 1268973
507 1268974
509 1268998
511 1269002
508 1269005
510 1269005
509 1269023
509 1269043
510 1269054
508 1269065
508 1269067
509 1269072
509 1269108
508 1269113
507 1269115
510 1269115
509 1269164
508 1269166
511 1269166
509 1269169
507 1269169
508 1269196
508 1269198
510 1269219
510 1269222
507 1269224
510 1269224
512 1269258
507 1269260
506 1269263
509 1269265
509 1269272
508 1269283
508 1269293
510 1269327
510 1269330
511 1269336
508 1269337
510 1269368
509 1269370
508 1269372
508 1269385
508 1269389
509 1269423
509 1269435
510 1269439
508 1269479
508 1269483
508 1269485
509 1269485
510 1269487
510 1269487
509 1269489
509 1269505
510 1269507
509 1269540
508 1269540
507 1269542
506 1269567
510 1269571
510 1269574
509 1269574
508 1269583
508 1269593
510 1269603
506 1269626
510 1269629
509 1269633
507 1269643
507 1269665
509 1269667
508 1269672
509 1269695
512 1269700
510 1269703
507 1269739
507 1269743
510 1269745
510 1269745
509 1269778
508 1269781
509 1269784
512 1269795
509 1269797
508 1269802
508 1269851
509 1269854
509 1269854
508 1269857
508 1269862
508 1269899
511 1269901
510 1269904
507 1269915
508 1269918
508 1269934
509 1269936
508 1269956
509 1269959
509 1269963
510 1269973
510 1270008
509 1270013
508 1270015
510 1270015
509 1270023
508 1270033
506 1270043
510 1270066
510 1270068
509 1270073
508 1270125
509 1270126
509 1270127
508 1270128
509 1270130
509 1270133
509 1270143
509 1270153
507 1270175
513 1270179
506 1270224
510 1270227
502 1270227
515 1270227
507 1270229
507 1270243
510 1270256
512 1270257
508 1270274
511 1270341
507 1270343
506 1270343
507 1270345
509 1270345
509 1270347
509 1270347
508 1270368
508 1270372
510 1270374
507 1270375
509 1270383
510 1270419
506 1270421
509 1270424
507 1270435
506 1270437
509 1270443
517 1270494
509 1270497
504 1270497
505 1270497
516 1270501
518 1270515
503 1270519
506 1270523
510 1270532
510 1270543
509 1270594
509 1270596
509 1270596
509 1270598
510 1270599
510 1270613
509 1270654
509 1270716
510 1270718
508 1270719
509 1270721
509 1270722
512 1270723
511 1270724
500 1270724
504 1270727
511 1270735
504 1270737
527 1270743
516 1270753
506 1270763
522 1270773
513 1270795
508 1270797
516 1270803
508 1270813
512 1270823
506 1270845
508 1270848
512 1270853
507 1270863
511 1270885
510 1270887
511 1270893
512 1270916
510 1270917
504 1270935
508 1270937
508 1270943
504 1270953
514 1270976
511 1270978
512 1271009
512 1271012
508 1271014
508 1271014
508 1271022
508 1271033
507 1271043
507 1271053
511 1271063
507 1271098
509 1271101
508 1271103
508 1271107
506 1271113
509 1271123
510 1271133
506 1271156
512 1271157
504 1271163
506 1271173
510 1271183
509 1271193
501 1271203
506 1271213
506 1271223
509 1271233
501 1271243
503 1271253
509 1271263
513 1271273
510 1271283
510 1271305
509 1271307
511 1271313
502 1271323
513 1271355
517 1271359
490 1271363
488 1271373
493 1271383
527 1271393
511 1271415
502 1271419
506 1271423
512 1271445
506 1271447
506 1271465
521 1271467
510 1271473
503 1271483
506 1271493
510 1271503
508 1271538
508 1271540
509 1271543
512 1271547
509 1271553
509 1271563
510 1271573
505 1271583
508 1271593
507 1271602
508 1271612
510 1271635
508 1271638
513 1271643
509 1271652
509 1271675
509 1271677
510 1271682
509 1271693
509 1271703
509 1271754
506 1271756
507 1271756
509 1271758
507 1271758
510 1271801
509 1271804
507 1271804
510 1271817
509 1271820
508 1271823
509 1271847
509 1271850
509 1271853
507 1271857
511 1271863
509 1271872
509 1271895
508 1271897
510 1271902
509 1271954
510 1271957
507 1271957
507 1271957
507 1271960
508 1271963
508 1271973
509 1271983
509 1272003
510 1272013
511 1272023
507 1272032
509 1272043
509 1272065
509 1272069
510 1272073
508 1272083
508 1272093
508 1272116
509 1272118
508 1272123
509 1272145
508 1272147
509 1272152
509 1272162
509 1272173
508 1272182
510 1272193
510 1272202
508 1272213
507 1272235
507 1272237
510 1272243
511 1272253
510 1272263
512 1272272
508 1272282
509 1272293
510 1272303
509 1272339
510 1272343
509 1272345
510 1272345
510 1272353
510 1272375
509 1272378
508 1272382
509 1272393
509 1272430
508 1272430
511 1272433
510 1272437
509 1272455
509 1272459
507 1272462
511 1272472
509 1272495
507 1272499
507 1272502
507 1272512
508 1272523
509 1272545
508 1272549
507 1272552
509 1272562
508 1272572
509 1272582
508 1272605
509 1272608
508 1272612
509 1272622
510 1272632
508 1272642
509 1272652
510 1272675
509 1272678
507 1272682
509 1272693
507 1272728
509 1272730
509 1272733
509 1272737
508 1272743
512 1272753
508 1272763
508 1272808
510 1272810
507 1272816
508 1272818
508 1272818
509 1272834
507 1272843
511 1272852
507 1272863
510 1272873
508 1272882
509 1272892
508 1272903
510 1272912
509 1272935
511 1272937
510 1272942
