7.14111328125 -16.05224609375 13.61083984375 1331146
7.14111328125 -16.05224609375 13.61083984375 1331146
-0.6103515625 7.6904296875 -13.5498046875 1331190
-0.6103515625 7.6904296875 -13.5498046875 1331190
-0.6103515625 7.6904296875 -13.5498046875 1331190
-8.60595703125 0.3662109375 -1.708984375 1331266
-11.23046875 1.64794921875 18.73779296875 1331344
-11.23046875 1.64794921875 18.73779296875 1331345
-11.23046875 1.64794921875 18.73779296875 1331345
-11.23046875 1.64794921875 18.73779296875 1331456
-18.37158203125 -9.765625 22.76611328125 1331456
-18.37158203125 -9.765625 22.76611328125 1331456
-18.37158203125 -9.765625 22.76611328125 1331457
-18.37158203125 -9.765625 22.76611328125 1331560
-20.81298828125 -5.06591796875 20.32470703125 1331561
-20.81298828125 -5.06591796875 20.32470703125 1331581
-20.81298828125 -5.06591796875 20.32470703125 1331582
-20.81298828125 -5.06591796875 20.32470703125 1331661
-12.0849609375 2.197265625 13.97705078125 1331662
-12.0849609375 2.197265625 13.97705078125 1331765
-7.2021484375 -3.90625 3.84521484375 1331765
-7.2021484375 -3.90625 3.84521484375 1331765
-7.2021484375 -3.90625 3.84521484375 1331766
-7.2021484375 -3.90625 3.84521484375 1331867
13.73291015625 -7.50732421875 -15.80810546875 1331867
13.73291015625 -7.50732421875 -15.80810546875 1331868
13.73291015625 -7.50732421875 -15.80810546875 1331868
32.40966796875 3.96728515625 -26.9775390625 1332055
48.583984375 -1.8310546875 -43.0908203125 1332055
48.583984375 -1.8310546875 -43.0908203125 1332055
48.583984375 -1.8310546875 -43.0908203125 1332056
48.583984375 -1.8310546875 -43.0908203125 1332157
43.64013671875 18.12744140625 -48.583984375 1332158
43.64013671875 18.12744140625 -48.583984375 1332158
43.64013671875 18.12744140625 -48.583984375 1332158
43.64013671875 18.12744140625 -48.583984375 1332259
42.29736328125 19.6533203125 -53.52783203125 1332260
42.29736328125 19.6533203125 -53.52783203125 1332260
42.29736328125 19.6533203125 -53.52783203125 1332260
42.29736328125 19.6533203125 -53.52783203125 1332362
31.8603515625 10.3759765625 -14.892578125 1332363
31.8603515625 10.3759765625 -14.892578125 1332363
31.8603515625 10.3759765625 -14.892578125 1332363
31.8603515625 10.3759765625 -14.892578125 1332472
30.09033203125 33.99658203125 1.77001953125 1332473
30.09033203125 33.99658203125 1.77001953125 1332473
30.09033203125 33.99658203125 1.77001953125 1332474
34.48486328125 36.9873046875 -12.63427734375 1332661
6.40869140625 4.39453125 2.25830078125 1332661
6.40869140625 4.39453125 2.25830078125 1332662
6.40869140625 4.39453125 2.25830078125 1332662
6.40869140625 4.39453125 2.25830078125 1332764
-0.48828125 -3.90625 -5.18798828125 1332764
-0.48828125 -3.90625 -5.18798828125 1332764
-0.48828125 -3.90625 -5.18798828125 1332765
-0.48828125 -3.90625 -5.18798828125 1332866
5.859375 -2.74658203125 -4.94384765625 1332866
5.859375 -2.74658203125 -4.94384765625 1332866
5.859375 -2.74658203125 -4.94384765625 1332867
8.48388671875 1.40380859375 -2.5634765625 1333054
3.11279296875 6.04248046875 -4.5166015625 1333054
3.11279296875 6.04248046875 -4.5166015625 1333055
3.11279296875 6.04248046875 -4.5166015625 1333055
3.11279296875 6.04248046875 -4.5166015625 1333158
-0.54931640625 -2.0751953125 -6.04248046875 1333158
-0.54931640625 -2.0751953125 -6.04248046875 1333158
-0.54931640625 -2.0751953125 -6.04248046875 1333159
-3.47900390625 -10.6201171875 -2.44140625 1333260
-3.47900390625 -10.6201171875 -2.44140625 1333260
-3.47900390625 -10.6201171875 -2.44140625 1333261
-3.47900390625 -10.6201171875 -2.44140625 1333363
-4.39453125 -2.86865234375 -1.0986328125 1333363
-4.39453125 -2.86865234375 -1.0986328125 1333364
-4.39453125 -2.86865234375 -1.0986328125 1333364
-21.17919921875 -7.6904296875 -3.90625 1333557
-53.40576171875 -29.35791015625 0.67138671875 1333557
-53.40576171875 -29.35791015625 0.67138671875 1333558
-53.40576171875 -29.35791015625 0.67138671875 1333558
-53.40576171875 -29.35791015625 0.67138671875 1333659
-67.44384765625 -51.7578125 19.22607421875 1333659
-67.44384765625 -51.7578125 19.22607421875 1333660
-67.44384765625 -51.7578125 19.22607421875 1333660
-67.44384765625 -51.7578125 19.22607421875 1333788
-27.77099609375 -49.9267578125 10.68115234375 1333788
-27.77099609375 -49.9267578125 10.68115234375 1333789
-27.77099609375 -49.9267578125 10.68115234375 1333789
-1.03759765625 -27.7099609375 6.8359375 1333973
-2.9296875 -18.85986328125 9.3994140625 1333973
-2.9296875 -18.85986328125 9.3994140625 1333973
-2.9296875 -18.85986328125 9.3994140625 1333974
1.46484375 -8.85009765625 5.92041015625 1334163
2.99072265625 -0.48828125 8.85009765625 1334163
2.99072265625 -0.48828125 8.85009765625 1334164
2.99072265625 -0.48828125 8.85009765625 1334164
-1.3427734375 16.6015625 0.91552734375 1334353
-0.8544921875 9.94873046875 1.64794921875 1334353
-0.8544921875 9.94873046875 1.64794921875 1334353
-0.8544921875 9.94873046875 1.64794921875 1334354
-6.16455078125 15.7470703125 9.521484375 1334558
0.3662109375 15.0146484375 -1.28173828125 1334559
0.3662109375 15.0146484375 -1.28173828125 1334559
0.3662109375 15.0146484375 -1.28173828125 1334559
11.1083984375 10.07080078125 1.708984375 1334756
28.13720703125 13.48876953125 4.57763671875 1334757
28.13720703125 13.48876953125 4.57763671875 1334757
28.13720703125 13.48876953125 4.57763671875 1334758
28.13720703125 13.48876953125 4.57763671875 1334858
43.39599609375 10.25390625 24.2919921875 1334859
43.39599609375 10.25390625 24.2919921875 1334859
43.39599609375 10.25390625 24.2919921875 1334859
43.39599609375 10.25390625 24.2919921875 1334963
53.77197265625 46.2646484375 13.671875 1334964
53.77197265625 46.2646484375 13.671875 1334964
53.77197265625 46.2646484375 13.671875 1334964
53.77197265625 46.2646484375 13.671875 1335080
21.54541015625 13.85498046875 1.3427734375 1335080
21.54541015625 13.85498046875 1.3427734375 1335081
21.54541015625 13.85498046875 1.3427734375 1335081
9.27734375 -10.43701171875 -0.1220703125 1335254
7.32421875 9.27734375 -8.11767578125 1335255
7.32421875 9.27734375 -8.11767578125 1335255
7.32421875 9.27734375 -8.11767578125 1335255
-2.685546875 -0.67138671875 3.2958984375 1335357
-2.685546875 -0.67138671875 3.2958984375 1335358
-2.685546875 -0.67138671875 3.2958984375 1335358
-2.685546875 -0.67138671875 3.2958984375 1335461
1.46484375 2.197265625 3.5400390625 1335461
1.46484375 2.197265625 3.5400390625 1335461
1.46484375 2.197265625 3.5400390625 1335462
3.662109375 0.48828125 8.97216796875 1335651
-14.83154296875 -14.2822265625 20.56884765625 1335651
-14.83154296875 -14.2822265625 20.56884765625 1335651
-14.83154296875 -14.2822265625 20.56884765625 1335652
-14.83154296875 -14.2822265625 20.56884765625 1335754
-42.41943359375 -29.052734375 32.40966796875 1335754
-42.41943359375 -29.052734375 32.40966796875 1335754
-42.41943359375 -29.052734375 32.40966796875 1335755
-42.41943359375 -29.052734375 32.40966796875 1335857
-67.138671875 -33.87451171875 42.48046875 1335857
-67.138671875 -33.87451171875 42.48046875 1335857
-67.138671875 -33.87451171875 42.48046875 1335858
-67.138671875 -33.87451171875 42.48046875 1335960
-65.85693359375 -20.5078125 26.4892578125 1335960
-65.85693359375 -20.5078125 26.4892578125 1335961
-65.85693359375 -20.5078125 26.4892578125 1335961
-65.85693359375 -20.5078125 26.4892578125 1336068
-36.07177734375 -5.7373046875 3.60107421875 1336068
-36.07177734375 -5.7373046875 3.60107421875 1336069
-36.07177734375 -5.7373046875 3.60107421875 1336069
-12.451171875 2.197265625 -7.62939453125 1336251
-0.42724609375 6.04248046875 -4.39453125 1336251
-0.42724609375 6.04248046875 -4.39453125 1336252
-0.42724609375 6.04248046875 -4.39453125 1336252
-0.42724609375 6.04248046875 -4.39453125 1336358
2.5634765625 -2.25830078125 -1.89208984375 1336358
2.5634765625 -2.25830078125 -1.89208984375 1336358
2.5634765625 -2.25830078125 -1.89208984375 1336359
-1.953125 0.244140625 2.50244140625 1336561
-1.0986328125 -0.3662109375 1.77001953125 1336561
-1.0986328125 -0.3662109375 1.77001953125 1336562
-1.0986328125 -0.3662109375 1.77001953125 1336562
-0.18310546875 6.04248046875 -1.708984375 1336751
4.94384765625 -3.173828125 -0.06103515625 1336751
4.94384765625 -3.173828125 -0.06103515625 1336751
4.94384765625 -3.173828125 -0.06103515625 1336752
4.94384765625 -3.173828125 -0.06103515625 1336853
10.1318359375 2.3193359375 -5.2490234375 1336853
10.1318359375 2.3193359375 -5.2490234375 1336854
10.1318359375 2.3193359375 -5.2490234375 1336854
10.1318359375 2.3193359375 -5.2490234375 1336959
0 -6.65283203125 -4.94384765625 1336959
0 -6.65283203125 -4.94384765625 1336960
0 -6.65283203125 -4.94384765625 1336960
5.2490234375 -4.150390625 -10.92529296875 1337151
12.14599609375 1.64794921875 -10.1318359375 1337151
12.14599609375 1.64794921875 -10.1318359375 1337151
12.14599609375 1.64794921875 -10.1318359375 1337152
12.14599609375 1.64794921875 -10.1318359375 1337253
4.45556640625 -4.150390625 -8.36181640625 1337254
4.45556640625 -4.150390625 -8.36181640625 1337254
4.45556640625 -4.150390625 -8.36181640625 1337255
4.45556640625 -4.150390625 -8.36181640625 1337356
-1.3427734375 -7.87353515625 -7.62939453125 1337356
-1.3427734375 -7.87353515625 -7.62939453125 1337357
-1.3427734375 -7.87353515625 -7.62939453125 1337357
-1.3427734375 -7.87353515625 -7.62939453125 1337458
-1.708984375 -9.033203125 -4.21142578125 1337459
-1.708984375 -9.033203125 -4.21142578125 1337459
-1.708984375 -9.033203125 -4.21142578125 1337460
-1.708984375 -9.033203125 -4.21142578125 1337561
2.5634765625 -4.45556640625 -5.126953125 1337561
2.5634765625 -4.45556640625 -5.126953125 1337562
2.5634765625 -4.45556640625 -5.126953125 1337562
0.30517578125 -5.79833984375 -4.45556640625 1337751
-2.44140625 -5.615234375 -0.6103515625 1337752
-2.44140625 -5.615234375 -0.6103515625 1337752
-2.44140625 -5.615234375 -0.6103515625 1337752
-2.44140625 -5.615234375 -0.6103515625 1337853
-2.13623046875 -3.11279296875 1.64794921875 1337854
-2.13623046875 -3.11279296875 1.64794921875 1337854
-2.13623046875 -3.11279296875 1.64794921875 1337854
-2.13623046875 -3.11279296875 1.64794921875 1337956
0.06103515625 -2.01416015625 2.86865234375 1337957
0.06103515625 -2.01416015625 2.86865234375 1337957
0.06103515625 -2.01416015625 2.86865234375 1337957
0.06103515625 -2.01416015625 2.86865234375 1338058
-3.662109375 -1.15966796875 3.7841796875 1338059
-3.662109375 -1.15966796875 3.7841796875 1338059
-3.662109375 -1.15966796875 3.7841796875 1338060
-1.89208984375 -0.91552734375 4.39453125 1338248
-1.28173828125 0.48828125 2.3193359375 1338249
-1.28173828125 0.48828125 2.3193359375 1338249
-1.28173828125 0.48828125 2.3193359375 1338249
-1.28173828125 0.48828125 2.3193359375 1338351
-2.50244140625 0 2.5634765625 1338360
-2.50244140625 0 2.5634765625 1338360
-2.50244140625 0 2.5634765625 1338361
-2.50244140625 0 2.5634765625 1338454
0.06103515625 0.6103515625 1.8310546875 1338556
-0.54931640625 -0.79345703125 3.0517578125 1338556
-0.54931640625 -0.79345703125 3.0517578125 1338557
-0.54931640625 -0.79345703125 3.0517578125 1338557
-0.54931640625 -0.79345703125 3.0517578125 1338659
-1.28173828125 0.91552734375 2.5634765625 1338660
-1.28173828125 0.91552734375 2.5634765625 1338661
-1.28173828125 0.91552734375 2.5634765625 1338665
-0.18310546875 -0.732421875 2.3193359375 1338847
-0.06103515625 -1.220703125 1.220703125 1338847
-0.06103515625 -1.220703125 1.220703125 1338848
-0.06103515625 -1.220703125 1.220703125 1338848
0.18310546875 -0.3662109375 2.62451171875 1339046
-0.79345703125 -0.42724609375 0.54931640625 1339058
-0.79345703125 -0.42724609375 0.54931640625 1339058
-0.79345703125 -0.42724609375 0.54931640625 1339059
-0.8544921875 -0.30517578125 1.220703125 1339248
-0.1220703125 -0.91552734375 2.50244140625 1339248
-0.1220703125 -0.91552734375 2.50244140625 1339248
-0.1220703125 -0.91552734375 2.50244140625 1339249
-0.1220703125 -0.91552734375 2.50244140625 1339350
-0.54931640625 -1.28173828125 2.01416015625 1339350
-0.54931640625 -1.28173828125 2.01416015625 1339350
-0.54931640625 -1.28173828125 2.01416015625 1339351
-0.54931640625 -1.28173828125 2.01416015625 1339452
0.30517578125 -0.8544921875 1.89208984375 1339452
0.30517578125 -0.8544921875 1.89208984375 1339452
0.30517578125 -0.8544921875 1.89208984375 1339453
0.30517578125 -0.8544921875 1.89208984375 1339555
0.244140625 -1.0986328125 2.44140625 1339556
0.244140625 -1.0986328125 2.44140625 1339556
0.244140625 -1.0986328125 2.44140625 1339556
0.244140625 -1.0986328125 2.44140625 1339657
0 -2.01416015625 2.197265625 1339670
0 -2.01416015625 2.197265625 1339670
0 -2.01416015625 2.197265625 1339670
-0.54931640625 -1.220703125 2.38037109375 1339847
-1.3427734375 -0.9765625 2.86865234375 1339847
-1.3427734375 -0.9765625 2.86865234375 1339848
-1.3427734375 -0.9765625 2.86865234375 1339848
-1.3427734375 -0.9765625 2.86865234375 1339950
-1.5869140625 0.48828125 2.8076171875 1339950
-1.5869140625 0.48828125 2.8076171875 1339951
-1.5869140625 0.48828125 2.8076171875 1339951
1.03759765625 0.79345703125 1.220703125 1340052
1.03759765625 0.79345703125 1.220703125 1340052
1.03759765625 0.79345703125 1.220703125 1340053
1.03759765625 0.79345703125 1.220703125 1340152
0.3662109375 -0.1220703125 2.38037109375 1340152
0.3662109375 -0.1220703125 2.38037109375 1340153
0.3662109375 -0.1220703125 2.38037109375 1340153
0.1220703125 0.48828125 2.01416015625 1340346
0.732421875 -0.54931640625 1.3427734375 1340346
0.732421875 -0.54931640625 1.3427734375 1340346
0.732421875 -0.54931640625 1.3427734375 1340347
0.732421875 -0.54931640625 1.3427734375 1340448
0.3662109375 -0.732421875 2.25830078125 1340448
0.3662109375 -0.732421875 2.25830078125 1340449
0.3662109375 -0.732421875 2.25830078125 1340449
0.3662109375 -0.732421875 2.25830078125 1340551
-1.89208984375 -1.8310546875 2.62451171875 1340551
-1.89208984375 -1.8310546875 2.62451171875 1340551
-1.89208984375 -1.8310546875 2.62451171875 1340552
-1.89208984375 -1.8310546875 2.62451171875 1340654
-1.77001953125 -1.3427734375 2.13623046875 1340654
-1.77001953125 -1.3427734375 2.13623046875 1340655
-1.77001953125 -1.3427734375 2.13623046875 1340655
-1.77001953125 -1.3427734375 2.13623046875 1340756
-0.6103515625 -0.30517578125 2.0751953125 1340757
-0.6103515625 -0.30517578125 2.0751953125 1340757
-0.6103515625 -0.30517578125 2.0751953125 1340758
-1.0986328125 -1.0986328125 0.732421875 1340948
-1.52587890625 -1.3427734375 2.0751953125 1340948
-1.52587890625 -1.3427734375 2.0751953125 1340949
-1.52587890625 -1.3427734375 2.0751953125 1340949
-1.52587890625 -1.3427734375 2.0751953125 1341050
-2.197265625 -0.30517578125 3.0517578125 1341051
-2.197265625 -0.30517578125 3.0517578125 1341051
-2.197265625 -0.30517578125 3.0517578125 1341052
-2.197265625 -0.30517578125 3.0517578125 1341152
-0.1220703125 -0.54931640625 2.3193359375 1341152
-0.1220703125 -0.54931640625 2.3193359375 1341153
-0.1220703125 -0.54931640625 2.3193359375 1341153
-0.1220703125 -0.54931640625 2.3193359375 1341255
-0.9765625 -0.732421875 2.86865234375 1341255
-0.9765625 -0.732421875 2.86865234375 1341256
-0.9765625 -0.732421875 2.86865234375 1341256
-0.54931640625 -0.8544921875 2.197265625 1341444
-0.54931640625 -0.67138671875 2.5634765625 1341444
-0.54931640625 -0.67138671875 2.5634765625 1341445
-0.54931640625 -0.67138671875 2.5634765625 1341445
-0.54931640625 -0.67138671875 2.5634765625 1341547
-0.732421875 -0.06103515625 2.86865234375 1341547
-0.732421875 -0.06103515625 2.86865234375 1341548
-0.732421875 -0.06103515625 2.86865234375 1341548
-0.732421875 -0.06103515625 2.86865234375 1341650
-1.46484375 -1.0986328125 1.953125 1341650
-1.46484375 -1.0986328125 1.953125 1341651
-1.46484375 -1.0986328125 1.953125 1341651
-1.46484375 -1.0986328125 1.953125 1341758
-0.48828125 -0.54931640625 3.7841796875 1341759
-0.48828125 -0.54931640625 3.7841796875 1341759
-0.48828125 -0.54931640625 3.7841796875 1341760
-1.15966796875 -1.52587890625 2.25830078125 1341933
-0.67138671875 -2.8076171875 2.3193359375 1341933
-0.67138671875 -2.8076171875 2.3193359375 1341933
-0.67138671875 -2.8076171875 2.3193359375 1341934
-0.67138671875 -2.8076171875 2.3193359375 1342046
-1.40380859375 -0.8544921875 2.685546875 1342046
-1.40380859375 -0.8544921875 2.685546875 1342047
-1.40380859375 -0.8544921875 2.685546875 1342047
-1.40380859375 -0.8544921875 2.685546875 1342150
-1.40380859375 -0.3662109375 2.9296875 1342151
-1.40380859375 -0.3662109375 2.9296875 1342151
-1.40380859375 -0.3662109375 2.9296875 1342152
-1.40380859375 -0.3662109375 2.9296875 1342252
-0.1220703125 -0.732421875 2.99072265625 1342252
-0.1220703125 -0.732421875 2.99072265625 1342252
-0.1220703125 -0.732421875 2.99072265625 1342253
-0.1220703125 -0.732421875 2.99072265625 1342355
-0.244140625 -0.1220703125 1.46484375 1342355
-0.244140625 -0.1220703125 1.46484375 1342356
-0.244140625 -0.1220703125 1.46484375 1342356
-0.91552734375 -1.64794921875 1.5869140625 1342545
-0.18310546875 -1.89208984375 1.0986328125 1342545
-0.18310546875 -1.89208984375 1.0986328125 1342546
-0.18310546875 -1.89208984375 1.0986328125 1342546
-0.18310546875 -1.89208984375 1.0986328125 1342647
0 -0.1220703125 1.46484375 1342647
0 -0.1220703125 1.46484375 1342647
0 -0.1220703125 1.46484375 1342648
-0.9765625 -0.18310546875 0.91552734375 1342750
-0.9765625 -0.18310546875 0.91552734375 1342750
-0.9765625 -0.18310546875 0.91552734375 1342750
-0.9765625 -0.18310546875 0.91552734375 1342853
-0.8544921875 -1.8310546875 1.52587890625 1342853
-0.8544921875 -1.8310546875 1.52587890625 1342854
-0.8544921875 -1.8310546875 1.52587890625 1342854
-0.30517578125 -1.0986328125 1.40380859375 1343043
-1.40380859375 -1.0986328125 0.9765625 1343043
-1.40380859375 -1.0986328125 0.9765625 1343043
-1.40380859375 -1.0986328125 0.9765625 1343045
-1.40380859375 -1.0986328125 0.9765625 1343146
-1.52587890625 -0.54931640625 1.8310546875 1343146
-1.52587890625 -0.54931640625 1.8310546875 1343146
-1.52587890625 -0.54931640625 1.8310546875 1343147
-1.52587890625 -0.54931640625 1.8310546875 1343248
-1.3427734375 -0.91552734375 1.46484375 1343248
-1.3427734375 -0.91552734375 1.46484375 1343248
-1.3427734375 -0.91552734375 1.46484375 1343249
-1.3427734375 -0.91552734375 1.46484375 1343355
-0.18310546875 -0.9765625 1.220703125 1343355
-0.18310546875 -0.9765625 1.220703125 1343356
-0.18310546875 -0.9765625 1.220703125 1343356
-1.03759765625 -0.48828125 2.13623046875 1343541
-0.3662109375 0.1220703125 2.197265625 1343542
-0.3662109375 0.1220703125 2.197265625 1343542
-0.3662109375 0.1220703125 2.197265625 1343543
-0.3662109375 0.1220703125 2.197265625 1343643
-0.8544921875 -1.46484375 1.64794921875 1343643
-0.8544921875 -1.46484375 1.64794921875 1343643
-0.8544921875 -1.46484375 1.64794921875 1343644
-0.8544921875 -1.46484375 1.64794921875 1343746
-0.42724609375 -0.9765625 1.46484375 1343746
-0.42724609375 -0.9765625 1.46484375 1343746
-0.42724609375 -0.9765625 1.46484375 1343746
-0.8544921875 -0.54931640625 0.732421875 1343849
-0.8544921875 -0.54931640625 0.732421875 1343849
-0.8544921875 -0.54931640625 0.732421875 1343849
-0.8544921875 -0.54931640625 0.732421875 1343952
-1.0986328125 -1.46484375 1.953125 1343952
-1.0986328125 -1.46484375 1.953125 1343952
-1.0986328125 -1.46484375 1.953125 1343953
-1.8310546875 -0.48828125 2.0751953125 1344147
-1.15966796875 -0.8544921875 2.3193359375 1344147
-1.15966796875 -0.8544921875 2.3193359375 1344148
-1.15966796875 -0.8544921875 2.3193359375 1344149
-1.15966796875 -0.8544921875 2.3193359375 1344249
-1.03759765625 -0.3662109375 1.64794921875 1344249
-1.03759765625 -0.3662109375 1.64794921875 1344250
-1.03759765625 -0.3662109375 1.64794921875 1344250
-1.03759765625 -0.3662109375 1.64794921875 1344352
-0.54931640625 -0.79345703125 1.77001953125 1344353
-0.54931640625 -0.79345703125 1.77001953125 1344353
-0.54931640625 -0.79345703125 1.77001953125 1344354
-0.732421875 -0.91552734375 2.0751953125 1344548
-0.54931640625 -0.79345703125 1.64794921875 1344549
-0.54931640625 -0.79345703125 1.64794921875 1344550
-0.54931640625 -0.79345703125 1.64794921875 1344550
-0.54931640625 -0.79345703125 1.64794921875 1344651
-0.48828125 -1.28173828125 1.8310546875 1344651
-0.48828125 -1.28173828125 1.8310546875 1344651
-0.48828125 -1.28173828125 1.8310546875 1344652
-0.48828125 -1.28173828125 1.8310546875 1344753
-1.40380859375 -1.953125 1.5869140625 1344754
-1.40380859375 -1.953125 1.5869140625 1344754
-1.40380859375 -1.953125 1.5869140625 1344755
-0.9765625 -0.8544921875 1.46484375 1344943
-1.52587890625 -0.67138671875 0.48828125 1344944
-1.52587890625 -0.67138671875 0.48828125 1344944
-1.52587890625 -0.67138671875 0.48828125 1344945
-1.52587890625 -0.67138671875 0.48828125 1345045
-7.75146484375 -4.2724609375 -3.41796875 1345046
-7.75146484375 -4.2724609375 -3.41796875 1345046
-7.75146484375 -4.2724609375 -3.41796875 1345046
-5.18798828125 -2.9296875 -9.70458984375 1345247
-0.18310546875 -3.2958984375 -15.869140625 1345247
-0.18310546875 -3.2958984375 -15.869140625 1345248
-0.18310546875 -3.2958984375 -15.869140625 1345248
-0.18310546875 -3.2958984375 -15.869140625 1345351
5.2490234375 -10.7421875 -21.54541015625 1345351
5.2490234375 -10.7421875 -21.54541015625 1345352
5.2490234375 -10.7421875 -21.54541015625 1345352
22.88818359375 -10.25390625 -23.92578125 1345545
59.814453125 9.033203125 -49.01123046875 1345545
59.814453125 9.033203125 -49.01123046875 1345545
59.814453125 9.033203125 -49.01123046875 1345546
59.814453125 9.033203125 -49.01123046875 1345647
119.2626953125 83.06884765625 -76.96533203125 1345648
119.2626953125 83.06884765625 -76.96533203125 1345648
119.2626953125 83.06884765625 -76.96533203125 1345649
119.2626953125 83.06884765625 -76.96533203125 1345749
111.81640625 219.29931640625 -111.63330078125 1345749
111.81640625 219.29931640625 -111.63330078125 1345750
111.81640625 219.29931640625 -111.63330078125 1345750
111.81640625 219.29931640625 -111.63330078125 1345852
97.59521484375 247.6806640625 -156.005859375 1345853
97.59521484375 247.6806640625 -156.005859375 1345853
97.59521484375 247.6806640625 -156.005859375 1345853
36.0107421875 108.94775390625 -73.2421875 1346042
32.5927734375 36.31591796875 -42.6025390625 1346042
32.5927734375 36.31591796875 -42.6025390625 1346043
32.5927734375 36.31591796875 -42.6025390625 1346043
32.5927734375 36.31591796875 -42.6025390625 1346144
18.310546875 61.46240234375 0.9765625 1346144
18.310546875 61.46240234375 0.9765625 1346145
18.310546875 61.46240234375 0.9765625 1346145
18.310546875 61.46240234375 0.9765625 1346247
-4.69970703125 0.54931640625 22.8271484375 1346247
-4.69970703125 0.54931640625 22.8271484375 1346247
-4.69970703125 0.54931640625 22.8271484375 1346248
-4.69970703125 0.54931640625 22.8271484375 1346350
-33.02001953125 -169.677734375 46.9970703125 1346350
-33.02001953125 -169.677734375 46.9970703125 1346351
-33.02001953125 -169.677734375 46.9970703125 1346351
-113.95263671875 -270.69091796875 82.03125 1346551
-185.85205078125 -274.2919921875 147.15576171875 1346552
-185.85205078125 -274.2919921875 147.15576171875 1346552
-185.85205078125 -274.2919921875 147.15576171875 1346552
-119.20166015625 -138.36669921875 158.02001953125 1346741
9.94873046875 12.39013671875 82.275390625 1346741
9.94873046875 12.39013671875 82.275390625 1346742
9.94873046875 12.39013671875 82.275390625 1346742
9.94873046875 12.39013671875 82.275390625 1346845
54.01611328125 55.0537109375 44.189453125 1346845
54.01611328125 55.0537109375 44.189453125 1346845
54.01611328125 55.0537109375 44.189453125 1346846
54.01611328125 55.0537109375 44.189453125 1346948
102.84423828125 92.041015625 -26.42822265625 1346948
102.84423828125 92.041015625 -26.42822265625 1346949
102.84423828125 92.041015625 -26.42822265625 1346949
102.84423828125 92.041015625 -26.42822265625 1347050
77.45361328125 61.4013671875 -34.72900390625 1347050
77.45361328125 61.4013671875 -34.72900390625 1347050
77.45361328125 61.4013671875 -34.72900390625 1347051
22.216796875 20.6298828125 -15.07568359375 1347236
2.86865234375 8.72802734375 -12.3291015625 1347248
2.86865234375 8.72802734375 -12.3291015625 1347248
2.86865234375 8.72802734375 -12.3291015625 1347248
2.86865234375 8.72802734375 -12.3291015625 1347377
-8.23974609375 -5.06591796875 -2.86865234375 1347377
-8.23974609375 -5.06591796875 -2.86865234375 1347378
-8.23974609375 -5.06591796875 -2.86865234375 1347378
-5.79833984375 -2.13623046875 0.54931640625 1347543
0.6103515625 -2.3193359375 0.06103515625 1347544
0.6103515625 -2.3193359375 0.06103515625 1347544
0.6103515625 -2.3193359375 0.06103515625 1347544
0.6103515625 -2.3193359375 0.06103515625 1347646
-0.42724609375 -1.15966796875 0.48828125 1347647
-0.42724609375 -1.15966796875 0.48828125 1347647
-0.42724609375 -1.15966796875 0.48828125 1347647
-0.42724609375 -1.15966796875 0.48828125 1347749
7.75146484375 6.28662109375 -2.13623046875 1347750
7.75146484375 6.28662109375 -2.13623046875 1347750
7.75146484375 6.28662109375 -2.13623046875 1347750
2.685546875 -0.42724609375 -2.0751953125 1347942
2.99072265625 -1.8310546875 3.84521484375 1347942
2.99072265625 -1.8310546875 3.84521484375 1347942
2.99072265625 -1.8310546875 3.84521484375 1347943
2.99072265625 -1.8310546875 3.84521484375 1348044
-2.197265625 -0.732421875 7.62939453125 1348044
-2.197265625 -0.732421875 7.62939453125 1348044
-2.197265625 -0.732421875 7.62939453125 1348045
-2.197265625 -0.732421875 7.62939453125 1348149
-1.40380859375 -8.23974609375 9.27734375 1348149
-1.40380859375 -8.23974609375 9.27734375 1348150
-1.40380859375 -8.23974609375 9.27734375 1348150
-9.46044921875 -21.8505859375 16.2353515625 1348342
-9.033203125 -20.5078125 21.66748046875 1348342
-9.033203125 -20.5078125 21.66748046875 1348342
-9.033203125 -20.5078125 21.66748046875 1348343
-9.033203125 -20.5078125 21.66748046875 1348444
-19.47021484375 -32.04345703125 28.62548828125 1348445
-19.47021484375 -32.04345703125 28.62548828125 1348445
-19.47021484375 -32.04345703125 28.62548828125 1348446
-19.47021484375 -32.04345703125 28.62548828125 1348548
-35.58349609375 -40.0390625 44.189453125 1348548
-35.58349609375 -40.0390625 44.189453125 1348549
-35.58349609375 -40.0390625 44.189453125 1348549
-39.24560546875 -33.26416015625 31.55517578125 1348738
-38.14697265625 -16.4794921875 24.169921875 1348738
-38.14697265625 -16.4794921875 24.169921875 1348739
-38.14697265625 -16.4794921875 24.169921875 1348739
-38.14697265625 -16.4794921875 24.169921875 1348841
-36.07177734375 -10.80322265625 15.31982421875 1348841
-36.07177734375 -10.80322265625 15.31982421875 1348842
-36.07177734375 -10.80322265625 15.31982421875 1348842
-36.07177734375 -10.80322265625 15.31982421875 1348943
-21.66748046875 6.34765625 5.2490234375 1348944
-21.66748046875 6.34765625 5.2490234375 1348944
-21.66748046875 6.34765625 5.2490234375 1348945
-21.66748046875 6.34765625 5.2490234375 1349047
-13.5498046875 -0.18310546875 5.18798828125 1349047
-13.5498046875 -0.18310546875 5.18798828125 1349048
-13.5498046875 -0.18310546875 5.18798828125 1349048
-12.5732421875 1.953125 5.92041015625 1349238
-7.568359375 0.732421875 8.23974609375 1349238
-7.568359375 0.732421875 8.23974609375 1349238
-7.568359375 0.732421875 8.23974609375 1349238
-7.568359375 0.732421875 8.23974609375 1349340
-6.2255859375 -0.06103515625 6.89697265625 1349340
-6.2255859375 -0.06103515625 6.89697265625 1349341
-6.2255859375 -0.06103515625 6.89697265625 1349342
-6.2255859375 -0.06103515625 6.89697265625 1349442
-2.9296875 0.67138671875 5.06591796875 1349442
-2.9296875 0.67138671875 5.06591796875 1349443
-2.9296875 0.67138671875 5.06591796875 1349443
-2.9296875 0.67138671875 5.06591796875 1349546
-4.0283203125 -4.638671875 6.4697265625 1349546
-4.0283203125 -4.638671875 6.4697265625 1349546
-4.0283203125 -4.638671875 6.4697265625 1349547
-4.0283203125 -4.638671875 6.4697265625 1349649
-4.33349609375 -3.11279296875 0.732421875 1349649
-4.33349609375 -3.11279296875 0.732421875 1349650
-4.33349609375 -3.11279296875 0.732421875 1349650
0 -1.46484375 -4.638671875 1349837
6.40869140625 0.48828125 -8.85009765625 1349837
6.40869140625 0.48828125 -8.85009765625 1349838
6.40869140625 0.48828125 -8.85009765625 1349838
6.40869140625 0.48828125 -8.85009765625 1349940
6.77490234375 0.91552734375 -9.94873046875 1349940
6.77490234375 0.91552734375 -9.94873046875 1349941
6.77490234375 0.91552734375 -9.94873046875 1349941
2.0751953125 -6.8359375 -8.544921875 1350042
2.0751953125 -6.8359375 -8.544921875 1350042
2.0751953125 -6.8359375 -8.544921875 1350042
2.0751953125 -6.8359375 -8.544921875 1350144
5.55419921875 -6.34765625 -12.26806640625 1350144
5.55419921875 -6.34765625 -12.26806640625 1350145
5.55419921875 -6.34765625 -12.26806640625 1350145
5.55419921875 -6.34765625 -12.26806640625 1350249
5.37109375 -2.38037109375 -13.97705078125 1350249
5.37109375 -2.38037109375 -13.97705078125 1350249
5.37109375 -2.38037109375 -13.97705078125 1350250
5.92041015625 -3.5400390625 -11.90185546875 1350437
1.8310546875 -4.7607421875 -9.21630859375 1350437
1.8310546875 -4.7607421875 -9.21630859375 1350438
1.8310546875 -4.7607421875 -9.21630859375 1350438
1.8310546875 -4.7607421875 -9.21630859375 1350539
0.30517578125 -3.84521484375 -4.638671875 1350540
0.30517578125 -3.84521484375 -4.638671875 1350540
0.30517578125 -3.84521484375 -4.638671875 1350540
0.30517578125 -3.84521484375 -4.638671875 1350642
-0.1220703125 -4.82177734375 -0.48828125 1350642
-0.1220703125 -4.82177734375 -0.48828125 1350643
-0.1220703125 -4.82177734375 -0.48828125 1350643
-0.1220703125 -4.82177734375 -0.48828125 1350745
-1.220703125 -2.86865234375 -1.64794921875 1350745
-1.220703125 -2.86865234375 -1.64794921875 1350746
-1.220703125 -2.86865234375 -1.64794921875 1350746
-1.220703125 -2.86865234375 -1.64794921875 1350847
0.91552734375 -1.220703125 1.03759765625 1350848
0.91552734375 -1.220703125 1.03759765625 1350848
0.91552734375 -1.220703125 1.03759765625 1350848
0.8544921875 -3.47900390625 1.15966796875 1351034
-0.79345703125 -2.44140625 1.89208984375 1351034
-0.79345703125 -2.44140625 1.89208984375 1351035
-0.79345703125 -2.44140625 1.89208984375 1351035
-0.79345703125 -2.44140625 1.89208984375 1351145
-1.0986328125 -2.44140625 1.5869140625 1351146
-1.0986328125 -2.44140625 1.5869140625 1351146
-1.0986328125 -2.44140625 1.5869140625 1351147
-1.52587890625 -5.18798828125 1.8310546875 1351336
0 -2.5634765625 2.38037109375 1351336
0 -2.5634765625 2.38037109375 1351336
0 -2.5634765625 2.38037109375 1351337
0 -2.5634765625 2.38037109375 1351438
-0.91552734375 -2.62451171875 2.38037109375 1351439
-0.91552734375 -2.62451171875 2.38037109375 1351439
-0.91552734375 -2.62451171875 2.38037109375 1351439
-0.91552734375 -2.62451171875 2.38037109375 1351541
-2.99072265625 -2.86865234375 2.86865234375 1351541
-2.99072265625 -2.86865234375 2.86865234375 1351542
-2.99072265625 -2.86865234375 2.86865234375 1351542
-2.99072265625 -2.86865234375 2.86865234375 1351643
0.6103515625 -1.52587890625 2.9296875 1351643
0.6103515625 -1.52587890625 2.9296875 1351643
0.6103515625 -1.52587890625 2.9296875 1351644
-1.15966796875 -2.8076171875 2.5634765625 1351837
-0.9765625 -1.89208984375 1.89208984375 1351838
-0.9765625 -1.89208984375 1.89208984375 1351838
-0.9765625 -1.89208984375 1.89208984375 1351838
-0.9765625 -1.89208984375 1.89208984375 1351940
-0.48828125 -0.1220703125 2.3193359375 1351940
-0.48828125 -0.1220703125 2.3193359375 1351940
-0.48828125 -0.1220703125 2.3193359375 1351941
-0.48828125 -0.1220703125 2.3193359375 1352043
-0.30517578125 -1.3427734375 2.86865234375 1352043
-0.30517578125 -1.3427734375 2.86865234375 1352044
-0.30517578125 -1.3427734375 2.86865234375 1352044
-0.30517578125 -1.3427734375 2.86865234375 1352146
-1.28173828125 -1.40380859375 2.5634765625 1352147
-1.28173828125 -1.40380859375 2.5634765625 1352147
-1.28173828125 -1.40380859375 2.5634765625 1352148
0.732421875 -0.48828125 1.64794921875 1352336
0.732421875 0 0.67138671875 1352336
0.732421875 0 0.67138671875 1352337
0.732421875 0 0.67138671875 1352337
0.732421875 0 0.67138671875 1352438
-0.30517578125 0.42724609375 1.708984375 1352438
-0.30517578125 0.42724609375 1.708984375 1352439
-0.30517578125 0.42724609375 1.708984375 1352439
-0.30517578125 0.42724609375 1.708984375 1352541
-0.48828125 1.220703125 1.0986328125 1352541
-0.48828125 1.220703125 1.0986328125 1352542
-0.48828125 1.220703125 1.0986328125 1352542
-0.48828125 1.220703125 1.0986328125 1352643
-1.3427734375 -0.1220703125 2.44140625 1352643
-1.3427734375 -0.1220703125 2.44140625 1352644
-1.3427734375 -0.1220703125 2.44140625 1352644
-0.06103515625 -2.5634765625 2.62451171875 1352833
-0.18310546875 -0.48828125 2.3193359375 1352833
-0.18310546875 -0.48828125 2.3193359375 1352834
-0.18310546875 -0.48828125 2.3193359375 1352834
-0.18310546875 -0.48828125 2.3193359375 1352950
-1.89208984375 -0.9765625 2.62451171875 1352951
-1.89208984375 -0.9765625 2.62451171875 1352951
-1.89208984375 -0.9765625 2.62451171875 1352952
-0.06103515625 -0.30517578125 1.708984375 1353140
0.18310546875 -1.03759765625 2.38037109375 1353140
0.18310546875 -1.03759765625 2.38037109375 1353140
0.18310546875 -1.03759765625 2.38037109375 1353141
0.18310546875 -1.03759765625 2.38037109375 1353242
-0.1220703125 -1.0986328125 3.0517578125 1353242
-0.1220703125 -1.0986328125 3.0517578125 1353242
-0.1220703125 -1.0986328125 3.0517578125 1353243
-0.1220703125 -1.0986328125 3.0517578125 1353344
0.42724609375 -0.732421875 1.8310546875 1353344
0.42724609375 -0.732421875 1.8310546875 1353344
0.42724609375 -0.732421875 1.8310546875 1353345
0.48828125 -2.13623046875 2.01416015625 1353527
0 -0.54931640625 1.77001953125 1353527
0 -0.54931640625 1.77001953125 1353528
0 -0.54931640625 1.77001953125 1353528
0 -0.54931640625 1.77001953125 1353636
-0.54931640625 -1.52587890625 2.50244140625 1353636
-0.54931640625 -1.52587890625 2.50244140625 1353636
-0.54931640625 -1.52587890625 2.50244140625 1353637
-0.54931640625 -1.52587890625 2.50244140625 1353738
-0.1220703125 -1.28173828125 3.662109375 1353738
-0.1220703125 -1.28173828125 3.662109375 1353739
-0.1220703125 -1.28173828125 3.662109375 1353739
-0.1220703125 -1.28173828125 3.662109375 1353841
-0.18310546875 -1.89208984375 2.8076171875 1353841
-0.18310546875 -1.89208984375 2.8076171875 1353841
-0.18310546875 -1.89208984375 2.8076171875 1353842
-0.18310546875 -1.89208984375 2.8076171875 1353944
-0.54931640625 -1.03759765625 0.54931640625 1353944
-0.54931640625 -1.03759765625 0.54931640625 1353945
-0.54931640625 -1.03759765625 0.54931640625 1353945
-0.1220703125 -1.708984375 0.91552734375 1354133
0 -1.220703125 1.953125 1354133
0 -1.220703125 1.953125 1354134
0 -1.220703125 1.953125 1354134
0 -1.220703125 1.953125 1354235
-0.6103515625 -1.15966796875 2.01416015625 1354235
-0.6103515625 -1.15966796875 2.01416015625 1354236
-0.6103515625 -1.15966796875 2.01416015625 1354236
-0.6103515625 -1.15966796875 2.01416015625 1354345
0 -1.52587890625 1.03759765625 1354345
0 -1.52587890625 1.03759765625 1354346
0 -1.52587890625 1.03759765625 1354346
0.732421875 -0.1220703125 1.8310546875 1354533
-0.244140625 -1.64794921875 1.46484375 1354533
-0.244140625 -1.64794921875 1.46484375 1354533
-0.244140625 -1.64794921875 1.46484375 1354534
-0.244140625 -1.64794921875 1.46484375 1354636
-0.732421875 -2.25830078125 1.64794921875 1354636
-0.732421875 -2.25830078125 1.64794921875 1354636
-0.732421875 -2.25830078125 1.64794921875 1354637
-0.732421875 -2.25830078125 1.64794921875 1354738
-0.18310546875 -0.54931640625 1.708984375 1354738
-0.18310546875 -0.54931640625 1.708984375 1354739
-0.18310546875 -0.54931640625 1.708984375 1354739
-0.18310546875 -0.54931640625 1.708984375 1354841
-0.30517578125 -1.3427734375 1.28173828125 1354841
-0.30517578125 -1.3427734375 1.28173828125 1354841
-0.30517578125 -1.3427734375 1.28173828125 1354842
0 -0.8544921875 2.38037109375 1355030
0 0 1.708984375 1355030
0 0 1.708984375 1355031
0 0 1.708984375 1355031
0 0 1.708984375 1355138
-0.06103515625 -0.06103515625 2.38037109375 1355138
-0.06103515625 -0.06103515625 2.38037109375 1355138
-0.06103515625 -0.06103515625 2.38037109375 1355139
-0.06103515625 -0.06103515625 2.38037109375 1355241
0.79345703125 -1.0986328125 2.38037109375 1355241
0.79345703125 -1.0986328125 2.38037109375 1355241
0.79345703125 -1.0986328125 2.38037109375 1355242
0.3662109375 -0.30517578125 1.89208984375 1355430
0.06103515625 -0.9765625 2.25830078125 1355430
0.06103515625 -0.9765625 2.25830078125 1355430
0.06103515625 -0.9765625 2.25830078125 1355431
0.06103515625 -0.9765625 2.25830078125 1355534
-0.67138671875 -0.91552734375 2.197265625 1355534
-0.67138671875 -0.91552734375 2.197265625 1355534
-0.67138671875 -0.91552734375 2.197265625 1355535
-0.67138671875 -0.91552734375 2.197265625 1355636
0.3662109375 -0.18310546875 2.38037109375 1355636
0.3662109375 -0.18310546875 2.38037109375 1355637
0.3662109375 -0.18310546875 2.38037109375 1355637
0.3662109375 -0.18310546875 2.38037109375 1355739
0.06103515625 0.42724609375 2.0751953125 1355739
0.06103515625 0.42724609375 2.0751953125 1355739
0.06103515625 0.42724609375 2.0751953125 1355740
0.06103515625 0.42724609375 2.0751953125 1355842
-0.244140625 -1.220703125 1.89208984375 1355842
-0.244140625 -1.220703125 1.89208984375 1355842
-0.244140625 -1.220703125 1.89208984375 1355843
-0.18310546875 -1.28173828125 2.62451171875 1356030
-1.0986328125 -1.28173828125 2.197265625 1356030
-1.0986328125 -1.28173828125 2.197265625 1356030
-1.0986328125 -1.28173828125 2.197265625 1356031
-1.0986328125 -1.28173828125 2.197265625 1356149
-0.8544921875 -1.3427734375 2.5634765625 1356149
-0.8544921875 -1.3427734375 2.5634765625 1356150
-0.8544921875 -1.3427734375 2.5634765625 1356150
-0.732421875 -0.3662109375 2.13623046875 1356340
-0.8544921875 -1.03759765625 2.0751953125 1356340
-0.8544921875 -1.03759765625 2.0751953125 1356340
-0.8544921875 -1.03759765625 2.0751953125 1356341
0.3662109375 -0.79345703125 2.44140625 1356531
-1.28173828125 -0.91552734375 2.197265625 1356531
-1.28173828125 -0.91552734375 2.197265625 1356532
-1.28173828125 -0.91552734375 2.197265625 1356532
-1.28173828125 -0.91552734375 2.197265625 1356633
-0.91552734375 -0.06103515625 2.5634765625 1356633
-0.91552734375 -0.06103515625 2.5634765625 1356633
-0.91552734375 -0.06103515625 2.5634765625 1356634
-0.91552734375 -0.06103515625 2.5634765625 1356736
-0.79345703125 -0.6103515625 2.62451171875 1356736
-0.79345703125 -0.6103515625 2.62451171875 1356737
-0.79345703125 -0.6103515625 2.62451171875 1356737
-0.79345703125 -0.6103515625 2.62451171875 1356839
-0.67138671875 -0.30517578125 2.62451171875 1356839
-0.67138671875 -0.30517578125 2.62451171875 1356840
-0.67138671875 -0.30517578125 2.62451171875 1356840
-0.67138671875 -0.30517578125 2.62451171875 1356942
-1.03759765625 -0.67138671875 3.5400390625 1356942
-1.03759765625 -0.67138671875 3.5400390625 1356943
-1.03759765625 -0.67138671875 3.5400390625 1356943
0.06103515625 -1.220703125 2.0751953125 1357131
-0.42724609375 -0.79345703125 0.9765625 1357131
-0.42724609375 -0.79345703125 0.9765625 1357131
-0.42724609375 -0.79345703125 0.9765625 1357132
-0.42724609375 -0.79345703125 0.9765625 1357233
-0.30517578125 -1.0986328125 1.64794921875 1357233
-0.30517578125 -1.0986328125 1.64794921875 1357233
-0.30517578125 -1.0986328125 1.64794921875 1357234
-0.30517578125 -1.0986328125 1.64794921875 1357335
-0.30517578125 -1.03759765625 1.0986328125 1357336
-0.30517578125 -1.03759765625 1.0986328125 1357336
-0.30517578125 -1.03759765625 1.0986328125 1357336
-0.30517578125 -1.03759765625 1.0986328125 1357438
0.06103515625 -1.77001953125 1.3427734375 1357438
0.06103515625 -1.77001953125 1.3427734375 1357439
0.06103515625 -1.77001953125 1.3427734375 1357439
-0.48828125 -2.25830078125 1.3427734375 1357632
-0.30517578125 -1.8310546875 1.3427734375 1357632
-0.30517578125 -1.8310546875 1.3427734375 1357633
-0.30517578125 -1.8310546875 1.3427734375 1357634
-0.79345703125 -1.5869140625 2.3193359375 1357839
-0.244140625 -0.9765625 1.3427734375 1357840
-0.244140625 -0.9765625 1.3427734375 1357840
-0.244140625 -0.9765625 1.3427734375 1357841
-0.42724609375 -0.18310546875 0.54931640625 1358038
-2.8076171875 -0.79345703125 0.244140625 1358039
-2.8076171875 -0.79345703125 0.244140625 1358039
-2.8076171875 -0.79345703125 0.244140625 1358039
-2.99072265625 0.91552734375 -1.46484375 1358228
-2.0751953125 -0.244140625 -3.173828125 1358229
-2.0751953125 -0.244140625 -3.173828125 1358229
-2.0751953125 -0.244140625 -3.173828125 1358230
-2.0751953125 -0.244140625 -3.173828125 1358330
1.77001953125 3.5400390625 -7.6904296875 1358331
1.77001953125 3.5400390625 -7.6904296875 1358331
1.77001953125 3.5400390625 -7.6904296875 1358332
1.46484375 0.732421875 -10.43701171875 1358433
1.46484375 0.732421875 -10.43701171875 1358433
1.46484375 0.732421875 -10.43701171875 1358433
1.46484375 0.732421875 -10.43701171875 1358536
1.8310546875 -5.0048828125 -12.5732421875 1358537
1.8310546875 -5.0048828125 -12.5732421875 1358537
1.8310546875 -5.0048828125 -12.5732421875 1358538
7.4462890625 -7.99560546875 -17.9443359375 1358730
8.36181640625 -12.3291015625 -13.97705078125 1358731
8.36181640625 -12.3291015625 -13.97705078125 1358731
8.36181640625 -12.3291015625 -13.97705078125 1358732
8.36181640625 -12.3291015625 -13.97705078125 1358832
30.1513671875 -1.953125 -33.26416015625 1358833
30.1513671875 -1.953125 -33.26416015625 1358833
30.1513671875 -1.953125 -33.26416015625 1358833
30.1513671875 -1.953125 -33.26416015625 1358935
83.8623046875 62.744140625 -62.8662109375 1358935
83.8623046875 62.744140625 -62.8662109375 1358936
83.8623046875 62.744140625 -62.8662109375 1358936
83.8623046875 62.744140625 -62.8662109375 1359038
134.09423828125 237.73193359375 -125.42724609375 1359038
134.09423828125 237.73193359375 -125.42724609375 1359039
134.09423828125 237.73193359375 -125.42724609375 1359039
122.98583984375 237.548828125 -120.4833984375 1359227
47.91259765625 143.6767578125 -75.0732421875 1359227
47.91259765625 143.6767578125 -75.0732421875 1359227
47.91259765625 143.6767578125 -75.0732421875 1359228
47.91259765625 143.6767578125 -75.0732421875 1359329
38.26904296875 56.2744140625 -70.9228515625 1359329
38.26904296875 56.2744140625 -70.9228515625 1359329
38.26904296875 56.2744140625 -70.9228515625 1359330
38.26904296875 56.2744140625 -70.9228515625 1359434
5.79833984375 -36.0107421875 -34.97314453125 1359434
5.79833984375 -36.0107421875 -34.97314453125 1359435
5.79833984375 -36.0107421875 -34.97314453125 1359435
5.79833984375 -36.0107421875 -34.97314453125 1359536
22.705078125 148.74267578125 83.92333984375 1359536
22.705078125 148.74267578125 83.92333984375 1359536
22.705078125 148.74267578125 83.92333984375 1359537
22.705078125 148.74267578125 83.92333984375 1359638
-26.91650390625 -132.4462890625 0.9765625 1359639
-26.91650390625 -132.4462890625 0.9765625 1359639
-26.91650390625 -132.4462890625 0.9765625 1359640
-116.76025390625 -321.22802734375 42.1142578125 1359826
-170.95947265625 -244.384765625 136.474609375 1359827
-170.95947265625 -244.384765625 136.474609375 1359827
-170.95947265625 -244.384765625 136.474609375 1359828
-170.95947265625 -244.384765625 136.474609375 1359928
-107.23876953125 -108.3984375 161.62109375 1359928
-107.23876953125 -108.3984375 161.62109375 1359928
-107.23876953125 -108.3984375 161.62109375 1359929
-107.23876953125 -108.3984375 161.62109375 1360030
-13.48876953125 16.9677734375 70.80078125 1360031
-13.48876953125 16.9677734375 70.80078125 1360031
-13.48876953125 16.9677734375 70.80078125 1360031
38.0859375 41.015625 30.029296875 1360218
82.763671875 53.89404296875 -18.798828125 1360218
82.763671875 53.89404296875 -18.798828125 1360218
82.763671875 53.89404296875 -18.798828125 1360219
82.763671875 53.89404296875 -18.798828125 1360329
29.1748046875 16.29638671875 -2.9296875 1360330
29.1748046875 16.29638671875 -2.9296875 1360330
29.1748046875 16.29638671875 -2.9296875 1360331
29.1748046875 16.29638671875 -2.9296875 1360432
-7.62939453125 -11.1083984375 2.38037109375 1360432
-7.62939453125 -11.1083984375 2.38037109375 1360433
-7.62939453125 -11.1083984375 2.38037109375 1360433
-7.62939453125 -11.1083984375 2.38037109375 1360534
2.01416015625 -8.85009765625 8.11767578125 1360534
2.01416015625 -8.85009765625 8.11767578125 1360534
2.01416015625 -8.85009765625 8.11767578125 1360535
-18.6767578125 -29.11376953125 21.240234375 1360718
-10.43701171875 -23.01025390625 31.43310546875 1360719
-10.43701171875 -23.01025390625 31.43310546875 1360719
-10.43701171875 -23.01025390625 31.43310546875 1360720
-10.43701171875 -23.01025390625 31.43310546875 1360825
-36.9873046875 -48.88916015625 44.677734375 1360826
-36.9873046875 -48.88916015625 44.677734375 1360826
-36.9873046875 -48.88916015625 44.677734375 1360827
-36.9873046875 -48.88916015625 44.677734375 1360927
-61.5234375 -55.11474609375 50.23193359375 1360927
-61.5234375 -55.11474609375 50.23193359375 1360928
-61.5234375 -55.11474609375 50.23193359375 1360928
-55.11474609375 -29.052734375 35.46142578125 1361030
-55.11474609375 -29.052734375 35.46142578125 1361031
-55.11474609375 -29.052734375 35.46142578125 1361031
-55.11474609375 -29.052734375 35.46142578125 1361128
-2.50244140625 8.056640625 4.638671875 1361231
-2.50244140625 8.056640625 4.638671875 1361231
-2.50244140625 8.056640625 4.638671875 1361232
-2.50244140625 8.056640625 4.638671875 1361335
-8.72802734375 2.62451171875 1.953125 1361336
-8.72802734375 2.62451171875 1.953125 1361336
-8.72802734375 2.62451171875 1.953125 1361337
-10.19287109375 -0.1220703125 4.45556640625 1361525
-10.6201171875 -3.96728515625 3.23486328125 1361526
-10.6201171875 -3.96728515625 3.23486328125 1361526
-10.6201171875 -3.96728515625 3.23486328125 1361526
-10.6201171875 -3.96728515625 3.23486328125 1361628
-7.9345703125 -8.36181640625 5.0048828125 1361628
-7.9345703125 -8.36181640625 5.0048828125 1361629
-7.9345703125 -8.36181640625 5.0048828125 1361629
-7.9345703125 -8.36181640625 5.0048828125 1361731
-5.0048828125 -2.86865234375 -1.03759765625 1361731
-5.0048828125 -2.86865234375 -1.03759765625 1361731
-5.0048828125 -2.86865234375 -1.03759765625 1361732
-5.0048828125 -2.86865234375 -1.03759765625 1361833
10.55908203125 -0.30517578125 -8.6669921875 1361833
10.55908203125 -0.30517578125 -8.6669921875 1361834
10.55908203125 -0.30517578125 -8.6669921875 1361834
10.55908203125 -0.30517578125 -8.6669921875 1361935
-4.0283203125 -3.35693359375 -2.38037109375 1361935
-4.0283203125 -3.35693359375 -2.38037109375 1361935
-4.0283203125 -3.35693359375 -2.38037109375 1361936
-2.8076171875 -5.615234375 -4.0283203125 1362126
-1.953125 -4.45556640625 -3.60107421875 1362126
-1.953125 -4.45556640625 -3.60107421875 1362126
-1.953125 -4.45556640625 -3.60107421875 1362127
-1.953125 -4.45556640625 -3.60107421875 1362228
-3.41796875 -4.7607421875 -6.77490234375 1362228
-3.41796875 -4.7607421875 -6.77490234375 1362228
-3.41796875 -4.7607421875 -6.77490234375 1362229
-3.41796875 -4.7607421875 -6.77490234375 1362330
-0.67138671875 -3.2958984375 -12.20703125 1362330
-0.67138671875 -3.2958984375 -12.20703125 1362330
-0.67138671875 -3.2958984375 -12.20703125 1362331
-0.67138671875 -3.2958984375 -12.20703125 1362433
1.0986328125 -4.2724609375 -13.61083984375 1362433
1.0986328125 -4.2724609375 -13.61083984375 1362434
1.0986328125 -4.2724609375 -13.61083984375 1362434
5.0048828125 -1.8310546875 -17.578125 1362624
8.85009765625 0.67138671875 -17.2119140625 1362624
8.85009765625 0.67138671875 -17.2119140625 1362625
8.85009765625 0.67138671875 -17.2119140625 1362625
8.85009765625 0.67138671875 -17.2119140625 1362728
3.173828125 -7.99560546875 -11.53564453125 1362728
3.173828125 -7.99560546875 -11.53564453125 1362729
3.173828125 -7.99560546875 -11.53564453125 1362729
3.173828125 -7.99560546875 -11.53564453125 1362830
3.173828125 -6.04248046875 -8.48388671875 1362830
3.173828125 -6.04248046875 -8.48388671875 1362830
3.173828125 -6.04248046875 -8.48388671875 1362831
3.173828125 -6.04248046875 -8.48388671875 1362932
2.197265625 -1.15966796875 -4.45556640625 1362932
2.197265625 -1.15966796875 -4.45556640625 1362932
2.197265625 -1.15966796875 -4.45556640625 1362933
2.197265625 -1.15966796875 -4.45556640625 1363038
0.9765625 -1.15966796875 -2.86865234375 1363039
0.9765625 -1.15966796875 -2.86865234375 1363039
0.9765625 -1.15966796875 -2.86865234375 1363040
1.03759765625 -1.46484375 -1.15966796875 1363232
0.54931640625 0.244140625 2.50244140625 1363232
0.54931640625 0.244140625 2.50244140625 1363232
0.54931640625 0.244140625 2.50244140625 1363233
0.54931640625 0.244140625 2.50244140625 1363335
-3.2958984375 -1.220703125 2.685546875 1363335
-3.2958984375 -1.220703125 2.685546875 1363340
-3.2958984375 -1.220703125 2.685546875 1363341
-0.732421875 -0.79345703125 3.173828125 1363524
-2.38037109375 -1.15966796875 5.37109375 1363524
-2.38037109375 -1.15966796875 5.37109375 1363525
-2.38037109375 -1.15966796875 5.37109375 1363525
-2.38037109375 -1.15966796875 5.37109375 1363627
-1.03759765625 0.06103515625 3.23486328125 1363627
-1.03759765625 0.06103515625 3.23486328125 1363627
-1.03759765625 0.06103515625 3.23486328125 1363628
-1.03759765625 0.06103515625 3.23486328125 1363729
0.18310546875 -0.732421875 1.46484375 1363729
0.18310546875 -0.732421875 1.46484375 1363729
0.18310546875 -0.732421875 1.46484375 1363730
0.18310546875 -0.732421875 1.46484375 1363831
0.244140625 -0.1220703125 1.708984375 1363832
0.244140625 -0.1220703125 1.708984375 1363832
0.244140625 -0.1220703125 1.708984375 1363832
-0.3662109375 -0.244140625 2.197265625 1364020
0.30517578125 -0.54931640625 2.38037109375 1364021
0.30517578125 -0.54931640625 2.38037109375 1364021
0.30517578125 -0.54931640625 2.38037109375 1364021
0.30517578125 -0.54931640625 2.38037109375 1364123
-1.64794921875 -2.01416015625 2.62451171875 1364124
-1.64794921875 -2.01416015625 2.62451171875 1364124
-1.64794921875 -2.01416015625 2.62451171875 1364124
-1.64794921875 -2.01416015625 2.62451171875 1364225
-0.48828125 -1.220703125 2.197265625 1364226
-0.48828125 -1.220703125 2.197265625 1364226
-0.48828125 -1.220703125 2.197265625 1364226
-0.48828125 -1.220703125 2.197265625 1364328
-0.54931640625 -0.30517578125 2.13623046875 1364328
-0.54931640625 -0.30517578125 2.13623046875 1364329
-0.54931640625 -0.30517578125 2.13623046875 1364329
-0.54931640625 -0.30517578125 2.13623046875 1364431
-0.42724609375 -0.3662109375 3.7841796875 1364431
-0.42724609375 -0.3662109375 3.7841796875 1364431
-0.42724609375 -0.3662109375 3.7841796875 1364432
-1.40380859375 -1.03759765625 2.13623046875 1364622
-0.54931640625 -0.732421875 2.38037109375 1364622
-0.54931640625 -0.732421875 2.38037109375 1364622
-0.54931640625 -0.732421875 2.38037109375 1364623
-0.54931640625 -0.732421875 2.38037109375 1364724
-0.8544921875 -0.30517578125 2.01416015625 1364724
-0.8544921875 -0.30517578125 2.01416015625 1364725
-0.8544921875 -0.30517578125 2.01416015625 1364725
-0.8544921875 -0.30517578125 2.01416015625 1364829
0 -0.8544921875 2.44140625 1364829
0 -0.8544921875 2.44140625 1364830
0 -0.8544921875 2.44140625 1364830
0 -0.8544921875 2.44140625 1364931
-0.91552734375 -1.0986328125 2.44140625 1364931
-0.91552734375 -1.0986328125 2.44140625 1364931
-0.91552734375 -1.0986328125 2.44140625 1364932
-0.54931640625 -0.6103515625 2.0751953125 1365122
-0.06103515625 -1.03759765625 2.0751953125 1365122
-0.06103515625 -1.03759765625 2.0751953125 1365123
-0.06103515625 -1.03759765625 2.0751953125 1365123
0.54931640625 -0.30517578125 1.77001953125 1365324
-1.220703125 -1.89208984375 1.8310546875 1365324
-1.220703125 -1.89208984375 1.8310546875 1365324
-1.220703125 -1.89208984375 1.8310546875 1365325
-1.220703125 -1.89208984375 1.8310546875 1365426
-0.1220703125 -0.42724609375 1.64794921875 1365426
-0.1220703125 -0.42724609375 1.64794921875 1365427
-0.1220703125 -0.42724609375 1.64794921875 1365427
-0.1220703125 -0.42724609375 1.64794921875 1365530
-0.48828125 -0.67138671875 2.197265625 1365530
-0.48828125 -0.67138671875 2.197265625 1365531
-0.48828125 -0.67138671875 2.197265625 1365531
-0.48828125 -0.67138671875 2.197265625 1365632
-1.52587890625 -0.79345703125 2.50244140625 1365632
-1.52587890625 -0.79345703125 2.50244140625 1365633
-1.52587890625 -0.79345703125 2.50244140625 1365633
-0.06103515625 -0.18310546875 2.74658203125 1365821
-0.244140625 -0.67138671875 2.25830078125 1365821
-0.244140625 -0.67138671875 2.25830078125 1365822
-0.244140625 -0.67138671875 2.25830078125 1365822
-0.244140625 -0.67138671875 2.25830078125 1365930
-0.18310546875 -1.64794921875 0.9765625 1365930
-0.18310546875 -1.64794921875 0.9765625 1365931
-0.18310546875 -1.64794921875 0.9765625 1365931
-0.18310546875 -1.64794921875 0.9765625 1366030
-1.220703125 -0.67138671875 2.3193359375 1366030
-1.220703125 -0.67138671875 2.3193359375 1366031
-1.220703125 -0.67138671875 2.3193359375 1366031
-0.8544921875 -0.54931640625 2.01416015625 1366231
-0.732421875 -0.9765625 1.40380859375 1366231
-0.732421875 -0.9765625 1.40380859375 1366231
-0.732421875 -0.9765625 1.40380859375 1366232
-0.1220703125 -0.48828125 1.5869140625 1366419
-1.03759765625 -0.8544921875 2.0751953125 1366419
-1.03759765625 -0.8544921875 2.0751953125 1366419
-1.03759765625 -0.8544921875 2.0751953125 1366420
-1.03759765625 -0.8544921875 2.0751953125 1366522
-0.48828125 -1.0986328125 1.64794921875 1366522
-0.48828125 -1.0986328125 1.64794921875 1366523
-0.48828125 -1.0986328125 1.64794921875 1366523
-0.48828125 -1.0986328125 1.64794921875 1366624
-1.5869140625 -0.1220703125 1.28173828125 1366624
-1.5869140625 -0.1220703125 1.28173828125 1366624
-1.5869140625 -0.1220703125 1.28173828125 1366625
-1.5869140625 -0.1220703125 1.28173828125 1366727
-0.732421875 0.732421875 1.40380859375 1366727
-0.732421875 0.732421875 1.40380859375 1366727
-0.732421875 0.732421875 1.40380859375 1366728
-0.732421875 0.732421875 1.40380859375 1366829
-0.244140625 -0.48828125 1.3427734375 1366829
-0.244140625 -0.48828125 1.3427734375 1366830
-0.244140625 -0.48828125 1.3427734375 1366830
0 -1.3427734375 2.01416015625 1367031
-0.79345703125 -0.8544921875 2.01416015625 1367032
-0.79345703125 -0.8544921875 2.01416015625 1367032
-0.79345703125 -0.8544921875 2.01416015625 1367033
0.06103515625 -0.732421875 1.89208984375 1367221
-0.91552734375 -1.5869140625 2.86865234375 1367221
-0.91552734375 -1.5869140625 2.86865234375 1367222
-0.91552734375 -1.5869140625 2.86865234375 1367222
-0.91552734375 -1.5869140625 2.86865234375 1367323
-1.0986328125 -0.48828125 2.197265625 1367323
-1.0986328125 -0.48828125 2.197265625 1367324
-1.0986328125 -0.48828125 2.197265625 1367324
-1.0986328125 -0.48828125 2.197265625 1367425
-0.79345703125 -1.3427734375 2.38037109375 1367425
-0.79345703125 -1.3427734375 2.38037109375 1367425
-0.79345703125 -1.3427734375 2.38037109375 1367426
-0.79345703125 -1.3427734375 2.38037109375 1367528
-0.8544921875 0 2.0751953125 1367528
-0.8544921875 0 2.0751953125 1367529
-0.8544921875 0 2.0751953125 1367529
-0.8544921875 0 2.0751953125 1367630
-1.0986328125 -0.30517578125 2.01416015625 1367630
-1.0986328125 -0.30517578125 2.01416015625 1367631
-1.0986328125 -0.30517578125 2.01416015625 1367631
-1.03759765625 0 1.708984375 1367821
-0.48828125 0.244140625 2.25830078125 1367822
-0.48828125 0.244140625 2.25830078125 1367822
-0.48828125 0.244140625 2.25830078125 1367823
-0.48828125 0.244140625 2.25830078125 1367923
-0.79345703125 -0.9765625 1.52587890625 1367923
-0.79345703125 -0.9765625 1.52587890625 1367923
-0.79345703125 -0.9765625 1.52587890625 1367924
-0.79345703125 -0.9765625 1.52587890625 1368025
-0.8544921875 -0.48828125 1.5869140625 1368025
-0.8544921875 -0.48828125 1.5869140625 1368026
-0.8544921875 -0.48828125 1.5869140625 1368026
-0.8544921875 -0.48828125 1.5869140625 1368128
-1.0986328125 -1.0986328125 1.8310546875 1368128
-1.0986328125 -1.0986328125 1.8310546875 1368128
-1.0986328125 -1.0986328125 1.8310546875 1368129
-0.3662109375 -0.8544921875 1.77001953125 1368322
-1.03759765625 -1.3427734375 2.13623046875 1368322
-1.03759765625 -1.3427734375 2.13623046875 1368322
-1.03759765625 -1.3427734375 2.13623046875 1368323
-1.03759765625 -1.3427734375 2.13623046875 1368424
-0.6103515625 -0.244140625 1.89208984375 1368424
-0.6103515625 -0.244140625 1.89208984375 1368424
-0.6103515625 -0.244140625 1.89208984375 1368425
-0.6103515625 -0.244140625 1.89208984375 1368527
-0.1220703125 -1.03759765625 2.0751953125 1368527
-0.1220703125 -1.03759765625 2.0751953125 1368528
-0.1220703125 -1.03759765625 2.0751953125 1368528
-0.1220703125 -1.03759765625 2.0751953125 1368630
-0.42724609375 -1.5869140625 1.5869140625 1368630
-0.42724609375 -1.5869140625 1.5869140625 1368631
-0.42724609375 -1.5869140625 1.5869140625 1368631
-0.3662109375 -0.9765625 1.77001953125 1368818
-1.89208984375 -0.6103515625 1.46484375 1368818
-1.89208984375 -0.6103515625 1.46484375 1368820
-1.89208984375 -0.6103515625 1.46484375 1368820
-1.89208984375 -0.6103515625 1.46484375 1368920
0.42724609375 -0.8544921875 2.13623046875 1368920
0.42724609375 -0.8544921875 2.13623046875 1368920
0.42724609375 -0.8544921875 2.13623046875 1368921
0.42724609375 -0.8544921875 2.13623046875 1369024
-0.06103515625 -0.54931640625 1.28173828125 1369024
-0.06103515625 -0.54931640625 1.28173828125 1369025
-0.06103515625 -0.54931640625 1.28173828125 1369025
-0.06103515625 -0.54931640625 1.28173828125 1369127
-0.67138671875 -0.244140625 1.64794921875 1369127
-0.67138671875 -0.244140625 1.64794921875 1369128
-0.67138671875 -0.244140625 1.64794921875 1369128
-0.67138671875 -0.244140625 1.64794921875 1369229
-0.54931640625 -0.42724609375 2.25830078125 1369229
-0.54931640625 -0.42724609375 2.25830078125 1369230
-0.54931640625 -0.42724609375 2.25830078125 1369230
-0.732421875 -0.48828125 2.0751953125 1369417
-0.9765625 -0.54931640625 1.40380859375 1369417
-0.9765625 -0.54931640625 1.40380859375 1369418
-0.9765625 -0.54931640625 1.40380859375 1369418
-0.9765625 -0.54931640625 1.40380859375 1369519
0 0.18310546875 1.5869140625 1369519
0 0.18310546875 1.5869140625 1369520
0 0.18310546875 1.5869140625 1369520
0 0.18310546875 1.5869140625 1369621
-0.244140625 -0.48828125 1.77001953125 1369622
-0.244140625 -0.48828125 1.77001953125 1369622
-0.244140625 -0.48828125 1.77001953125 1369622
-0.244140625 -0.48828125 1.77001953125 1369724
-0.91552734375 -1.77001953125 1.5869140625 1369724
-0.91552734375 -1.77001953125 1.5869140625 1369725
-0.91552734375 -1.77001953125 1.5869140625 1369725
-0.91552734375 -1.77001953125 1.5869140625 1369826
-1.708984375 0.06103515625 1.5869140625 1369826
-1.708984375 0.06103515625 1.5869140625 1369826
-1.708984375 0.06103515625 1.5869140625 1369827
-0.8544921875 -0.6103515625 1.52587890625 1370017
0.06103515625 -1.3427734375 2.13623046875 1370017
0.06103515625 -1.3427734375 2.13623046875 1370017
0.06103515625 -1.3427734375 2.13623046875 1370018
0.06103515625 -1.3427734375 2.13623046875 1370119
-0.30517578125 -0.67138671875 1.953125 1370119
-0.30517578125 -0.67138671875 1.953125 1370119
-0.30517578125 -0.67138671875 1.953125 1370120
-0.30517578125 -0.67138671875 1.953125 1370231
-0.79345703125 -1.03759765625 1.953125 1370231
-0.79345703125 -1.03759765625 1.953125 1370232
-0.79345703125 -1.03759765625 1.953125 1370232
-0.1220703125 -0.48828125 1.77001953125 1370422
-0.6103515625 -0.9765625 1.953125 1370422
-0.6103515625 -0.9765625 1.953125 1370422
-0.6103515625 -0.9765625 1.953125 1370423
-0.6103515625 -0.9765625 1.953125 1370524
-1.220703125 -1.15966796875 2.685546875 1370525
-1.220703125 -1.15966796875 2.685546875 1370525
-1.220703125 -1.15966796875 2.685546875 1370526
-1.220703125 -1.15966796875 2.685546875 1370628
-0.06103515625 -0.79345703125 2.01416015625 1370628
-0.06103515625 -0.79345703125 2.01416015625 1370628
-0.06103515625 -0.79345703125 2.01416015625 1370629
-0.8544921875 -1.220703125 2.0751953125 1370815
-0.9765625 -0.67138671875 1.77001953125 1370816
-0.9765625 -0.67138671875 1.77001953125 1370816
-0.9765625 -0.67138671875 1.77001953125 1370816
-0.9765625 -0.67138671875 1.77001953125 1370917
-1.46484375 -0.6103515625 1.77001953125 1370918
-1.46484375 -0.6103515625 1.77001953125 1370918
-1.46484375 -0.6103515625 1.77001953125 1370919
-1.46484375 -0.6103515625 1.77001953125 1371020
-2.8076171875 -1.28173828125 2.50244140625 1371029
-2.8076171875 -1.28173828125 2.50244140625 1371030
-2.8076171875 -1.28173828125 2.50244140625 1371030
-2.8076171875 -1.28173828125 2.50244140625 1371123
-3.72314453125 -1.15966796875 1.0986328125 1371225
-5.37109375 -1.77001953125 0 1371226
-5.37109375 -1.77001953125 0 1371226
-5.37109375 -1.77001953125 0 1371226
-3.5400390625 -2.8076171875 -1.52587890625 1371416
-3.662109375 -2.86865234375 -3.41796875 1371416
-3.662109375 -2.86865234375 -3.41796875 1371416
-3.662109375 -2.86865234375 -3.41796875 1371417
-3.662109375 -2.86865234375 -3.41796875 1371518
-3.84521484375 -3.35693359375 -4.638671875 1371518
-3.84521484375 -3.35693359375 -4.638671875 1371519
-3.84521484375 -3.35693359375 -4.638671875 1371521
-3.84521484375 -3.35693359375 -4.638671875 1371623
-4.7607421875 -2.9296875 -8.48388671875 1371623
-4.7607421875 -2.9296875 -8.48388671875 1371623
-4.7607421875 -2.9296875 -8.48388671875 1371624
-4.7607421875 -2.9296875 -8.48388671875 1371725
-0.06103515625 -4.45556640625 -13.00048828125 1371726
-0.06103515625 -4.45556640625 -13.00048828125 1371726
-0.06103515625 -4.45556640625 -13.00048828125 1371727
5.615234375 -8.23974609375 -15.07568359375 1371919
11.1083984375 -7.32421875 -18.4326171875 1371919
11.1083984375 -7.32421875 -18.4326171875 1371919
11.1083984375 -7.32421875 -18.4326171875 1371920
11.1083984375 -7.32421875 -18.4326171875 1372021
40.8935546875 13.12255859375 -36.43798828125 1372021
40.8935546875 13.12255859375 -36.43798828125 1372022
40.8935546875 13.12255859375 -36.43798828125 1372022
40.8935546875 13.12255859375 -36.43798828125 1372124
96.98486328125 71.10595703125 -58.9599609375 1372124
96.98486328125 71.10595703125 -58.9599609375 1372125
96.98486328125 71.10595703125 -58.9599609375 1372125
133.6669921875 188.29345703125 -101.318359375 1372316
107.177734375 245.7275390625 -115.29541015625 1372320
107.177734375 245.7275390625 -115.29541015625 1372321
107.177734375 245.7275390625 -115.29541015625 1372321
107.177734375 245.7275390625 -115.29541015625 1372419
65.12451171875 149.4140625 -86.48681640625 1372522
25.81787109375 49.9267578125 -58.65478515625 1372522
25.81787109375 49.9267578125 -58.65478515625 1372522
25.81787109375 49.9267578125 -58.65478515625 1372523
25.81787109375 49.9267578125 -58.65478515625 1372624
8.60595703125 5.2490234375 -33.8134765625 1372624
8.60595703125 5.2490234375 -33.8134765625 1372625
8.60595703125 5.2490234375 -33.8134765625 1372625
-1.89208984375 25.57373046875 -10.43701171875 1372814
46.08154296875 113.70849609375 20.81298828125 1372814
46.08154296875 113.70849609375 20.81298828125 1372815
46.08154296875 113.70849609375 20.81298828125 1372815
46.08154296875 113.70849609375 20.81298828125 1372917
6.16455078125 -17.02880859375 6.89697265625 1372917
6.16455078125 -17.02880859375 6.89697265625 1372917
6.16455078125 -17.02880859375 6.89697265625 1372918
6.16455078125 -17.02880859375 6.89697265625 1373019
-33.14208984375 -119.68994140625 52.18505859375 1373019
-33.14208984375 -119.68994140625 52.18505859375 1373020
-33.14208984375 -119.68994140625 52.18505859375 1373020
-33.14208984375 -119.68994140625 52.18505859375 1373122
-47.607421875 -217.59033203125 65.7958984375 1373122
-47.607421875 -217.59033203125 65.7958984375 1373123
-47.607421875 -217.59033203125 65.7958984375 1373123
-47.607421875 -217.59033203125 65.7958984375 1373224
-128.41796875 -262.02392578125 89.35546875 1373224
-128.41796875 -262.02392578125 89.35546875 1373225
-128.41796875 -262.02392578125 89.35546875 1373225
