-0.81396484375 0.357421875 -0.2236328125 1430866
-0.81396484375 0.357421875 -0.2236328125 1430866
-0.81396484375 0.357421875 -0.2236328125 1430898
-0.81396484375 0.357421875 -0.2236328125 1430898
0.2568359375 0.31103515625 1.001953125 1430899
0.22021484375 0.3056640625 1.01416015625 1430979
0.216796875 0.2763671875 1.00146484375 1431060
0.216796875 0.2763671875 1.00146484375 1431060
0.216796875 0.2763671875 1.00146484375 1431061
0.21923828125 0.23681640625 0.99609375 1431171
0.21923828125 0.23681640625 0.99609375 1431171
0.21923828125 0.23681640625 0.99609375 1431172
0.21923828125 0.23681640625 0.99609375 1431172
0.20849609375 0.248046875 0.98046875 1431274
0.20849609375 0.248046875 0.98046875 1431274
0.20849609375 0.248046875 0.98046875 1431295
0.20849609375 0.248046875 0.98046875 1431295
0.25048828125 0.279296875 1.03857421875 1431378
0.25048828125 0.279296875 1.03857421875 1431378
0.228515625 0.23583984375 1.0595703125 1431480
0.228515625 0.23583984375 1.0595703125 1431480
0.228515625 0.23583984375 1.0595703125 1431480
0.228515625 0.23583984375 1.0595703125 1431481
0.20751953125 0.24951171875 1.02783203125 1431667
0.20751953125 0.24951171875 1.02783203125 1431667
0.20751953125 0.24951171875 1.02783203125 1431668
0.20751953125 0.24951171875 1.02783203125 1431668
0.19775390625 0.2578125 1.025390625 1431770
0.19775390625 0.2578125 1.025390625 1431770
0.19775390625 0.2578125 1.025390625 1431770
0.19775390625 0.2578125 1.025390625 1431771
0.18701171875 0.27197265625 1.01171875 1431889
0.18701171875 0.27197265625 1.01171875 1431889
0.18701171875 0.27197265625 1.01171875 1431890
0.18701171875 0.27197265625 1.01171875 1431890
0.1904296875 0.2939453125 1.01953125 1432056
0.1904296875 0.2939453125 1.01953125 1432057
0.1904296875 0.2939453125 1.01953125 1432057
0.1904296875 0.2939453125 1.01953125 1432057
0.1689453125 0.318359375 1.0068359375 1432167
0.1689453125 0.318359375 1.0068359375 1432167
0.1689453125 0.318359375 1.0068359375 1432168
0.1689453125 0.318359375 1.0068359375 1432168
0.1171875 0.310546875 1.03076171875 1432274
0.1171875 0.310546875 1.03076171875 1432274
0.1171875 0.310546875 1.03076171875 1432274
0.1171875 0.310546875 1.03076171875 1432275
0.09521484375 0.29833984375 1.0185546875 1432376
0.09521484375 0.29833984375 1.0185546875 1432377
0.09521484375 0.29833984375 1.0185546875 1432377
0.09521484375 0.29833984375 1.0185546875 1432378
0.07470703125 0.31640625 1.0029296875 1432479
0.07470703125 0.31640625 1.0029296875 1432479
0.07470703125 0.31640625 1.0029296875 1432479
0.07470703125 0.31640625 1.0029296875 1432480
0.1083984375 0.32470703125 1.0322265625 1432668
0.1083984375 0.32470703125 1.0322265625 1432668
0.1083984375 0.32470703125 1.0322265625 1432668
0.1083984375 0.32470703125 1.0322265625 1432669
0.09521484375 0.3388671875 1.0302734375 1432770
0.09521484375 0.3388671875 1.0302734375 1432770
0.09521484375 0.3388671875 1.0302734375 1432770
0.09521484375 0.3388671875 1.0302734375 1432771
0.072265625 0.3310546875 1.01513671875 1432875
0.072265625 0.3310546875 1.01513671875 1432875
0.072265625 0.3310546875 1.01513671875 1432875
0.072265625 0.3310546875 1.01513671875 1432876
0.0810546875 0.33984375 1.01904296875 1432978
0.0810546875 0.33984375 1.01904296875 1432978
0.0810546875 0.33984375 1.01904296875 1432978
0.0810546875 0.33984375 1.01904296875 1432979
0.06640625 0.35205078125 1.02490234375 1433173
0.06640625 0.35205078125 1.02490234375 1433174
0.06640625 0.35205078125 1.02490234375 1433174
0.06640625 0.35205078125 1.02490234375 1433174
0.00341796875 0.45751953125 0.9794921875 1433364
0.00341796875 0.45751953125 0.9794921875 1433364
0.00341796875 0.45751953125 0.9794921875 1433364
0.00341796875 0.45751953125 0.9794921875 1433365
-0.1103515625 0.5048828125 0.8955078125 1433466
-0.1103515625 0.5048828125 0.8955078125 1433466
-0.1103515625 0.5048828125 0.8955078125 1433466
-0.1103515625 0.5048828125 0.8955078125 1433467
-0.18212890625 0.5625 0.82666015625 1433569
-0.18212890625 0.5625 0.82666015625 1433569
-0.18212890625 0.5625 0.82666015625 1433569
-0.18212890625 0.5625 0.82666015625 1433570
-0.2119140625 0.6240234375 0.8330078125 1433671
-0.2119140625 0.6240234375 0.8330078125 1433671
-0.2119140625 0.6240234375 0.8330078125 1433671
-0.2119140625 0.6240234375 0.8330078125 1433672
-0.2685546875 0.68017578125 0.798828125 1433773
-0.2685546875 0.68017578125 0.798828125 1433773
-0.2685546875 0.68017578125 0.798828125 1433773
-0.2685546875 0.68017578125 0.798828125 1433774
-0.25537109375 0.6767578125 0.80126953125 1433878
-0.25537109375 0.6767578125 0.80126953125 1433878
-0.25537109375 0.6767578125 0.80126953125 1433879
-0.25537109375 0.6767578125 0.80126953125 1433879
-0.255859375 0.6611328125 0.78955078125 1434066
-0.255859375 0.6611328125 0.78955078125 1434066
-0.255859375 0.6611328125 0.78955078125 1434067
-0.255859375 0.6611328125 0.78955078125 1434067
-0.2451171875 0.67236328125 0.79296875 1434169
-0.2451171875 0.67236328125 0.79296875 1434169
-0.2451171875 0.67236328125 0.79296875 1434169
-0.2451171875 0.67236328125 0.79296875 1434170
-0.24072265625 0.6669921875 0.7998046875 1434271
-0.24072265625 0.6669921875 0.7998046875 1434271
-0.24072265625 0.6669921875 0.7998046875 1434271
-0.24072265625 0.6669921875 0.7998046875 1434272
-0.24609375 0.662109375 0.79541015625 1434374
-0.24609375 0.662109375 0.79541015625 1434375
-0.24609375 0.662109375 0.79541015625 1434375
-0.24609375 0.662109375 0.79541015625 1434375
-0.267578125 0.6513671875 0.75439453125 1434476
-0.267578125 0.6513671875 0.75439453125 1434476
-0.267578125 0.6513671875 0.75439453125 1434477
-0.267578125 0.6513671875 0.75439453125 1434477
-0.18798828125 0.71728515625 0.796875 1434666
-0.18798828125 0.71728515625 0.796875 1434666
-0.18798828125 0.71728515625 0.796875 1434666
-0.18798828125 0.71728515625 0.796875 1434667
-0.25537109375 0.7138671875 0.7060546875 1434769
-0.25537109375 0.7138671875 0.7060546875 1434769
-0.25537109375 0.7138671875 0.7060546875 1434769
-0.25537109375 0.7138671875 0.7060546875 1434770
-0.2822265625 0.76123046875 0.67236328125 1434871
-0.2822265625 0.76123046875 0.67236328125 1434871
-0.2822265625 0.76123046875 0.67236328125 1434872
-0.2822265625 0.76123046875 0.67236328125 1434872
-0.28466796875 0.72314453125 0.74462890625 1434974
-0.28466796875 0.72314453125 0.74462890625 1434974
-0.28466796875 0.72314453125 0.74462890625 1434974
-0.28466796875 0.72314453125 0.74462890625 1434975
-0.37060546875 0.734375 0.66162109375 1435091
-0.37060546875 0.734375 0.66162109375 1435091
-0.37060546875 0.734375 0.66162109375 1435092
-0.37060546875 0.734375 0.66162109375 1435092
-0.34619140625 0.740234375 0.65185546875 1435266
-0.34619140625 0.740234375 0.65185546875 1435266
-0.34619140625 0.740234375 0.65185546875 1435267
-0.34619140625 0.740234375 0.65185546875 1435267
-0.314453125 0.7080078125 0.701171875 1435386
-0.314453125 0.7080078125 0.701171875 1435386
-0.314453125 0.7080078125 0.701171875 1435387
-0.314453125 0.7080078125 0.701171875 1435387
-0.07958984375 0.6689453125 0.833984375 1435576
-0.07958984375 0.6689453125 0.833984375 1435576
-0.07958984375 0.6689453125 0.833984375 1435577
-0.07958984375 0.6689453125 0.833984375 1435577
0.037109375 0.50634765625 1.01123046875 1435767
0.037109375 0.50634765625 1.01123046875 1435767
0.037109375 0.50634765625 1.01123046875 1435767
0.037109375 0.50634765625 1.01123046875 1435768
-0.015625 0.4521484375 0.97314453125 1435869
-0.015625 0.4521484375 0.97314453125 1435869
-0.015625 0.4521484375 0.97314453125 1435869
-0.015625 0.4521484375 0.97314453125 1435870
0.03515625 0.439453125 1.0126953125 1435971
0.03515625 0.439453125 1.0126953125 1435971
0.03515625 0.439453125 1.0126953125 1435971
-0.005859375 0.39794921875 0.97412109375 1436075
-0.005859375 0.39794921875 0.97412109375 1436075
-0.005859375 0.39794921875 0.97412109375 1436075
-0.005859375 0.39794921875 0.97412109375 1436076
0.00390625 0.41064453125 1.0009765625 1436265
0.00390625 0.41064453125 1.0009765625 1436265
0.00390625 0.41064453125 1.0009765625 1436265
0.00390625 0.41064453125 1.0009765625 1436266
-0.02685546875 0.40380859375 0.96826171875 1436373
-0.02685546875 0.40380859375 0.96826171875 1436373
-0.02685546875 0.40380859375 0.96826171875 1436374
-0.02685546875 0.40380859375 0.96826171875 1436374
0.00146484375 0.44921875 1.005859375 1436563
0.00146484375 0.44921875 1.005859375 1436563
0.00146484375 0.44921875 1.005859375 1436564
0.00146484375 0.44921875 1.005859375 1436564
-0.01123046875 0.38330078125 0.990234375 1436665
-0.01123046875 0.38330078125 0.990234375 1436666
-0.01123046875 0.38330078125 0.990234375 1436666
-0.01123046875 0.38330078125 0.990234375 1436667
-0.05029296875 0.39990234375 0.96240234375 1436768
-0.05029296875 0.39990234375 0.96240234375 1436768
-0.05029296875 0.39990234375 0.96240234375 1436768
-0.05029296875 0.39990234375 0.96240234375 1436769
-0.0205078125 0.39404296875 0.99072265625 1436871
-0.0205078125 0.39404296875 0.99072265625 1436871
-0.0205078125 0.39404296875 0.99072265625 1436871
-0.0205078125 0.39404296875 0.99072265625 1436872
-0.02392578125 0.42041015625 0.9873046875 1436973
-0.02392578125 0.42041015625 0.9873046875 1436973
-0.02392578125 0.42041015625 0.9873046875 1436973
-0.02392578125 0.42041015625 0.9873046875 1436974
-0.01806640625 0.42626953125 0.99853515625 1437076
-0.01806640625 0.42626953125 0.99853515625 1437077
-0.01806640625 0.42626953125 0.99853515625 1437077
-0.01806640625 0.42626953125 0.99853515625 1437078
-0.02880859375 0.4287109375 0.99072265625 1437266
-0.02880859375 0.4287109375 0.99072265625 1437267
-0.02880859375 0.4287109375 0.99072265625 1437267
-0.02880859375 0.4287109375 0.99072265625 1437267
-0.029296875 0.423828125 0.9814453125 1437369
-0.029296875 0.423828125 0.9814453125 1437370
-0.029296875 0.423828125 0.9814453125 1437370
-0.029296875 0.423828125 0.9814453125 1437371
-0.02783203125 0.44677734375 0.97216796875 1437471
-0.02783203125 0.44677734375 0.97216796875 1437472
-0.02783203125 0.44677734375 0.97216796875 1437472
-0.02783203125 0.44677734375 0.97216796875 1437472
-0.0205078125 0.43115234375 0.9931640625 1437573
-0.0205078125 0.43115234375 0.9931640625 1437574
-0.0205078125 0.43115234375 0.9931640625 1437574
-0.0205078125 0.43115234375 0.9931640625 1437574
-0.0361328125 0.4326171875 0.966796875 1437676
-0.0361328125 0.4326171875 0.966796875 1437676
-0.0361328125 0.4326171875 0.966796875 1437677
-0.0361328125 0.4326171875 0.966796875 1437677
-0.01708984375 0.42333984375 0.99267578125 1437863
-0.01708984375 0.42333984375 0.99267578125 1437863
-0.01708984375 0.42333984375 0.99267578125 1437864
-0.01708984375 0.42333984375 0.99267578125 1437869
-0.013671875 0.423828125 0.99169921875 1437966
-0.013671875 0.423828125 0.99169921875 1437966
-0.013671875 0.423828125 0.99169921875 1437966
-0.04296875 0.4287109375 0.982421875 1438069
-0.04296875 0.4287109375 0.982421875 1438069
-0.04296875 0.4287109375 0.982421875 1438069
-0.04296875 0.4287109375 0.982421875 1438070
-0.0244140625 0.43212890625 0.98876953125 1438171
-0.0244140625 0.43212890625 0.98876953125 1438172
-0.0244140625 0.43212890625 0.98876953125 1438172
-0.0244140625 0.43212890625 0.98876953125 1438172
-0.0234375 0.42041015625 0.98583984375 1438274
-0.0234375 0.42041015625 0.98583984375 1438274
-0.0234375 0.42041015625 0.98583984375 1438274
-0.0234375 0.42041015625 0.98583984375 1438275
-0.0185546875 0.42041015625 0.99755859375 1438463
-0.0185546875 0.42041015625 0.99755859375 1438463
-0.0185546875 0.42041015625 0.99755859375 1438464
-0.0185546875 0.42041015625 0.99755859375 1438464
-0.03076171875 0.412109375 0.9814453125 1438567
-0.03076171875 0.412109375 0.9814453125 1438567
-0.03076171875 0.412109375 0.9814453125 1438567
-0.03076171875 0.412109375 0.9814453125 1438568
-0.0283203125 0.4228515625 0.98486328125 1438669
-0.0283203125 0.4228515625 0.98486328125 1438669
-0.0283203125 0.4228515625 0.98486328125 1438669
-0.0283203125 0.4228515625 0.98486328125 1438670
-0.02197265625 0.41748046875 0.98681640625 1438771
-0.02197265625 0.41748046875 0.98681640625 1438771
-0.02197265625 0.41748046875 0.98681640625 1438771
-0.02197265625 0.41748046875 0.98681640625 1438772
-0.015625 0.4130859375 0.99169921875 1438874
-0.015625 0.4130859375 0.99169921875 1438874
-0.015625 0.4130859375 0.99169921875 1438875
-0.015625 0.4130859375 0.99169921875 1438875
-0.02197265625 0.4228515625 0.9873046875 1439064
-0.02197265625 0.4228515625 0.9873046875 1439064
-0.02197265625 0.4228515625 0.9873046875 1439064
-0.02197265625 0.4228515625 0.9873046875 1439065
-0.02099609375 0.4267578125 0.9892578125 1439166
-0.02099609375 0.4267578125 0.9892578125 1439166
-0.02099609375 0.4267578125 0.9892578125 1439166
-0.02099609375 0.4267578125 0.9892578125 1439167
-0.01904296875 0.42529296875 0.99072265625 1439269
-0.01904296875 0.42529296875 0.99072265625 1439269
-0.01904296875 0.42529296875 0.99072265625 1439269
-0.01904296875 0.42529296875 0.99072265625 1439270
-0.01416015625 0.42431640625 0.99609375 1439371
-0.01416015625 0.42431640625 0.99609375 1439371
-0.01416015625 0.42431640625 0.99609375 1439371
-0.01416015625 0.42431640625 0.99609375 1439372
-0.01953125 0.41845703125 0.9921875 1439474
-0.01953125 0.41845703125 0.9921875 1439474
-0.01953125 0.41845703125 0.9921875 1439474
-0.01953125 0.41845703125 0.9921875 1439475
-0.01806640625 0.40869140625 0.9921875 1439655
-0.01806640625 0.40869140625 0.9921875 1439655
-0.01806640625 0.40869140625 0.9921875 1439655
-0.01806640625 0.40869140625 0.9921875 1439656
-0.02490234375 0.42138671875 0.98681640625 1439764
-0.02490234375 0.42138671875 0.98681640625 1439764
-0.02490234375 0.42138671875 0.98681640625 1439765
-0.02490234375 0.42138671875 0.98681640625 1439765
-0.02099609375 0.41650390625 0.99072265625 1439867
-0.02099609375 0.41650390625 0.99072265625 1439868
-0.02099609375 0.41650390625 0.99072265625 1439868
-0.02099609375 0.41650390625 0.99072265625 1439869
-0.01806640625 0.42431640625 0.98486328125 1439969
-0.01806640625 0.42431640625 0.98486328125 1439969
-0.01806640625 0.42431640625 0.98486328125 1439970
-0.033203125 0.42138671875 0.98291015625 1440072
-0.033203125 0.42138671875 0.98291015625 1440072
-0.033203125 0.42138671875 0.98291015625 1440072
-0.033203125 0.42138671875 0.98291015625 1440073
-0.017578125 0.40966796875 0.9931640625 1440262
-0.017578125 0.40966796875 0.9931640625 1440262
-0.017578125 0.40966796875 0.9931640625 1440262
-0.017578125 0.40966796875 0.9931640625 1440263
-0.0263671875 0.42138671875 0.98193359375 1440365
-0.0263671875 0.42138671875 0.98193359375 1440365
-0.0263671875 0.42138671875 0.98193359375 1440366
-0.0263671875 0.42138671875 0.98193359375 1440366
-0.01708984375 0.42431640625 0.99462890625 1440566
-0.01708984375 0.42431640625 0.99462890625 1440566
-0.01708984375 0.42431640625 0.99462890625 1440567
-0.01708984375 0.42431640625 0.99462890625 1440567
-0.01611328125 0.419921875 0.9892578125 1440668
-0.01611328125 0.419921875 0.9892578125 1440668
-0.01611328125 0.419921875 0.9892578125 1440669
-0.01611328125 0.419921875 0.9892578125 1440669
-0.01953125 0.41259765625 0.9912109375 1440772
-0.01953125 0.41259765625 0.9912109375 1440772
-0.01953125 0.41259765625 0.9912109375 1440772
-0.01953125 0.41259765625 0.9912109375 1440773
-0.01611328125 0.42041015625 0.986328125 1440874
-0.01611328125 0.42041015625 0.986328125 1440874
-0.01611328125 0.42041015625 0.986328125 1440874
-0.01611328125 0.42041015625 0.986328125 1440875
-0.02099609375 0.4228515625 0.984375 1441062
-0.02099609375 0.4228515625 0.984375 1441062
-0.02099609375 0.4228515625 0.984375 1441062
-0.02099609375 0.4228515625 0.984375 1441063
-0.02197265625 0.42236328125 0.990234375 1441165
-0.02197265625 0.42236328125 0.990234375 1441166
-0.02197265625 0.42236328125 0.990234375 1441166
-0.02197265625 0.42236328125 0.990234375 1441166
-0.02197265625 0.423828125 0.9892578125 1441268
-0.02197265625 0.423828125 0.9892578125 1441268
-0.02197265625 0.423828125 0.9892578125 1441268
-0.02197265625 0.423828125 0.9892578125 1441269
-0.013671875 0.4052734375 0.99072265625 1441384
-0.013671875 0.4052734375 0.99072265625 1441384
-0.013671875 0.4052734375 0.99072265625 1441385
-0.013671875 0.4052734375 0.99072265625 1441385
-0.0185546875 0.419921875 0.9921875 1441493
-0.0185546875 0.419921875 0.9921875 1441493
-0.0185546875 0.419921875 0.9921875 1441494
-0.0185546875 0.419921875 0.9921875 1441494
-0.01904296875 0.4208984375 0.98388671875 1441662
-0.01904296875 0.4208984375 0.98388671875 1441663
-0.01904296875 0.4208984375 0.98388671875 1441663
-0.01904296875 0.4208984375 0.98388671875 1441664
-0.01513671875 0.42626953125 0.984375 1441765
-0.01513671875 0.42626953125 0.984375 1441765
-0.01513671875 0.42626953125 0.984375 1441765
-0.01513671875 0.42626953125 0.984375 1441766
-0.015625 0.421875 0.98828125 1441868
-0.015625 0.421875 0.98828125 1441868
-0.015625 0.421875 0.98828125 1441868
-0.01123046875 0.421875 0.9873046875 1441971
-0.01123046875 0.421875 0.9873046875 1441971
-0.01123046875 0.421875 0.9873046875 1441971
-0.01123046875 0.421875 0.9873046875 1441972
-0.01513671875 0.419921875 0.99072265625 1442161
-0.01513671875 0.419921875 0.99072265625 1442161
-0.01513671875 0.419921875 0.99072265625 1442161
-0.01513671875 0.419921875 0.99072265625 1442162
-0.02197265625 0.42333984375 0.9833984375 1442263
-0.02197265625 0.42333984375 0.9833984375 1442263
-0.02197265625 0.42333984375 0.9833984375 1442264
-0.02197265625 0.42333984375 0.9833984375 1442264
-0.0107421875 0.4306640625 0.990234375 1442827
-0.0107421875 0.4306640625 0.990234375 1442828
-0.0107421875 0.4306640625 0.990234375 1442828
-0.0107421875 0.4306640625 0.990234375 1442828
-0.0107421875 0.41943359375 0.9931640625 1442962
-0.0107421875 0.41943359375 0.9931640625 1442962
-0.0107421875 0.41943359375 0.9931640625 1442963
-0.0107421875 0.41943359375 0.9931640625 1442963
-0.013671875 0.4150390625 0.99365234375 1443066
-0.013671875 0.4150390625 0.99365234375 1443066
-0.013671875 0.4150390625 0.99365234375 1443066
-0.013671875 0.4150390625 0.99365234375 1443067
-0.01611328125 0.421875 0.98291015625 1443167
-0.01611328125 0.421875 0.98291015625 1443167
-0.01611328125 0.421875 0.98291015625 1443167
-0.01611328125 0.421875 0.98291015625 1443168
-0.02392578125 0.41943359375 0.9765625 1443270
-0.02392578125 0.41943359375 0.9765625 1443270
-0.02392578125 0.41943359375 0.9765625 1443270
-0.02392578125 0.41943359375 0.9765625 1443271
-0.0146484375 0.421875 0.9921875 1443372
-0.0146484375 0.421875 0.9921875 1443374
-0.0146484375 0.421875 0.9921875 1443375
-0.0146484375 0.421875 0.9921875 1443375
-0.01171875 0.421875 0.9921875 1443561
-0.01171875 0.421875 0.9921875 1443561
-0.01171875 0.421875 0.9921875 1443562
-0.01171875 0.421875 0.9921875 1443562
-0.01123046875 0.416015625 0.990234375 1443663
-0.01123046875 0.416015625 0.990234375 1443663
-0.01123046875 0.416015625 0.990234375 1443663
-0.01123046875 0.416015625 0.990234375 1443664
-0.02099609375 0.42333984375 0.98583984375 1443766
-0.02099609375 0.42333984375 0.98583984375 1443766
-0.02099609375 0.42333984375 0.98583984375 1443767
-0.01513671875 0.4169921875 0.98828125 1443870
-0.01513671875 0.4169921875 0.98828125 1443870
-0.01513671875 0.4169921875 0.98828125 1443870
-0.01513671875 0.4169921875 0.98828125 1443871
-0.0166015625 0.41796875 0.99462890625 1444059
-0.0166015625 0.41796875 0.99462890625 1444060
-0.0166015625 0.41796875 0.99462890625 1444060
-0.0166015625 0.41796875 0.99462890625 1444060
-0.01025390625 0.4140625 0.99072265625 1444165
-0.01025390625 0.4140625 0.99072265625 1444165
-0.01025390625 0.4140625 0.99072265625 1444165
-0.01025390625 0.4140625 0.99072265625 1444166
-0.0087890625 0.4189453125 0.99609375 1444267
-0.0087890625 0.4189453125 0.99609375 1444268
-0.0087890625 0.4189453125 0.99609375 1444268
-0.0087890625 0.4189453125 0.99609375 1444268
-0.01416015625 0.416015625 0.986328125 1444370
-0.01416015625 0.416015625 0.986328125 1444370
-0.01416015625 0.416015625 0.986328125 1444370
-0.01416015625 0.416015625 0.986328125 1444371
-0.01318359375 0.41064453125 0.99365234375 1444560
-0.01318359375 0.41064453125 0.99365234375 1444560
-0.01318359375 0.41064453125 0.99365234375 1444561
-0.01318359375 0.41064453125 0.99365234375 1444561
-0.0205078125 0.412109375 0.98828125 1444662
-0.0205078125 0.412109375 0.98828125 1444663
-0.0205078125 0.412109375 0.98828125 1444663
-0.0205078125 0.412109375 0.98828125 1444663
-0.01220703125 0.41650390625 0.9970703125 1444766
-0.01220703125 0.41650390625 0.9970703125 1444767
-0.01220703125 0.41650390625 0.9970703125 1444767
-0.01220703125 0.41650390625 0.9970703125 1444768
-0.021484375 0.42529296875 0.99365234375 1444869
-0.021484375 0.42529296875 0.99365234375 1444869
-0.021484375 0.42529296875 0.99365234375 1444869
-0.021484375 0.42529296875 0.99365234375 1444870
-0.0244140625 0.43505859375 0.98681640625 1444971
-0.0244140625 0.43505859375 0.98681640625 1444971
-0.0244140625 0.43505859375 0.98681640625 1444971
-0.0244140625 0.43505859375 0.98681640625 1444972
-0.03515625 0.4169921875 0.97119140625 1445159
-0.03515625 0.4169921875 0.97119140625 1445159
-0.03515625 0.4169921875 0.97119140625 1445160
-0.03515625 0.4169921875 0.97119140625 1445160
-0.052734375 0.35986328125 0.9521484375 1445261
-0.052734375 0.35986328125 0.9521484375 1445261
-0.052734375 0.35986328125 0.9521484375 1445262
-0.052734375 0.35986328125 0.9521484375 1445262
-0.0498046875 0.39501953125 0.95556640625 1445363
-0.0498046875 0.39501953125 0.95556640625 1445364
-0.0498046875 0.39501953125 0.95556640625 1445364
-0.0498046875 0.39501953125 0.95556640625 1445365
-0.1455078125 0.623046875 0.8984375 1445554
-0.1455078125 0.623046875 0.8984375 1445565
-0.1455078125 0.623046875 0.8984375 1445565
-0.1455078125 0.623046875 0.8984375 1445566
-0.57373046875 0.80859375 0.52392578125 1445669
-0.57373046875 0.80859375 0.52392578125 1445669
-0.57373046875 0.80859375 0.52392578125 1445669
-0.57373046875 0.80859375 0.52392578125 1445670
-0.89111328125 0.162109375 -0.4365234375 1445858
-0.89111328125 0.162109375 -0.4365234375 1445858
-0.89111328125 0.162109375 -0.4365234375 1445858
-0.89111328125 0.162109375 -0.4365234375 1445859
-0.77587890625 0.126953125 -0.3056640625 1445973
-0.77587890625 0.126953125 -0.3056640625 1445980
-0.77587890625 0.126953125 -0.3056640625 1445980
-0.77587890625 0.126953125 -0.3056640625 1445981
-0.95947265625 0.2705078125 -0.63525390625 1446166
-0.95947265625 0.2705078125 -0.63525390625 1446167
-0.95947265625 0.2705078125 -0.63525390625 1446167
-0.95947265625 0.2705078125 -0.63525390625 1446167
-0.9619140625 0.33642578125 -0.20068359375 1446368
-0.9619140625 0.33642578125 -0.20068359375 1446368
-0.9619140625 0.33642578125 -0.20068359375 1446369
-0.9619140625 0.33642578125 -0.20068359375 1446369
-0.81640625 0.22705078125 0.2275390625 1446470
-0.81640625 0.22705078125 0.2275390625 1446470
-0.81640625 0.22705078125 0.2275390625 1446471
-0.81640625 0.22705078125 0.2275390625 1446471
-0.04296875 0.2744140625 0.9853515625 1446659
-0.04296875 0.2744140625 0.9853515625 1446659
-0.04296875 0.2744140625 0.9853515625 1446660
-0.04296875 0.2744140625 0.9853515625 1446660
0.04833984375 0.373046875 1.06787109375 1446761
0.04833984375 0.373046875 1.06787109375 1446761
0.04833984375 0.373046875 1.06787109375 1446761
0.04833984375 0.373046875 1.06787109375 1446762
-0.09912109375 0.6337890625 0.95361328125 1446863
-0.09912109375 0.6337890625 0.95361328125 1446863
-0.09912109375 0.6337890625 0.95361328125 1446863
-0.09912109375 0.6337890625 0.95361328125 1446864
-0.248046875 0.56494140625 0.79345703125 1446993
-0.248046875 0.56494140625 0.79345703125 1446993
-0.248046875 0.56494140625 0.79345703125 1446994
-0.248046875 0.56494140625 0.79345703125 1446994
-0.4765625 0.7744140625 0.60888671875 1447147
-0.4765625 0.7744140625 0.60888671875 1447147
-0.4765625 0.7744140625 0.60888671875 1447148
-0.4765625 0.7744140625 0.60888671875 1447148
-0.3466796875 0.767578125 0.7197265625 1447258
-0.3466796875 0.767578125 0.7197265625 1447259
-0.3466796875 0.767578125 0.7197265625 1447259
-0.3466796875 0.767578125 0.7197265625 1447260
-0.36474609375 0.77294921875 0.7001953125 1447367
-0.36474609375 0.77294921875 0.7001953125 1447367
-0.36474609375 0.77294921875 0.7001953125 1447367
-0.36474609375 0.77294921875 0.7001953125 1447368
-0.3818359375 0.72314453125 0.73828125 1447557
-0.3818359375 0.72314453125 0.73828125 1447557
-0.3818359375 0.72314453125 0.73828125 1447558
-0.3818359375 0.72314453125 0.73828125 1447558
-0.33447265625 0.7431640625 0.7294921875 1447660
-0.33447265625 0.7431640625 0.7294921875 1447660
-0.33447265625 0.7431640625 0.7294921875 1447660
-0.33447265625 0.7431640625 0.7294921875 1447661
-0.2587890625 0.77490234375 0.81494140625 1447762
-0.2587890625 0.77490234375 0.81494140625 1447762
-0.2587890625 0.77490234375 0.81494140625 1447763
-0.2587890625 0.77490234375 0.81494140625 1447764
-0.30517578125 0.69091796875 0.69580078125 1447865
-0.30517578125 0.69091796875 0.69580078125 1447865
-0.30517578125 0.69091796875 0.69580078125 1447865
-0.30517578125 0.69091796875 0.69580078125 1447866
-0.27392578125 0.68798828125 0.74169921875 1447968
-0.27392578125 0.68798828125 0.74169921875 1447969
-0.27392578125 0.68798828125 0.74169921875 1447969
-0.27392578125 0.68798828125 0.74169921875 1447969
-0.17578125 0.68896484375 0.83544921875 1448157
-0.17578125 0.68896484375 0.83544921875 1448158
-0.17578125 0.68896484375 0.83544921875 1448158
-0.17578125 0.68896484375 0.83544921875 1448158
-0.07275390625 0.6162109375 0.8955078125 1448260
-0.07275390625 0.6162109375 0.8955078125 1448260
-0.07275390625 0.6162109375 0.8955078125 1448260
-0.07275390625 0.6162109375 0.8955078125 1448261
-0.046875 0.56689453125 0.9755859375 1448362
-0.046875 0.56689453125 0.9755859375 1448363
-0.046875 0.56689453125 0.9755859375 1448363
-0.046875 0.56689453125 0.9755859375 1448363
-0.02197265625 0.48291015625 0.9658203125 1448465
-0.02197265625 0.48291015625 0.9658203125 1448465
-0.02197265625 0.48291015625 0.9658203125 1448465
-0.02197265625 0.48291015625 0.9658203125 1448466
-0.0517578125 0.4794921875 0.9560546875 1448568
-0.0517578125 0.4794921875 0.9560546875 1448568
-0.0517578125 0.4794921875 0.9560546875 1448568
-0.0517578125 0.4794921875 0.9560546875 1448569
-0.0576171875 0.45703125 0.96728515625 1448757
-0.0576171875 0.45703125 0.96728515625 1448757
-0.0576171875 0.45703125 0.96728515625 1448757
-0.0576171875 0.45703125 0.96728515625 1448758
-0.06103515625 0.4267578125 0.97216796875 1448860
-0.06103515625 0.4267578125 0.97216796875 1448860
-0.06103515625 0.4267578125 0.97216796875 1448860
-0.06103515625 0.4267578125 0.97216796875 1448861
-0.05615234375 0.4384765625 0.966796875 1448963
-0.05615234375 0.4384765625 0.966796875 1449005
-0.05615234375 0.4384765625 0.966796875 1449005
-0.0791015625 0.45166015625 0.9443359375 1449066
-0.0791015625 0.45166015625 0.9443359375 1449066
-0.0556640625 0.4404296875 0.9755859375 1449171
-0.0556640625 0.4404296875 0.9755859375 1449172
-0.0556640625 0.4404296875 0.9755859375 1449172
-0.0556640625 0.4404296875 0.9755859375 1449172
-0.0458984375 0.4365234375 0.99365234375 1449361
-0.0458984375 0.4365234375 0.99365234375 1449361
-0.0458984375 0.4365234375 0.99365234375 1449361
-0.0458984375 0.4365234375 0.99365234375 1449362
-0.0615234375 0.421875 0.98095703125 1449463
-0.0615234375 0.421875 0.98095703125 1449463
-0.0615234375 0.421875 0.98095703125 1449463
-0.0615234375 0.421875 0.98095703125 1449464
-0.064453125 0.4345703125 0.9736328125 1449566
-0.064453125 0.4345703125 0.9736328125 1449566
-0.064453125 0.4345703125 0.9736328125 1449567
-0.064453125 0.4345703125 0.9736328125 1449567
-0.068359375 0.43212890625 0.97412109375 1449759
-0.068359375 0.43212890625 0.97412109375 1449759
-0.068359375 0.43212890625 0.97412109375 1449760
-0.068359375 0.43212890625 0.97412109375 1449760
-0.07373046875 0.43701171875 0.97265625 1449859
-0.07373046875 0.43701171875 0.97265625 1449859
-0.07568359375 0.4326171875 0.97265625 1449961
-0.07568359375 0.4326171875 0.97265625 1449961
-0.07568359375 0.4326171875 0.97265625 1449961
-0.07568359375 0.4326171875 0.97265625 1449962
-0.0703125 0.4462890625 0.97802734375 1450064
-0.0703125 0.4462890625 0.97802734375 1450065
-0.0703125 0.4462890625 0.97802734375 1450066
-0.0703125 0.4462890625 0.97802734375 1450066
-0.06640625 0.44580078125 0.97216796875 1450166
-0.06640625 0.44580078125 0.97216796875 1450166
-0.06640625 0.44580078125 0.97216796875 1450166
-0.06640625 0.44580078125 0.97216796875 1450167
-0.0791015625 0.4287109375 0.96728515625 1450358
-0.0791015625 0.4287109375 0.96728515625 1450358
-0.0791015625 0.4287109375 0.96728515625 1450359
-0.0791015625 0.4287109375 0.96728515625 1450359
-0.05810546875 0.404296875 0.9912109375 1450566
-0.05810546875 0.404296875 0.9912109375 1450566
-0.05810546875 0.404296875 0.9912109375 1450566
-0.05810546875 0.404296875 0.9912109375 1450567
-0.08447265625 0.41162109375 0.9658203125 1450757
-0.08447265625 0.41162109375 0.9658203125 1450757
-0.08447265625 0.41162109375 0.9658203125 1450758
-0.08447265625 0.41162109375 0.9658203125 1450758
-0.07421875 0.41845703125 0.97998046875 1450866
-0.07421875 0.41845703125 0.97998046875 1450866
-0.07421875 0.41845703125 0.97998046875 1450866
-0.07421875 0.41845703125 0.97998046875 1450867
-0.08447265625 0.435546875 0.9814453125 1450967
-0.08447265625 0.435546875 0.9814453125 1450968
-0.08447265625 0.435546875 0.9814453125 1450968
-0.08447265625 0.435546875 0.9814453125 1450968
-0.08056640625 0.419921875 0.97412109375 1451156
-0.08056640625 0.419921875 0.97412109375 1451156
-0.08056640625 0.419921875 0.97412109375 1451156
-0.08056640625 0.419921875 0.97412109375 1451157
-0.08251953125 0.44384765625 0.98095703125 1451258
-0.08251953125 0.44384765625 0.98095703125 1451258
-0.08251953125 0.44384765625 0.98095703125 1451258
-0.08251953125 0.44384765625 0.98095703125 1451259
-0.08154296875 0.43896484375 0.98193359375 1451361
-0.08154296875 0.43896484375 0.98193359375 1451361
-0.08154296875 0.43896484375 0.98193359375 1451361
-0.078125 0.4501953125 0.978515625 1451465
-0.078125 0.4501953125 0.978515625 1451465
-0.078125 0.4501953125 0.978515625 1451465
-0.078125 0.4501953125 0.978515625 1451466
-0.087890625 0.44921875 0.97021484375 1451645
-0.087890625 0.44921875 0.97021484375 1451646
-0.087890625 0.44921875 0.97021484375 1451646
-0.087890625 0.44921875 0.97021484375 1451646
-0.083984375 0.4345703125 0.96923828125 1451760
-0.083984375 0.4345703125 0.96923828125 1451760
-0.083984375 0.4345703125 0.96923828125 1451760
-0.083984375 0.4345703125 0.96923828125 1451761
-0.07470703125 0.43017578125 0.9833984375 1451865
-0.07470703125 0.43017578125 0.9833984375 1451866
-0.07470703125 0.43017578125 0.9833984375 1451866
-0.07470703125 0.43017578125 0.9833984375 1451867
-0.08056640625 0.44384765625 0.9677734375 1452055
-0.08056640625 0.44384765625 0.9677734375 1452055
-0.08056640625 0.44384765625 0.9677734375 1452055
-0.08056640625 0.44384765625 0.9677734375 1452056
-0.07666015625 0.43017578125 0.9775390625 1452159
-0.07666015625 0.43017578125 0.9775390625 1452159
-0.07666015625 0.43017578125 0.9775390625 1452159
-0.07666015625 0.43017578125 0.9775390625 1452160
-0.07373046875 0.44091796875 0.97705078125 1452261
-0.07373046875 0.44091796875 0.97705078125 1452261
-0.07373046875 0.44091796875 0.97705078125 1452261
-0.07373046875 0.44091796875 0.97705078125 1452262
-0.072265625 0.44384765625 0.97998046875 1452373
-0.072265625 0.44384765625 0.97998046875 1452373
-0.072265625 0.44384765625 0.97998046875 1452373
-0.072265625 0.44384765625 0.97998046875 1452374
-0.07373046875 0.4365234375 0.97607421875 1452563
-0.07373046875 0.4365234375 0.97607421875 1452563
-0.07373046875 0.4365234375 0.97607421875 1452563
-0.07373046875 0.4365234375 0.97607421875 1452563
-0.0654296875 0.43798828125 0.97998046875 1452665
-0.0654296875 0.43798828125 0.97998046875 1452665
-0.0654296875 0.43798828125 0.97998046875 1452666
-0.0654296875 0.43798828125 0.97998046875 1452666
-0.06884765625 0.439453125 0.96630859375 1452855
-0.06884765625 0.439453125 0.96630859375 1452855
-0.06884765625 0.439453125 0.96630859375 1452855
-0.06884765625 0.439453125 0.96630859375 1452856
-0.0673828125 0.44091796875 0.96533203125 1452957
-0.0673828125 0.44091796875 0.96533203125 1452957
-0.0673828125 0.44091796875 0.96533203125 1452957
-0.0673828125 0.44091796875 0.96533203125 1452958
-0.06591796875 0.443359375 0.9716796875 1453060
-0.06591796875 0.443359375 0.9716796875 1453060
-0.06591796875 0.443359375 0.9716796875 1453060
-0.0556640625 0.4521484375 0.974609375 1453166
-0.0556640625 0.4521484375 0.974609375 1453166
-0.0556640625 0.4521484375 0.974609375 1453167
-0.0556640625 0.4521484375 0.974609375 1453167
-0.0654296875 0.4375 0.97216796875 1453353
-0.0654296875 0.4375 0.97216796875 1453353
-0.0654296875 0.4375 0.97216796875 1453353
-0.0654296875 0.4375 0.97216796875 1453354
-0.04736328125 0.4453125 0.97998046875 1453456
-0.04736328125 0.4453125 0.97998046875 1453456
-0.04736328125 0.4453125 0.97998046875 1453456
-0.04736328125 0.4453125 0.97998046875 1453457
-0.0576171875 0.443359375 0.9697265625 1453558
-0.0576171875 0.443359375 0.9697265625 1453558
-0.0576171875 0.443359375 0.9697265625 1453559
-0.0576171875 0.443359375 0.9697265625 1453559
-0.05322265625 0.4453125 0.9697265625 1453661
-0.05322265625 0.4453125 0.9697265625 1453661
-0.05322265625 0.4453125 0.9697265625 1453661
-0.05322265625 0.4453125 0.9697265625 1453662
-0.041015625 0.44384765625 0.986328125 1453854
-0.041015625 0.44384765625 0.986328125 1453854
-0.041015625 0.44384765625 0.986328125 1453854
-0.041015625 0.44384765625 0.986328125 1453855
-0.04736328125 0.43798828125 0.97998046875 1453957
-0.04736328125 0.43798828125 0.97998046875 1453957
-0.04736328125 0.43798828125 0.97998046875 1453958
-0.04736328125 0.43798828125 0.97998046875 1453958
-0.05224609375 0.44091796875 0.966796875 1454058
-0.05224609375 0.44091796875 0.966796875 1454058
-0.05224609375 0.44091796875 0.966796875 1454059
-0.05224609375 0.44091796875 0.966796875 1454059
-0.05078125 0.4443359375 0.9755859375 1454161
-0.05078125 0.4443359375 0.9755859375 1454161
-0.05078125 0.4443359375 0.9755859375 1454161
-0.05078125 0.4443359375 0.9755859375 1454162
-0.04638671875 0.44873046875 0.97900390625 1454264
-0.04638671875 0.44873046875 0.97900390625 1454264
-0.04638671875 0.44873046875 0.97900390625 1454264
-0.04638671875 0.44873046875 0.97900390625 1454265
-0.0458984375 0.4482421875 0.97412109375 1454453
-0.0458984375 0.4482421875 0.97412109375 1454453
-0.0458984375 0.4482421875 0.97412109375 1454453
-0.0458984375 0.4482421875 0.97412109375 1454454
-0.05322265625 0.44384765625 0.96630859375 1454556
-0.05322265625 0.44384765625 0.96630859375 1454556
-0.05322265625 0.44384765625 0.96630859375 1454557
-0.05322265625 0.44384765625 0.96630859375 1454557
-0.0517578125 0.44970703125 0.9755859375 1454658
-0.0517578125 0.44970703125 0.9755859375 1454658
-0.0517578125 0.44970703125 0.9755859375 1454658
-0.0517578125 0.44970703125 0.9755859375 1454659
-0.0517578125 0.4443359375 0.98095703125 1454761
-0.0517578125 0.4443359375 0.98095703125 1454762
-0.0517578125 0.4443359375 0.98095703125 1454762
-0.0517578125 0.4443359375 0.98095703125 1454762
-0.04345703125 0.43408203125 0.974609375 1454863
-0.04345703125 0.43408203125 0.974609375 1454863
-0.04345703125 0.43408203125 0.974609375 1454863
-0.04345703125 0.43408203125 0.974609375 1454864
-0.0458984375 0.4443359375 0.9755859375 1455053
-0.0458984375 0.4443359375 0.9755859375 1455053
-0.0458984375 0.4443359375 0.9755859375 1455053
-0.0458984375 0.4443359375 0.9755859375 1455054
-0.04638671875 0.44775390625 0.97119140625 1455156
-0.04638671875 0.44775390625 0.97119140625 1455156
-0.04638671875 0.44775390625 0.97119140625 1455156
-0.04638671875 0.44775390625 0.97119140625 1455157
-0.046875 0.4423828125 0.97705078125 1455265
-0.046875 0.4423828125 0.97705078125 1455266
-0.046875 0.4423828125 0.97705078125 1455266
-0.0458984375 0.44775390625 0.9794921875 1455364
-0.04638671875 0.44091796875 0.97900390625 1455462
-0.04638671875 0.44091796875 0.97900390625 1455462
-0.04638671875 0.44091796875 0.97900390625 1455462
-0.04541015625 0.4365234375 0.97607421875 1455541
-0.05078125 0.435546875 0.97509765625 1455653
-0.05078125 0.435546875 0.97509765625 1455653
-0.05078125 0.435546875 0.97509765625 1455653
-0.05078125 0.435546875 0.97509765625 1455654
-0.0498046875 0.453125 0.9716796875 1455756
-0.0498046875 0.453125 0.9716796875 1455756
-0.0498046875 0.453125 0.9716796875 1455756
-0.0498046875 0.453125 0.9716796875 1455757
-0.044921875 0.43798828125 0.97509765625 1455859
-0.044921875 0.43798828125 0.97509765625 1455859
-0.044921875 0.43798828125 0.97509765625 1455859
-0.044921875 0.43798828125 0.97509765625 1455860
-0.04541015625 0.44091796875 0.97998046875 1455961
-0.04541015625 0.44091796875 0.97998046875 1455961
-0.04541015625 0.44091796875 0.97998046875 1455961
-0.04541015625 0.44091796875 0.97998046875 1455962
-0.048828125 0.4384765625 0.9794921875 1456063
-0.048828125 0.4384765625 0.9794921875 1456063
-0.048828125 0.4384765625 0.9794921875 1456063
-0.048828125 0.4384765625 0.9794921875 1456064
-0.04931640625 0.44091796875 0.978515625 1456253
-0.04931640625 0.44091796875 0.978515625 1456253
-0.04931640625 0.44091796875 0.978515625 1456254
-0.04931640625 0.44091796875 0.978515625 1456254
-0.05224609375 0.43798828125 0.9794921875 1456355
-0.05224609375 0.43798828125 0.9794921875 1456355
-0.05224609375 0.43798828125 0.9794921875 1456356
-0.05224609375 0.43798828125 0.9794921875 1456356
-0.04345703125 0.4375 0.97900390625 1456457
-0.04345703125 0.4375 0.97900390625 1456457
-0.04345703125 0.4375 0.97900390625 1456457
-0.04345703125 0.4375 0.97900390625 1456458
-0.03857421875 0.4306640625 0.9775390625 1456559
-0.03857421875 0.4306640625 0.9775390625 1456559
-0.03857421875 0.4306640625 0.9775390625 1456559
-0.03857421875 0.4306640625 0.9775390625 1456560
-0.0390625 0.4453125 0.9990234375 1456752
-0.0390625 0.4453125 0.9990234375 1456752
-0.0390625 0.4453125 0.9990234375 1456753
-0.0390625 0.4453125 0.9990234375 1456753
-0.037109375 0.46044921875 1.00048828125 1456855
-0.037109375 0.46044921875 1.00048828125 1456855
-0.037109375 0.46044921875 1.00048828125 1456855
-0.037109375 0.46044921875 1.00048828125 1456856
-0.07177734375 0.4404296875 0.9619140625 1457052
-0.07177734375 0.4404296875 0.9619140625 1457052
-0.07177734375 0.4404296875 0.9619140625 1457052
-0.07177734375 0.4404296875 0.9619140625 1457053
-0.052734375 0.4462890625 0.97607421875 1457154
-0.052734375 0.4462890625 0.97607421875 1457154
-0.052734375 0.4462890625 0.97607421875 1457155
-0.052734375 0.4462890625 0.97607421875 1457155
-0.0546875 0.44580078125 0.97705078125 1457258
-0.0546875 0.44580078125 0.97705078125 1457259
-0.0546875 0.44580078125 0.97705078125 1457259
-0.0625 0.43212890625 0.962890625 1457361
-0.0625 0.43212890625 0.962890625 1457361
-0.0625 0.43212890625 0.962890625 1457361
-0.0625 0.43212890625 0.962890625 1457362
-0.0400390625 0.44775390625 0.962890625 1457550
-0.0400390625 0.44775390625 0.962890625 1457550
-0.0400390625 0.44775390625 0.962890625 1457550
-0.0400390625 0.44775390625 0.962890625 1457551
-0.02197265625 0.46826171875 0.9853515625 1457652
-0.02197265625 0.46826171875 0.9853515625 1457652
-0.02197265625 0.46826171875 0.9853515625 1457653
-0.02197265625 0.46826171875 0.9853515625 1457653
-0.0126953125 0.447265625 0.98486328125 1457756
-0.0126953125 0.447265625 0.98486328125 1457757
-0.0126953125 0.447265625 0.98486328125 1457757
-0.0126953125 0.447265625 0.98486328125 1457757
-0.03369140625 0.40283203125 0.9599609375 1457857
-0.03369140625 0.40283203125 0.9599609375 1457857
-0.03369140625 0.40283203125 0.9599609375 1457858
-0.03369140625 0.40283203125 0.9599609375 1457858
0.00634765625 0.4501953125 0.974609375 1457960
0.00634765625 0.4501953125 0.974609375 1457960
0.00634765625 0.4501953125 0.974609375 1457961
0.00634765625 0.4501953125 0.974609375 1457961
0.0068359375 0.44287109375 0.97900390625 1458062
0.0068359375 0.44287109375 0.97900390625 1458062
0.0068359375 0.44287109375 0.97900390625 1458063
0.0068359375 0.44287109375 0.97900390625 1458063
0.01513671875 0.4765625 1.00146484375 1458252
0.01513671875 0.4765625 1.00146484375 1458253
0.01513671875 0.4765625 1.00146484375 1458253
0.01513671875 0.4765625 1.00146484375 1458253
-0.03076171875 0.431640625 0.94580078125 1458354
-0.03076171875 0.431640625 0.94580078125 1458355
-0.03076171875 0.431640625 0.94580078125 1458355
-0.03076171875 0.431640625 0.94580078125 1458355
0.001953125 0.41943359375 0.9677734375 1458457
0.001953125 0.41943359375 0.9677734375 1458457
0.001953125 0.41943359375 0.9677734375 1458457
0.001953125 0.41943359375 0.9677734375 1458458
-0.04443359375 0.40234375 0.9521484375 1458559
-0.04443359375 0.40234375 0.9521484375 1458560
-0.04443359375 0.40234375 0.9521484375 1458560
-0.04443359375 0.40234375 0.9521484375 1458560
0.01806640625 0.39013671875 0.98046875 1458662
0.01806640625 0.39013671875 0.98046875 1458662
0.01806640625 0.39013671875 0.98046875 1458663
0.01806640625 0.39013671875 0.98046875 1458663
-0.05908203125 0.47607421875 0.953125 1458855
-0.05908203125 0.47607421875 0.953125 1458855
-0.05908203125 0.47607421875 0.953125 1458856
-0.05908203125 0.47607421875 0.953125 1458856
-0.19384765625 0.64892578125 0.86181640625 1458957
-0.19384765625 0.64892578125 0.86181640625 1458957
-0.19384765625 0.64892578125 0.86181640625 1458958
-0.19384765625 0.64892578125 0.86181640625 1458958
-0.599609375 0.72607421875 0.48681640625 1459060
-0.599609375 0.72607421875 0.48681640625 1459060
-0.599609375 0.72607421875 0.48681640625 1459060
-0.599609375 0.72607421875 0.48681640625 1459061
-0.912109375 0.65966796875 0.109375 1459162
-0.912109375 0.65966796875 0.109375 1459162
-0.912109375 0.65966796875 0.109375 1459162
-0.912109375 0.65966796875 0.109375 1459163
-0.822265625 0.18212890625 -0.3916015625 1459351
-0.822265625 0.18212890625 -0.3916015625 1459351
-0.822265625 0.18212890625 -0.3916015625 1459351
-0.822265625 0.18212890625 -0.3916015625 1459352
-0.48876953125 -0.12158203125 0.00146484375 1459453
-0.48876953125 -0.12158203125 0.00146484375 1459453
-0.48876953125 -0.12158203125 0.00146484375 1459453
-0.48876953125 -0.12158203125 0.00146484375 1459454
-1.02001953125 0.66845703125 -0.734375 1459556
-1.02001953125 0.66845703125 -0.734375 1459556
-1.02001953125 0.66845703125 -0.734375 1459557
-0.89697265625 0.22412109375 -0.4775390625 1459665
-0.89697265625 0.22412109375 -0.4775390625 1459666
-0.89697265625 0.22412109375 -0.4775390625 1459666
-0.89697265625 0.22412109375 -0.4775390625 1459666
-1.13525390625 0.83447265625 -0.10595703125 1459855
-1.13525390625 0.83447265625 -0.10595703125 1459856
-1.13525390625 0.83447265625 -0.10595703125 1459856
-1.13525390625 0.83447265625 -0.10595703125 1459857
-0.36181640625 0.15576171875 0.849609375 1460056
-0.36181640625 0.15576171875 0.849609375 1460057
-0.36181640625 0.15576171875 0.849609375 1460058
-0.36181640625 0.15576171875 0.849609375 1460058
0.13037109375 0.35009765625 0.9697265625 1460251
0.13037109375 0.35009765625 0.9697265625 1460286
0.13037109375 0.35009765625 0.9697265625 1460286
0.13037109375 0.35009765625 0.9697265625 1460287
0.314453125 0.375 0.96533203125 1460353
0.19873046875 0.55712890625 0.92822265625 1460461
0.19873046875 0.55712890625 0.92822265625 1460461
0.19873046875 0.55712890625 0.92822265625 1460461
0.19873046875 0.55712890625 0.92822265625 1460462
-0.09326171875 0.67822265625 0.7900390625 1460649
-0.09326171875 0.67822265625 0.7900390625 1460650
-0.09326171875 0.67822265625 0.7900390625 1460650
-0.09326171875 0.67822265625 0.7900390625 1460650
-0.2041015625 0.7041015625 0.705078125 1460754
-0.2041015625 0.7041015625 0.705078125 1460754
-0.2041015625 0.7041015625 0.705078125 1460755
-0.2041015625 0.7041015625 0.705078125 1460755
-0.1552734375 0.77197265625 0.76123046875 1460856
-0.1552734375 0.77197265625 0.76123046875 1460856
-0.1552734375 0.77197265625 0.76123046875 1460856
-0.1552734375 0.77197265625 0.76123046875 1460857
-0.1005859375 0.75927734375 0.87060546875 1460958
-0.1005859375 0.75927734375 0.87060546875 1460959
-0.1005859375 0.75927734375 0.87060546875 1460959
-0.1005859375 0.75927734375 0.87060546875 1460959
-0.12890625 0.6689453125 0.83251953125 1461060
-0.12890625 0.6689453125 0.83251953125 1461060
-0.12890625 0.6689453125 0.83251953125 1461061
-0.12890625 0.6689453125 0.83251953125 1461061
-0.1630859375 0.70263671875 0.79736328125 1461248
-0.1630859375 0.70263671875 0.79736328125 1461248
-0.1630859375 0.70263671875 0.79736328125 1461249
-0.1630859375 0.70263671875 0.79736328125 1461249
-0.091796875 0.67041015625 0.8515625 1461351
-0.091796875 0.67041015625 0.8515625 1461351
-0.091796875 0.67041015625 0.8515625 1461359
-0.091796875 0.67041015625 0.8515625 1461360
-0.0517578125 0.68896484375 0.88671875 1461453
-0.0517578125 0.68896484375 0.88671875 1461453
-0.03076171875 0.60791015625 0.89208984375 1461556
-0.03076171875 0.60791015625 0.89208984375 1461556
-0.03076171875 0.60791015625 0.89208984375 1461556
-0.03076171875 0.60791015625 0.89208984375 1461557
0.03125 0.55078125 0.986328125 1461658
0.03125 0.55078125 0.986328125 1461658
0.03125 0.55078125 0.986328125 1461658
0.03125 0.55078125 0.986328125 1461659
-0.01806640625 0.49951171875 0.943359375 1461848
-0.01806640625 0.49951171875 0.943359375 1461848
-0.01806640625 0.49951171875 0.943359375 1461848
-0.01806640625 0.49951171875 0.943359375 1461849
-0.00830078125 0.451171875 0.9482421875 1461951
-0.00830078125 0.451171875 0.9482421875 1461951
-0.00830078125 0.451171875 0.9482421875 1461951
-0.00830078125 0.451171875 0.9482421875 1461952
-0.001953125 0.4482421875 0.962890625 1462055
-0.001953125 0.4482421875 0.962890625 1462055
-0.001953125 0.4482421875 0.962890625 1462055
-0.001953125 0.4482421875 0.962890625 1462056
-0.00927734375 0.4521484375 0.95166015625 1462157
-0.00927734375 0.4521484375 0.95166015625 1462157
-0.00927734375 0.4521484375 0.95166015625 1462157
-0.00927734375 0.4521484375 0.95166015625 1462158
0.005859375 0.423828125 0.96533203125 1462259
0.005859375 0.423828125 0.96533203125 1462259
0.005859375 0.423828125 0.96533203125 1462259
0.005859375 0.423828125 0.96533203125 1462260
0.01904296875 0.4580078125 0.98583984375 1462448
0.01904296875 0.4580078125 0.98583984375 1462448
0.01904296875 0.4580078125 0.98583984375 1462448
0.01904296875 0.4580078125 0.98583984375 1462449
0.0048828125 0.46044921875 0.966796875 1462552
0.0048828125 0.46044921875 0.966796875 1462552
0.0048828125 0.46044921875 0.966796875 1462552
0.0048828125 0.46044921875 0.966796875 1462553
0.02099609375 0.43798828125 0.98486328125 1462653
0.02099609375 0.43798828125 0.98486328125 1462653
0.02099609375 0.43798828125 0.98486328125 1462653
0.02099609375 0.43212890625 1.00244140625 1462757
0.02099609375 0.43212890625 1.00244140625 1462761
0.02099609375 0.43212890625 1.00244140625 1462761
0.02099609375 0.43212890625 1.00244140625 1462762
-0.02197265625 0.4384765625 0.96533203125 1462947
-0.02197265625 0.4384765625 0.96533203125 1462947
-0.02197265625 0.4384765625 0.96533203125 1462948
-0.02197265625 0.4384765625 0.96533203125 1462948
-0.02978515625 0.451171875 0.94921875 1463049
-0.02978515625 0.451171875 0.94921875 1463050
-0.02978515625 0.451171875 0.94921875 1463050
-0.02978515625 0.451171875 0.94921875 1463050
-0.01025390625 0.44921875 0.96435546875 1463151
-0.01025390625 0.44921875 0.96435546875 1463151
-0.01025390625 0.44921875 0.96435546875 1463152
-0.01025390625 0.44921875 0.96435546875 1463152
-0.00244140625 0.4296875 0.97607421875 1463260
-0.00244140625 0.4296875 0.97607421875 1463260
-0.00244140625 0.4296875 0.97607421875 1463260
-0.00244140625 0.4296875 0.97607421875 1463261
0.0087890625 0.45166015625 1.01220703125 1463462
0.0087890625 0.45166015625 1.01220703125 1463463
0.0087890625 0.45166015625 1.01220703125 1463463
0.0087890625 0.45166015625 1.01220703125 1463463
-0.0439453125 0.4306640625 0.95361328125 1463653
-0.0439453125 0.4306640625 0.95361328125 1463654
-0.0439453125 0.4306640625 0.95361328125 1463654
-0.0439453125 0.4306640625 0.95361328125 1463654
-0.01953125 0.4404296875 0.97705078125 1463756
-0.01953125 0.4404296875 0.97705078125 1463756
-0.01953125 0.4404296875 0.97705078125 1463757
-0.01953125 0.4404296875 0.97705078125 1463757
-0.03125 0.42626953125 0.958984375 1463858
-0.03125 0.42626953125 0.958984375 1463859
-0.03125 0.42626953125 0.958984375 1463859
-0.03125 0.42626953125 0.958984375 1463859
-0.0185546875 0.44189453125 0.98876953125 1464047
-0.0185546875 0.44189453125 0.98876953125 1464047
-0.0185546875 0.44189453125 0.98876953125 1464055
-0.0185546875 0.44189453125 0.98876953125 1464055
-0.056640625 0.45947265625 0.95166015625 1464149
-0.056640625 0.45947265625 0.95166015625 1464150
-0.033203125 0.45068359375 0.96923828125 1464252
-0.033203125 0.45068359375 0.96923828125 1464252
-0.033203125 0.45068359375 0.96923828125 1464252
-0.033203125 0.45068359375 0.96923828125 1464253
-0.0400390625 0.43798828125 0.96337890625 1464355
-0.0400390625 0.43798828125 0.96337890625 1464355
-0.0400390625 0.43798828125 0.96337890625 1464356
-0.0400390625 0.43798828125 0.96337890625 1464356
-0.02392578125 0.4453125 0.98486328125 1464457
-0.02392578125 0.4453125 0.98486328125 1464457
-0.02392578125 0.4453125 0.98486328125 1464458
-0.02392578125 0.4453125 0.98486328125 1464458
-0.0283203125 0.443359375 0.966796875 1464646
-0.0283203125 0.443359375 0.966796875 1464646
-0.0283203125 0.443359375 0.966796875 1464646
-0.0283203125 0.443359375 0.966796875 1464647
-0.01904296875 0.45849609375 0.97607421875 1464748
-0.01904296875 0.45849609375 0.97607421875 1464748
-0.01904296875 0.45849609375 0.97607421875 1464749
-0.01904296875 0.45849609375 0.97607421875 1464749
-0.01611328125 0.44482421875 0.9833984375 1464850
-0.01611328125 0.44482421875 0.9833984375 1464850
-0.01611328125 0.44482421875 0.9833984375 1464851
-0.01611328125 0.44482421875 0.9833984375 1464851
-0.0244140625 0.45849609375 0.9755859375 1464953
-0.0244140625 0.45849609375 0.9755859375 1464953
-0.0244140625 0.45849609375 0.9755859375 1464953
-0.0244140625 0.45849609375 0.9755859375 1464954
-0.02001953125 0.44580078125 0.97021484375 1465056
-0.02001953125 0.44580078125 0.97021484375 1465056
-0.02001953125 0.44580078125 0.97021484375 1465056
-0.02001953125 0.44580078125 0.97021484375 1465057
-0.01513671875 0.45263671875 0.9775390625 1465247
-0.01513671875 0.45263671875 0.9775390625 1465247
-0.01513671875 0.45263671875 0.9775390625 1465247
-0.01513671875 0.45263671875 0.9775390625 1465248
-0.033203125 0.44775390625 0.962890625 1465349
-0.033203125 0.44775390625 0.962890625 1465349
-0.033203125 0.44775390625 0.962890625 1465349
-0.033203125 0.44775390625 0.962890625 1465350
-0.02099609375 0.4482421875 0.97607421875 1465470
-0.02099609375 0.4482421875 0.97607421875 1465471
-0.02099609375 0.4482421875 0.97607421875 1465471
-0.02099609375 0.4482421875 0.97607421875 1465472
-0.0283203125 0.45654296875 0.96826171875 1465635
-0.0283203125 0.45654296875 0.96826171875 1465635
-0.0283203125 0.45654296875 0.96826171875 1465635
-0.0283203125 0.45654296875 0.96826171875 1465636
-0.0107421875 0.44970703125 0.974609375 1465746
-0.0107421875 0.44970703125 0.974609375 1465747
-0.0107421875 0.44970703125 0.974609375 1465747
-0.0107421875 0.44970703125 0.974609375 1465748
-0.01220703125 0.45703125 0.97216796875 1465848
-0.01220703125 0.45703125 0.97216796875 1465848
-0.01220703125 0.45703125 0.97216796875 1465848
-0.01220703125 0.45703125 0.97216796875 1465849
-0.0166015625 0.4541015625 0.97265625 1465951
-0.0166015625 0.4541015625 0.97265625 1465951
-0.0166015625 0.4541015625 0.97265625 1465951
-0.0166015625 0.4541015625 0.97265625 1465952
-0.01708984375 0.4462890625 0.97119140625 1466156
-0.01708984375 0.4462890625 0.97119140625 1466156
-0.01708984375 0.4462890625 0.97119140625 1466157
-0.01708984375 0.4462890625 0.97119140625 1466157
-0.01611328125 0.45556640625 0.970703125 1466346
-0.01611328125 0.45556640625 0.970703125 1466346
-0.01611328125 0.45556640625 0.970703125 1466347
-0.01611328125 0.45556640625 0.970703125 1466347
-0.02099609375 0.4423828125 0.96875 1466454
-0.02099609375 0.4423828125 0.96875 1466454
-0.02099609375 0.4423828125 0.96875 1466455
-0.02099609375 0.4423828125 0.96875 1466455
-0.0126953125 0.44482421875 0.9755859375 1466643
-0.0126953125 0.44482421875 0.9755859375 1466643
-0.0126953125 0.44482421875 0.9755859375 1466644
-0.0126953125 0.44482421875 0.9755859375 1466644
-0.00390625 0.4521484375 0.97802734375 1466746
-0.00390625 0.4521484375 0.97802734375 1466746
-0.00390625 0.4521484375 0.97802734375 1466746
-0.00390625 0.4521484375 0.97802734375 1466747
-0.0087890625 0.44775390625 0.9794921875 1466850
-0.0087890625 0.44775390625 0.9794921875 1466850
-0.0087890625 0.44775390625 0.9794921875 1466850
-0.0087890625 0.44775390625 0.9794921875 1466851
-0.0126953125 0.44287109375 0.97900390625 1466951
-0.0126953125 0.44287109375 0.97900390625 1466951
0 0.4462890625 0.97900390625 1467055
0 0.4462890625 0.97900390625 1467055
0 0.4462890625 0.97900390625 1467056
0 0.4462890625 0.97900390625 1467056
-0.01025390625 0.43994140625 0.9765625 1467245
-0.01025390625 0.43994140625 0.9765625 1467245
-0.01025390625 0.43994140625 0.9765625 1467246
-0.01025390625 0.43994140625 0.9765625 1467246
-0.00537109375 0.435546875 0.9833984375 1467348
-0.00537109375 0.435546875 0.9833984375 1467348
-0.00537109375 0.435546875 0.9833984375 1467348
-0.00537109375 0.435546875 0.9833984375 1467349
-0.01318359375 0.43994140625 0.970703125 1467450
-0.01318359375 0.43994140625 0.970703125 1467450
-0.01318359375 0.43994140625 0.970703125 1467450
-0.01318359375 0.43994140625 0.970703125 1467451
-0.0029296875 0.435546875 0.97998046875 1467552
-0.0029296875 0.435546875 0.97998046875 1467552
-0.0029296875 0.435546875 0.97998046875 1467552
-0.0029296875 0.435546875 0.97998046875 1467553
-0.001953125 0.4365234375 0.98193359375 1467655
-0.001953125 0.4365234375 0.98193359375 1467655
-0.001953125 0.4365234375 0.98193359375 1467655
-0.001953125 0.4365234375 0.98193359375 1467656
-0.01171875 0.435546875 0.97265625 1467845
-0.01171875 0.435546875 0.97265625 1467845
-0.01171875 0.435546875 0.97265625 1467845
-0.01171875 0.435546875 0.97265625 1467846
-0.0087890625 0.43603515625 0.97607421875 1467947
-0.0087890625 0.43603515625 0.97607421875 1467947
-0.0087890625 0.43603515625 0.97607421875 1467947
-0.0087890625 0.43603515625 0.97607421875 1467948
-0.0068359375 0.43798828125 0.984375 1468050
-0.0068359375 0.43798828125 0.984375 1468050
-0.0068359375 0.43798828125 0.984375 1468051
-0.0068359375 0.43798828125 0.984375 1468051
-0.01611328125 0.43896484375 0.97509765625 1468153
-0.01611328125 0.43896484375 0.97509765625 1468153
-0.01611328125 0.43896484375 0.97509765625 1468153
-0.01611328125 0.43896484375 0.97509765625 1468154
-0.0068359375 0.43798828125 0.98388671875 1468255
-0.0068359375 0.43798828125 0.98388671875 1468255
-0.0068359375 0.43798828125 0.98388671875 1468256
-0.0068359375 0.43798828125 0.98388671875 1468256
-0.0126953125 0.42822265625 0.97412109375 1468445
-0.0126953125 0.42822265625 0.97412109375 1468445
-0.0126953125 0.42822265625 0.97412109375 1468446
-0.0126953125 0.42822265625 0.97412109375 1468446
-0.0068359375 0.43798828125 0.974609375 1468547
-0.0068359375 0.43798828125 0.974609375 1468547
-0.0068359375 0.43798828125 0.974609375 1468548
-0.0068359375 0.43798828125 0.974609375 1468548
-0.0078125 0.44189453125 0.98291015625 1468649
-0.0078125 0.44189453125 0.98291015625 1468649
-0.0078125 0.44189453125 0.98291015625 1468649
-0.00732421875 0.43408203125 0.9853515625 1468753
-0.00732421875 0.43408203125 0.9853515625 1468753
-0.00732421875 0.43408203125 0.9853515625 1468754
-0.00732421875 0.43408203125 0.9853515625 1468754
-0.009765625 0.44091796875 0.9814453125 1468944
-0.009765625 0.44091796875 0.9814453125 1468944
-0.009765625 0.44091796875 0.9814453125 1468945
-0.009765625 0.44091796875 0.9814453125 1468945
-0.00927734375 0.43798828125 0.97216796875 1469045
-0.00927734375 0.43798828125 0.97216796875 1469045
-0.00927734375 0.43798828125 0.97216796875 1469045
-0.00927734375 0.43798828125 0.97216796875 1469046
-0.00927734375 0.4384765625 0.98291015625 1469149
-0.00927734375 0.4384765625 0.98291015625 1469149
-0.00927734375 0.4384765625 0.98291015625 1469150
-0.00927734375 0.4384765625 0.98291015625 1469150
-0.00732421875 0.435546875 0.98291015625 1469251
-0.00732421875 0.435546875 0.98291015625 1469251
-0.00732421875 0.435546875 0.98291015625 1469252
-0.00732421875 0.435546875 0.98291015625 1469252
0 0.43212890625 0.986328125 1469354
0 0.43212890625 0.986328125 1469355
0 0.43212890625 0.986328125 1469355
0 0.43212890625 0.986328125 1469356
-0.0107421875 0.43359375 0.97607421875 1469543
-0.0107421875 0.43359375 0.97607421875 1469543
-0.0107421875 0.43359375 0.97607421875 1469543
-0.0107421875 0.43359375 0.97607421875 1469544
-0.0029296875 0.44091796875 0.9970703125 1469652
-0.0029296875 0.44091796875 0.9970703125 1469653
-0.0029296875 0.44091796875 0.9970703125 1469653
-0.0029296875 0.44091796875 0.9970703125 1469653
-0.0029296875 0.44091796875 0.97998046875 1469842
-0.0029296875 0.44091796875 0.97998046875 1469842
-0.0029296875 0.44091796875 0.97998046875 1469842
-0.0029296875 0.44091796875 0.97998046875 1469843
-0.0087890625 0.4443359375 0.98291015625 1469945
-0.0087890625 0.4443359375 0.98291015625 1469945
-0.0087890625 0.4443359375 0.98291015625 1469945
-0.0087890625 0.4443359375 0.98291015625 1469946
-0.0009765625 0.431640625 0.97998046875 1470047
-0.0009765625 0.431640625 0.97998046875 1470048
-0.0009765625 0.431640625 0.97998046875 1470048
-0.0009765625 0.431640625 0.97998046875 1470049
-0.00146484375 0.431640625 0.9873046875 1470149
-0.00146484375 0.431640625 0.9873046875 1470150
-0.00146484375 0.431640625 0.9873046875 1470150
-0.00146484375 0.431640625 0.9873046875 1470150
-0.0048828125 0.435546875 0.982421875 1470251
-0.0048828125 0.435546875 0.982421875 1470251
-0.0048828125 0.435546875 0.982421875 1470252
-0.0048828125 0.435546875 0.982421875 1470252
-0.0068359375 0.42919921875 0.9765625 1470441
-0.0068359375 0.42919921875 0.9765625 1470442
-0.0068359375 0.42919921875 0.9765625 1470442
-0.0068359375 0.42919921875 0.9765625 1470442
-0.00439453125 0.4296875 0.98828125 1470644
-0.00439453125 0.4296875 0.98828125 1470644
-0.00439453125 0.4296875 0.98828125 1470645
-0.00439453125 0.4296875 0.98828125 1470645
-0.00537109375 0.44482421875 0.9794921875 1470747
-0.00537109375 0.44482421875 0.9794921875 1470747
-0.00537109375 0.44482421875 0.9794921875 1470747
-0.00537109375 0.44482421875 0.9794921875 1470748
-0.01171875 0.45654296875 0.98486328125 1470849
-0.01171875 0.45654296875 0.98486328125 1470850
-0.01171875 0.45654296875 0.98486328125 1470850
-0.01171875 0.45654296875 0.98486328125 1470851
-0.01708984375 0.439453125 0.97900390625 1470951
-0.01708984375 0.439453125 0.97900390625 1470960
-0.01708984375 0.439453125 0.97900390625 1470961
-0.01708984375 0.439453125 0.97900390625 1470961
-0.04296875 0.443359375 0.9638671875 1471145
-0.04296875 0.443359375 0.9638671875 1471145
-0.04296875 0.443359375 0.9638671875 1471145
-0.04296875 0.443359375 0.9638671875 1471146
-0.05615234375 0.4130859375 0.93994140625 1471347
-0.05615234375 0.4130859375 0.93994140625 1471347
-0.05615234375 0.4130859375 0.93994140625 1471348
-0.05615234375 0.4130859375 0.93994140625 1471348
-0.04150390625 0.40625 0.9609375 1471449
-0.04150390625 0.40625 0.9609375 1471449
-0.04150390625 0.40625 0.9609375 1471450
-0.04150390625 0.40625 0.9609375 1471450
0.02099609375 0.44384765625 1.04345703125 1471552
0.02099609375 0.44384765625 1.04345703125 1471552
0.02099609375 0.44384765625 1.04345703125 1471552
0.02099609375 0.44384765625 1.04345703125 1471553
-0.5322265625 0.65380859375 0.515625 1471742
-0.5322265625 0.65380859375 0.515625 1471742
-0.5322265625 0.65380859375 0.515625 1471742
-0.5322265625 0.65380859375 0.515625 1471743
-0.8505859375 0.61767578125 0.03466796875 1471845
-0.8505859375 0.61767578125 0.03466796875 1471845
-0.8505859375 0.61767578125 0.03466796875 1471846
-0.8505859375 0.61767578125 0.03466796875 1471846
-0.908203125 0.4541015625 -0.18359375 1471947
-0.908203125 0.4541015625 -0.18359375 1471947
-0.908203125 0.4541015625 -0.18359375 1471947
-0.908203125 0.4541015625 -0.18359375 1471948
-0.8779296875 0.3037109375 -0.38134765625 1472054
-0.8779296875 0.3037109375 -0.38134765625 1472055
-0.8779296875 0.3037109375 -0.38134765625 1472056
-0.8779296875 0.3037109375 -0.38134765625 1472056
-0.80810546875 0.15576171875 -0.7353515625 1472230
-0.80810546875 0.15576171875 -0.7353515625 1472231
-0.80810546875 0.15576171875 -0.7353515625 1472231
-0.80810546875 0.15576171875 -0.7353515625 1472231
-0.98193359375 0.40087890625 -0.71923828125 1472342
-0.98193359375 0.40087890625 -0.71923828125 1472342
-0.98193359375 0.40087890625 -0.71923828125 1472343
-0.98193359375 0.40087890625 -0.71923828125 1472343
-0.95703125 0.40771484375 -0.205078125 1472444
-0.95703125 0.40771484375 -0.205078125 1472444
-0.95703125 0.40771484375 -0.205078125 1472445
-0.95703125 0.40771484375 -0.205078125 1472445
-0.68115234375 0.21630859375 0.43701171875 1472547
-0.68115234375 0.21630859375 0.43701171875 1472547
-0.68115234375 0.21630859375 0.43701171875 1472547
-0.3720703125 0.1474609375 0.78173828125 1472656
-0.3720703125 0.1474609375 0.78173828125 1472656
-0.3720703125 0.1474609375 0.78173828125 1472656
-0.3720703125 0.1474609375 0.78173828125 1472657
-0.21142578125 0.62158203125 0.85986328125 1472853
-0.21142578125 0.62158203125 0.85986328125 1472853
-0.21142578125 0.62158203125 0.85986328125 1472853
-0.21142578125 0.62158203125 0.85986328125 1472854
