0.1455078125 0.3291015625 1.00439453125 1331146
0.1455078125 0.3291015625 1.00439453125 1331146
0.1455078125 0.3291015625 1.00439453125 1331190
0.1455078125 0.3291015625 1.00439453125 1331190
0.1455078125 0.3291015625 1.00439453125 1331190
0.1787109375 0.2958984375 1.01708984375 1331266
0.07568359375 0.31884765625 1.0048828125 1331344
0.07568359375 0.31884765625 1.0048828125 1331345
0.07568359375 0.31884765625 1.0048828125 1331345
0.14599609375 0.25390625 1.0146484375 1331456
0.14599609375 0.25390625 1.0146484375 1331456
0.14599609375 0.25390625 1.0146484375 1331456
0.14599609375 0.25390625 1.0146484375 1331457
0.17138671875 0.2119140625 1.033203125 1331560
0.17138671875 0.2119140625 1.033203125 1331561
0.17138671875 0.2119140625 1.033203125 1331581
0.17138671875 0.2119140625 1.033203125 1331582
0.19677734375 0.1591796875 1.0283203125 1331661
0.19677734375 0.1591796875 1.0283203125 1331662
0.1591796875 0.1552734375 1.0185546875 1331765
0.1591796875 0.1552734375 1.0185546875 1331765
0.1591796875 0.1552734375 1.0185546875 1331765
0.1591796875 0.1552734375 1.0185546875 1331766
0.1904296875 0.18017578125 1.0439453125 1331867
0.1904296875 0.18017578125 1.0439453125 1331867
0.1904296875 0.18017578125 1.0439453125 1331868
0.1904296875 0.18017578125 1.0439453125 1331868
0.1396484375 0.40625 1.0048828125 1332055
0.1396484375 0.40625 1.0048828125 1332055
0.1396484375 0.40625 1.0048828125 1332055
0.1396484375 0.40625 1.0048828125 1332056
0.06298828125 0.34423828125 0.984375 1332157
0.06298828125 0.34423828125 0.984375 1332158
0.06298828125 0.34423828125 0.984375 1332158
0.06298828125 0.34423828125 0.984375 1332158
0.06884765625 0.3525390625 0.92578125 1332259
0.06884765625 0.3525390625 0.92578125 1332260
0.06884765625 0.3525390625 0.92578125 1332260
0.06884765625 0.3525390625 0.92578125 1332260
0.1416015625 0.55419921875 0.99658203125 1332362
0.1416015625 0.55419921875 0.99658203125 1332363
0.1416015625 0.55419921875 0.99658203125 1332363
0.1416015625 0.55419921875 0.99658203125 1332363
-0.05322265625 0.60791015625 0.90380859375 1332472
-0.05322265625 0.60791015625 0.90380859375 1332473
-0.05322265625 0.60791015625 0.90380859375 1332473
-0.05322265625 0.60791015625 0.90380859375 1332474
-0.20703125 0.75048828125 0.8076171875 1332661
-0.20703125 0.75048828125 0.8076171875 1332661
-0.20703125 0.75048828125 0.8076171875 1332662
-0.20703125 0.75048828125 0.8076171875 1332662
-0.1962890625 0.62841796875 0.818359375 1332764
-0.1962890625 0.62841796875 0.818359375 1332764
-0.1962890625 0.62841796875 0.818359375 1332764
-0.1962890625 0.62841796875 0.818359375 1332765
-0.16748046875 0.58544921875 0.82958984375 1332866
-0.16748046875 0.58544921875 0.82958984375 1332866
-0.16748046875 0.58544921875 0.82958984375 1332866
-0.16748046875 0.58544921875 0.82958984375 1332867
-0.19189453125 0.68017578125 0.8125 1333054
-0.19189453125 0.68017578125 0.8125 1333054
-0.19189453125 0.68017578125 0.8125 1333055
-0.19189453125 0.68017578125 0.8125 1333055
-0.21728515625 0.70166015625 0.80322265625 1333158
-0.21728515625 0.70166015625 0.80322265625 1333158
-0.21728515625 0.70166015625 0.80322265625 1333158
-0.21728515625 0.70166015625 0.80322265625 1333159
-0.197265625 0.71142578125 0.84521484375 1333260
-0.197265625 0.71142578125 0.84521484375 1333260
-0.197265625 0.71142578125 0.84521484375 1333261
-0.2216796875 0.66845703125 0.80712890625 1333363
-0.2216796875 0.66845703125 0.80712890625 1333363
-0.2216796875 0.66845703125 0.80712890625 1333364
-0.2216796875 0.66845703125 0.80712890625 1333364
-0.21728515625 0.55712890625 0.83154296875 1333557
-0.21728515625 0.55712890625 0.83154296875 1333557
-0.21728515625 0.55712890625 0.83154296875 1333558
-0.21728515625 0.55712890625 0.83154296875 1333558
-0.1396484375 0.43017578125 0.89013671875 1333659
-0.1396484375 0.43017578125 0.89013671875 1333659
-0.1396484375 0.43017578125 0.89013671875 1333660
-0.1396484375 0.43017578125 0.89013671875 1333660
-0.04296875 0.38671875 0.99267578125 1333788
-0.04296875 0.38671875 0.99267578125 1333788
-0.04296875 0.38671875 0.99267578125 1333789
-0.04296875 0.38671875 0.99267578125 1333789
0.05224609375 0.42724609375 0.99755859375 1333973
0.05224609375 0.42724609375 0.99755859375 1333973
0.05224609375 0.42724609375 0.99755859375 1333973
0.05224609375 0.42724609375 0.99755859375 1333974
0.09228515625 0.44287109375 0.9873046875 1334163
0.09228515625 0.44287109375 0.9873046875 1334163
0.09228515625 0.44287109375 0.9873046875 1334164
0.09228515625 0.44287109375 0.9873046875 1334164
0.0400390625 0.43505859375 0.99609375 1334353
0.0400390625 0.43505859375 0.99609375 1334353
0.0400390625 0.43505859375 0.99609375 1334353
0.0400390625 0.43505859375 0.99609375 1334354
-0.0283203125 0.39697265625 0.96484375 1334558
-0.0283203125 0.39697265625 0.96484375 1334559
-0.0283203125 0.39697265625 0.96484375 1334559
-0.0283203125 0.39697265625 0.96484375 1334559
0.013671875 0.416015625 0.99609375 1334756
0.013671875 0.416015625 0.99609375 1334757
0.013671875 0.416015625 0.99609375 1334757
0.013671875 0.416015625 0.99609375 1334758
-0.0712890625 0.61962890625 0.8876953125 1334858
-0.0712890625 0.61962890625 0.8876953125 1334859
-0.0712890625 0.61962890625 0.8876953125 1334859
-0.0712890625 0.61962890625 0.8876953125 1334859
-0.142578125 0.6708984375 0.83349609375 1334963
-0.142578125 0.6708984375 0.83349609375 1334964
-0.142578125 0.6708984375 0.83349609375 1334964
-0.142578125 0.6708984375 0.83349609375 1334964
-0.23046875 0.7685546875 0.77783203125 1335080
-0.23046875 0.7685546875 0.77783203125 1335080
-0.23046875 0.7685546875 0.77783203125 1335081
-0.23046875 0.7685546875 0.77783203125 1335081
-0.1943359375 0.7265625 0.79541015625 1335254
-0.1943359375 0.7265625 0.79541015625 1335255
-0.1943359375 0.7265625 0.79541015625 1335255
-0.1943359375 0.7265625 0.79541015625 1335255
-0.2177734375 0.6953125 0.76416015625 1335357
-0.2177734375 0.6953125 0.76416015625 1335358
-0.2177734375 0.6953125 0.76416015625 1335358
-0.21337890625 0.74951171875 0.76318359375 1335461
-0.21337890625 0.74951171875 0.76318359375 1335461
-0.21337890625 0.74951171875 0.76318359375 1335461
-0.21337890625 0.74951171875 0.76318359375 1335462
-0.18701171875 0.74365234375 0.76611328125 1335651
-0.18701171875 0.74365234375 0.76611328125 1335651
-0.18701171875 0.74365234375 0.76611328125 1335651
-0.18701171875 0.74365234375 0.76611328125 1335652
-0.15087890625 0.71435546875 0.76953125 1335754
-0.15087890625 0.71435546875 0.76953125 1335754
-0.15087890625 0.71435546875 0.76953125 1335754
-0.15087890625 0.71435546875 0.76953125 1335755
-0.0283203125 0.6103515625 0.892578125 1335857
-0.0283203125 0.6103515625 0.892578125 1335857
-0.0283203125 0.6103515625 0.892578125 1335857
-0.0283203125 0.6103515625 0.892578125 1335858
0.025390625 0.5625 0.96630859375 1335960
0.025390625 0.5625 0.96630859375 1335960
0.025390625 0.5625 0.96630859375 1335961
0.025390625 0.5625 0.96630859375 1335961
0.04931640625 0.474609375 1.0244140625 1336068
0.04931640625 0.474609375 1.0244140625 1336068
0.04931640625 0.474609375 1.0244140625 1336069
0.04931640625 0.474609375 1.0244140625 1336069
0.02587890625 0.4287109375 0.9931640625 1336251
0.02587890625 0.4287109375 0.9931640625 1336251
0.02587890625 0.4287109375 0.9931640625 1336252
0.02587890625 0.4287109375 0.9931640625 1336252
0.0068359375 0.43017578125 0.974609375 1336358
0.0068359375 0.43017578125 0.974609375 1336358
0.0068359375 0.43017578125 0.974609375 1336358
0.0068359375 0.43017578125 0.974609375 1336359
0.01416015625 0.41748046875 0.982421875 1336561
0.01416015625 0.41748046875 0.982421875 1336561
0.01416015625 0.41748046875 0.982421875 1336562
0.01416015625 0.41748046875 0.982421875 1336562
0.0087890625 0.45166015625 0.97412109375 1336751
0.0087890625 0.45166015625 0.97412109375 1336751
0.0087890625 0.45166015625 0.97412109375 1336751
0.0087890625 0.45166015625 0.97412109375 1336752
0.0009765625 0.44970703125 0.955078125 1336853
0.0009765625 0.44970703125 0.955078125 1336853
0.0009765625 0.44970703125 0.955078125 1336854
0.0009765625 0.44970703125 0.955078125 1336854
0.0068359375 0.435546875 0.95751953125 1336959
0.0068359375 0.435546875 0.95751953125 1336959
0.0068359375 0.435546875 0.95751953125 1336960
0.0068359375 0.435546875 0.95751953125 1336960
-0.02734375 0.4716796875 0.9375 1337151
-0.02734375 0.4716796875 0.9375 1337151
-0.02734375 0.4716796875 0.9375 1337151
-0.02734375 0.4716796875 0.9375 1337152
0.005859375 0.4580078125 0.96630859375 1337253
0.005859375 0.4580078125 0.96630859375 1337254
0.005859375 0.4580078125 0.96630859375 1337254
0.005859375 0.4580078125 0.96630859375 1337255
0.00732421875 0.4521484375 0.9697265625 1337356
0.00732421875 0.4521484375 0.9697265625 1337356
0.00732421875 0.4521484375 0.9697265625 1337357
0.00732421875 0.4521484375 0.9697265625 1337357
0.00439453125 0.455078125 0.96875 1337458
0.00439453125 0.455078125 0.96875 1337459
0.00439453125 0.455078125 0.96875 1337459
0.00439453125 0.455078125 0.96875 1337460
0.01171875 0.46142578125 0.97021484375 1337561
0.01171875 0.46142578125 0.97021484375 1337561
0.01171875 0.46142578125 0.97021484375 1337562
0.01171875 0.46142578125 0.97021484375 1337562
0.02880859375 0.45849609375 0.98681640625 1337751
0.02880859375 0.45849609375 0.98681640625 1337752
0.02880859375 0.45849609375 0.98681640625 1337752
0.02880859375 0.45849609375 0.98681640625 1337752
0.0390625 0.453125 0.98046875 1337853
0.0390625 0.453125 0.98046875 1337854
0.0390625 0.453125 0.98046875 1337854
0.0390625 0.453125 0.98046875 1337854
0.02734375 0.466796875 0.974609375 1337956
0.02734375 0.466796875 0.974609375 1337957
0.02734375 0.466796875 0.974609375 1337957
0.02734375 0.466796875 0.974609375 1337957
0.0263671875 0.466796875 0.9697265625 1338058
0.0263671875 0.466796875 0.9697265625 1338059
0.0263671875 0.466796875 0.9697265625 1338059
0.0263671875 0.466796875 0.9697265625 1338060
0.02880859375 0.47607421875 0.97900390625 1338248
0.02880859375 0.47607421875 0.97900390625 1338249
0.02880859375 0.47607421875 0.97900390625 1338249
0.02880859375 0.47607421875 0.97900390625 1338249
0.0283203125 0.4580078125 0.974609375 1338351
0.0283203125 0.4580078125 0.974609375 1338360
0.0283203125 0.4580078125 0.974609375 1338360
0.0283203125 0.4580078125 0.974609375 1338361
0.01611328125 0.45703125 0.96337890625 1338454
0.01904296875 0.4580078125 0.97119140625 1338556
0.01904296875 0.4580078125 0.97119140625 1338556
0.01904296875 0.4580078125 0.97119140625 1338557
0.01904296875 0.4580078125 0.97119140625 1338557
0.01953125 0.46435546875 0.96240234375 1338659
0.01953125 0.46435546875 0.96240234375 1338660
0.01953125 0.46435546875 0.96240234375 1338661
0.01953125 0.46435546875 0.96240234375 1338665
0.0234375 0.462890625 0.9775390625 1338847
0.0234375 0.462890625 0.9775390625 1338847
0.0234375 0.462890625 0.9775390625 1338848
0.0234375 0.462890625 0.9775390625 1338848
0.02978515625 0.447265625 0.97998046875 1339046
0.02978515625 0.447265625 0.97998046875 1339058
0.02978515625 0.447265625 0.97998046875 1339058
0.02978515625 0.447265625 0.97998046875 1339059
0.01708984375 0.4521484375 0.966796875 1339248
0.01708984375 0.4521484375 0.966796875 1339248
0.01708984375 0.4521484375 0.966796875 1339248
0.01708984375 0.4521484375 0.966796875 1339249
0.02587890625 0.45849609375 0.97412109375 1339350
0.02587890625 0.45849609375 0.97412109375 1339350
0.02587890625 0.45849609375 0.97412109375 1339350
0.02587890625 0.45849609375 0.97412109375 1339351
0.0146484375 0.45947265625 0.96533203125 1339452
0.0146484375 0.45947265625 0.96533203125 1339452
0.0146484375 0.45947265625 0.96533203125 1339452
0.0146484375 0.45947265625 0.96533203125 1339453
0.02587890625 0.46484375 0.9677734375 1339555
0.02587890625 0.46484375 0.9677734375 1339556
0.02587890625 0.46484375 0.9677734375 1339556
0.02587890625 0.46484375 0.9677734375 1339556
0.0224609375 0.462890625 0.9697265625 1339657
0.0224609375 0.462890625 0.9697265625 1339670
0.0224609375 0.462890625 0.9697265625 1339670
0.0224609375 0.462890625 0.9697265625 1339670
0.0283203125 0.466796875 0.9775390625 1339847
0.0283203125 0.466796875 0.9775390625 1339847
0.0283203125 0.466796875 0.9775390625 1339848
0.0283203125 0.466796875 0.9775390625 1339848
0.03173828125 0.4609375 0.9755859375 1339950
0.03173828125 0.4609375 0.9755859375 1339950
0.03173828125 0.4609375 0.9755859375 1339951
0.03173828125 0.4609375 0.9755859375 1339951
0.02734375 0.47314453125 0.970703125 1340052
0.02734375 0.47314453125 0.970703125 1340052
0.02734375 0.47314453125 0.970703125 1340053
0.0224609375 0.45947265625 0.9677734375 1340152
0.0224609375 0.45947265625 0.9677734375 1340152
0.0224609375 0.45947265625 0.9677734375 1340153
0.0224609375 0.45947265625 0.9677734375 1340153
0.01513671875 0.4609375 0.96484375 1340346
0.01513671875 0.4609375 0.96484375 1340346
0.01513671875 0.4609375 0.96484375 1340346
0.01513671875 0.4609375 0.96484375 1340347
0.017578125 0.462890625 0.9697265625 1340448
0.017578125 0.462890625 0.9697265625 1340448
0.017578125 0.462890625 0.9697265625 1340449
0.017578125 0.462890625 0.9697265625 1340449
0.0244140625 0.46728515625 0.9697265625 1340551
0.0244140625 0.46728515625 0.9697265625 1340551
0.0244140625 0.46728515625 0.9697265625 1340551
0.0244140625 0.46728515625 0.9697265625 1340552
0.0224609375 0.4677734375 0.9736328125 1340654
0.0224609375 0.4677734375 0.9736328125 1340654
0.0224609375 0.4677734375 0.9736328125 1340655
0.0224609375 0.4677734375 0.9736328125 1340655
0.021484375 0.4599609375 0.97265625 1340756
0.021484375 0.4599609375 0.97265625 1340757
0.021484375 0.4599609375 0.97265625 1340757
0.021484375 0.4599609375 0.97265625 1340758
0.02685546875 0.45751953125 0.97900390625 1340948
0.02685546875 0.45751953125 0.97900390625 1340948
0.02685546875 0.45751953125 0.97900390625 1340949
0.02685546875 0.45751953125 0.97900390625 1340949
0.01904296875 0.45703125 0.9677734375 1341050
0.01904296875 0.45703125 0.9677734375 1341051
0.01904296875 0.45703125 0.9677734375 1341051
0.01904296875 0.45703125 0.9677734375 1341052
0.0185546875 0.46337890625 0.9658203125 1341152
0.0185546875 0.46337890625 0.9658203125 1341152
0.0185546875 0.46337890625 0.9658203125 1341153
0.0185546875 0.46337890625 0.9658203125 1341153
0.02783203125 0.451171875 0.9765625 1341255
0.02783203125 0.451171875 0.9765625 1341255
0.02783203125 0.451171875 0.9765625 1341256
0.02783203125 0.451171875 0.9765625 1341256
0.025390625 0.46142578125 0.97412109375 1341444
0.025390625 0.46142578125 0.97412109375 1341444
0.025390625 0.46142578125 0.97412109375 1341445
0.025390625 0.46142578125 0.97412109375 1341445
0.02392578125 0.443359375 0.97412109375 1341547
0.02392578125 0.443359375 0.97412109375 1341547
0.02392578125 0.443359375 0.97412109375 1341548
0.02392578125 0.443359375 0.97412109375 1341548
0.02587890625 0.45068359375 0.97705078125 1341650
0.02587890625 0.45068359375 0.97705078125 1341650
0.02587890625 0.45068359375 0.97705078125 1341651
0.02587890625 0.45068359375 0.97705078125 1341651
0.0224609375 0.4501953125 0.96728515625 1341758
0.0224609375 0.4501953125 0.96728515625 1341759
0.0224609375 0.4501953125 0.96728515625 1341759
0.0224609375 0.4501953125 0.96728515625 1341760
0.0322265625 0.44482421875 0.9755859375 1341933
0.0322265625 0.44482421875 0.9755859375 1341933
0.0322265625 0.44482421875 0.9755859375 1341933
0.0322265625 0.44482421875 0.9755859375 1341934
0.0390625 0.4580078125 0.9873046875 1342046
0.0390625 0.4580078125 0.9873046875 1342046
0.0390625 0.4580078125 0.9873046875 1342047
0.0390625 0.4580078125 0.9873046875 1342047
0.03369140625 0.4423828125 0.9755859375 1342150
0.03369140625 0.4423828125 0.9755859375 1342151
0.03369140625 0.4423828125 0.9755859375 1342151
0.03369140625 0.4423828125 0.9755859375 1342152
0.037109375 0.4462890625 0.9736328125 1342252
0.037109375 0.4462890625 0.9736328125 1342252
0.037109375 0.4462890625 0.9736328125 1342252
0.037109375 0.4462890625 0.9736328125 1342253
0.0224609375 0.45263671875 0.9765625 1342355
0.0224609375 0.45263671875 0.9765625 1342355
0.0224609375 0.45263671875 0.9765625 1342356
0.0224609375 0.45263671875 0.9765625 1342356
0.0390625 0.4501953125 0.9833984375 1342545
0.0390625 0.4501953125 0.9833984375 1342545
0.0390625 0.4501953125 0.9833984375 1342546
0.0390625 0.4501953125 0.9833984375 1342546
0.03369140625 0.44921875 0.98095703125 1342647
0.03369140625 0.44921875 0.98095703125 1342647
0.03369140625 0.44921875 0.98095703125 1342647
0.03369140625 0.44921875 0.98095703125 1342648
0.03515625 0.447265625 0.97802734375 1342750
0.03515625 0.447265625 0.97802734375 1342750
0.03515625 0.447265625 0.97802734375 1342750
0.03955078125 0.44970703125 0.9814453125 1342853
0.03955078125 0.44970703125 0.9814453125 1342853
0.03955078125 0.44970703125 0.9814453125 1342854
0.03955078125 0.44970703125 0.9814453125 1342854
0.0341796875 0.44921875 0.986328125 1343043
0.0341796875 0.44921875 0.986328125 1343043
0.0341796875 0.44921875 0.986328125 1343043
0.0341796875 0.44921875 0.986328125 1343045
0.037109375 0.44482421875 0.97998046875 1343146
0.037109375 0.44482421875 0.97998046875 1343146
0.037109375 0.44482421875 0.97998046875 1343146
0.037109375 0.44482421875 0.97998046875 1343147
0.03564453125 0.44482421875 0.98583984375 1343248
0.03564453125 0.44482421875 0.98583984375 1343248
0.03564453125 0.44482421875 0.98583984375 1343248
0.03564453125 0.44482421875 0.98583984375 1343249
0.029296875 0.44775390625 0.97705078125 1343355
0.029296875 0.44775390625 0.97705078125 1343355
0.029296875 0.44775390625 0.97705078125 1343356
0.029296875 0.44775390625 0.97705078125 1343356
0.02197265625 0.435546875 0.96728515625 1343541
0.02197265625 0.435546875 0.96728515625 1343542
0.02197265625 0.435546875 0.96728515625 1343542
0.02197265625 0.435546875 0.96728515625 1343543
0.0380859375 0.4365234375 0.98046875 1343643
0.0380859375 0.4365234375 0.98046875 1343643
0.0380859375 0.4365234375 0.98046875 1343643
0.0380859375 0.4365234375 0.98046875 1343644
0.0283203125 0.453125 0.98388671875 1343746
0.0283203125 0.453125 0.98388671875 1343746
0.0283203125 0.453125 0.98388671875 1343746
0.0283203125 0.453125 0.98388671875 1343746
0.03857421875 0.44775390625 0.9873046875 1343849
0.03857421875 0.44775390625 0.9873046875 1343849
0.03857421875 0.44775390625 0.9873046875 1343849
0.03857421875 0.4306640625 0.9794921875 1343952
0.03857421875 0.4306640625 0.9794921875 1343952
0.03857421875 0.4306640625 0.9794921875 1343952
0.03857421875 0.4306640625 0.9794921875 1343953
0.04150390625 0.43359375 0.9931640625 1344147
0.04150390625 0.43359375 0.9931640625 1344147
0.04150390625 0.43359375 0.9931640625 1344148
0.04150390625 0.43359375 0.9931640625 1344149
0.0361328125 0.43798828125 0.98486328125 1344249
0.0361328125 0.43798828125 0.98486328125 1344249
0.0361328125 0.43798828125 0.98486328125 1344250
0.0361328125 0.43798828125 0.98486328125 1344250
0.0322265625 0.44091796875 0.97998046875 1344352
0.0322265625 0.44091796875 0.97998046875 1344353
0.0322265625 0.44091796875 0.97998046875 1344353
0.0322265625 0.44091796875 0.97998046875 1344354
0.03466796875 0.43798828125 0.9833984375 1344548
0.03466796875 0.43798828125 0.9833984375 1344549
0.03466796875 0.43798828125 0.9833984375 1344550
0.03466796875 0.43798828125 0.9833984375 1344550
0.041015625 0.4375 0.986328125 1344651
0.041015625 0.4375 0.986328125 1344651
0.041015625 0.4375 0.986328125 1344651
0.041015625 0.4375 0.986328125 1344652
0.03857421875 0.4384765625 0.98486328125 1344753
0.03857421875 0.4384765625 0.98486328125 1344754
0.03857421875 0.4384765625 0.98486328125 1344754
0.03857421875 0.4384765625 0.98486328125 1344755
0.02587890625 0.4619140625 0.97607421875 1344943
0.02587890625 0.4619140625 0.97607421875 1344944
0.02587890625 0.4619140625 0.97607421875 1344944
0.02587890625 0.4619140625 0.97607421875 1344945
0.03125 0.47802734375 0.986328125 1345045
0.03125 0.47802734375 0.986328125 1345046
0.03125 0.47802734375 0.986328125 1345046
0.03125 0.47802734375 0.986328125 1345046
0.0126953125 0.44189453125 0.951171875 1345247
0.0126953125 0.44189453125 0.951171875 1345247
0.0126953125 0.44189453125 0.951171875 1345248
0.0126953125 0.44189453125 0.951171875 1345248
-0.01171875 0.42431640625 0.92529296875 1345351
-0.01171875 0.42431640625 0.92529296875 1345351
-0.01171875 0.42431640625 0.92529296875 1345352
-0.01171875 0.42431640625 0.92529296875 1345352
0.07958984375 0.38671875 0.99560546875 1345545
0.07958984375 0.38671875 0.99560546875 1345545
0.07958984375 0.38671875 0.99560546875 1345545
0.07958984375 0.38671875 0.99560546875 1345546
0.09423828125 0.580078125 1.05712890625 1345647
0.09423828125 0.580078125 1.05712890625 1345648
0.09423828125 0.580078125 1.05712890625 1345648
0.09423828125 0.580078125 1.05712890625 1345649
-0.38037109375 0.81640625 0.68017578125 1345749
-0.38037109375 0.81640625 0.68017578125 1345749
-0.38037109375 0.81640625 0.68017578125 1345750
-0.38037109375 0.81640625 0.68017578125 1345750
-0.83447265625 0.646484375 0.04736328125 1345852
-0.83447265625 0.646484375 0.04736328125 1345853
-0.83447265625 0.646484375 0.04736328125 1345853
-0.83447265625 0.646484375 0.04736328125 1345853
-0.83056640625 0.240234375 -0.24658203125 1346042
-0.83056640625 0.240234375 -0.24658203125 1346042
-0.83056640625 0.240234375 -0.24658203125 1346043
-0.83056640625 0.240234375 -0.24658203125 1346043
-0.78271484375 0.2216796875 -0.28515625 1346144
-0.78271484375 0.2216796875 -0.28515625 1346144
-0.78271484375 0.2216796875 -0.28515625 1346145
-0.78271484375 0.2216796875 -0.28515625 1346145
-0.99658203125 0.35400390625 -0.6591796875 1346247
-0.99658203125 0.35400390625 -0.6591796875 1346247
-0.99658203125 0.35400390625 -0.6591796875 1346247
-0.99658203125 0.35400390625 -0.6591796875 1346248
-0.97607421875 0.36669921875 -0.43994140625 1346350
-0.97607421875 0.36669921875 -0.43994140625 1346350
-0.97607421875 0.36669921875 -0.43994140625 1346351
-0.97607421875 0.36669921875 -0.43994140625 1346351
-0.37451171875 0.23974609375 0.72021484375 1346551
-0.37451171875 0.23974609375 0.72021484375 1346552
-0.37451171875 0.23974609375 0.72021484375 1346552
-0.37451171875 0.23974609375 0.72021484375 1346552
0.0859375 0.36181640625 0.94091796875 1346741
0.0859375 0.36181640625 0.94091796875 1346741
0.0859375 0.36181640625 0.94091796875 1346742
0.0859375 0.36181640625 0.94091796875 1346742
-0.1171875 0.62548828125 0.86962890625 1346845
-0.1171875 0.62548828125 0.86962890625 1346845
-0.1171875 0.62548828125 0.86962890625 1346845
-0.1171875 0.62548828125 0.86962890625 1346846
-0.2763671875 0.69775390625 0.697265625 1346948
-0.2763671875 0.69775390625 0.697265625 1346948
-0.2763671875 0.69775390625 0.697265625 1346949
-0.2763671875 0.69775390625 0.697265625 1346949
-0.28515625 0.82763671875 0.76318359375 1347050
-0.28515625 0.82763671875 0.76318359375 1347050
-0.28515625 0.82763671875 0.76318359375 1347050
-0.28515625 0.82763671875 0.76318359375 1347051
-0.390625 0.74365234375 0.67333984375 1347236
-0.390625 0.74365234375 0.67333984375 1347248
-0.390625 0.74365234375 0.67333984375 1347248
-0.390625 0.74365234375 0.67333984375 1347248
-0.3837890625 0.69140625 0.7080078125 1347377
-0.3837890625 0.69140625 0.7080078125 1347377
-0.3837890625 0.69140625 0.7080078125 1347378
-0.3837890625 0.69140625 0.7080078125 1347378
-0.400390625 0.67333984375 0.6953125 1347543
-0.400390625 0.67333984375 0.6953125 1347544
-0.400390625 0.67333984375 0.6953125 1347544
-0.400390625 0.67333984375 0.6953125 1347544
-0.3701171875 0.67236328125 0.71142578125 1347646
-0.3701171875 0.67236328125 0.71142578125 1347647
-0.3701171875 0.67236328125 0.71142578125 1347647
-0.3701171875 0.67236328125 0.71142578125 1347647
-0.39111328125 0.65869140625 0.681640625 1347749
-0.39111328125 0.65869140625 0.681640625 1347750
-0.39111328125 0.65869140625 0.681640625 1347750
-0.39111328125 0.65869140625 0.681640625 1347750
-0.38818359375 0.6826171875 0.69482421875 1347942
-0.38818359375 0.6826171875 0.69482421875 1347942
-0.38818359375 0.6826171875 0.69482421875 1347942
-0.38818359375 0.6826171875 0.69482421875 1347943
-0.4052734375 0.7041015625 0.6884765625 1348044
-0.4052734375 0.7041015625 0.6884765625 1348044
-0.4052734375 0.7041015625 0.6884765625 1348044
-0.4052734375 0.7041015625 0.6884765625 1348045
-0.40771484375 0.69677734375 0.654296875 1348149
-0.40771484375 0.69677734375 0.654296875 1348149
-0.40771484375 0.69677734375 0.654296875 1348150
-0.40771484375 0.69677734375 0.654296875 1348150
-0.33544921875 0.67529296875 0.69873046875 1348342
-0.33544921875 0.67529296875 0.69873046875 1348342
-0.33544921875 0.67529296875 0.69873046875 1348342
-0.33544921875 0.67529296875 0.69873046875 1348343
-0.26904296875 0.70166015625 0.751953125 1348444
-0.26904296875 0.70166015625 0.751953125 1348445
-0.26904296875 0.70166015625 0.751953125 1348445
-0.26904296875 0.70166015625 0.751953125 1348446
-0.1650390625 0.6884765625 0.83740234375 1348548
-0.1650390625 0.6884765625 0.83740234375 1348548
-0.1650390625 0.6884765625 0.83740234375 1348549
-0.1650390625 0.6884765625 0.83740234375 1348549
-0.0283203125 0.58447265625 0.919921875 1348738
-0.0283203125 0.58447265625 0.919921875 1348738
-0.0283203125 0.58447265625 0.919921875 1348739
-0.0283203125 0.58447265625 0.919921875 1348739
0.01171875 0.5322265625 0.95849609375 1348841
0.01171875 0.5322265625 0.95849609375 1348841
0.01171875 0.5322265625 0.95849609375 1348842
0.01171875 0.5322265625 0.95849609375 1348842
0.0341796875 0.47705078125 0.98486328125 1348943
0.0341796875 0.47705078125 0.98486328125 1348944
0.0341796875 0.47705078125 0.98486328125 1348944
0.0341796875 0.47705078125 0.98486328125 1348945
0.00390625 0.45166015625 0.9716796875 1349047
0.00390625 0.45166015625 0.9716796875 1349047
0.00390625 0.45166015625 0.9716796875 1349048
0.00390625 0.45166015625 0.9716796875 1349048
-0.00244140625 0.431640625 0.986328125 1349238
-0.00244140625 0.431640625 0.986328125 1349238
-0.00244140625 0.431640625 0.986328125 1349238
-0.00244140625 0.431640625 0.986328125 1349238
0.01220703125 0.4365234375 0.99462890625 1349340
0.01220703125 0.4365234375 0.99462890625 1349340
0.01220703125 0.4365234375 0.99462890625 1349341
0.01220703125 0.4365234375 0.99462890625 1349342
-0.0029296875 0.4267578125 0.9677734375 1349442
-0.0029296875 0.4267578125 0.9677734375 1349442
-0.0029296875 0.4267578125 0.9677734375 1349443
-0.0029296875 0.4267578125 0.9677734375 1349443
0.00390625 0.4140625 0.98828125 1349546
0.00390625 0.4140625 0.98828125 1349546
0.00390625 0.4140625 0.98828125 1349546
0.00390625 0.4140625 0.98828125 1349547
0.01611328125 0.41357421875 0.98974609375 1349649
0.01611328125 0.41357421875 0.98974609375 1349649
0.01611328125 0.41357421875 0.98974609375 1349650
0.01611328125 0.41357421875 0.98974609375 1349650
0.0068359375 0.41748046875 0.98046875 1349837
0.0068359375 0.41748046875 0.98046875 1349837
0.0068359375 0.41748046875 0.98046875 1349838
0.0068359375 0.41748046875 0.98046875 1349838
-0.02001953125 0.4296875 0.955078125 1349940
-0.02001953125 0.4296875 0.955078125 1349940
-0.02001953125 0.4296875 0.955078125 1349941
-0.02001953125 0.4296875 0.955078125 1349941
-0.00537109375 0.42626953125 0.9658203125 1350042
-0.00537109375 0.42626953125 0.9658203125 1350042
-0.00537109375 0.42626953125 0.9658203125 1350042
0.001953125 0.42529296875 0.98291015625 1350144
0.001953125 0.42529296875 0.98291015625 1350144
0.001953125 0.42529296875 0.98291015625 1350145
0.001953125 0.42529296875 0.98291015625 1350145
0.013671875 0.43115234375 0.99169921875 1350249
0.013671875 0.43115234375 0.99169921875 1350249
0.013671875 0.43115234375 0.99169921875 1350249
0.013671875 0.43115234375 0.99169921875 1350250
0.0029296875 0.43310546875 0.99462890625 1350437
0.0029296875 0.43310546875 0.99462890625 1350437
0.0029296875 0.43310546875 0.99462890625 1350438
0.0029296875 0.43310546875 0.99462890625 1350438
0.00244140625 0.42529296875 0.97900390625 1350539
0.00244140625 0.42529296875 0.97900390625 1350540
0.00244140625 0.42529296875 0.97900390625 1350540
0.00244140625 0.42529296875 0.97900390625 1350540
-0.01171875 0.43798828125 0.984375 1350642
-0.01171875 0.43798828125 0.984375 1350642
-0.01171875 0.43798828125 0.984375 1350643
-0.01171875 0.43798828125 0.984375 1350643
0.00341796875 0.4365234375 0.9775390625 1350745
0.00341796875 0.4365234375 0.9775390625 1350745
0.00341796875 0.4365234375 0.9775390625 1350746
0.00341796875 0.4365234375 0.9775390625 1350746
-0.0107421875 0.451171875 0.966796875 1350847
-0.0107421875 0.451171875 0.966796875 1350848
-0.0107421875 0.451171875 0.966796875 1350848
-0.0107421875 0.451171875 0.966796875 1350848
-0.0068359375 0.4580078125 0.97412109375 1351034
-0.0068359375 0.4580078125 0.97412109375 1351034
-0.0068359375 0.4580078125 0.97412109375 1351035
-0.0068359375 0.4580078125 0.97412109375 1351035
-0.001953125 0.45751953125 0.9736328125 1351145
-0.001953125 0.45751953125 0.9736328125 1351146
-0.001953125 0.45751953125 0.9736328125 1351146
-0.001953125 0.45751953125 0.9736328125 1351147
0.0107421875 0.45849609375 0.97802734375 1351336
0.0107421875 0.45849609375 0.97802734375 1351336
0.0107421875 0.45849609375 0.97802734375 1351336
0.0107421875 0.45849609375 0.97802734375 1351337
0.01708984375 0.4541015625 0.98095703125 1351438
0.01708984375 0.4541015625 0.98095703125 1351439
0.01708984375 0.4541015625 0.98095703125 1351439
0.01708984375 0.4541015625 0.98095703125 1351439
0.009765625 0.455078125 0.9736328125 1351541
0.009765625 0.455078125 0.9736328125 1351541
0.009765625 0.455078125 0.9736328125 1351542
0.009765625 0.455078125 0.9736328125 1351542
0.01806640625 0.4443359375 0.97216796875 1351643
0.01806640625 0.4443359375 0.97216796875 1351643
0.01806640625 0.4443359375 0.97216796875 1351643
0.01806640625 0.4443359375 0.97216796875 1351644
0.0244140625 0.4619140625 0.97998046875 1351837
0.0244140625 0.4619140625 0.97998046875 1351838
0.0244140625 0.4619140625 0.97998046875 1351838
0.0244140625 0.4619140625 0.97998046875 1351838
0.0244140625 0.45654296875 0.98095703125 1351940
0.0244140625 0.45654296875 0.98095703125 1351940
0.0244140625 0.45654296875 0.98095703125 1351940
0.0244140625 0.45654296875 0.98095703125 1351941
0.01806640625 0.455078125 0.974609375 1352043
0.01806640625 0.455078125 0.974609375 1352043
0.01806640625 0.455078125 0.974609375 1352044
0.01806640625 0.455078125 0.974609375 1352044
0.01708984375 0.45263671875 0.9736328125 1352146
0.01708984375 0.45263671875 0.9736328125 1352147
0.01708984375 0.45263671875 0.9736328125 1352147
0.01708984375 0.45263671875 0.9736328125 1352148
0.0146484375 0.455078125 0.97119140625 1352336
0.0146484375 0.455078125 0.97119140625 1352336
0.0146484375 0.455078125 0.97119140625 1352337
0.0146484375 0.455078125 0.97119140625 1352337
0.02099609375 0.466796875 0.97705078125 1352438
0.02099609375 0.466796875 0.97705078125 1352438
0.02099609375 0.466796875 0.97705078125 1352439
0.02099609375 0.466796875 0.97705078125 1352439
0.02001953125 0.45458984375 0.97705078125 1352541
0.02001953125 0.45458984375 0.97705078125 1352541
0.02001953125 0.45458984375 0.97705078125 1352542
0.02001953125 0.45458984375 0.97705078125 1352542
0.0087890625 0.44677734375 0.9677734375 1352643
0.0087890625 0.44677734375 0.9677734375 1352643
0.0087890625 0.44677734375 0.9677734375 1352644
0.0087890625 0.44677734375 0.9677734375 1352644
0.0146484375 0.4521484375 0.982421875 1352833
0.0146484375 0.4521484375 0.982421875 1352833
0.0146484375 0.4521484375 0.982421875 1352834
0.0146484375 0.4521484375 0.982421875 1352834
0.01953125 0.4560546875 0.9853515625 1352950
0.01953125 0.4560546875 0.9853515625 1352951
0.01953125 0.4560546875 0.9853515625 1352951
0.01953125 0.4560546875 0.9853515625 1352952
0.0146484375 0.4462890625 0.9736328125 1353140
0.0146484375 0.4462890625 0.9736328125 1353140
0.0146484375 0.4462890625 0.9736328125 1353140
0.0146484375 0.4462890625 0.9736328125 1353141
0.01806640625 0.458984375 0.98095703125 1353242
0.01806640625 0.458984375 0.98095703125 1353242
0.01806640625 0.458984375 0.98095703125 1353242
0.01806640625 0.458984375 0.98095703125 1353243
0.01806640625 0.45654296875 0.97607421875 1353344
0.01806640625 0.45654296875 0.97607421875 1353344
0.01806640625 0.45654296875 0.97607421875 1353344
0.01806640625 0.45654296875 0.97607421875 1353345
0.01611328125 0.45849609375 0.97900390625 1353527
0.01611328125 0.45849609375 0.97900390625 1353527
0.01611328125 0.45849609375 0.97900390625 1353528
0.01611328125 0.45849609375 0.97900390625 1353528
0.02978515625 0.4541015625 0.9716796875 1353636
0.02978515625 0.4541015625 0.9716796875 1353636
0.02978515625 0.4541015625 0.9716796875 1353636
0.02978515625 0.4541015625 0.9716796875 1353637
0.03466796875 0.45263671875 0.9775390625 1353738
0.03466796875 0.45263671875 0.9775390625 1353738
0.03466796875 0.45263671875 0.9775390625 1353739
0.03466796875 0.45263671875 0.9775390625 1353739
0.029296875 0.46728515625 0.9775390625 1353841
0.029296875 0.46728515625 0.9775390625 1353841
0.029296875 0.46728515625 0.9775390625 1353841
0.029296875 0.46728515625 0.9775390625 1353842
0.0263671875 0.45849609375 0.9775390625 1353944
0.0263671875 0.45849609375 0.9775390625 1353944
0.0263671875 0.45849609375 0.9775390625 1353945
0.0263671875 0.45849609375 0.9775390625 1353945
0.02294921875 0.451171875 0.97314453125 1354133
0.02294921875 0.451171875 0.97314453125 1354133
0.02294921875 0.451171875 0.97314453125 1354134
0.02294921875 0.451171875 0.97314453125 1354134
0.0263671875 0.46484375 0.97802734375 1354235
0.0263671875 0.46484375 0.97802734375 1354235
0.0263671875 0.46484375 0.97802734375 1354236
0.0263671875 0.46484375 0.97802734375 1354236
0.02880859375 0.45263671875 0.966796875 1354345
0.02880859375 0.45263671875 0.966796875 1354345
0.02880859375 0.45263671875 0.966796875 1354346
0.02880859375 0.45263671875 0.966796875 1354346
0.03369140625 0.453125 0.9755859375 1354533
0.03369140625 0.453125 0.9755859375 1354533
0.03369140625 0.453125 0.9755859375 1354533
0.03369140625 0.453125 0.9755859375 1354534
0.041015625 0.45263671875 0.98388671875 1354636
0.041015625 0.45263671875 0.98388671875 1354636
0.041015625 0.45263671875 0.98388671875 1354636
0.041015625 0.45263671875 0.98388671875 1354637
0.02734375 0.462890625 0.97314453125 1354738
0.02734375 0.462890625 0.97314453125 1354738
0.02734375 0.462890625 0.97314453125 1354739
0.02734375 0.462890625 0.97314453125 1354739
0.033203125 0.45947265625 0.966796875 1354841
0.033203125 0.45947265625 0.966796875 1354841
0.033203125 0.45947265625 0.966796875 1354841
0.033203125 0.45947265625 0.966796875 1354842
0.02880859375 0.46826171875 0.9677734375 1355030
0.02880859375 0.46826171875 0.9677734375 1355030
0.02880859375 0.46826171875 0.9677734375 1355031
0.02880859375 0.46826171875 0.9677734375 1355031
0.033203125 0.46337890625 0.970703125 1355138
0.033203125 0.46337890625 0.970703125 1355138
0.033203125 0.46337890625 0.970703125 1355138
0.033203125 0.46337890625 0.970703125 1355139
0.0263671875 0.4599609375 0.9697265625 1355241
0.0263671875 0.4599609375 0.9697265625 1355241
0.0263671875 0.4599609375 0.9697265625 1355241
0.0263671875 0.4599609375 0.9697265625 1355242
0.03515625 0.46533203125 0.96923828125 1355430
0.03515625 0.46533203125 0.96923828125 1355430
0.03515625 0.46533203125 0.96923828125 1355430
0.03515625 0.46533203125 0.96923828125 1355431
0.02978515625 0.4755859375 0.97216796875 1355534
0.02978515625 0.4755859375 0.97216796875 1355534
0.02978515625 0.4755859375 0.97216796875 1355534
0.02978515625 0.4755859375 0.97216796875 1355535
0.0361328125 0.47314453125 0.97802734375 1355636
0.0361328125 0.47314453125 0.97802734375 1355636
0.0361328125 0.47314453125 0.97802734375 1355637
0.0361328125 0.47314453125 0.97802734375 1355637
0.03076171875 0.46435546875 0.96728515625 1355739
0.03076171875 0.46435546875 0.96728515625 1355739
0.03076171875 0.46435546875 0.96728515625 1355739
0.03076171875 0.46435546875 0.96728515625 1355740
0.02685546875 0.4658203125 0.96240234375 1355842
0.02685546875 0.4658203125 0.96240234375 1355842
0.02685546875 0.4658203125 0.96240234375 1355842
0.02685546875 0.4658203125 0.96240234375 1355843
0.041015625 0.46923828125 0.97265625 1356030
0.041015625 0.46923828125 0.97265625 1356030
0.041015625 0.46923828125 0.97265625 1356030
0.041015625 0.46923828125 0.97265625 1356031
0.04150390625 0.47314453125 0.970703125 1356149
0.04150390625 0.47314453125 0.970703125 1356149
0.04150390625 0.47314453125 0.970703125 1356150
0.04150390625 0.47314453125 0.970703125 1356150
0.048828125 0.4609375 0.97802734375 1356340
0.048828125 0.4609375 0.97802734375 1356340
0.048828125 0.4609375 0.97802734375 1356340
0.048828125 0.4609375 0.97802734375 1356341
0.0419921875 0.46533203125 0.966796875 1356531
0.0419921875 0.46533203125 0.966796875 1356531
0.0419921875 0.46533203125 0.966796875 1356532
0.0419921875 0.46533203125 0.966796875 1356532
0.03857421875 0.4736328125 0.9716796875 1356633
0.03857421875 0.4736328125 0.9716796875 1356633
0.03857421875 0.4736328125 0.9716796875 1356633
0.03857421875 0.4736328125 0.9716796875 1356634
0.03466796875 0.470703125 0.96435546875 1356736
0.03466796875 0.470703125 0.96435546875 1356736
0.03466796875 0.470703125 0.96435546875 1356737
0.03466796875 0.470703125 0.96435546875 1356737
0.03173828125 0.4609375 0.9638671875 1356839
0.03173828125 0.4609375 0.9638671875 1356839
0.03173828125 0.4609375 0.9638671875 1356840
0.03173828125 0.4609375 0.9638671875 1356840
0.044921875 0.4658203125 0.97314453125 1356942
0.044921875 0.4658203125 0.97314453125 1356942
0.044921875 0.4658203125 0.97314453125 1356943
0.044921875 0.4658203125 0.97314453125 1356943
0.0419921875 0.46337890625 0.9697265625 1357131
0.0419921875 0.46337890625 0.9697265625 1357131
0.0419921875 0.46337890625 0.9697265625 1357131
0.0419921875 0.46337890625 0.9697265625 1357132
0.048828125 0.46240234375 0.97998046875 1357233
0.048828125 0.46240234375 0.97998046875 1357233
0.048828125 0.46240234375 0.97998046875 1357233
0.048828125 0.46240234375 0.97998046875 1357234
0.0341796875 0.46337890625 0.9619140625 1357335
0.0341796875 0.46337890625 0.9619140625 1357336
0.0341796875 0.46337890625 0.9619140625 1357336
0.0341796875 0.46337890625 0.9619140625 1357336
0.048828125 0.46630859375 0.9755859375 1357438
0.048828125 0.46630859375 0.9755859375 1357438
0.048828125 0.46630859375 0.9755859375 1357439
0.048828125 0.46630859375 0.9755859375 1357439
0.04638671875 0.47021484375 0.9736328125 1357632
0.04638671875 0.47021484375 0.9736328125 1357632
0.04638671875 0.47021484375 0.9736328125 1357633
0.04638671875 0.47021484375 0.9736328125 1357634
0.04296875 0.470703125 0.97216796875 1357839
0.04296875 0.470703125 0.97216796875 1357840
0.04296875 0.470703125 0.97216796875 1357840
0.04296875 0.470703125 0.97216796875 1357841
0.046875 0.46826171875 0.966796875 1358038
0.046875 0.46826171875 0.966796875 1358039
0.046875 0.46826171875 0.966796875 1358039
0.046875 0.46826171875 0.966796875 1358039
0.03515625 0.48193359375 0.97509765625 1358228
0.03515625 0.48193359375 0.97509765625 1358229
0.03515625 0.48193359375 0.97509765625 1358229
0.03515625 0.48193359375 0.97509765625 1358230
0.02001953125 0.48828125 0.9609375 1358330
0.02001953125 0.48828125 0.9609375 1358331
0.02001953125 0.48828125 0.9609375 1358331
0.02001953125 0.48828125 0.9609375 1358332
-0.0009765625 0.484375 0.94580078125 1358433
-0.0009765625 0.484375 0.94580078125 1358433
-0.0009765625 0.484375 0.94580078125 1358433
-0.0205078125 0.48291015625 0.93798828125 1358536
-0.0205078125 0.48291015625 0.93798828125 1358537
-0.0205078125 0.48291015625 0.93798828125 1358537
-0.0205078125 0.48291015625 0.93798828125 1358538
-0.009765625 0.431640625 0.91650390625 1358730
-0.009765625 0.431640625 0.91650390625 1358731
-0.009765625 0.431640625 0.91650390625 1358731
-0.009765625 0.431640625 0.91650390625 1358732
0.05712890625 0.42626953125 0.9814453125 1358832
0.05712890625 0.42626953125 0.9814453125 1358833
0.05712890625 0.42626953125 0.9814453125 1358833
0.05712890625 0.42626953125 0.9814453125 1358833
0.06298828125 0.5244140625 1.01806640625 1358935
0.06298828125 0.5244140625 1.01806640625 1358935
0.06298828125 0.5244140625 1.01806640625 1358936
0.06298828125 0.5244140625 1.01806640625 1358936
-0.27001953125 0.73486328125 0.77001953125 1359038
-0.27001953125 0.73486328125 0.77001953125 1359038
-0.27001953125 0.73486328125 0.77001953125 1359039
-0.27001953125 0.73486328125 0.77001953125 1359039
-0.8994140625 0.55859375 -0.17626953125 1359227
-0.8994140625 0.55859375 -0.17626953125 1359227
-0.8994140625 0.55859375 -0.17626953125 1359227
-0.8994140625 0.55859375 -0.17626953125 1359228
-0.90087890625 0.423828125 -0.36962890625 1359329
-0.90087890625 0.423828125 -0.36962890625 1359329
-0.90087890625 0.423828125 -0.36962890625 1359329
-0.90087890625 0.423828125 -0.36962890625 1359330
-0.61279296875 0.021484375 -0.0791015625 1359434
-0.61279296875 0.021484375 -0.0791015625 1359434
-0.61279296875 0.021484375 -0.0791015625 1359435
-0.61279296875 0.021484375 -0.0791015625 1359435
-0.5849609375 0.189453125 -0.38818359375 1359536
-0.5849609375 0.189453125 -0.38818359375 1359536
-0.5849609375 0.189453125 -0.38818359375 1359536
-0.5849609375 0.189453125 -0.38818359375 1359537
-1.26416015625 0.671875 -0.96923828125 1359638
-1.26416015625 0.671875 -0.96923828125 1359639
-1.26416015625 0.671875 -0.96923828125 1359639
-1.26416015625 0.671875 -0.96923828125 1359640
-0.4267578125 0.0927734375 0.66943359375 1359826
-0.4267578125 0.0927734375 0.66943359375 1359827
-0.4267578125 0.0927734375 0.66943359375 1359827
-0.4267578125 0.0927734375 0.66943359375 1359828
-0.14111328125 0.1767578125 0.9228515625 1359928
-0.14111328125 0.1767578125 0.9228515625 1359928
-0.14111328125 0.1767578125 0.9228515625 1359928
-0.14111328125 0.1767578125 0.9228515625 1359929
-0.18408203125 0.46142578125 0.8779296875 1360030
-0.18408203125 0.46142578125 0.8779296875 1360031
-0.18408203125 0.46142578125 0.8779296875 1360031
-0.18408203125 0.46142578125 0.8779296875 1360031
-0.29150390625 0.78271484375 0.74951171875 1360218
-0.29150390625 0.78271484375 0.74951171875 1360218
-0.29150390625 0.78271484375 0.74951171875 1360218
-0.29150390625 0.78271484375 0.74951171875 1360219
-0.41162109375 0.90283203125 0.669921875 1360329
-0.41162109375 0.90283203125 0.669921875 1360330
-0.41162109375 0.90283203125 0.669921875 1360330
-0.41162109375 0.90283203125 0.669921875 1360331
-0.44775390625 0.75341796875 0.64794921875 1360432
-0.44775390625 0.75341796875 0.64794921875 1360432
-0.44775390625 0.75341796875 0.64794921875 1360433
-0.44775390625 0.75341796875 0.64794921875 1360433
-0.42919921875 0.70263671875 0.66259765625 1360534
-0.42919921875 0.70263671875 0.66259765625 1360534
-0.42919921875 0.70263671875 0.66259765625 1360534
-0.42919921875 0.70263671875 0.66259765625 1360535
-0.36181640625 0.70166015625 0.66943359375 1360718
-0.36181640625 0.70166015625 0.66943359375 1360719
-0.36181640625 0.70166015625 0.66943359375 1360719
-0.36181640625 0.70166015625 0.66943359375 1360720
-0.25439453125 0.70068359375 0.74560546875 1360825
-0.25439453125 0.70068359375 0.74560546875 1360826
-0.25439453125 0.70068359375 0.74560546875 1360826
-0.25439453125 0.70068359375 0.74560546875 1360827
-0.13720703125 0.67919921875 0.82666015625 1360927
-0.13720703125 0.67919921875 0.82666015625 1360927
-0.13720703125 0.67919921875 0.82666015625 1360928
-0.13720703125 0.67919921875 0.82666015625 1360928
0.04052734375 0.595703125 0.98095703125 1361030
0.04052734375 0.595703125 0.98095703125 1361031
0.04052734375 0.595703125 0.98095703125 1361031
0.0361328125 0.5146484375 0.98193359375 1361128
0.02783203125 0.4521484375 0.962890625 1361231
0.02783203125 0.4521484375 0.962890625 1361231
0.02783203125 0.4521484375 0.962890625 1361232
0.0048828125 0.48779296875 0.970703125 1361335
0.0048828125 0.48779296875 0.970703125 1361336
0.0048828125 0.48779296875 0.970703125 1361336
0.0048828125 0.48779296875 0.970703125 1361337
-0.01123046875 0.45263671875 0.9560546875 1361525
-0.01123046875 0.45263671875 0.9560546875 1361526
-0.01123046875 0.45263671875 0.9560546875 1361526
-0.01123046875 0.45263671875 0.9560546875 1361526
0.01318359375 0.4404296875 0.984375 1361628
0.01318359375 0.4404296875 0.984375 1361628
0.01318359375 0.4404296875 0.984375 1361629
0.01318359375 0.4404296875 0.984375 1361629
0.0078125 0.44677734375 0.9736328125 1361731
0.0078125 0.44677734375 0.9736328125 1361731
0.0078125 0.44677734375 0.9736328125 1361731
0.0078125 0.44677734375 0.9736328125 1361732
0.00537109375 0.46875 0.96533203125 1361833
0.00537109375 0.46875 0.96533203125 1361833
0.00537109375 0.46875 0.96533203125 1361834
0.00537109375 0.46875 0.96533203125 1361834
0.0166015625 0.447265625 0.98388671875 1361935
0.0166015625 0.447265625 0.98388671875 1361935
0.0166015625 0.447265625 0.98388671875 1361935
0.0166015625 0.447265625 0.98388671875 1361936
0.01318359375 0.4462890625 0.9658203125 1362126
0.01318359375 0.4462890625 0.9658203125 1362126
0.01318359375 0.4462890625 0.9658203125 1362126
0.01318359375 0.4462890625 0.9658203125 1362127
0.0068359375 0.44921875 0.9716796875 1362228
0.0068359375 0.44921875 0.9716796875 1362228
0.0068359375 0.44921875 0.9716796875 1362228
0.0068359375 0.44921875 0.9716796875 1362229
-0.00146484375 0.4443359375 0.96435546875 1362330
-0.00146484375 0.4443359375 0.96435546875 1362330
-0.00146484375 0.4443359375 0.96435546875 1362330
-0.00146484375 0.4443359375 0.96435546875 1362331
0.01416015625 0.44482421875 0.9853515625 1362433
0.01416015625 0.44482421875 0.9853515625 1362433
0.01416015625 0.44482421875 0.9853515625 1362434
0.01416015625 0.44482421875 0.9853515625 1362434
-0.0263671875 0.44189453125 0.95556640625 1362624
-0.0263671875 0.44189453125 0.95556640625 1362624
-0.0263671875 0.44189453125 0.95556640625 1362625
-0.0263671875 0.44189453125 0.95556640625 1362625
-0.00244140625 0.423828125 0.98193359375 1362728
-0.00244140625 0.423828125 0.98193359375 1362728
-0.00244140625 0.423828125 0.98193359375 1362729
-0.00244140625 0.423828125 0.98193359375 1362729
-0.0107421875 0.43017578125 0.98876953125 1362830
-0.0107421875 0.43017578125 0.98876953125 1362830
-0.0107421875 0.43017578125 0.98876953125 1362830
-0.0107421875 0.43017578125 0.98876953125 1362831
-0.02392578125 0.44677734375 0.97607421875 1362932
-0.02392578125 0.44677734375 0.97607421875 1362932
-0.02392578125 0.44677734375 0.97607421875 1362932
-0.02392578125 0.44677734375 0.97607421875 1362933
-0.02880859375 0.455078125 0.96337890625 1363038
-0.02880859375 0.455078125 0.96337890625 1363039
-0.02880859375 0.455078125 0.96337890625 1363039
-0.02880859375 0.455078125 0.96337890625 1363040
-0.0283203125 0.46826171875 0.97119140625 1363232
-0.0283203125 0.46826171875 0.97119140625 1363232
-0.0283203125 0.46826171875 0.97119140625 1363232
-0.0283203125 0.46826171875 0.97119140625 1363233
-0.02978515625 0.4521484375 0.966796875 1363335
-0.02978515625 0.4521484375 0.966796875 1363335
-0.02978515625 0.4521484375 0.966796875 1363340
-0.02978515625 0.4521484375 0.966796875 1363341
-0.02197265625 0.45556640625 0.96826171875 1363524
-0.02197265625 0.45556640625 0.96826171875 1363524
-0.02197265625 0.45556640625 0.96826171875 1363525
-0.02197265625 0.45556640625 0.96826171875 1363525
-0.03369140625 0.4755859375 0.96923828125 1363627
-0.03369140625 0.4755859375 0.96923828125 1363627
-0.03369140625 0.4755859375 0.96923828125 1363627
-0.03369140625 0.4755859375 0.96923828125 1363628
-0.03759765625 0.46875 0.9677734375 1363729
-0.03759765625 0.46875 0.9677734375 1363729
-0.03759765625 0.46875 0.9677734375 1363729
-0.03759765625 0.46875 0.9677734375 1363730
-0.02490234375 0.46728515625 0.9697265625 1363831
-0.02490234375 0.46728515625 0.9697265625 1363832
-0.02490234375 0.46728515625 0.9697265625 1363832
-0.02490234375 0.46728515625 0.9697265625 1363832
-0.0234375 0.470703125 0.9638671875 1364020
-0.0234375 0.470703125 0.9638671875 1364021
-0.0234375 0.470703125 0.9638671875 1364021
-0.0234375 0.470703125 0.9638671875 1364021
-0.017578125 0.46240234375 0.974609375 1364123
-0.017578125 0.46240234375 0.974609375 1364124
-0.017578125 0.46240234375 0.974609375 1364124
-0.017578125 0.46240234375 0.974609375 1364124
-0.02490234375 0.47314453125 0.970703125 1364225
-0.02490234375 0.47314453125 0.970703125 1364226
-0.02490234375 0.47314453125 0.970703125 1364226
-0.02490234375 0.47314453125 0.970703125 1364226
-0.02978515625 0.46484375 0.96484375 1364328
-0.02978515625 0.46484375 0.96484375 1364328
-0.02978515625 0.46484375 0.96484375 1364329
-0.02978515625 0.46484375 0.96484375 1364329
-0.0263671875 0.4609375 0.96435546875 1364431
-0.0263671875 0.4609375 0.96435546875 1364431
-0.0263671875 0.4609375 0.96435546875 1364431
-0.0263671875 0.4609375 0.96435546875 1364432
-0.0234375 0.46484375 0.9716796875 1364622
-0.0234375 0.46484375 0.9716796875 1364622
-0.0234375 0.46484375 0.9716796875 1364622
-0.0234375 0.46484375 0.9716796875 1364623
-0.02587890625 0.46728515625 0.958984375 1364724
-0.02587890625 0.46728515625 0.958984375 1364724
-0.02587890625 0.46728515625 0.958984375 1364725
-0.02587890625 0.46728515625 0.958984375 1364725
-0.029296875 0.47216796875 0.96533203125 1364829
-0.029296875 0.47216796875 0.96533203125 1364829
-0.029296875 0.47216796875 0.96533203125 1364830
-0.029296875 0.47216796875 0.96533203125 1364830
-0.01904296875 0.4638671875 0.97021484375 1364931
-0.01904296875 0.4638671875 0.97021484375 1364931
-0.01904296875 0.4638671875 0.97021484375 1364931
-0.01904296875 0.4638671875 0.97021484375 1364932
-0.02197265625 0.466796875 0.95947265625 1365122
-0.02197265625 0.466796875 0.95947265625 1365122
-0.02197265625 0.466796875 0.95947265625 1365123
-0.02197265625 0.466796875 0.95947265625 1365123
-0.01416015625 0.4716796875 0.9697265625 1365324
-0.01416015625 0.4716796875 0.9697265625 1365324
-0.01416015625 0.4716796875 0.9697265625 1365324
-0.01416015625 0.4716796875 0.9697265625 1365325
-0.02099609375 0.46630859375 0.9658203125 1365426
-0.02099609375 0.46630859375 0.9658203125 1365426
-0.02099609375 0.46630859375 0.9658203125 1365427
-0.02099609375 0.46630859375 0.9658203125 1365427
-0.013671875 0.46337890625 0.97314453125 1365530
-0.013671875 0.46337890625 0.97314453125 1365530
-0.013671875 0.46337890625 0.97314453125 1365531
-0.013671875 0.46337890625 0.97314453125 1365531
-0.01123046875 0.46826171875 0.9716796875 1365632
-0.01123046875 0.46826171875 0.9716796875 1365632
-0.01123046875 0.46826171875 0.9716796875 1365633
-0.01123046875 0.46826171875 0.9716796875 1365633
-0.01953125 0.46240234375 0.96240234375 1365821
-0.01953125 0.46240234375 0.96240234375 1365821
-0.01953125 0.46240234375 0.96240234375 1365822
-0.01953125 0.46240234375 0.96240234375 1365822
-0.015625 0.46337890625 0.96875 1365930
-0.015625 0.46337890625 0.96875 1365930
-0.015625 0.46337890625 0.96875 1365931
-0.015625 0.46337890625 0.96875 1365931
-0.01708984375 0.4697265625 0.9697265625 1366030
-0.01708984375 0.4697265625 0.9697265625 1366030
-0.01708984375 0.4697265625 0.9697265625 1366031
-0.01708984375 0.4697265625 0.9697265625 1366031
-0.01513671875 0.466796875 0.9716796875 1366231
-0.01513671875 0.466796875 0.9716796875 1366231
-0.01513671875 0.466796875 0.9716796875 1366231
-0.01513671875 0.466796875 0.9716796875 1366232
-0.017578125 0.4658203125 0.96728515625 1366419
-0.017578125 0.4658203125 0.96728515625 1366419
-0.017578125 0.4658203125 0.96728515625 1366419
-0.017578125 0.4658203125 0.96728515625 1366420
-0.01220703125 0.46142578125 0.9736328125 1366522
-0.01220703125 0.46142578125 0.9736328125 1366522
-0.01220703125 0.46142578125 0.9736328125 1366523
-0.01220703125 0.46142578125 0.9736328125 1366523
-0.0166015625 0.474609375 0.97412109375 1366624
-0.0166015625 0.474609375 0.97412109375 1366624
-0.0166015625 0.474609375 0.97412109375 1366624
-0.0166015625 0.474609375 0.97412109375 1366625
-0.01611328125 0.45703125 0.96337890625 1366727
-0.01611328125 0.45703125 0.96337890625 1366727
-0.01611328125 0.45703125 0.96337890625 1366727
-0.01611328125 0.45703125 0.96337890625 1366728
-0.01904296875 0.462890625 0.9599609375 1366829
-0.01904296875 0.462890625 0.9599609375 1366829
-0.01904296875 0.462890625 0.9599609375 1366830
-0.01904296875 0.462890625 0.9599609375 1366830
-0.02197265625 0.4658203125 0.96875 1367031
-0.02197265625 0.4658203125 0.96875 1367032
-0.02197265625 0.4658203125 0.96875 1367032
-0.02197265625 0.4658203125 0.96875 1367033
-0.01416015625 0.46044921875 0.970703125 1367221
-0.01416015625 0.46044921875 0.970703125 1367221
-0.01416015625 0.46044921875 0.970703125 1367222
-0.01416015625 0.46044921875 0.970703125 1367222
-0.0146484375 0.466796875 0.974609375 1367323
-0.0146484375 0.466796875 0.974609375 1367323
-0.0146484375 0.466796875 0.974609375 1367324
-0.0146484375 0.466796875 0.974609375 1367324
-0.01806640625 0.46240234375 0.970703125 1367425
-0.01806640625 0.46240234375 0.970703125 1367425
-0.01806640625 0.46240234375 0.970703125 1367425
-0.01806640625 0.46240234375 0.970703125 1367426
-0.00927734375 0.4619140625 0.97314453125 1367528
-0.00927734375 0.4619140625 0.97314453125 1367528
-0.00927734375 0.4619140625 0.97314453125 1367529
-0.00927734375 0.4619140625 0.97314453125 1367529
-0.01708984375 0.453125 0.9677734375 1367630
-0.01708984375 0.453125 0.9677734375 1367630
-0.01708984375 0.453125 0.9677734375 1367631
-0.01708984375 0.453125 0.9677734375 1367631
-0.01611328125 0.45654296875 0.97216796875 1367821
-0.01611328125 0.45654296875 0.97216796875 1367822
-0.01611328125 0.45654296875 0.97216796875 1367822
-0.01611328125 0.45654296875 0.97216796875 1367823
-0.01904296875 0.4560546875 0.974609375 1367923
-0.01904296875 0.4560546875 0.974609375 1367923
-0.01904296875 0.4560546875 0.974609375 1367923
-0.01904296875 0.4560546875 0.974609375 1367924
-0.01611328125 0.4541015625 0.970703125 1368025
-0.01611328125 0.4541015625 0.970703125 1368025
-0.01611328125 0.4541015625 0.970703125 1368026
-0.01611328125 0.4541015625 0.970703125 1368026
-0.021484375 0.44873046875 0.96728515625 1368128
-0.021484375 0.44873046875 0.96728515625 1368128
-0.021484375 0.44873046875 0.96728515625 1368128
-0.021484375 0.44873046875 0.96728515625 1368129
-0.01025390625 0.45458984375 0.98193359375 1368322
-0.01025390625 0.45458984375 0.98193359375 1368322
-0.01025390625 0.45458984375 0.98193359375 1368322
-0.01025390625 0.45458984375 0.98193359375 1368323
-0.01806640625 0.45947265625 0.97216796875 1368424
-0.01806640625 0.45947265625 0.97216796875 1368424
-0.01806640625 0.45947265625 0.97216796875 1368424
-0.01806640625 0.45947265625 0.97216796875 1368425
-0.0107421875 0.451171875 0.97216796875 1368527
-0.0107421875 0.451171875 0.97216796875 1368527
-0.0107421875 0.451171875 0.97216796875 1368528
-0.0107421875 0.451171875 0.97216796875 1368528
-0.01318359375 0.45263671875 0.97509765625 1368630
-0.01318359375 0.45263671875 0.97509765625 1368630
-0.01318359375 0.45263671875 0.97509765625 1368631
-0.01318359375 0.45263671875 0.97509765625 1368631
-0.0107421875 0.447265625 0.9716796875 1368818
-0.0107421875 0.447265625 0.9716796875 1368818
-0.0107421875 0.447265625 0.9716796875 1368820
-0.0107421875 0.447265625 0.9716796875 1368820
-0.01171875 0.45849609375 0.98193359375 1368920
-0.01171875 0.45849609375 0.98193359375 1368920
-0.01171875 0.45849609375 0.98193359375 1368920
-0.01171875 0.45849609375 0.98193359375 1368921
-0.01123046875 0.45703125 0.97607421875 1369024
-0.01123046875 0.45703125 0.97607421875 1369024
-0.01123046875 0.45703125 0.97607421875 1369025
-0.01123046875 0.45703125 0.97607421875 1369025
-0.00927734375 0.44970703125 0.9697265625 1369127
-0.00927734375 0.44970703125 0.9697265625 1369127
-0.00927734375 0.44970703125 0.9697265625 1369128
-0.00927734375 0.44970703125 0.9697265625 1369128
-0.0185546875 0.45703125 0.974609375 1369229
-0.0185546875 0.45703125 0.974609375 1369229
-0.0185546875 0.45703125 0.974609375 1369230
-0.0185546875 0.45703125 0.974609375 1369230
-0.01318359375 0.4521484375 0.96923828125 1369417
-0.01318359375 0.4521484375 0.96923828125 1369417
-0.01318359375 0.4521484375 0.96923828125 1369418
-0.01318359375 0.4521484375 0.96923828125 1369418
-0.01708984375 0.4482421875 0.9677734375 1369519
-0.01708984375 0.4482421875 0.9677734375 1369519
-0.01708984375 0.4482421875 0.9677734375 1369520
-0.01708984375 0.4482421875 0.9677734375 1369520
-0.01806640625 0.447265625 0.97509765625 1369621
-0.01806640625 0.447265625 0.97509765625 1369622
-0.01806640625 0.447265625 0.97509765625 1369622
-0.01806640625 0.447265625 0.97509765625 1369622
-0.0087890625 0.4541015625 0.98291015625 1369724
-0.0087890625 0.4541015625 0.98291015625 1369724
-0.0087890625 0.4541015625 0.98291015625 1369725
-0.0087890625 0.4541015625 0.98291015625 1369725
-0.01513671875 0.44873046875 0.974609375 1369826
-0.01513671875 0.44873046875 0.974609375 1369826
-0.01513671875 0.44873046875 0.974609375 1369826
-0.01513671875 0.44873046875 0.974609375 1369827
-0.01611328125 0.44970703125 0.970703125 1370017
-0.01611328125 0.44970703125 0.970703125 1370017
-0.01611328125 0.44970703125 0.970703125 1370017
-0.01611328125 0.44970703125 0.970703125 1370018
-0.009765625 0.45654296875 0.9853515625 1370119
-0.009765625 0.45654296875 0.9853515625 1370119
-0.009765625 0.45654296875 0.9853515625 1370119
-0.009765625 0.45654296875 0.9853515625 1370120
-0.01318359375 0.4541015625 0.9736328125 1370231
-0.01318359375 0.4541015625 0.9736328125 1370231
-0.01318359375 0.4541015625 0.9736328125 1370232
-0.01318359375 0.4541015625 0.9736328125 1370232
-0.01513671875 0.451171875 0.98046875 1370422
-0.01513671875 0.451171875 0.98046875 1370422
-0.01513671875 0.451171875 0.98046875 1370422
-0.01513671875 0.451171875 0.98046875 1370423
-0.01513671875 0.45068359375 0.974609375 1370524
-0.01513671875 0.45068359375 0.974609375 1370525
-0.01513671875 0.45068359375 0.974609375 1370525
-0.01513671875 0.45068359375 0.974609375 1370526
-0.01025390625 0.455078125 0.9814453125 1370628
-0.01025390625 0.455078125 0.9814453125 1370628
-0.01025390625 0.455078125 0.9814453125 1370628
-0.01025390625 0.455078125 0.9814453125 1370629
-0.0087890625 0.45556640625 0.98046875 1370815
-0.0087890625 0.45556640625 0.98046875 1370816
-0.0087890625 0.45556640625 0.98046875 1370816
-0.0087890625 0.45556640625 0.98046875 1370816
-0.0126953125 0.45068359375 0.9755859375 1370917
-0.0126953125 0.45068359375 0.9755859375 1370918
-0.0126953125 0.45068359375 0.9755859375 1370918
-0.0126953125 0.45068359375 0.9755859375 1370919
-0.0078125 0.4541015625 0.9873046875 1371020
-0.0078125 0.4541015625 0.9873046875 1371029
-0.0078125 0.4541015625 0.9873046875 1371030
-0.0078125 0.4541015625 0.9873046875 1371030
-0.0185546875 0.45458984375 0.978515625 1371123
-0.02001953125 0.4482421875 0.97216796875 1371225
-0.02001953125 0.4482421875 0.97216796875 1371226
-0.02001953125 0.4482421875 0.97216796875 1371226
-0.02001953125 0.4482421875 0.97216796875 1371226
-0.01953125 0.44091796875 0.9794921875 1371416
-0.01953125 0.44091796875 0.9794921875 1371416
-0.01953125 0.44091796875 0.9794921875 1371416
-0.01953125 0.44091796875 0.9794921875 1371417
-0.01953125 0.4501953125 0.98486328125 1371518
-0.01953125 0.4501953125 0.98486328125 1371518
-0.01953125 0.4501953125 0.98486328125 1371519
-0.01953125 0.4501953125 0.98486328125 1371521
-0.03515625 0.44384765625 0.97314453125 1371623
-0.03515625 0.44384765625 0.97314453125 1371623
-0.03515625 0.44384765625 0.97314453125 1371623
-0.03515625 0.44384765625 0.97314453125 1371624
-0.05224609375 0.4208984375 0.947265625 1371725
-0.05224609375 0.4208984375 0.947265625 1371726
-0.05224609375 0.4208984375 0.947265625 1371726
-0.05224609375 0.4208984375 0.947265625 1371727
-0.0283203125 0.4208984375 0.98876953125 1371919
-0.0283203125 0.4208984375 0.98876953125 1371919
-0.0283203125 0.4208984375 0.98876953125 1371919
-0.0283203125 0.4208984375 0.98876953125 1371920
0.00390625 0.38818359375 1.009765625 1372021
0.00390625 0.38818359375 1.009765625 1372021
0.00390625 0.38818359375 1.009765625 1372022
0.00390625 0.38818359375 1.009765625 1372022
-0.0107421875 0.44580078125 1.00439453125 1372124
-0.0107421875 0.44580078125 1.00439453125 1372124
-0.0107421875 0.44580078125 1.00439453125 1372125
-0.0107421875 0.44580078125 1.00439453125 1372125
-0.75537109375 0.7060546875 0.212890625 1372316
-0.75537109375 0.7060546875 0.212890625 1372320
-0.75537109375 0.7060546875 0.212890625 1372321
-0.75537109375 0.7060546875 0.212890625 1372321
-0.916015625 0.546875 -0.17529296875 1372419
-0.88525390625 0.38427734375 -0.32763671875 1372522
-0.88525390625 0.38427734375 -0.32763671875 1372522
-0.88525390625 0.38427734375 -0.32763671875 1372522
-0.88525390625 0.38427734375 -0.32763671875 1372523
-0.796875 0.2119140625 -0.251953125 1372624
-0.796875 0.2119140625 -0.251953125 1372624
-0.796875 0.2119140625 -0.251953125 1372625
-0.796875 0.2119140625 -0.251953125 1372625
-0.84375 0.34375 -0.548828125 1372814
-0.84375 0.34375 -0.548828125 1372814
-0.84375 0.34375 -0.548828125 1372815
-0.84375 0.34375 -0.548828125 1372815
-0.9033203125 0.22216796875 -0.65478515625 1372917
-0.9033203125 0.22216796875 -0.65478515625 1372917
-0.9033203125 0.22216796875 -0.65478515625 1372917
-0.9033203125 0.22216796875 -0.65478515625 1372918
-0.91015625 0.318359375 -0.56298828125 1373019
-0.91015625 0.318359375 -0.56298828125 1373019
-0.91015625 0.318359375 -0.56298828125 1373020
-0.91015625 0.318359375 -0.56298828125 1373020
-0.93212890625 0.46044921875 -0.2470703125 1373122
-0.93212890625 0.46044921875 -0.2470703125 1373122
-0.93212890625 0.46044921875 -0.2470703125 1373123
-0.93212890625 0.46044921875 -0.2470703125 1373123
-0.6962890625 0.369140625 0.35791015625 1373224
-0.6962890625 0.369140625 0.35791015625 1373224
-0.6962890625 0.369140625 0.35791015625 1373225
-0.6962890625 0.369140625 0.35791015625 1373225
