508 1331171
508 1331189
509 1331189
509 1331190
508 1331190
509 1331190
509 1331190
511 1331191
510 1331191
509 1331191
509 1331191
509 1331191
506 1331197
508 1331198
509 1331198
507 1331198
501 1331198
508 1331198
511 1331198
508 1331199
510 1331199
510 1331199
511 1331199
508 1331201
507 1331201
508 1331201
505 1331201
507 1331201
510 1331202
511 1331202
509 1331202
509 1331202
509 1331202
510 1331203
507 1331203
509 1331203
510 1331203
509 1331203
509 1331203
509 1331204
509 1331204
508 1331204
510 1331204
509 1331204
510 1331204
508 1331205
509 1331205
510 1331205
511 1331205
509 1331205
508 1331205
510 1331206
507 1331206
508 1331206
511 1331206
509 1331207
508 1331207
507 1331207
510 1331207
508 1331207
508 1331207
508 1331208
503 1331208
524 1331208
510 1331208
500 1331210
501 1331210
515 1331245
510 1331245
507 1331275
516 1331275
513 1331275
515 1331282
501 1331322
509 1331322
504 1331323
515 1331362
511 1331372
508 1331382
511 1331404
509 1331404
510 1331412
511 1331422
507 1331432
505 1331442
511 1331451
510 1331462
508 1331471
508 1331482
505 1331492
512 1331502
513 1331511
507 1331522
509 1331531
514 1331542
511 1331563
511 1331565
507 1331572
512 1331582
506 1331591
510 1331628
513 1331630
509 1331632
507 1331633
513 1331641
512 1331652
507 1331661
503 1331672
512 1331681
505 1331692
520 1331701
506 1331712
506 1331721
519 1331732
509 1331741
515 1331764
500 1331765
508 1331771
510 1331795
497 1331795
504 1331801
508 1331812
524 1331821
496 1331832
505 1331840
512 1331852
510 1331874
513 1331875
508 1331882
512 1331892
507 1331901
509 1331912
507 1331921
510 1331932
510 1331953
508 1331955
511 1331963
509 1331973
513 1332007
507 1332010
514 1332010
512 1332023
506 1332025
504 1332045
514 1332055
506 1332055
509 1332061
510 1332072
511 1332094
507 1332095
508 1332103
512 1332112
507 1332121
506 1332132
508 1332141
511 1332152
508 1332161
507 1332172
510 1332181
511 1332192
509 1332201
511 1332212
514 1332230
501 1332254
493 1332254
508 1332260
487 1332272
489 1332281
502 1332292
516 1332301
512 1332312
513 1332321
509 1332332
502 1332341
512 1332352
513 1332361
510 1332372
510 1332381
509 1332392
507 1332401
507 1332412
507 1332420
509 1332432
509 1332441
509 1332463
510 1332473
507 1332475
509 1332483
510 1332494
506 1332501
510 1332525
506 1332525
511 1332530
508 1332542
511 1332551
508 1332575
511 1332575
510 1332581
506 1332592
508 1332601
508 1332638
508 1332640
510 1332642
508 1332644
510 1332651
510 1332662
511 1332683
510 1332685
508 1332692
510 1332702
507 1332711
509 1332722
508 1332731
505 1332742
511 1332751
509 1332763
510 1332771
509 1332795
509 1332795
509 1332801
509 1332813
508 1332833
509 1332844
508 1332845
510 1332853
508 1332862
511 1332871
509 1332895
509 1332895
510 1332900
510 1332912
508 1332931
508 1332945
511 1332945
508 1332950
507 1332985
509 1332985
507 1332992
510 1333002
509 1333010
508 1333022
510 1333030
507 1333042
509 1333063
508 1333065
508 1333084
510 1333109
510 1333111
510 1333113
508 1333113
509 1333123
509 1333133
510 1333153
509 1333156
509 1333163
509 1333173
508 1333181
509 1333205
508 1333205
509 1333210
510 1333222
509 1333230
509 1333242
508 1333251
508 1333262
509 1333270
509 1333282
507 1333290
509 1333328
511 1333330
508 1333332
510 1333334
510 1333340
510 1333352
508 1333360
508 1333372
508 1333381
508 1333392
509 1333400
509 1333412
508 1333420
508 1333432
509 1333441
508 1333453
508 1333474
509 1333476
510 1333484
509 1333495
509 1333501
508 1333513
509 1333521
511 1333532
508 1333540
509 1333552
509 1333560
511 1333572
507 1333580
510 1333592
507 1333600
509 1333613
510 1333621
508 1333645
510 1333645
509 1333650
508 1333662
507 1333670
510 1333682
510 1333690
509 1333713
509 1333734
507 1333736
510 1333743
509 1333752
509 1333761
509 1333773
512 1333793
507 1333796
507 1333802
508 1333812
508 1333821
509 1333845
511 1333845
509 1333850
509 1333862
512 1333870
508 1333882
507 1333891
509 1333903
509 1333911
510 1333923
509 1333957
511 1333963
509 1333963
511 1333963
509 1333971
509 1333997
508 1333997
507 1334000
511 1334013
508 1334021
505 1334033
512 1334066
507 1334073
506 1334073
510 1334073
510 1334082
512 1334105
509 1334105
508 1334110
506 1334122
507 1334185
508 1334187
510 1334193
510 1334193
510 1334193
504 1334195
511 1334195
506 1334215
510 1334215
508 1334223
510 1334231
509 1334243
507 1334276
507 1334278
510 1334283
511 1334283
510 1334292
510 1334301
509 1334337
513 1334338
508 1334342
508 1334342
507 1334350
508 1334362
509 1334371
509 1334382
507 1334391
508 1334402
510 1334421
509 1334433
508 1334443
507 1334445
508 1334505
509 1334505
514 1334507
508 1334508
510 1334511
507 1334513
507 1334532
511 1334545
512 1334545
514 1334551
510 1334562
510 1334583
511 1334585
512 1334592
509 1334602
509 1334610
507 1334622
510 1334630
509 1334655
507 1334655
511 1334660
509 1334684
509 1334684
508 1334690
510 1334702
508 1334737
507 1334739
507 1334740
509 1334751
507 1334764
507 1334764
509 1334771
510 1334795
509 1334795
506 1334800
513 1334812
504 1334821
504 1334845
509 1334845
509 1334863
527 1334865
509 1334872
515 1334882
518 1334904
512 1334905
510 1334913
511 1334922
508 1334931
513 1334955
508 1334955
501 1334961
520 1334972
506 1334981
506 1335017
518 1335019
507 1335022
491 1335023
508 1335031
504 1335042
524 1335051
508 1335063
506 1335071
517 1335082
503 1335091
506 1335102
512 1335111
508 1335122
507 1335131
506 1335142
509 1335160
510 1335184
511 1335184
507 1335190
507 1335202
510 1335222
511 1335235
507 1335235
506 1335379
495 1335392
525 1335392
527 1335394
487 1335394
499 1335396
520 1335396
511 1335426
509 1335426
516 1335570
515 1335570
508 1335572
507 1335606
508 1335606
504 1335610
511 1335653
508 1335653
510 1335655
507 1335655
509 1335657
509 1335658
510 1335660
511 1335661
508 1335661
509 1335683
505 1335725
511 1335725
512 1335744
505 1335745
508 1335878
507 1335880
505 1335880
508 1335882
511 1335882
511 1335882
508 1335884
508 1335926
511 1335926
509 1335926
510 1335928
508 1335933
508 1335933
508 1335935
508 1335935
507 1335935
509 1335943
510 1336000
510 1336046
510 1336046
510 1336046
507 1336048
510 1336053
509 1336053
509 1336063
509 1336063
509 1336064
511 1336064
510 1336064
508 1336064
508 1336064
509 1336075
507 1336075
508 1336080
509 1336092
509 1336126
509 1336132
509 1336132
508 1336134
510 1336142
509 1336175
508 1336178
508 1336184
509 1336184
510 1336192
508 1336226
508 1336232
507 1336232
509 1336234
509 1336242
510 1336261
510 1336285
508 1336285
510 1336290
509 1336302
509 1336335
509 1336338
510 1336349
508 1336349
508 1336351
508 1336377
509 1336378
509 1336380
509 1336392
508 1336400
508 1336433
508 1336445
508 1336448
510 1336453
510 1336453
510 1336487
508 1336489
511 1336492
511 1336494
508 1336511
510 1336523
509 1336534
509 1336537
509 1336555
509 1336555
509 1336574
511 1336574
510 1336606
508 1336609
509 1336611
509 1336623
509 1336625
509 1336632
509 1336642
511 1336663
510 1336665
509 1336728
508 1336730
509 1336730
508 1336732
507 1336732
510 1336734
509 1336746
508 1336753
510 1336764
508 1336775
508 1336775
508 1336795
509 1336795
507 1336813
508 1336815
508 1336834
509 1336835
509 1336868
509 1336870
507 1336872
509 1336872
509 1336882
509 1336892
510 1336901
507 1336913
511 1336921
510 1336932
509 1336941
506 1336952
507 1336960
509 1336972
509 1336980
509 1336992
511 1337001
509 1337025
509 1337025
509 1337030
507 1337042
507 1337050
508 1337062
509 1337071
509 1337082
510 1337090
508 1337103
510 1337111
510 1337122
510 1337130
508 1337142
510 1337163
509 1337165
509 1337172
508 1337182
508 1337190
507 1337202
511 1337223
509 1337225
507 1337232
507 1337242
508 1337250
509 1337287
508 1337290
510 1337292
510 1337293
511 1337300
508 1337312
508 1337320
510 1337332
508 1337341
508 1337352
509 1337360
508 1337372
509 1337381
508 1337392
506 1337401
498 1337422
522 1337430
493 1337442
495 1337451
494 1337462
517 1337470
505 1337494
501 1337494
523 1337501
495 1337512
515 1337521
514 1337532
515 1337541
512 1337552
514 1337561
512 1337572
509 1337580
506 1337592
508 1337600
509 1337624
505 1337624
512 1337654
517 1337656
509 1337663
503 1337674
511 1337674
510 1337681
511 1337704
504 1337704
515 1337710
501 1337722
510 1337731
509 1337742
512 1337763
507 1337765
512 1337772
511 1337782
510 1337790
510 1337802
514 1337810
506 1337822
505 1337830
512 1337842
505 1337850
512 1337862
513 1337870
509 1337882
507 1337891
509 1337902
507 1337911
509 1337922
510 1337931
505 1337943
509 1337963
515 1337965
507 1337984
512 1337985
507 1337992
510 1338001
514 1338025
508 1338025
508 1338031
509 1338042
510 1338063
506 1338065
509 1338072
509 1338082
508 1338090
509 1338102
509 1338111
510 1338122
508 1338140
508 1338142
507 1338177
506 1338182
508 1338182
511 1338191
508 1338223
511 1338225
509 1338230
507 1338240
509 1338250
508 1338302
506 1338304
508 1338304
508 1338304
511 1338306
510 1338306
510 1338324
508 1338324
511 1338343
505 1338345
507 1338360
507 1338361
509 1338384
509 1338384
507 1338390
510 1338402
511 1338411
510 1338422
510 1338431
509 1338442
510 1338451
507 1338462
509 1338470
507 1338482
509 1338503
508 1338505
507 1338512
509 1338522
508 1338543
509 1338545
510 1338553
510 1338563
510 1338571
510 1338595
509 1338595
509 1338601
509 1338613
507 1338620
508 1338633
511 1338641
508 1338652
509 1338660
508 1338672
510 1338693
509 1338695
509 1338702
508 1338712
509 1338720
510 1338732
509 1338766
508 1338772
510 1338772
511 1338774
509 1338782
510 1338790
509 1338814
506 1338814
510 1338820
510 1338832
509 1338866
511 1338873
508 1338873
513 1338873
509 1338881
509 1338903
508 1338911
509 1338923
506 1338947
510 1338948
509 1338953
508 1338961
509 1338982
510 1338982
510 1338991
510 1339002
509 1339011
508 1339022
508 1339031
508 1339042
509 1339051
509 1339074
507 1339074
509 1339080
510 1339092
506 1339100
506 1339125
506 1339125
506 1339130
511 1339142
510 1339150
509 1339162
512 1339182
513 1339185
514 1339192
513 1339202
510 1339210
510 1339222
510 1339231
512 1339243
511 1339250
511 1339262
508 1339271
511 1339282
509 1339291
509 1339302
512 1339310
508 1339322
509 1339330
507 1339342
510 1339350
509 1339362
509 1339370
508 1339382
507 1339390
509 1339402
508 1339411
510 1339434
508 1339434
509 1339440
509 1339452
507 1339461
506 1339473
509 1339494
509 1339496
511 1339503
511 1339513
510 1339521
508 1339533
509 1339540
510 1339557
509 1339561
510 1339573
510 1339581
509 1339593
508 1339601
509 1339613
510 1339621
509 1339633
509 1339650
508 1339671
509 1339671
510 1339683
509 1339692
509 1339702
509 1339712
509 1339720
509 1339732
508 1339753
510 1339755
507 1339764
513 1339772
508 1339780
511 1339792
507 1339813
511 1339815
510 1339822
508 1339832
508 1339840
512 1339852
511 1339860
508 1339872
510 1339881
508 1339893
509 1339901
507 1339913
509 1339921
506 1339933
509 1339941
510 1339965
507 1339965
506 1339971
507 1339982
511 1339991
509 1340003
507 1340023
508 1340025
505 1340032
507 1340043
508 1340050
507 1340062
507 1340083
509 1340085
511 1340092
509 1340102
507 1340123
508 1340125
507 1340132
509 1340142
509 1340150
509 1340162
507 1340195
509 1340197
507 1340202
507 1340202
510 1340212
510 1340220
508 1340232
510 1340240
509 1340252
509 1340260
509 1340272
510 1340280
509 1340292
508 1340300
509 1340313
508 1340321
509 1340333
508 1340341
510 1340363
508 1340370
510 1340385
508 1340385
508 1340401
510 1340412
508 1340421
509 1340444
508 1340444
510 1340450
511 1340462
511 1340470
508 1340482
510 1340502
509 1340505
509 1340512
509 1340522
509 1340530
512 1340554
508 1340554
511 1340560
508 1340572
508 1340581
507 1340605
510 1340605
507 1340610
509 1340622
509 1340630
511 1340643
511 1340651
510 1340663
511 1340671
506 1340682
509 1340690
507 1340702
507 1340711
510 1340722
510 1340731
511 1340742
511 1340750
507 1340763
510 1340770
508 1340782
506 1340790
509 1340802
507 1340810
508 1340822
509 1340830
511 1340842
509 1340850
509 1340862
508 1340870
508 1340882
508 1340891
510 1340915
509 1340915
508 1340921
511 1340943
509 1340953
508 1340955
508 1340975
509 1340975
508 1340982
510 1340991
508 1341002
509 1341010
509 1341022
506 1341030
508 1341042
509 1341050
510 1341062
508 1341082
507 1341085
508 1341092
509 1341102
509 1341110
508 1341122
506 1341141
508 1341152
510 1341161
508 1341172
510 1341181
508 1341205
509 1341205
511 1341211
509 1341223
506 1341231
508 1341243
508 1341251
508 1341275
508 1341275
508 1341293
510 1341295
511 1341314
508 1341314
509 1341322
507 1341342
509 1341345
509 1341352
509 1341362
508 1341383
507 1341385
508 1341404
510 1341404
507 1341412
507 1341421
510 1341432
510 1341465
509 1341468
509 1341474
508 1341474
510 1341482
510 1341491
509 1341515
507 1341515
511 1341524
507 1341532
510 1341553
509 1341555
510 1341574
509 1341574
510 1341582
512 1341590
507 1341610
510 1341612
509 1341621
509 1341632
509 1341665
508 1341668
510 1341673
511 1341674
508 1341682
508 1341690
508 1341715
506 1341715
509 1341720
507 1341732
510 1341740
510 1341758
513 1341761
504 1341772
507 1341780
511 1341792
510 1341800
508 1341812
507 1341820
510 1341832
511 1341840
511 1341852
509 1341870
509 1341882
507 1341890
510 1341902
508 1341922
507 1341931
508 1341932
507 1341942
509 1341951
511 1341973
510 1341975
507 1341982
510 1341992
508 1342000
512 1342012
509 1342020
510 1342032
512 1342040
509 1342052
509 1342060
510 1342084
510 1342084
509 1342090
511 1342102
507 1342111
509 1342121
509 1342130
508 1342142
509 1342151
508 1342162
508 1342170
509 1342193
512 1342203
507 1342205
508 1342212
508 1342222
510 1342243
507 1342245
508 1342252
508 1342262
507 1342270
506 1342282
511 1342290
507 1342314
508 1342314
512 1342320
508 1342332
506 1342353
508 1342355
509 1342365
510 1342372
508 1342393
509 1342395
510 1342402
511 1342412
508 1342421
507 1342432
511 1342440
507 1342465
507 1342465
507 1342470
509 1342482
510 1342490
512 1342502
510 1342510
509 1342522
507 1342531
509 1342567
510 1342567
508 1342571
512 1342573
510 1342582
511 1342592
511 1342600
509 1342622
509 1342630
511 1342642
507 1342650
509 1342662
510 1342670
511 1342681
509 1342689
508 1342714
509 1342714
509 1342720
512 1342732
508 1342741
508 1342776
509 1342776
508 1342783
509 1342785
509 1342792
508 1342802
508 1342810
511 1342822
508 1342831
511 1342843
510 1342850
506 1342888
511 1342890
512 1342892
508 1342894
507 1342900
510 1342912
509 1342945
510 1342947
509 1342952
509 1342953
509 1342962
511 1342996
507 1343002
508 1343002
509 1343002
508 1343010
509 1343021
509 1343031
510 1343041
508 1343063
512 1343065
510 1343073
508 1343082
507 1343090
509 1343102
508 1343123
510 1343125
509 1343132
508 1343142
511 1343151
508 1343162
509 1343170
509 1343182
511 1343190
509 1343202
509 1343210
509 1343222
509 1343230
510 1343242
508 1343250
508 1343262
509 1343270
511 1343282
509 1343290
510 1343302
510 1343310
508 1343335
510 1343335
512 1343344
509 1343362
506 1343370
508 1343382
509 1343416
508 1343422
510 1343422
509 1343422
511 1343430
509 1343454
510 1343454
508 1343460
510 1343472
508 1343480
508 1343492
510 1343512
508 1343514
512 1343522
513 1343532
511 1343541
509 1343577
508 1343579
509 1343583
508 1343583
509 1343603
510 1343605
512 1343612
512 1343622
508 1343630
506 1343642
509 1343650
509 1343662
509 1343682
510 1343685
508 1343692
508 1343701
509 1343722
509 1343725
509 1343732
508 1343741
508 1343750
511 1343799
510 1343803
506 1343805
510 1343807
507 1343807
509 1343810
509 1343835
508 1343835
509 1343840
510 1343852
508 1343901
510 1343904
510 1343904
508 1343906
507 1343908
509 1343911
508 1343922
507 1343932
509 1343940
508 1343952
509 1343960
510 1343978
508 1343980
510 1343992
505 1344001
509 1344013
508 1344021
509 1344033
508 1344040
508 1344052
508 1344073
509 1344075
515 1344093
512 1344102
507 1344110
507 1344122
509 1344130
511 1344142
511 1344163
507 1344165
508 1344172
511 1344182
507 1344190
508 1344202
506 1344222
508 1344225
509 1344232
508 1344242
509 1344250
509 1344262
509 1344270
509 1344282
508 1344290
508 1344301
509 1344310
508 1344322
510 1344343
509 1344345
509 1344364
510 1344374
510 1344374
509 1344380
509 1344392
511 1344400
508 1344412
511 1344420
510 1344432
510 1344440
509 1344452
512 1344460
512 1344472
511 1344480
506 1344492
503 1344500
496 1344512
506 1344520
508 1344532
509 1344540
508 1344552
509 1344560
510 1344572
509 1344580
506 1344592
510 1344600
507 1344612
509 1344620
508 1344632
509 1344640
508 1344651
509 1344660
510 1344672
507 1344680
505 1344704
511 1344704
511 1344711
509 1344722
511 1344731
510 1344742
507 1344750
502 1344762
509 1344770
507 1344782
503 1344790
513 1344802
509 1344810
513 1344822
505 1344830
506 1344852
511 1344860
509 1344884
508 1344884
512 1344890
509 1344903
507 1344910
510 1344935
509 1344935
506 1344953
508 1344955
510 1344962
508 1344972
511 1344980
515 1344992
499 1345000
520 1345012
506 1345020
517 1345032
519 1345053
525 1345054
506 1345061
502 1345084
509 1345084
498 1345091
515 1345102
503 1345110
514 1345122
508 1345130
507 1345142
509 1345151
508 1345162
511 1345171
511 1345182
508 1345190
512 1345202
504 1345210
509 1345222
513 1345230
507 1345241
501 1345250
511 1345262
508 1345280
514 1345280
511 1345305
504 1345305
504 1345310
513 1345322
508 1345330
509 1345342
502 1345350
511 1345362
507 1345370
509 1345382
509 1345390
508 1345402
509 1345410
509 1345422
510 1345430
515 1345441
505 1345450
506 1345470
513 1345470
505 1345481
519 1345491
504 1345501
511 1345510
510 1345522
506 1345531
502 1345542
518 1345550
510 1345562
504 1345570
510 1345582
510 1345590
511 1345624
501 1345624
510 1345640
527 1345668
526 1345670
499 1345672
520 1345672
506 1345736
527 1345736
512 1345738
496 1345742
504 1345742
496 1345746
490 1345746
492 1345751
515 1345761
506 1345770
507 1345781
506 1345790
520 1345801
505 1345810
505 1345821
507 1345830
512 1345842
513 1345850
508 1345862
509 1345870
508 1345882
510 1345902
508 1345904
508 1345912
507 1345921
508 1345930
509 1345941
509 1345950
510 1345961
509 1345971
508 1345981
506 1346016
508 1346022
508 1346022
505 1346024
508 1346032
507 1346053
509 1346055
508 1346062
507 1346072
509 1346080
510 1346104
510 1346104
510 1346110
511 1346122
511 1346130
506 1346142
506 1346163
507 1346165
508 1346172
509 1346182
511 1346190
509 1346202
509 1346210
506 1346222
509 1346240
508 1346261
507 1346261
508 1346262
507 1346270
511 1346282
508 1346290
508 1346315
510 1346315
507 1346320
508 1346342
509 1346350
510 1346374
511 1346374
509 1346380
510 1346392
512 1346412
509 1346415
508 1346422
509 1346444
509 1346444
508 1346450
510 1346462
507 1346482
510 1346485
511 1346492
509 1346502
507 1346540
505 1346543
507 1346543
510 1346545
508 1346562
509 1346564
509 1346572
507 1346582
509 1346590
508 1346602
510 1346611
504 1346622
509 1346630
508 1346642
508 1346650
511 1346662
509 1346670
508 1346682
511 1346690
508 1346702
509 1346710
509 1346722
508 1346742
510 1346745
507 1346752
510 1346762
509 1346782
510 1346784
507 1346792
508 1346801
510 1346810
505 1346821
510 1346830
508 1346842
509 1346850
510 1346862
511 1346871
509 1346896
509 1346896
506 1346900
508 1346912
507 1346921
509 1346943
507 1346953
510 1346962
510 1346963
507 1346972
508 1346993
506 1347003
508 1347005
507 1347012
508 1347033
508 1347043
510 1347063
508 1347063
507 1347072
506 1347082
508 1347102
511 1347105
512 1347123
509 1347155
509 1347155
509 1347176
510 1347179
510 1347181
508 1347211
506 1347242
507 1347242
509 1347244
508 1347244
508 1347266
510 1347266
509 1347325
510 1347327
509 1347331
508 1347331
508 1347331
508 1347333
509 1347333
510 1347334
511 1347336
509 1347343
509 1347361
510 1347382
509 1347414
508 1347416
508 1347432
508 1347453
510 1347498
509 1347500
510 1347502
509 1347502
509 1347502
509 1347505
509 1347505
506 1347532
513 1347532
502 1347534
516 1347534
504 1347543
511 1347561
502 1347597
513 1347599
511 1347599
503 1347601
506 1347602
508 1347602
509 1347630
508 1347632
507 1347632
509 1347634
505 1347641
507 1347667
508 1347669
511 1347669
509 1347694
510 1347694
510 1347700
508 1347754
511 1347754
507 1347756
510 1347756
509 1347758
508 1347846
509 1347846
511 1348019
508 1348019
501 1348021
509 1348021
512 1348023
497 1348023
510 1348083
481 1348083
512 1348083
531 1348085
512 1348085
512 1348085
516 1348087
509 1348088
507 1348114
512 1348114
507 1348116
510 1348121
511 1348137
512 1348140
496 1348140
519 1348142
549 1348142
513 1348144
510 1348144
487 1348172
542 1348172
506 1348174
503 1348174
514 1348176
517 1348179
519 1348194
504 1348194
510 1348196
508 1348197
503 1348200
511 1348200
509 1348223
505 1348224
513 1348225
508 1348227
505 1348228
508 1348236
509 1348238
503 1348244
499 1348332
525 1348332
505 1348334
493 1348334
518 1348349
512 1348349
498 1348351
491 1348376
509 1348377
501 1348384
509 1348384
501 1348386
510 1348386
509 1348389
503 1348389
508 1348390
509 1348401
511 1348423
508 1348462
515 1348464
507 1348464
512 1348466
507 1348468
506 1348474
507 1348474
510 1348493
509 1348495
507 1348534
514 1348553
509 1348760
504 1348762
502 1348764
507 1348764
511 1348764
505 1348766
508 1348768
512 1348805
506 1348805
511 1348816
508 1348816
510 1348886
507 1348889
508 1348891
508 1348891
507 1348893
507 1348893
510 1348895
508 1348895
508 1348897
510 1348897
509 1348920
508 1348947
508 1348949
507 1348994
509 1348994
509 1348996
511 1348996
509 1348996
510 1349002
515 1349002
509 1349017
506 1349017
509 1349018
509 1349018
508 1349022
511 1349030
505 1349042
510 1349063
510 1349065
507 1349072
510 1349082
508 1349116
509 1349122
510 1349122
508 1349122
508 1349130
509 1349183
508 1349183
508 1349185
509 1349185
509 1349187
510 1349191
511 1349212
508 1349230
507 1349245
508 1349245
509 1349252
511 1349265
508 1349265
508 1349283
508 1349285
509 1349292
508 1349302
509 1349340
508 1349365
507 1349365
508 1349382
509 1349385
510 1349385
508 1349387
509 1349389
510 1349392
507 1349401
510 1349411
511 1349432
510 1349435
510 1349441
506 1349452
510 1349486
509 1349492
509 1349492
508 1349494
508 1349515
510 1349515
508 1349520
510 1349543
509 1349553
510 1349555
508 1349562
510 1349585
510 1349585
507 1349590
510 1349602
509 1349665
508 1349667
509 1349672
510 1349672
509 1349674
511 1349674
508 1349676
508 1349707
508 1349709
507 1349711
511 1349776
510 1349780
511 1349780
510 1349868
511 1349879
509 1349879
509 1349881
508 1349883
507 1349883
508 1349885
509 1349885
508 1349887
510 1349889
508 1349891
509 1349891
507 1349897
507 1349897
509 1349897
508 1349905
509 1349905
509 1349910
509 1349922
510 1349930
509 1349942
508 1349950
510 1349962
508 1349970
508 1349982
509 1349990
508 1350024
510 1350024
509 1350030
509 1350054
509 1350054
509 1350072
505 1350075
508 1350082
509 1350092
509 1350112
510 1350115
507 1350121
508 1350132
507 1350140
509 1350152
508 1350160
510 1350172
508 1350180
509 1350204
510 1350204
510 1350222
510 1350224
509 1350231
508 1350241
509 1350251
510 1350261
508 1350270
509 1350282
510 1350290
509 1350302
510 1350310
510 1350322
508 1350330
510 1350342
508 1350350
508 1350362
510 1350370
508 1350382
509 1350403
509 1350405
514 1350412
504 1350421
513 1350443
521 1350444
512 1350451
527 1350461
509 1350471
513 1350482
518 1350490
496 1350502
499 1350510
513 1350534
508 1350534
508 1350552
514 1350554
513 1350563
510 1350572
512 1350580
508 1350592
509 1350600
505 1350612
515 1350620
509 1350631
513 1350640
504 1350651
512 1350660
504 1350671
506 1350681
508 1350692
511 1350700
511 1350711
510 1350720
509 1350732
510 1350745
511 1350751
507 1350760
513 1350772
507 1350790
510 1350802
507 1350810
507 1350822
507 1350830
509 1350841
510 1350863
509 1350865
509 1350876
508 1350890
505 1350890
509 1350903
511 1350912
511 1350920
507 1350932
511 1350940
506 1350952
511 1350960
502 1350971
506 1350980
506 1350991
504 1351000
505 1351012
509 1351021
510 1351032
509 1351040
509 1351052
510 1351060
509 1351071
507 1351080
509 1351092
506 1351100
508 1351112
506 1351120
509 1351132
508 1351140
510 1351160
509 1351162
509 1351184
510 1351184
510 1351200
508 1351202
507 1351236
507 1351241
509 1351243
508 1351250
506 1351252
507 1351304
509 1351304
509 1351304
512 1351306
510 1351309
507 1351311
506 1351322
508 1351331
506 1351340
507 1351351
508 1351360
508 1351385
509 1351385
512 1351390
509 1351401
510 1351410
508 1351421
510 1351430
505 1351441
506 1351450
507 1351461
508 1351470
507 1351482
510 1351490
511 1351502
510 1351512
510 1351532
508 1351560
509 1351578
510 1351578
509 1351580
508 1351595
511 1351595
509 1351612
510 1351614
508 1351621
509 1351631
508 1351652
508 1351654
511 1351674
509 1351675
508 1351694
508 1351694
511 1351699
508 1351711
507 1351719
510 1351731
509 1351739
510 1351764
509 1351764
508 1351769
511 1351782
511 1351790
508 1351802
511 1351810
508 1351821
510 1351829
508 1351841
509 1351849
509 1351861
509 1351869
510 1351881
510 1351889
508 1351901
508 1351909
508 1351921
508 1351930
509 1351942
508 1351975
508 1351977
510 1351983
510 1351983
509 1351991
509 1352000
506 1352011
509 1352032
509 1352035
509 1352042
508 1352052
509 1352060
508 1352071
509 1352080
509 1352091
508 1352100
508 1352111
507 1352119
509 1352132
509 1352139
508 1352152
509 1352160
509 1352172
508 1352180
509 1352192
508 1352200
508 1352212
509 1352233
509 1352235
509 1352242
511 1352252
510 1352270
509 1352282
508 1352290
508 1352301
508 1352310
510 1352322
509 1352343
509 1352345
511 1352352
508 1352360
508 1352384
508 1352384
508 1352390
508 1352402
510 1352410
508 1352422
511 1352430
509 1352441
510 1352450
506 1352461
509 1352470
507 1352481
509 1352489
509 1352501
508 1352510
509 1352521
509 1352530
509 1352552
507 1352562
508 1352564
506 1352572
506 1352582
511 1352590
510 1352601
509 1352622
510 1352625
510 1352632
511 1352652
510 1352662
509 1352665
509 1352672
509 1352681
509 1352702
511 1352704
509 1352712
510 1352721
507 1352730
512 1352741
509 1352762
509 1352765
509 1352772
510 1352782
509 1352790
509 1352801
510 1352810
507 1352821
509 1352829
509 1352841
510 1352849
510 1352861
508 1352869
508 1352881
509 1352890
507 1352902
508 1352910
507 1352922
508 1352930
508 1352941
510 1352950
509 1352963
509 1352969
509 1352981
511 1352990
511 1353001
508 1353020
507 1353044
510 1353044
512 1353049
511 1353061
510 1353069
508 1353081
509 1353089
509 1353102
507 1353121
505 1353147
508 1353150
507 1353152
510 1353152
509 1353162
509 1353184
510 1353184
511 1353190
509 1353202
510 1353210
507 1353234
506 1353234
507 1353239
509 1353251
511 1353260
509 1353271
512 1353279
509 1353304
507 1353304
509 1353309
509 1353321
510 1353342
509 1353344
508 1353351
507 1353361
510 1353370
509 1353382
509 1353390
507 1353402
510 1353410
507 1353422
505 1353431
509 1353442
510 1353450
506 1353462
511 1353470
509 1353482
511 1353502
510 1353504
508 1353511
508 1353529
508 1353534
511 1353600
507 1353600
509 1353600
507 1353600
509 1353600
511 1353601
509 1353606
509 1353615
509 1353620
509 1353632
507 1353640
511 1353652
509 1353660
508 1353672
509 1353680
506 1353691
508 1353712
511 1353715
510 1353722
510 1353731
510 1353749
508 1353761
508 1353769
510 1353781
508 1353789
508 1353827
512 1353827
505 1353830
511 1353832
508 1353841
508 1353851
509 1353860
509 1353884
510 1353884
507 1353889
509 1353901
508 1353935
511 1353938
512 1353943
511 1353943
507 1353965
510 1353965
511 1353970
510 1353982
508 1353990
509 1354001
508 1354010
508 1354022
510 1354043
507 1354045
507 1354052
509 1354062
508 1354070
509 1354094
509 1354094
511 1354100
510 1354112
510 1354146
509 1354151
505 1354151
507 1354153
510 1354162
509 1354182
510 1354185
508 1354191
510 1354201
509 1354209
507 1354221
510 1354229
508 1354254
508 1354254
508 1354259
510 1354271
509 1354280
509 1354292
511 1354300
510 1354311
510 1354320
509 1354357
508 1354359
507 1354362
510 1354362
511 1354371
510 1354381
510 1354389
508 1354401
507 1354409
509 1354421
508 1354429
508 1354452
509 1354462
509 1354464
510 1354471
511 1354481
509 1354513
507 1354515
508 1354522
508 1354532
507 1354540
508 1354552
507 1354560
511 1354572
509 1354580
508 1354592
506 1354600
507 1354612
511 1354620
509 1354632
510 1354640
511 1354676
510 1354679
508 1354681
509 1354683
507 1354690
511 1354701
511 1354710
509 1354721
510 1354729
509 1354741
510 1354749
511 1354774
510 1354774
509 1354783
509 1354791
510 1354799
507 1354825
508 1354825
510 1354830
509 1354842
508 1354850
511 1354862
508 1354870
507 1354882
508 1354890
507 1354901
507 1354922
508 1354924
510 1354931
510 1354941
511 1354949
510 1354961
508 1354983
509 1354985
509 1354992
507 1355002
509 1355010
509 1355033
511 1355033
508 1355040
508 1355051
507 1355060
508 1355072
511 1355080
509 1355092
510 1355100
509 1355112
510 1355120
511 1355131
507 1355140
507 1355151
507 1355160
509 1355171
509 1355179
508 1355201
508 1355210
508 1355221
509 1355242
509 1355244
510 1355264
509 1355264
508 1355271
510 1355280
509 1355291
511 1355299
511 1355311
509 1355320
510 1355332
509 1355365
507 1355368
509 1355373
510 1355374
511 1355382
508 1355390
509 1355414
511 1355414
509 1355419
508 1355431
507 1355440
507 1355451
508 1355459
509 1355471
510 1355480
509 1355491
509 1355513
511 1355515
508 1355523
504 1355532
507 1355540
509 1355552
509 1355560
508 1355584
509 1355584
509 1355590
510 1355627
508 1355627
509 1355630
508 1355633
507 1355642
509 1355664
510 1355664
509 1355669
510 1355681
511 1355702
511 1355705
508 1355711
508 1355721
512 1355730
508 1355742
510 1355750
509 1355761
509 1355770
510 1355782
508 1355790
506 1355801
509 1355810
510 1355834
509 1355834
509 1355840
509 1355851
510 1355860
508 1355896
508 1355898
508 1355901
509 1355903
509 1355951
508 1355953
510 1355953
510 1355955
510 1355957
511 1355960
509 1355994
508 1355994
509 1356014
510 1356014
508 1356020
509 1356032
509 1356040
508 1356052
508 1356060
511 1356072
509 1356105
508 1356107
507 1356112
509 1356112
507 1356122
510 1356130
508 1356155
510 1356155
510 1356160
509 1356184
508 1356184
509 1356190
508 1356201
509 1356210
511 1356221
509 1356230
508 1356241
509 1356262
509 1356264
508 1356271
508 1356281
509 1356289
509 1356312
510 1356322
506 1356324
508 1356331
510 1356341
510 1356363
509 1356365
508 1356372
512 1356382
508 1356402
508 1356405
509 1356412
509 1356421
509 1356432
510 1356442
507 1356462
509 1356464
509 1356472
508 1356482
509 1356490
507 1356514
509 1356514
508 1356520
511 1356531
507 1356540
508 1356552
509 1356572
506 1356575
508 1356583
509 1356591
510 1356599
510 1356611
511 1356619
508 1356631
508 1356639
507 1356651
510 1356659
508 1356684
509 1356684
510 1356699
510 1356711
508 1356730
511 1356744
506 1356744
508 1356750
510 1356774
509 1356774
508 1356780
508 1356792
508 1356800
509 1356812
508 1356819
508 1356832
509 1356840
509 1356852
512 1356860
509 1356872
510 1356880
508 1356892
511 1356900
511 1356912
507 1356932
507 1356934
509 1356944
509 1356951
509 1356959
511 1356971
508 1356990
509 1357004
510 1357004
509 1357009
511 1357021
508 1357042
510 1357044
509 1357051
510 1357061
508 1357070
510 1357107
510 1357107
509 1357111
507 1357113
507 1357122
510 1357144
508 1357144
507 1357162
510 1357165
510 1357180
510 1357182
509 1357190
508 1357210
509 1357219
510 1357230
509 1357252
509 1357255
507 1357255
505 1357260
510 1357271
509 1357280
508 1357291
507 1357311
508 1357324
509 1357324
507 1357330
507 1357341
507 1357376
510 1357381
511 1357381
509 1357384
509 1357404
508 1357404
508 1357410
509 1357421
507 1357430
509 1357441
512 1357462
506 1357464
500 1357471
503 1357491
508 1357500
499 1357511
502 1357532
510 1357534
513 1357542
513 1357551
507 1357560
509 1357572
509 1357580
507 1357591
508 1357600
511 1357624
509 1357624
510 1357632
512 1357641
510 1357662
506 1357664
511 1357671
511 1357681
510 1357690
508 1357701
508 1357710
510 1357733
512 1357733
511 1357740
507 1357751
506 1357760
509 1357771
506 1357780
515 1357792
509 1357800
517 1357811
512 1357820
511 1357839
509 1357841
509 1357851
508 1357860
509 1357871
510 1357892
508 1357894
510 1357901
509 1357911
510 1357920
510 1357944
504 1357944
510 1357950
508 1357969
507 1357970
511 1357980
506 1357991
500 1358000
517 1358011
518 1358020
523 1358031
488 1358040
504 1358064
498 1358064
510 1358070
511 1358081
500 1358090
510 1358101
512 1358110
518 1358121
510 1358130
507 1358141
511 1358150
510 1358161
506 1358170
510 1358181
508 1358190
509 1358211
509 1358220
507 1358231
514 1358240
507 1358251
508 1358260
515 1358272
507 1358280
504 1358291
501 1358300
513 1358311
504 1358332
507 1358334
514 1358342
506 1358376
511 1358379
507 1358381
511 1358390
510 1358391
505 1358400
506 1358411
510 1358420
506 1358431
509 1358440
510 1358452
508 1358472
509 1358474
505 1358481
513 1358491
506 1358500
502 1358511
507 1358530
509 1358544
491 1358544
507 1358550
516 1358561
516 1358570
510 1358581
507 1358590
509 1358601
503 1358610
507 1358621
509 1358630
517 1358642
527 1358650
528 1358661
511 1358670
500 1358681
517 1358690
511 1358701
508 1358710
524 1358721
521 1358730
538 1358741
515 1358751
504 1358763
499 1358771
504 1358780
511 1358804
507 1358804
511 1358810
510 1358821
508 1358842
511 1358844
509 1358851
510 1358862
509 1358883
511 1358884
507 1358904
510 1358904
511 1358911
512 1358919
507 1358953
512 1358953
509 1358960
508 1358983
509 1358983
507 1358989
507 1359045
510 1359045
508 1359053
510 1359055
509 1359084
507 1359084
510 1359084
508 1359086
508 1359088
509 1359114
509 1359117
509 1359122
508 1359122
508 1359131
507 1359139
509 1359151
508 1359159
512 1359171
509 1359179
506 1359191
510 1359212
509 1359214
509 1359221
509 1359231
508 1359239
508 1359251
509 1359259
510 1359283
506 1359283
508 1359289
505 1359301
511 1359309
509 1359321
509 1359329
518 1359341
510 1359363
508 1359365
505 1359372
511 1359382
507 1359390
510 1359414
509 1359414
509 1359445
510 1359447
508 1359452
508 1359452
508 1359462
511 1359470
510 1359482
510 1359490
509 1359502
511 1359522
509 1359524
507 1359531
508 1359541
509 1359549
508 1359561
510 1359582
509 1359584
511 1359591
512 1359599
510 1359611
505 1359632
510 1359634
509 1359653
509 1359653
511 1359661
512 1359669
511 1359691
510 1359700
508 1359712
509 1359720
510 1359732
511 1359740
508 1359752
509 1359760
510 1359771
510 1359780
506 1359791
506 1359799
509 1359882
509 1359882
510 1359884
510 1359884
511 1359884
509 1359887
509 1359891
509 1359891
510 1359894
508 1359901
508 1359911
508 1359919
510 1359931
510 1359965
511 1359967
509 1359972
510 1359973
509 1359981
508 1359989
509 1360001
508 1360010
508 1360021
508 1360030
510 1360041
509 1360062
511 1360064
509 1360071
505 1360081
508 1360102
508 1360104
507 1360111
509 1360121
509 1360129
510 1360154
510 1360154
509 1360170
508 1360184
509 1360184
510 1360190
509 1360202
508 1360212
510 1360222
508 1360256
511 1360262
510 1360262
509 1360262
506 1360270
507 1360291
508 1360321
509 1360595
509 1360595
511 1360595
507 1360597
509 1360599
509 1360600
508 1360600
509 1360612
507 1360612
508 1360613
504 1360613
512 1360613
503 1360613
511 1360617
507 1360620
507 1360622
510 1360623
504 1360630
511 1360641
509 1360661
511 1360721
511 1360749
513 1360750
509 1360752
509 1360752
512 1360753
506 1360753
510 1360755
510 1360780
512 1360780
509 1360782
507 1360782
507 1360793
509 1360793
512 1360813
510 1360813
508 1360832
520 1360834
509 1360842
533 1360913
528 1360913
505 1360916
505 1360916
523 1360917
510 1361041
517 1361041
501 1361041
510 1361043
514 1361043
509 1361050
504 1361050
508 1361050
509 1361081
517 1361135
514 1361135
512 1361136
522 1361140
526 1361140
513 1361141
484 1361141
527 1361143
506 1361149
504 1361150
504 1361150
510 1361150
508 1361181
506 1361183
510 1361183
510 1361185
510 1361185
510 1361187
508 1361201
510 1361210
510 1361234
509 1361234
508 1361240
501 1361251
515 1361285
531 1361287
483 1361292
496 1361292
518 1361301
512 1361310
499 1361321
506 1361342
509 1361344
508 1361363
508 1361363
506 1361383
508 1361383
505 1361389
513 1361401
507 1361422
509 1361424
506 1361432
508 1361441
511 1361450
506 1361461
508 1361470
510 1361506
507 1361507
507 1361510
510 1361512
506 1361546
502 1361548
511 1361551
511 1361552
502 1361587
504 1361590
508 1361591
511 1361593
505 1361600
517 1361611
506 1361620
508 1361657
510 1361660
511 1361661
507 1361663
507 1361696
505 1361701
510 1361701
510 1361703
510 1361724
510 1361725
512 1361730
508 1361754
510 1361754
507 1361759
506 1361771
509 1361806
510 1361812
509 1361812
508 1361812
510 1361830
508 1361885
508 1361885
510 1361887
510 1361889
510 1361891
510 1361891
507 1361910
510 1361924
511 1361924
510 1361942
509 1361944
510 1361951
510 1361973
510 1361973
510 1361979
508 1361991
509 1362012
509 1362023
509 1362023
509 1362030
509 1362042
509 1362070
510 1362098
510 1362098
509 1362113
508 1362122
510 1362143
510 1362145
507 1362145
509 1362147
507 1362150
510 1362153
509 1362162
510 1362184
506 1362184
510 1362190
509 1362202
509 1362222
507 1362224
509 1362231
508 1362241
510 1362249
510 1362261
508 1362269
511 1362293
509 1362293
510 1362299
507 1362324
505 1362324
507 1362329
506 1362341
507 1362349
507 1362361
509 1362370
511 1362393
509 1362393
508 1362399
508 1362411
507 1362420
509 1362432
508 1362440
508 1362452
507 1362460
511 1362484
509 1362484
508 1362490
509 1362502
508 1362510
511 1362521
506 1362530
507 1362554
510 1362554
512 1362559
508 1362572
509 1362592
509 1362594
511 1362601
508 1362611
508 1362619
510 1362642
509 1362649
511 1362661
508 1362669
510 1362694
509 1362694
508 1362712
509 1362714
511 1362728
510 1362730
509 1362754
510 1362754
510 1362761
509 1362769
508 1362781
509 1362789
510 1362813
509 1362813
510 1362819
510 1362832
508 1362865
510 1362871
507 1362871
509 1362873
508 1362882
509 1362900
508 1362915
510 1362915
508 1362920
511 1362932
512 1362940
508 1362951
508 1362960
508 1362972
508 1362980
508 1362991
509 1363000
508 1363011
506 1363020
513 1363031
507 1363039
509 1363063
511 1363063
510 1363081
508 1363084
508 1363091
507 1363101
509 1363139
508 1363142
508 1363142
506 1363144
508 1363150
508 1363174
509 1363174
510 1363179
509 1363191
509 1363212
510 1363215
509 1363234
508 1363234
508 1363242
509 1363250
510 1363262
510 1363282
510 1363284
510 1363293
510 1363301
509 1363310
507 1363332
507 1363342
508 1363344
508 1363351
510 1363361
509 1363382
507 1363384
510 1363391
510 1363411
512 1363432
488 1363434
513 1363453
504 1363453
525 1363461
501 1363470
497 1363481
514 1363490
514 1363501
491 1363510
518 1363534
505 1363534
513 1363540
511 1363551
512 1363560
511 1363571
509 1363580
509 1363603
511 1363603
506 1363610
506 1363621
509 1363631
508 1363641
513 1363650
511 1363661
508 1363670
509 1363681
515 1363716
507 1363721
511 1363721
506 1363723
509 1363731
510 1363765
510 1363767
505 1363772
513 1363772
507 1363781
514 1363802
509 1363804
509 1363812
505 1363821
510 1363830
510 1363852
510 1363862
507 1363865
511 1363871
505 1363881
507 1363890
512 1363901
509 1363910
508 1363921
514 1363930
510 1363941
507 1363950
513 1363973
514 1363973
507 1363979
507 1363991
506 1364033
509 1364034
508 1364048
507 1364050
509 1364051
511 1364053
509 1364061
508 1364082
507 1364084
508 1364091
508 1364101
509 1364122
507 1364124
509 1364132
511 1364151
509 1364185
508 1364191
509 1364191
508 1364193
508 1364201
506 1364210
507 1364234
510 1364234
512 1364240
511 1364251
508 1364260
507 1364284
511 1364284
509 1364290
509 1364301
506 1364310
509 1364347
510 1364349
510 1364351
509 1364353
509 1364359
510 1364398
507 1364400
508 1364401
509 1364401
509 1364411
511 1364422
509 1364430
509 1364441
506 1364450
510 1364461
508 1364470
508 1364481
509 1364489
509 1364501
511 1364509
511 1364528
509 1364542
509 1364544
507 1364551
510 1364561
508 1364569
509 1364581
509 1364590
511 1364601
508 1364610
509 1364621
510 1364631
508 1364654
508 1364654
508 1364659
509 1364671
511 1364679
508 1364691
510 1364699
511 1364712
505 1364720
509 1364732
509 1364740
508 1364751
509 1364772
509 1364774
505 1364781
512 1364791
508 1364799
508 1364824
508 1364824
510 1364829
512 1364841
510 1364862
509 1364864
508 1364871
507 1364881
508 1364925
510 1364931
508 1364931
510 1364933
510 1364941
509 1364949
509 1364961
509 1364969
508 1364981
508 1364989
508 1365014
509 1365014
510 1365032
511 1365034
505 1365041
511 1365051
510 1365059
510 1365084
509 1365084
507 1365090
507 1365101
508 1365110
509 1365136
506 1365136
511 1365140
508 1365152
508 1365173
508 1365175
508 1365194
506 1365194
509 1365202
512 1365210
509 1365222
509 1365230
510 1365254
508 1365254
511 1365272
511 1365275
509 1365282
508 1365304
510 1365304
508 1365310
507 1365347
509 1365349
509 1365352
508 1365352
512 1365361
508 1365371
508 1365392
508 1365394
510 1365401
509 1365411
509 1365421
506 1365431
510 1365452
509 1365454
508 1365461
509 1365471
509 1365479
509 1365491
509 1365499
510 1365511
509 1365520
509 1365532
510 1365540
507 1365552
506 1365560
511 1365571
508 1365580
508 1365602
509 1365612
511 1365614
506 1365633
505 1365667
509 1365669
506 1365672
510 1365672
511 1365681
510 1365691
510 1365725
508 1365731
511 1365731
509 1365731
510 1365739
510 1365765
509 1365765
509 1365770
509 1365781
509 1365790
509 1365802
508 1365809
510 1365821
509 1365830
509 1365842
508 1365876
510 1365881
507 1365881
508 1365883
509 1365891
511 1365900
509 1365912
507 1365932
509 1365935
508 1365941
510 1365951
509 1365960
508 1365971
508 1365979
509 1365992
510 1366000
508 1366022
507 1366032
509 1366034
511 1366041
507 1366051
509 1366059
509 1366071
510 1366079
506 1366091
508 1366099
510 1366111
508 1366119
509 1366144
510 1366144
510 1366149
510 1366161
509 1366169
509 1366194
509 1366194
510 1366199
509 1366211
509 1366244
509 1366246
509 1366253
512 1366253
508 1366261
509 1366270
511 1366282
510 1366302
509 1366305
509 1366312
509 1366344
508 1366344
507 1366350
510 1366361
510 1366370
511 1366381
508 1366389
509 1366414
509 1366414
506 1366419
509 1366431
510 1366452
510 1366454
508 1366461
512 1366471
509 1366479
507 1366504
506 1366504
510 1366522
508 1366524
509 1366531
510 1366542
510 1366550
512 1366561
508 1366569
509 1366581
507 1366589
508 1366601
508 1366610
509 1366635
508 1366635
509 1366639
509 1366651
510 1366686
509 1366692
507 1366692
509 1366692
507 1366712
510 1366714
511 1366721
509 1366744
509 1366744
509 1366749
508 1366761
508 1366782
508 1366792
509 1366792
508 1366801
509 1366824
510 1366824
511 1366829
512 1366841
510 1366849
508 1366861
509 1366869
509 1366881
511 1366889
511 1366901
509 1366909
506 1366921
510 1366929
508 1366941
508 1366949
506 1366961
507 1366982
508 1366984
508 1366991
510 1367001
510 1367009
509 1367021
511 1367030
507 1367041
510 1367050
508 1367061
507 1367082
510 1367085
509 1367092
509 1367101
511 1367119
511 1367140
507 1367140
510 1367150
510 1367161
507 1367170
508 1367182
509 1367190
509 1367202
510 1367210
511 1367221
508 1367230
508 1367241
508 1367250
508 1367261
509 1367269
507 1367281
508 1367290
509 1367301
511 1367310
509 1367321
509 1367329
510 1367353
508 1367353
509 1367359
509 1367371
507 1367379
507 1367391
509 1367399
508 1367411
508 1367419
509 1367431
508 1367452
507 1367454
508 1367462
510 1367471
509 1367479
510 1367492
510 1367500
507 1367511
505 1367519
509 1367556
507 1367556
508 1367560
507 1367562
509 1367571
510 1367581
509 1367589
507 1367601
508 1367609
509 1367621
509 1367630
509 1367641
509 1367674
509 1367676
511 1367682
509 1367682
509 1367691
507 1367699
507 1367723
508 1367723
509 1367730
510 1367742
508 1367750
509 1367762
509 1367770
510 1367782
509 1367790
510 1367802
507 1367822
509 1367824
511 1367844
509 1367845
510 1367852
510 1367869
508 1367881
508 1367889
509 1367901
509 1367909
508 1367934
508 1367934
509 1367939
510 1367951
510 1367959
506 1367971
508 1367979
509 1367991
508 1367999
511 1368011
509 1368019
509 1368043
507 1368043
512 1368049
509 1368061
509 1368069
507 1368081
509 1368089
509 1368101
510 1368110
507 1368121
509 1368130
510 1368153
510 1368153
507 1368159
510 1368171
510 1368179
509 1368192
508 1368199
507 1368211
511 1368219
512 1368243
508 1368243
508 1368261
507 1368264
510 1368271
507 1368282
510 1368302
506 1368305
509 1368324
510 1368324
508 1368332
509 1368340
509 1368351
510 1368359
508 1368371
511 1368380
509 1368391
507 1368399
508 1368437
510 1368439
508 1368441
508 1368443
507 1368449
508 1368461
511 1368469
510 1368481
510 1368489
509 1368501
511 1368520
509 1368534
508 1368534
509 1368539
508 1368551
508 1368559
509 1368571
510 1368579
510 1368601
509 1368609
509 1368621
508 1368631
510 1368642
509 1368662
506 1368664
509 1368672
509 1368681
510 1368690
511 1368701
509 1368734
508 1368741
509 1368741
510 1368741
509 1368749
510 1368761
507 1368769
510 1368781
510 1368789
509 1368802
510 1368810
507 1368846
508 1368849
510 1368851
509 1368853
509 1368901
509 1368903
510 1368903
510 1368905
507 1368905
507 1368910
508 1368934
510 1368934
508 1368940
508 1368951
507 1368960
510 1368971
509 1368992
509 1368994
506 1369001
510 1369011
507 1369045
509 1369051
509 1369051
511 1369053
510 1369061
509 1369096
507 1369099
507 1369099
507 1369112
508 1369114
510 1369136
506 1369137
509 1369154
508 1369154
510 1369160
508 1369172
508 1369206
508 1369211
509 1369211
510 1369213
508 1369221
507 1369229
510 1369241
512 1369249
509 1369274
507 1369274
508 1369279
508 1369327
510 1369329
508 1369331
508 1369333
506 1369339
510 1369351
509 1369372
508 1369374
508 1369381
509 1369391
509 1369399
509 1369424
510 1369424
509 1369429
510 1369441
509 1369449
508 1369474
508 1369474
510 1369484
507 1369491
509 1369525
509 1369531
507 1369531
508 1369531
509 1369539
507 1369552
509 1369585
508 1369591
508 1369591
508 1369591
509 1369599
511 1369611
510 1369619
511 1369633
508 1369640
507 1369651
509 1369660
509 1369671
508 1369680
509 1369691
511 1369699
511 1369753
509 1369753
508 1369753
509 1369755
508 1369755
506 1369761
507 1369782
510 1369784
511 1369791
510 1369801
514 1369810
508 1369821
506 1369829
510 1369853
509 1369853
510 1369859
510 1369871
508 1369879
510 1369891
508 1369902
508 1369936
508 1369939
507 1369941
509 1369943
509 1369949
509 1369961
508 1369969
510 1369981
510 1369989
509 1370002
508 1370010
508 1370021
510 1370056
510 1370061
509 1370061
509 1370063
510 1370071
510 1370089
510 1370113
507 1370113
509 1370119
509 1370132
510 1370152
509 1370154
509 1370161
509 1370171
509 1370205
510 1370211
509 1370211
509 1370213
510 1370221
508 1370229
508 1370241
509 1370249
506 1370261
510 1370269
511 1370281
506 1370300
507 1370311
507 1370322
509 1370324
509 1370331
508 1370341
509 1370350
508 1370361
512 1370370
508 1370381
507 1370390
507 1370414
509 1370414
510 1370419
509 1370431
507 1370440
507 1370463
513 1370463
511 1370473
505 1370481
509 1370489
509 1370501
517 1370535
514 1370541
516 1370541
508 1370543
509 1370571
512 1370585
507 1370586
508 1370592
510 1370592
508 1370601
511 1370609
510 1370635
508 1370635
509 1370640
509 1370651
508 1370660
504 1370697
510 1370699
508 1370701
513 1370703
513 1370709
510 1370721
507 1370730
509 1370741
510 1370749
508 1370761
514 1370783
514 1370784
511 1370792
508 1370801
509 1370832
510 1370834
513 1370853
505 1370853
503 1370887
509 1370889
511 1370891
510 1370893
509 1370900
510 1370911
509 1370919
510 1370931
511 1370939
509 1370951
507 1370960
509 1370984
511 1370984
510 1370989
508 1371001
514 1371010
524 1371029
485 1371042
516 1371044
520 1371063
504 1371063
490 1371072
497 1371080
501 1371091
500 1371112
521 1371114
508 1371125
510 1371133
511 1371151
504 1371153
511 1371161
508 1371171
506 1371192
507 1371194
511 1371201
510 1371222
509 1371232
508 1371234
510 1371267
510 1371271
512 1371271
512 1371273
511 1371281
513 1371289
508 1371313
505 1371313
508 1371319
507 1371331
508 1371339
511 1371351
506 1371359
511 1371371
510 1371380
509 1371391
508 1371410
507 1371424
507 1371424
508 1371429
509 1371441
506 1371449
510 1371474
509 1371474
507 1371479
510 1371491
507 1371500
509 1371536
513 1371538
509 1371539
504 1371554
509 1371554
511 1371561
518 1371580
511 1371591
512 1371600
508 1371611
506 1371620
502 1371632
514 1371640
500 1371651
510 1371660
526 1371683
497 1371683
502 1371689
490 1371701
522 1371709
493 1371721
496 1371729
520 1371741
538 1371749
523 1371761
503 1371771
512 1371782
502 1371791
506 1371799
504 1371811
514 1371820
512 1371831
510 1371840
507 1371851
510 1371860
510 1371871
508 1371880
511 1371891
506 1371900
508 1371911
508 1371919
511 1371938
513 1371942
514 1371951
506 1371959
508 1371971
509 1371979
505 1371991
510 1372000
511 1372011
508 1372019
509 1372031
513 1372051
509 1372054
507 1372061
512 1372071
509 1372079
510 1372091
510 1372100
510 1372112
511 1372134
509 1372136
510 1372142
509 1372182
508 1372200
509 1372242
510 1372242
509 1372244
507 1372244
508 1372244
513 1372246
507 1372256
508 1372256
506 1372257
508 1372273
506 1372273
509 1372289
506 1372313
502 1372313
511 1372320
512 1372331
507 1372340
512 1372352
508 1372360
509 1372372
510 1372380
511 1372392
509 1372400
511 1372411
507 1372419
512 1372431
507 1372439
508 1372451
510 1372459
509 1372471
510 1372479
509 1372492
509 1372500
510 1372512
509 1372520
506 1372532
509 1372540
507 1372552
510 1372560
507 1372582
508 1372592
512 1372594
511 1372602
511 1372611
507 1372619
508 1372643
506 1372643
511 1372649
507 1372661
508 1372669
510 1372681
513 1372689
509 1372700
506 1372710
508 1372722
508 1372756
507 1372761
508 1372763
508 1372769
508 1372771
510 1372780
511 1372792
509 1372800
508 1372824
509 1372824
512 1372829
509 1372841
507 1372850
509 1372862
510 1372870
511 1372881
511 1372910
509 1372924
510 1372924
510 1372932
509 1372934
511 1372941
509 1372951
510 1372961
508 1372971
506 1372979
509 1372991
510 1372999
507 1373011
508 1373019
510 1373031
510 1373048
508 1373060
513 1373069
511 1373082
508 1373090
507 1373102
511 1373122
508 1373124
509 1373140
509 1373140
505 1373176
510 1373178
510 1373182
505 1373182
508 1373190
508 1373201
509 1373236
509 1373241
509 1373241
509 1373243
511 1373292
509 1373307
