508 1379258
506 1379261
506 1379261
510 1379262
506 1379262
509 1379262
509 1379262
509 1379262
507 1379263
511 1379263
509 1379263
511 1379263
508 1379263
508 1379263
514 1379264
509 1379264
498 1379264
515 1379264
514 1379264
508 1379264
508 1379265
507 1379265
509 1379265
512 1379265
508 1379267
509 1379267
509 1379267
507 1379267
509 1379267
509 1379267
507 1379268
509 1379268
510 1379268
508 1379270
510 1379270
510 1379270
506 1379272
507 1379272
512 1379272
510 1379272
507 1379273
511 1379273
510 1379273
508 1379273
506 1379275
512 1379277
515 1379279
499 1379280
519 1379280
522 1379282
508 1379282
518 1379282
513 1379284
503 1379284
504 1379285
512 1379287
510 1379287
506 1379287
22013 1379289
507 1379289
509 1379291
-939 1379291
509 1379291
508 1379303
512 1379476
509 1379476
512 1379476
508 1379476
509 1379476
509 1379477
509 1379477
508 1379477
508 1379477
509 1379477
508 1379477
509 1379478
510 1379478
509 1379578
510 1379581
508 1379581
509 1379581
508 1379581
510 1379581
508 1379581
508 1379582
511 1379582
510 1379582
510 1379582
507 1379681
508 1379683
507 1379683
509 1379683
508 1379683
509 1379683
508 1379684
511 1379684
509 1379684
508 1379684
508 1379701
509 1379870
509 1379871
510 1379871
509 1379871
509 1379871
507 1379871
511 1379871
509 1379872
507 1379872
509 1379872
508 1379872
508 1379872
509 1379874
509 1379874
509 1379874
506 1379874
508 1379874
508 1379874
508 1379880
509 1379889
508 1379900
508 1379910
511 1379933
510 1379933
509 1379940
508 1379951
508 1379960
507 1379971
508 1379981
509 1379991
509 1380002
510 1380011
508 1380021
509 1380031
509 1380040
508 1380051
512 1380061
510 1380071
503 1380093
509 1380093
509 1380100
508 1380110
506 1380120
508 1380143
503 1380143
497 1380150
506 1380161
516 1380171
506 1380193
507 1380193
502 1380201
519 1380223
508 1380223
511 1380230
508 1380241
507 1380251
510 1380260
509 1380270
508 1380280
510 1380290
512 1380300
510 1380310
506 1380320
508 1380330
508 1380341
512 1380363
511 1380363
505 1380370
507 1380381
512 1380391
510 1380401
508 1380411
505 1380421
508 1380431
511 1380441
509 1380450
509 1380460
508 1380470
510 1380490
512 1380503
509 1380510
510 1380520
508 1380531
511 1380541
508 1380551
511 1380573
507 1380574
507 1380580
516 1380591
505 1380601
513 1380623
502 1380623
499 1380630
512 1380640
494 1380650
491 1380673
510 1380673
516 1380680
511 1380690
516 1380700
510 1380710
506 1380721
509 1380731
509 1380741
509 1380751
510 1380773
513 1380773
508 1380781
509 1380791
509 1380801
510 1380811
511 1380821
507 1380830
508 1380840
509 1380850
510 1380860
509 1380883
506 1380883
507 1380890
508 1380900
509 1380911
509 1380933
510 1380933
506 1380940
511 1380951
509 1380961
507 1380983
509 1380984
509 1380990
509 1381001
509 1381011
509 1381033
509 1381033
509 1381040
511 1381050
511 1381060
509 1381070
510 1381080
508 1381090
510 1381114
510 1381114
507 1381121
510 1381143
512 1381143
508 1381151
508 1381161
507 1381171
507 1381181
508 1381191
508 1381223
509 1381223
510 1381231
510 1381253
509 1381253
507 1381261
508 1381271
507 1381281
508 1381291
510 1381313
509 1381313
510 1381320
511 1381331
511 1381366
508 1381370
508 1381370
510 1381372
507 1381380
508 1381390
509 1381400
511 1381410
510 1381420
509 1381430
507 1381440
510 1381464
511 1381508
508 1381509
508 1381509
508 1381509
510 1381509
509 1381524
507 1381551
508 1381551
508 1381551
508 1381551
509 1381596
508 1381596
509 1381599
509 1381599
507 1381619
510 1381619
506 1381622
507 1381633
507 1381706
508 1381709
509 1381709
511 1381709
509 1381709
509 1381709
510 1381710
509 1381738
509 1381740
507 1381740
509 1381742
510 1381903
509 1381904
509 1381904
509 1381904
510 1381904
508 1381904
507 1381905
509 1381905
506 1381905
509 1381905
508 1381905
508 1381906
511 1381906
511 1381906
509 1381906
507 1381908
509 1381910
510 1381934
510 1381934
507 1381941
508 1381951
508 1382156
508 1382156
508 1382159
510 1382159
509 1382159
510 1382159
511 1382159
513 1382160
512 1382160
510 1382160
508 1382160
507 1382160
505 1382160
502 1382161
512 1382161
512 1382161
510 1382161
505 1382161
511 1382161
511 1382162
507 1382181
507 1382183
507 1382332
511 1382332
508 1382332
509 1382333
509 1382333
507 1382333
509 1382333
512 1382333
510 1382334
509 1382334
508 1382334
507 1382334
510 1382334
508 1382334
510 1382335
509 1382340
511 1382363
509 1382363
508 1382371
509 1382380
508 1382391
510 1382413
508 1382413
510 1382421
509 1382431
512 1382440
509 1382450
508 1382473
508 1382473
508 1382481
508 1382491
510 1382526
508 1382530
509 1382530
511 1382532
509 1382540
507 1382548
510 1382573
509 1382573
509 1382580
507 1382590
509 1382601
506 1382624
510 1382624
509 1382631
508 1382641
508 1382651
510 1382673
508 1382673
510 1382681
509 1382691
511 1382711
511 1382733
513 1382733
503 1382741
510 1382750
512 1382760
504 1382795
503 1382797
507 1382799
499 1382801
503 1382852
502 1382852
503 1382854
505 1382854
505 1382857
512 1382861
503 1382870
511 1382905
509 1382907
511 1382911
508 1382911
511 1382919
502 1382955
514 1382957
510 1382959
509 1382961
507 1382970
516 1382992
513 1382993
510 1383013
519 1383013
510 1383019
512 1383030
507 1383041
512 1383051
510 1383060
507 1383070
511 1383080
509 1383103
510 1383103
511 1383111
509 1383120
509 1383130
505 1383167
509 1383168
507 1383170
511 1383183
510 1383183
505 1383190
505 1383200
508 1383210
515 1383220
518 1383232
510 1383265
516 1383267
511 1383268
504 1383283
504 1383283
498 1383290
510 1383300
506 1383323
520 1383323
514 1383330
514 1383340
511 1383363
515 1383363
511 1383370
506 1383380
506 1383390
502 1383410
516 1383434
506 1383434
512 1383443
528 1383443
506 1383473
496 1383473
504 1383481
493 1383491
524 1383501
511 1383510
508 1383546
506 1383550
511 1383550
512 1383552
516 1383560
508 1383581
508 1383583
508 1383590
510 1383598
509 1383623
506 1383623
507 1383630
511 1383641
508 1383651
511 1383673
507 1383673
500 1383693
512 1383693
502 1383713
507 1383713
518 1383731
531 1383755
523 1383757
509 1383759
511 1383761
502 1383783
503 1383783
510 1383802
505 1383804
507 1383823
509 1383823
507 1383870
510 1383872
508 1383874
508 1383874
509 1383875
508 1383879
506 1383914
509 1383914
506 1383925
509 1383926
511 1383955
508 1383957
513 1383959
514 1383961
509 1383970
511 1383979
509 1383991
513 1384013
510 1384014
517 1384021
514 1384030
509 1384065
504 1384067
510 1384070
510 1384072
508 1384080
510 1384101
509 1384103
511 1384110
509 1384119
510 1384130
508 1384152
506 1384152
506 1384173
509 1384173
506 1384190
510 1384213
511 1384213
509 1384233
508 1384233
508 1384253
511 1384253
508 1384260
509 1384270
508 1384280
510 1384290
512 1384300
511 1384323
508 1384323
508 1384330
511 1384340
511 1384350
508 1384360
507 1384371
511 1384381
509 1384391
510 1384442
506 1384442
507 1384444
510 1384444
511 1384446
510 1384451
510 1384461
510 1384471
509 1384493
511 1384493
509 1384501
508 1384511
507 1384521
509 1384531
509 1384540
509 1384569
508 1384569
511 1384596
509 1384596
508 1384601
511 1384601
508 1384617
511 1384619
507 1384630
510 1384640
510 1384650
509 1384660
509 1384670
509 1384680
506 1384690
508 1384700
510 1384710
508 1384720
510 1384730
512 1384741
509 1384751
511 1384761
509 1384771
504 1384793
507 1384793
507 1384801
511 1384823
507 1384823
506 1384831
512 1384841
511 1384851
506 1384861
514 1384871
508 1384881
507 1384890
511 1384900
507 1384910
510 1384920
508 1384953
510 1384953
512 1384960
506 1384970
501 1384980
512 1384990
509 1385013
506 1385013
511 1385020
507 1385030
511 1385040
513 1385063
508 1385063
507 1385070
510 1385080
506 1385090
509 1385100
510 1385110
508 1385121
510 1385144
509 1385144
509 1385177
508 1385181
510 1385181
509 1385181
508 1385191
511 1385221
510 1385221
511 1385221
519 1385231
511 1385241
505 1385251
510 1385260
509 1385283
513 1385283
511 1385291
506 1385300
507 1385323
512 1385323
509 1385330
511 1385340
501 1385350
516 1385360
509 1385370
506 1385380
512 1385390
511 1385400
510 1385410
508 1385433
507 1385433
506 1385440
511 1385450
509 1385460
511 1385470
509 1385480
509 1385490
508 1385513
512 1385513
514 1385520
491 1385530
518 1385553
503 1385553
523 1385560
525 1385570
507 1385593
503 1385593
503 1385613
492 1385613
511 1385620
504 1385630
516 1385640
504 1385650
515 1385660
512 1385693
509 1385693
512 1385700
509 1385736
507 1385740
509 1385740
512 1385742
506 1385752
511 1385760
511 1385770
509 1385780
510 1385790
512 1385800
509 1385810
510 1385821
510 1385841
512 1385866
505 1385870
511 1385870
510 1385872
510 1385880
508 1385891
510 1385913
512 1385913
506 1385921
510 1385930
510 1385940
514 1385963
512 1385963
508 1385970
509 1385980
505 1386032
507 1386032
508 1386034
511 1386034
508 1386036
509 1386066
508 1386070
505 1386070
506 1386072
513 1386080
508 1386090
505 1386100
507 1386123
510 1386123
512 1386131
506 1386140
509 1386150
509 1386173
508 1386173
510 1386180
508 1386190
507 1386213
511 1386213
508 1386220
511 1386230
507 1386240
509 1386250
508 1386260
507 1386282
509 1386283
510 1386291
506 1386312
508 1386323
510 1386323
511 1386330
508 1386340
508 1386351
507 1386360
509 1386370
509 1386380
511 1386390
508 1386411
506 1386441
510 1386456
512 1386460
509 1386460
508 1386462
507 1386483
508 1386484
508 1386500
508 1386500
507 1386510
510 1386520
508 1386530
509 1386540
511 1386550
511 1386560
511 1386570
515 1386580
515 1386603
513 1386603
511 1386623
506 1386623
504 1386643
509 1386643
511 1386651
509 1386661
506 1386670
511 1386706
503 1386710
508 1386710
507 1386712
509 1386720
508 1386731
509 1386740
508 1386750
509 1386760
511 1386770
507 1386780
510 1386802
509 1386802
508 1386815
512 1386820
509 1386830
504 1386840
511 1386851
509 1386861
512 1386871
506 1386881
512 1386903
508 1386903
509 1386923
509 1386923
508 1386931
509 1386953
507 1386953
506 1386973
510 1386973
508 1386980
510 1386991
511 1387026
507 1387026
510 1387031
509 1387031
507 1387041
511 1387061
504 1387073
501 1387073
511 1387081
518 1387090
502 1387113
509 1387113
508 1387120
513 1387130
510 1387140
507 1387160
510 1387170
510 1387180
508 1387190
510 1387200
509 1387222
507 1387222
512 1387231
508 1387241
509 1387251
510 1387273
509 1387273
510 1387281
511 1387291
509 1387301
508 1387311
510 1387321
508 1387343
509 1387343
509 1387351
510 1387402
510 1387402
507 1387404
507 1387404
509 1387406
507 1387410
507 1387421
510 1387430
511 1387440
509 1387450
509 1387460
511 1387470
507 1387480
510 1387490
509 1387501
507 1387510
508 1387520
508 1387542
508 1387542
510 1387562
510 1387562
506 1387570
507 1387593
507 1387593
509 1387600
508 1387611
507 1387621
509 1387631
512 1387653
509 1387653
509 1387661
509 1387671
510 1387681
510 1387691
507 1387700
510 1387711
510 1387733
509 1387733
509 1387741
507 1387751
507 1387760
510 1387771
508 1387780
509 1387801
508 1387813
508 1387813
511 1387824
510 1387843
508 1387843
507 1387850
509 1387860
508 1387870
509 1387880
509 1387890
509 1387911
508 1387920
510 1387930
507 1387940
508 1387963
513 1387963
508 1387970
508 1387993
509 1387993
511 1388001
512 1388023
509 1388023
508 1388031
506 1388041
508 1388051
507 1388061
512 1388083
510 1388083
509 1388091
511 1388101
510 1388110
508 1388121
507 1388130
509 1388140
505 1388150
508 1388160
508 1388170
507 1388180
510 1388190
511 1388213
510 1388213
507 1388220
506 1388230
509 1388240
510 1388250
509 1388260
508 1388270
510 1388280
510 1388290
507 1388300
508 1388310
509 1388320
509 1388330
507 1388340
510 1388350
507 1388361
508 1388371
509 1388393
509 1388393
509 1388401
509 1388411
508 1388431
510 1388457
509 1388457
511 1388459
509 1388473
510 1388473
510 1388482
509 1388503
509 1388503
508 1388511
509 1388520
510 1388530
511 1388566
508 1388570
509 1388570
509 1388572
509 1388580
507 1388618
507 1388620
506 1388620
509 1388633
509 1388633
508 1388639
510 1388660
510 1388670
510 1388680
507 1388690
509 1388713
508 1388713
509 1388720
508 1388731
509 1388741
510 1388751
512 1388761
510 1388771
507 1388781
508 1388803
510 1388803
508 1388823
509 1388823
509 1388831
509 1388841
509 1388851
509 1388860
510 1388870
509 1388881
507 1388890
508 1388913
507 1388913
508 1388920
508 1388930
510 1388940
509 1388976
508 1388980
508 1388980
510 1388982
509 1388991
509 1389000
508 1389010
509 1389033
510 1389033
508 1389040
506 1389050
507 1389060
508 1389082
506 1389082
510 1389090
507 1389100
510 1389111
509 1389121
511 1389143
509 1389143
510 1389151
511 1389173
507 1389173
507 1389181
509 1389203
511 1389203
511 1389211
512 1389221
508 1389230
508 1389241
509 1389251
507 1389260
510 1389270
511 1389280
508 1389290
508 1389300
510 1389310
509 1389333
508 1389342
508 1389353
507 1389353
508 1389395
507 1389397
508 1389399
508 1389412
512 1389412
509 1389420
508 1389430
507 1389440
509 1389450
512 1389460
508 1389470
510 1389480
508 1389516
510 1389516
510 1389521
509 1389521
510 1389531
510 1389541
507 1389551
509 1389561
509 1389571
508 1389581
507 1389591
509 1389613
509 1389613
507 1389621
506 1389631
509 1389667
510 1389671
510 1389671
509 1389673
509 1390387
508 1390387
508 1390387
510 1390388
509 1390388
507 1390388
508 1390388
508 1390389
508 1390389
512 1390389
509 1390389
510 1390390
508 1390390
509 1390390
508 1390390
509 1390391
508 1390391
509 1390391
510 1390391
512 1390392
509 1390392
509 1390392
509 1390393
508 1390393
510 1390393
507 1390393
508 1390394
511 1390394
510 1390394
511 1390394
507 1390394
510 1390395
510 1390395
509 1390395
510 1390395
508 1390396
508 1390396
510 1390396
508 1390396
508 1390397
510 1390398
509 1390398
508 1390398
508 1390398
510 1390399
508 1390399
510 1390400
508 1390400
508 1390400
509 1390401
509 1390401
509 1390401
507 1390401
510 1390401
508 1390402
510 1390402
511 1390403
507 1390403
509 1390403
508 1390404
509 1390404
507 1390404
511 1390404
509 1390404
509 1390404
511 1390405
508 1390405
508 1390405
507 1390407
508 1390407
511 1390407
510 1390425
509 1390427
508 1390431
511 1390431
509 1390440
509 1390463
509 1390463
505 1390471
507 1390481
510 1390491
509 1390501
508 1390511
511 1390521
509 1390531
507 1390582
506 1390582
510 1390585
507 1390585
508 1390585
509 1390604
510 1390613
510 1390613
511 1390620
509 1390630
508 1390640
510 1390663
509 1390663
507 1390670
509 1390680
508 1390691
509 1390725
511 1390727
508 1391010
507 1391010
507 1391011
510 1391011
508 1391012
510 1391012
508 1391013
509 1391013
509 1391013
508 1391013
510 1391013
509 1391013
508 1391014
508 1391014
510 1391014
509 1391014
509 1391015
510 1391015
509 1391015
507 1391015
509 1391015
507 1391015
509 1391016
510 1391016
511 1391016
509 1391016
510 1391017
508 1391017
509 1391017
509 1391019
509 1391030
510 1391201
507 1391201
506 1391202
509 1391202
512 1391202
509 1391203
509 1391203
510 1391203
509 1391204
511 1391204
508 1391204
508 1391204
509 1391204
510 1391205
509 1391205
507 1391207
508 1391207
511 1391209
513 1391244
511 1391244
510 1391253
508 1391253
511 1391260
511 1391270
512 1391406
509 1391406
510 1391407
508 1391407
509 1391407
511 1391407
509 1391408
507 1391408
510 1391408
510 1391409
507 1391409
508 1391409
508 1391410
507 1391412
510 1391420
508 1391586
510 1391586
510 1391586
508 1391587
508 1391587
508 1391587
510 1391587
508 1391587
509 1391587
510 1391588
508 1391588
509 1391588
508 1391588
509 1391588
508 1391588
509 1391588
512 1391591
509 1391610
509 1392007
508 1392008
510 1392008
508 1392008
509 1392009
508 1392009
509 1392009
509 1392010
508 1392010
509 1392010
507 1392011
511 1392011
509 1392011
508 1392011
509 1392011
508 1392012
509 1392012
508 1392012
509 1392012
507 1392013
508 1392013
509 1392013
507 1392013
510 1392013
508 1392014
508 1392014
510 1392014
509 1392014
509 1392015
506 1392015
510 1392015
509 1392015
510 1392015
509 1392015
508 1392016
509 1392016
509 1392016
509 1392016
508 1392016
510 1392018
508 1392033
509 1392045
509 1392047
507 1392061
508 1392073
508 1392073
508 1392093
509 1392093
511 1392100
507 1392110
510 1392120
508 1392140
508 1392150
509 1392160
509 1392170
507 1392205
510 1392210
512 1392210
508 1392210
509 1392221
510 1392243
509 1392243
508 1392251
508 1392261
508 1392271
508 1392292
511 1392292
511 1392312
508 1392312
509 1392321
509 1392331
511 1392353
509 1392353
510 1392373
510 1392373
507 1392381
509 1392391
508 1392401
509 1392423
507 1392423
510 1392430
512 1392440
510 1392463
509 1392463
509 1392471
509 1392493
508 1392493
507 1392513
510 1392513
509 1392520
508 1392530
510 1392540
509 1392550
510 1392560
507 1392570
509 1392580
509 1392590
509 1392600
510 1392610
509 1392620
508 1392630
509 1392641
507 1392651
509 1392660
508 1392670
508 1392680
507 1392690
510 1392700
511 1392710
506 1392720
507 1392730
510 1392740
510 1392750
505 1392785
507 1392785
507 1392791
508 1392791
508 1392800
508 1392810
509 1392820
507 1392830
513 1392840
510 1392850
513 1392860
515 1392870
509 1392880
510 1392890
504 1392900
507 1392910
510 1392920
507 1392930
510 1392940
507 1392950
509 1392960
512 1392970
507 1393003
510 1393003
507 1393021
508 1393035
509 1393037
510 1393038
510 1393053
507 1393053
509 1393060
512 1393070
510 1393080
507 1393125
507 1393126
509 1393127
514 1393143
512 1393143
508 1393207
508 1393207
511 1393208
512 1393208
516 1393208
510 1393213
508 1393213
514 1393220
511 1393230
508 1393253
507 1393253
507 1393260
509 1393270
511 1393280
508 1393290
509 1393300
508 1393310
509 1393320
509 1393330
508 1393340
509 1393375
509 1393378
521 1393380
500 1393381
503 1393397
507 1393411
525 1393602
515 1393603
509 1393603
500 1393603
512 1393604
491 1393604
505 1393604
509 1393604
505 1393605
513 1393605
506 1393605
507 1393605
509 1393605
510 1393605
510 1393606
509 1393606
509 1393606
511 1393606
511 1393606
504 1393642
511 1393642
511 1393644
508 1393644
514 1393808
512 1393809
515 1393809
507 1393809
514 1393809
505 1393810
503 1393810
510 1393810
507 1393811
511 1393811
510 1393811
510 1393811
508 1393811
510 1393811
506 1393812
508 1393812
508 1393812
510 1393813
512 1393820
507 1393996
509 1393996
512 1393997
511 1393997
505 1393997
505 1393998
512 1393998
504 1393998
519 1393998
502 1393999
506 1393999
509 1393999
515 1394000
508 1394000
505 1394000
507 1394000
512 1394020
511 1394037
506 1394039
506 1394040
504 1394042
518 1394201
517 1394202
529 1394202
502 1394203
505 1394203
500 1394203
515 1394203
523 1394204
506 1394204
518 1394205
507 1394205
510 1394206
505 1394206
511 1394208
509 1394209
510 1394210
510 1394211
510 1394406
510 1394406
508 1394407
509 1394407
508 1394407
506 1394407
507 1394408
509 1394408
510 1394409
510 1394409
508 1394409
510 1394409
509 1394409
508 1394410
511 1394410
508 1394410
508 1394410
509 1394411
509 1394411
506 1394414
511 1394421
509 1394801
509 1394801
512 1394802
509 1394802
512 1394803
508 1394803
506 1394804
509 1394804
508 1394804
511 1394804
508 1394805
508 1394805
510 1394805
509 1394805
507 1394805
509 1394806
506 1394806
510 1394806
508 1394807
504 1394807
508 1394807
510 1394808
510 1394808
510 1394808
509 1394808
508 1394809
505 1394809
512 1394809
511 1394809
509 1394809
507 1394810
508 1394810
508 1394810
510 1394839
510 1394839
508 1394842
509 1394842
508 1394842
506 1394845
507 1394845
508 1394854
507 1394854
511 1394861
509 1394883
513 1394883
509 1394890
509 1394913
507 1394913
511 1394933
509 1394933
510 1394953
507 1394953
508 1394973
510 1394973
512 1394981
510 1394990
506 1395000
506 1395010
509 1395032
507 1395033
506 1395040
509 1395062
512 1395062
511 1395071
512 1395081
511 1395103
511 1395103
510 1395111
510 1395401
510 1395402
512 1395402
510 1395402
509 1395403
511 1395403
507 1395404
508 1395404
511 1395404
512 1395405
510 1395405
508 1395405
507 1395405
510 1395405
511 1395405
505 1395406
509 1395406
511 1395406
508 1395406
510 1395406
511 1395407
509 1395407
510 1395408
509 1395408
508 1395408
508 1395409
507 1395409
510 1395409
507 1395423
508 1395423
510 1395443
508 1395443
509 1395451
505 1395486
508 1395488
509 1395491
510 1395491
509 1395500
509 1395510
508 1395533
508 1395533
511 1395552
511 1395552
507 1395561
510 1395584
509 1395584
511 1395591
509 1395600
509 1395622
508 1395623
510 1395630
509 1395642
507 1395651
510 1395796
508 1395796
509 1395797
510 1395797
506 1395799
507 1395799
509 1395799
509 1395800
509 1395800
507 1395800
508 1395800
507 1395801
509 1395801
507 1395803
509 1395803
506 1395810
512 1396397
509 1396398
510 1396398
509 1396399
510 1396399
511 1396399
509 1396400
500 1396400
520 1396400
519 1396401
509 1396401
526 1396401
512 1396401
518 1396402
517 1396402
517 1396402
513 1396402
508 1396402
509 1396402
506 1396403
507 1396403
506 1396403
508 1396403
508 1396404
508 1396404
510 1396404
510 1396404
507 1396404
508 1396405
508 1396405
507 1396405
511 1396405
509 1396405
510 1396405
509 1396405
504 1396406
509 1396406
511 1396406
501 1396406
503 1396406
510 1396406
518 1396406
502 1396407
515 1396407
512 1396407
522 1396407
513 1396407
516 1396407
505 1396408
511 1396408
513 1396408
508 1396408
511 1396408
508 1396408
510 1396409
505 1396409
514 1396409
514 1396411
545 1396411
517 1396420
494 1396795
520 1396796
497 1396796
507 1396796
499 1396796
511 1396797
508 1396797
505 1396797
511 1396798
510 1396798
507 1396798
510 1396799
508 1396799
510 1396799
508 1396799
506 1396800
506 1396800
507 1396800
509 1396800
506 1396801
497 1396803
513 1396803
517 1396803
491 1396804
507 1396804
517 1396804
504 1396805
488 1396805
504 1396805
504 1396805
512 1396806
502 1396806
509 1396806
507 1396806
508 1396808
507 1396809
509 1396809
511 1396906
511 1396908
509 1396909
508 1396954
510 1396954
510 1396956
512 1396959
506 1396959
508 1396961
507 1396961
507 1396963
513 1396963
506 1396964
510 1396965
503 1396967
507 1396990
512 1397038
511 1397038
509 1397040
504 1397040
509 1397042
509 1397043
507 1397044
508 1397052
507 1397052
509 1397197
511 1397197
509 1397197
509 1397198
509 1397198
508 1397198
510 1397198
508 1397198
508 1397199
508 1397199
507 1397199
510 1397199
510 1397200
510 1397216
509 1397218
510 1397220
512 1397220
506 1397243
507 1397243
507 1397251
506 1397273
509 1397273
507 1397281
511 1397290
509 1397300
510 1397310
510 1397321
508 1397331
509 1397353
509 1397353
509 1397385
511 1397387
509 1397389
510 1397391
507 1397423
509 1397423
507 1397593
509 1397593
508 1397593
507 1397594
510 1397594
509 1397594
510 1397594
510 1397595
509 1397597
510 1397599
508 1397599
508 1397599
510 1397601
508 1397601
509 1397603
510 1397603
511 1397615
508 1397620
509 1397620
508 1397620
512 1397644
511 1397644
509 1397650
508 1397682
509 1397682
509 1397701
509 1397701
508 1397710
510 1397723
508 1397723
509 1397756
511 1397760
508 1397760
511 1397762
508 1397811
508 1397811
510 1397813
507 1397813
509 1397815
508 1397861
510 1398005
509 1398005
511 1398005
510 1398006
509 1398006
506 1398006
508 1398007
509 1398007
509 1398007
509 1398007
508 1398007
510 1398008
512 1398008
509 1398008
507 1398008
506 1398022
510 1398022
510 1398022
506 1398024
507 1398026
510 1398028
510 1398063
507 1398063
509 1398194
508 1398195
509 1398195
511 1398195
508 1398195
510 1398196
508 1398196
511 1398196
507 1398197
508 1398197
510 1398197
507 1398197
509 1398203
508 1398203
511 1398234
509 1398234
511 1398243
508 1398243
507 1398399
507 1398399
509 1398400
507 1398400
509 1398400
511 1398400
510 1398401
510 1398401
510 1398401
507 1398402
509 1398402
508 1398402
508 1398402
508 1398403
509 1398403
508 1398427
508 1398429
511 1398431
508 1398431
508 1398441
507 1398476
508 1398476
510 1398478
509 1398519
509 1398519
509 1398521
511 1398521
507 1398544
508 1398544
508 1398551
509 1398551
510 1398573
510 1398573
508 1398580
509 1398590
511 1398612
509 1398612
508 1398620
509 1398640
510 1398663
508 1398663
510 1398685
509 1398686
511 1398688
510 1398701
505 1399002
505 1399002
507 1399003
508 1399003
510 1399003
509 1399003
509 1399004
508 1399004
508 1399005
509 1399005
509 1399005
508 1399005
508 1399005
510 1399005
509 1399006
510 1399006
506 1399006
520 1399006
535 1399007
508 1399007
515 1399007
512 1399007
496 1399007
494 1399008
534 1399008
512 1399008
519 1399008
524 1399008
507 1399008
502 1399009
512 1399023
508 1399023
510 1399030
508 1399040
506 1399050
508 1399060
510 1399070
512 1399080
510 1399090
505 1399100
512 1399110
505 1399120
503 1399130
505 1399140
514 1399150
509 1399172
510 1399173
507 1399180
508 1399202
508 1399203
507 1399210
506 1399220
509 1399581
509 1399582
509 1399582
508 1399582
510 1399583
508 1399583
509 1399583
510 1399583
510 1399584
509 1399584
507 1399584
508 1399584
511 1399585
510 1399585
509 1399586
510 1399586
512 1399586
509 1399586
507 1399586
509 1399587
514 1399587
510 1399587
505 1399587
508 1399587
508 1399588
505 1399589
509 1399590
510 1399590
507 1399590
509 1399590
510 1399590
509 1399591
509 1399591
510 1399591
509 1399591
508 1399591
509 1399593
509 1399600
507 1400000
509 1400000
508 1400001
508 1400001
507 1400002
509 1400002
509 1400003
509 1400003
510 1400004
507 1400004
512 1400004
508 1400004
508 1400005
509 1400005
511 1400005
508 1400005
508 1400006
508 1400006
511 1400006
510 1400006
508 1400007
507 1400007
508 1400007
509 1400007
509 1400008
511 1400008
510 1400008
509 1400009
508 1400009
510 1400009
507 1400009
507 1400010
509 1400010
510 1400010
509 1400010
508 1400011
508 1400011
508 1400011
509 1400011
510 1400022
500 1400022
503 1400030
514 1400040
493 1400092
503 1400092
498 1400094
512 1400094
506 1400096
510 1400100
520 1400111
517 1400121
506 1400131
505 1400140
504 1400150
510 1400161
520 1400171
501 1400180
538 1400230
504 1400230
519 1400230
491 1400231
506 1400231
511 1400240
502 1400400
505 1400400
504 1400401
509 1400401
512 1400401
510 1400401
505 1400401
515 1400402
508 1400402
507 1400402
512 1400402
508 1400403
509 1400403
504 1400406
508 1400411
510 1400411
509 1400411
506 1400793
504 1400793
503 1400794
509 1400794
508 1400794
505 1400794
507 1400795
502 1400796
515 1400796
515 1400797
500 1400797
508 1400797
514 1400797
507 1400797
510 1400798
512 1400798
506 1400798
510 1400798
515 1400799
505 1400799
511 1400799
510 1400799
507 1400800
509 1400800
505 1400800
509 1400800
508 1400801
511 1400801
507 1400801
506 1400801
514 1400802
511 1400802
507 1400802
507 1400803
510 1400803
504 1400803
510 1400805
510 1400805
504 1400822
509 1400823
513 1401180
503 1401181
507 1401181
508 1401181
509 1401181
508 1401182
508 1401182
505 1401182
511 1401182
519 1401183
510 1401183
502 1401183
513 1401183
501 1401183
509 1401183
515 1401184
506 1401184
512 1401184
510 1401184
499 1401184
504 1401185
511 1401185
502 1401185
528 1401185
490 1401185
540 1401186
499 1401186
512 1401186
505 1401186
509 1401186
500 1401186
518 1401187
504 1401187
505 1401187
512 1401187
506 1401187
506 1401189
512 1401200
501 1401598
506 1401598
505 1401598
508 1401600
501 1401600
512 1401601
512 1401601
518 1401601
512 1401602
501 1401602
506 1401602
506 1401602
505 1401602
506 1401603
509 1401603
509 1401603
503 1401603
506 1401604
505 1401604
504 1401604
514 1401604
510 1401605
511 1401605
503 1401605
514 1401605
510 1401605
509 1401605
508 1401606
506 1401606
516 1401606
506 1401606
513 1401606
509 1401606
508 1401607
507 1401607
515 1401607
509 1401607
522 1401607
513 1401612
508 1401612
511 1401620
514 1401630
512 1401640
513 1401663
507 1401663
510 1401670
504 1401680
506 1401690
506 1401700
505 1401710
511 1401720
512 1401730
513 1401740
525 1401776
510 1401780
503 1401780
512 1401780
495 1401791
506 1401801
524 1401823
520 1401823
499 1401831
510 1401841
526 1401886
498 1401888
534 1401888
503 1401996
496 1401996
501 1401996
514 1401997
504 1401997
509 1401998
548 1401998
504 1401998
491 1401998
500 1401998
519 1401999
520 1401999
499 1402023
493 1402023
521 1402030
522 1402041
504 1402051
502 1402060
501 1402070
500 1402081
506 1402091
508 1402113
515 1402113
511 1402133
508 1402133
496 1402140
507 1402150
514 1402161
537 1402170
504 1402193
502 1402193
516 1402200
520 1402210
484 1402220
520 1402230
498 1402254
504 1402255
504 1402260
511 1402391
508 1402391
513 1402392
507 1402392
506 1402392
516 1402392
507 1402393
506 1402393
511 1402393
507 1402394
514 1402394
508 1402396
508 1402396
512 1402400
510 1402801
509 1402802
505 1402802
503 1402802
506 1402803
507 1402803
509 1402803
509 1402803
512 1402804
518 1402804
508 1402804
506 1402804
506 1402804
508 1402805
509 1402805
511 1402805
510 1402805
505 1402806
509 1402806
510 1402806
505 1402806
507 1402806
510 1402807
510 1402807
511 1402807
517 1402807
498 1402807
503 1402808
511 1402808
510 1402808
505 1402808
507 1402808
510 1402809
507 1402809
504 1402809
510 1402809
513 1402809
520 1402811
509 1402811
504 1402836
506 1402993
509 1402993
511 1402994
513 1402994
507 1402994
510 1402995
511 1402995
511 1402995
507 1402996
506 1402996
506 1402996
508 1402997
514 1402997
524 1402997
511 1402997
509 1402997
505 1402998
504 1402998
516 1403000
512 1403011
505 1403197
504 1403197
507 1403198
507 1403198
511 1403198
513 1403199
514 1403199
509 1403200
507 1403200
514 1403200
510 1403200
506 1403200
509 1403201
508 1403201
505 1403201
502 1403201
504 1403206
491 1403210
522 1403210
505 1403212
510 1403262
493 1403262
520 1403262
503 1403265
501 1403265
511 1403270
509 1403280
510 1403290
510 1403300
514 1403310
509 1403320
511 1403331
508 1403341
521 1403350
497 1403377
511 1403377
495 1403379
510 1403391
531 1403593
501 1403594
521 1403594
504 1403595
501 1403595
514 1403595
513 1403595
504 1403596
499 1403596
499 1403596
518 1403597
502 1403597
515 1403597
510 1403597
491 1403597
512 1403598
491 1403598
506 1403598
505 1403632
511 1403632
508 1403632
512 1403634
502 1403636
510 1403640
499 1403650
522 1403670
502 1403683
504 1403683
509 1403690
510 1403700
513 1403710
514 1403732
515 1403732
507 1403740
514 1403772
509 1403786
486 1403790
509 1403790
521 1403790
511 1403813
500 1403813
510 1403824
509 1403830
513 1403840
511 1403850
498 1403988
518 1403988
500 1403989
511 1403989
508 1403989
506 1403990
510 1403990
508 1403990
510 1403991
507 1403991
512 1403991
510 1403991
508 1403991
514 1403992
507 1404000
508 1404010
508 1404031
512 1404042
504 1404042
513 1404050
498 1404061
515 1404070
512 1404080
509 1404090
513 1404100
506 1404110
507 1404151
506 1404151
508 1404151
512 1404154
505 1404161
509 1404398
515 1404398
502 1404399
519 1404399
507 1404399
514 1404400
510 1404400
505 1404401
509 1404402
513 1404402
513 1404402
511 1404403
500 1404403
513 1404403
508 1404403
513 1404403
512 1404404
502 1404404
510 1404404
506 1404404
509 1404405
496 1404407
518 1404407
503 1404409
506 1404420
504 1404430
509 1404440
514 1404450
507 1404461
509 1404470
510 1404480
507 1404489
510 1404500
510 1404523
510 1404523
509 1404530
508 1404541
510 1404551
506 1404560
508 1404571
507 1404580
507 1404591
511 1404613
507 1404613
509 1404793
508 1404793
511 1404793
506 1404794
503 1404794
510 1404795
506 1404795
514 1404796
505 1404797
508 1404797
507 1404797
511 1404797
506 1404798
503 1404798
505 1404798
510 1404798
508 1404798
507 1404798
509 1404801
501 1404811
509 1405377
513 1405377
506 1405378
514 1405378
513 1405378
509 1405379
505 1405379
509 1405380
506 1405380
510 1405380
508 1405381
507 1405381
512 1405381
509 1405381
507 1405381
508 1405382
509 1405382
506 1405384
510 1405384
512 1405385
506 1405385
509 1405385
510 1405385
509 1405385
507 1405385
509 1405386
510 1405386
509 1405386
511 1405386
507 1405387
508 1405387
510 1405387
508 1405387
512 1405388
513 1405388
508 1405388
511 1405388
511 1405389
507 1405389
505 1405389
508 1405389
513 1405389
508 1405390
511 1405390
507 1405390
509 1405390
510 1405391
510 1405391
507 1405391
510 1405392
509 1405392
508 1405392
512 1405392
507 1405392
508 1405393
510 1405395
508 1405395
509 1405411
509 1405795
508 1405812
509 1405812
509 1405812
509 1405813
510 1405813
508 1405813
512 1405813
507 1405813
511 1405814
508 1405814
507 1405814
505 1405814
508 1405814
511 1405814
510 1405815
509 1405815
510 1405815
509 1405815
507 1405815
509 1405816
511 1405816
509 1405816
508 1405816
508 1405816
511 1405818
510 1405826
509 1405826
511 1405826
508 1405826
508 1405826
512 1405826
511 1405827
509 1405827
510 1405827
510 1405827
506 1405828
510 1405828
508 1405830
509 1405830
510 1405830
508 1405830
509 1405840
510 1405915
509 1405917
510 1405917
509 1405917
506 1405917
508 1405918
507 1405918
507 1405922
509 1405956
510 1405960
505 1405960
510 1405960
509 1405995
509 1405995
509 1406000
508 1406000
509 1406009
511 1406020
510 1406030
509 1406040
511 1406050
507 1406060
511 1406070
509 1406093
509 1406093
510 1406113
508 1406113
509 1406120
509 1406140
507 1406152
507 1406152
508 1406160
508 1406170
510 1406180
508 1406203
509 1406203
509 1406210
508 1406220
506 1406230
510 1406252
510 1406252
507 1406272
507 1406272
510 1406280
508 1406290
507 1406312
509 1406312
508 1406320
509 1406330
509 1406352
510 1406352
508 1406360
512 1406369
507 1406392
509 1406392
511 1406400
509 1406410
509 1406420
506 1406430
508 1406440
518 1406460
515 1406470
511 1406480
513 1406490
518 1406499
513 1406510
511 1406520
505 1406530
509 1406541
510 1406549
509 1406559
510 1406585
509 1406585
509 1406602
510 1406602
507 1406610
509 1406620
510 1406630
508 1406640
511 1406650
511 1406660
508 1406682
506 1406682
511 1406689
509 1406700
509 1406709
507 1406732
509 1406732
508 1406740
516 1406750
503 1406760
509 1406782
510 1406782
507 1406790
494 1406800
500 1406810
510 1406820
503 1406830
510 1406840
506 1406850
511 1406860
510 1406870
507 1406879
508 1406902
510 1406902
506 1406922
510 1406922
508 1406942
509 1406942
506 1406949
507 1406959
514 1406969
522 1406980
503 1407002
530 1407002
495 1407010
505 1407020
480 1407030
499 1407040
511 1407049
519 1407059
494 1407070
507 1407092
502 1407092
514 1407112
509 1407112
509 1407119
512 1407130
509 1407139
507 1407150
508 1407159
509 1407170
510 1407180
510 1407190
512 1407209
515 1407220
510 1407230
511 1407240
507 1407250
509 1407260
505 1407270
505 1407280
511 1407303
516 1407304
515 1407309
510 1407320
508 1407329
505 1407339
508 1407391
508 1407391
511 1407393
505 1407393
507 1407394
506 1407412
512 1407412
506 1407419
509 1407429
511 1407439
511 1407460
510 1407490
504 1407511
516 1407511
503 1407514
507 1407514
515 1407516
507 1407533
509 1407533
499 1407540
510 1407550
512 1407585
514 1407586
514 1407588
517 1407602
500 1407602
513 1407622
512 1407622
532 1407629
519 1407640
511 1407650
492 1407659
501 1407696
554 1407700
506 1407700
509 1407701
510 1407710
526 1407721
522 1407730
507 1407740
515 1407750
500 1407760
511 1407770
511 1407780
512 1407802
512 1407802
510 1407809
508 1407820
510 1407829
508 1407840
510 1407849
509 1407859
509 1407870
510 1407879
513 1407889
507 1407900
508 1407910
509 1407920
506 1407940
509 1407950
509 1407960
508 1407970
508 1407980
507 1408002
509 1408002
507 1408010
509 1408020
508 1408030
510 1408040
510 1408050
508 1408060
510 1408070
513 1408092
508 1408092
506 1408100
507 1408110
507 1408120
507 1408130
508 1408140
508 1408162
509 1408162
510 1408170
509 1408180
508 1408215
509 1408215
508 1408220
508 1408220
510 1408229
509 1408239
509 1408250
510 1408259
510 1408270
509 1408280
509 1408290
509 1408325
509 1408327
509 1408327
507 1408361
510 1408364
512 1408390
510 1408785
507 1408785
509 1408786
507 1408786
509 1408786
511 1408787
510 1408787
509 1408787
507 1408788
510 1408788
509 1408788
511 1408788
513 1408789
508 1408789
510 1408789
512 1408789
510 1408790
509 1408790
509 1408790
509 1408790
508 1408790
509 1408791
510 1408791
508 1408791
509 1408791
510 1408792
507 1408792
508 1408792
509 1408792
508 1408792
512 1408793
507 1408793
509 1408793
510 1408793
508 1408793
506 1408794
514 1408794
507 1408794
508 1408794
507 1408794
507 1408794
509 1408797
508 1408797
508 1408799
508 1408810
511 1408820
509 1408830
507 1408853
508 1408853
511 1408860
508 1408935
509 1408938
509 1408938
506 1408940
509 1408940
510 1408940
509 1408973
504 1408974
511 1408974
508 1408976
509 1408976
511 1409194
509 1409195
508 1409195
510 1409195
509 1409195
508 1409196
510 1409196
508 1409196
510 1409197
511 1409197
507 1409197
509 1409197
509 1409204
508 1409206
509 1409207
509 1409209
509 1409209
508 1409209
511 1409211
508 1409211
510 1409213
510 1409346
508 1409347
510 1409349
506 1409349
507 1409349
509 1409351
509 1409452
506 1409453
509 1409454
509 1409456
508 1409457
512 1409459
511 1409459
513 1409461
507 1409461
508 1409461
509 1409463
509 1409463
508 1409464
510 1409466
509 1409589
509 1409590
508 1409591
508 1409591
512 1409591
508 1409592
512 1409592
512 1409593
509 1409593
506 1409593
509 1409593
510 1409594
507 1409594
506 1409602
507 1409602
502 1409623
508 1409624
513 1409656
505 1409659
507 1409659
504 1409661
504 1409694
496 1409695
502 1409702
510 1409702
503 1409711
506 1409746
509 1409750
510 1409750
511 1409752
509 1409760
507 1410192
510 1410192
508 1410192
508 1410193
507 1410193
507 1410194
510 1410194
533 1410194
509 1410195
509 1410195
469 1410195
504 1410195
508 1410195
507 1410195
503 1410196
513 1410196
499 1410196
520 1410196
515 1410196
516 1410197
500 1410197
509 1410197
512 1410197
512 1410197
507 1410198
520 1410198
506 1410198
511 1410198
514 1410198
505 1410198
511 1410199
513 1410199
516 1410202
491 1410202
508 1410203
500 1410203
532 1410203
509 1410203
516 1410203
529 1410204
495 1410204
508 1410239
518 1410239
502 1410242
512 1410242
512 1410242
514 1410295
514 1410300
505 1410300
508 1410302
508 1410302
508 1410304
511 1410304
516 1410322
511 1410322
504 1410342
504 1410343
505 1410391
512 1410392
528 1410393
504 1410393
480 1410395
526 1410400
523 1410492
501 1410492
504 1410503
509 1410503
511 1410520
500 1410568
511 1410568
503 1410570
507 1410570
510 1410572
511 1410572
509 1410574
509 1410574
511 1410576
508 1410577
510 1410596
499 1410596
510 1410793
508 1410794
506 1410794
506 1410795
506 1410795
510 1410795
506 1410795
510 1410796
508 1410796
512 1410796
502 1410797
508 1410797
506 1410798
505 1410798
512 1410798
514 1410799
511 1410799
511 1410799
511 1410810
510 1410810
509 1410812
512 1410812
509 1410983
508 1410984
509 1410984
509 1410984
509 1410985
509 1410986
511 1410986
509 1410986
507 1410986
507 1410987
507 1410987
510 1410987
509 1410987
511 1410988
508 1410988
512 1410988
506 1410988
505 1411022
507 1411022
508 1411022
508 1411024
508 1411026
512 1411030
509 1411040
510 1411050
510 1411083
506 1411083
508 1411093
510 1411093
506 1411140
509 1411140
508 1411140
510 1411142
511 1411163
509 1411163
509 1411188
508 1411190
509 1411190
509 1411192
511 1411200
509 1411235
507 1411235
509 1411240
509 1411240
509 1411319
508 1411319
510 1411319
510 1411321
508 1411321
509 1411322
509 1411322
510 1411346
509 1411350
509 1411350
507 1411352
512 1411360
509 1411383
511 1411392
511 1411392
509 1411588
508 1411588
509 1411589
507 1411589
509 1411590
509 1411590
509 1411590
509 1411590
510 1411591
506 1411591
510 1411591
511 1411591
509 1411592
509 1411592
509 1411592
507 1411592
507 1411592
510 1411593
509 1411605
508 1411610
511 1411610
508 1411612
509 1411620
508 1411983
509 1411984
508 1411984
509 1411984
509 1411985
510 1411985
512 1411985
508 1411986
509 1411986
508 1411986
510 1411986
508 1411987
510 1411987
509 1411987
510 1411987
509 1411987
511 1411987
509 1411988
510 1411988
508 1411988
508 1411988
508 1411988
509 1411989
510 1411989
507 1411989
508 1411989
508 1411989
506 1411990
510 1411990
509 1411990
509 1411991
509 1411991
511 1411991
508 1411991
510 1411993
509 1411993
507 1412000
510 1412395
506 1412396
509 1412396
508 1412396
509 1412397
508 1412397
508 1412397
504 1412397
508 1412398
507 1412398
507 1412398
508 1412398
509 1412399
510 1412399
509 1412399
512 1412399
509 1412399
507 1412400
508 1412400
509 1412400
508 1412400
509 1412401
509 1412401
511 1412401
512 1412401
510 1412401
508 1412401
509 1412402
508 1412402
509 1412402
509 1412402
509 1412402
508 1412403
510 1412403
510 1412403
507 1412403
508 1412403
511 1412404
509 1412404
509 1412411
510 1412446
508 1412449
508 1412449
510 1412451
509 1412787
507 1412787
509 1412788
508 1412788
510 1412789
512 1412791
511 1412791
510 1412792
511 1412792
511 1412792
510 1412792
510 1412793
510 1412793
528 1412793
506 1412793
497 1412794
490 1412794
486 1412794
506 1412794
508 1412795
506 1412795
518 1412795
509 1412795
507 1412795
515 1412796
509 1412796
510 1412796
506 1412796
504 1412796
504 1412796
506 1412797
509 1412797
511 1412798
510 1412798
510 1412812
506 1412812
507 1413170
509 1413171
503 1413171
510 1413172
503 1413172
510 1413173
506 1413173
508 1413174
509 1413174
506 1413174
514 1413174
504 1413174
511 1413175
509 1413175
511 1413175
506 1413175
509 1413175
509 1413176
508 1413176
508 1413176
512 1413176
508 1413176
508 1413176
505 1413177
509 1413177
511 1413177
510 1413177
510 1413178
510 1413178
504 1413178
514 1413178
508 1413179
504 1413179
506 1413179
507 1413180
513 1413182
511 1413189
510 1413589
508 1413590
511 1413590
507 1413590
507 1413591
509 1413591
509 1413591
509 1413592
512 1413592
511 1413592
512 1413593
509 1413593
509 1413593
511 1413593
506 1413594
509 1413594
508 1413594
511 1413594
510 1413595
508 1413595
510 1413595
508 1413596
512 1413596
511 1413596
507 1413596
510 1413597
512 1413597
509 1413597
508 1413598
508 1413598
512 1413598
509 1413599
509 1413599
510 1413599
507 1413600
510 1413600
509 1413601
507 1413601
510 1413601
510 1413601
510 1413603
509 1413609
511 1413983
510 1413983
509 1413984
509 1413984
508 1413984
508 1413985
508 1413985
509 1413985
510 1413986
507 1413986
511 1413986
509 1413986
510 1413987
508 1413987
506 1413987
510 1413987
505 1413988
509 1413988
508 1413988
509 1413988
511 1413989
507 1413989
507 1413989
509 1413989
510 1413990
507 1413990
510 1413990
507 1413990
505 1413991
509 1413991
510 1413991
505 1413991
510 1413991
519 1413992
505 1413994
505 1413996
512 1414000
506 1414000
509 1414009
509 1414019
512 1414029
506 1414039
506 1414050
512 1414060
511 1414083
517 1414083
508 1414090
511 1414100
510 1414122
513 1414122
509 1414130
507 1414140
508 1414150
508 1414160
507 1414169
507 1414180
507 1414190
511 1414368
510 1414368
505 1414368
513 1414368
514 1414369
506 1414369
511 1414369
515 1414369
502 1414369
519 1414370
504 1414370
506 1414370
495 1414370
501 1414370
508 1414370
510 1414371
519 1414371
505 1414383
504 1414393
510 1414393
517 1414399
510 1414410
509 1414420
509 1414430
511 1414440
507 1414450
505 1414460
509 1414469
516 1414505
511 1414505
512 1414510
506 1414510
506 1414519
510 1414529
512 1414539
508 1414562
512 1414562
512 1414569
508 1414580
508 1414602
515 1414602
513 1414609
510 1414629
501 1414639
512 1414650
512 1414659
502 1414669
509 1414679
505 1414689
516 1414713
504 1414713
503 1414720
519 1414730
508 1414740
498 1414750
514 1414760
503 1414769
513 1414792
511 1414792
514 1414802
509 1414810
512 1414820
514 1414830
508 1414840
511 1414862
513 1414862
514 1414870
499 1414879
498 1414889
509 1414899
503 1414909
506 1414919
503 1414929
502 1414939
512 1414949
506 1414959
508 1414969
502 1414979
508 1414998
521 1414998
517 1415009
511 1415019
507 1415029
512 1415039
510 1415049
515 1415060
506 1415082
501 1415082
508 1415090
515 1415100
508 1415110
507 1415120
512 1415142
513 1415142
503 1415151
513 1415160
513 1415170
505 1415380
508 1415380
512 1415380
513 1415381
506 1415381
519 1415381
504 1415381
506 1415381
513 1415382
512 1415382
506 1415382
513 1415382
502 1415382
509 1415383
506 1415383
508 1415383
505 1415383
507 1415383
504 1415384
511 1415384
507 1415390
510 1415400
510 1415410
511 1415420
506 1415472
508 1415472
508 1415472
511 1415475
509 1415475
507 1415790
511 1415790
510 1415791
509 1415791
507 1415792
503 1415792
512 1415792
506 1415792
507 1415793
508 1415793
511 1415793
507 1415793
516 1415794
505 1415794
511 1415794
502 1415794
525 1415795
510 1415795
524 1415795
500 1415795
509 1415795
509 1415796
507 1415796
486 1415796
508 1415796
496 1415796
501 1415797
506 1415797
498 1415797
510 1415797
509 1415797
521 1415798
519 1415800
495 1415822
507 1415822
499 1415979
512 1415979
501 1415980
505 1415980
511 1415980
503 1415981
503 1415981
507 1415981
509 1415982
506 1415982
505 1415982
512 1415982
517 1415982
529 1415983
502 1415983
517 1415992
515 1415992
507 1416184
520 1416185
515 1416185
486 1416185
486 1416185
486 1416186
521 1416186
523 1416186
498 1416187
508 1416187
520 1416187
511 1416188
520 1416188
516 1416188
512 1416188
521 1416189
511 1416189
509 1416204
506 1416206
504 1416579
508 1416579
509 1416580
510 1416580
505 1416582
512 1416582
505 1416582
510 1416582
513 1416582
513 1416582
508 1416584
507 1416584
507 1416584
508 1416584
514 1416584
508 1416584
509 1416584
510 1416584
510 1416584
510 1416586
508 1416586
509 1416586
510 1416586
508 1416586
508 1416586
509 1416587
509 1416587
511 1416587
507 1416587
509 1416587
511 1416588
509 1416588
512 1416588
508 1416588
510 1416588
508 1416589
510 1416589
509 1416589
509 1416589
507 1416591
508 1416626
512 1416628
512 1416630
507 1416630
507 1416640
510 1416991
508 1416991
509 1416992
509 1416992
508 1416992
509 1416993
511 1416993
509 1416993
507 1416993
509 1416994
509 1416994
510 1416994
508 1416995
508 1416995
510 1416995
511 1416995
510 1416995
508 1416996
509 1416996
509 1416996
508 1416996
509 1416996
509 1416996
508 1416997
506 1416997
510 1416997
508 1416997
509 1416997
511 1416997
510 1416998
509 1416998
509 1416998
509 1416998
510 1417000
509 1417000
509 1417010
508 1417589
509 1417589
509 1417589
508 1417590
507 1417590
509 1417590
508 1417591
507 1417591
506 1417591
508 1417592
511 1417592
507 1417593
512 1417593
509 1417593
508 1417593
512 1417593
510 1417593
510 1417594
510 1417594
506 1417594
515 1417594
511 1417594
515 1417595
507 1417595
517 1417595
505 1417596
507 1417596
507 1417596
508 1417596
506 1417597
507 1417597
508 1417597
511 1417597
509 1417597
511 1417597
504 1417598
504 1417598
512 1417599
512 1417599
499 1417599
508 1417599
508 1417600
509 1417600
510 1417600
510 1417600
524 1417600
519 1417600
509 1417600
513 1417601
524 1417601
509 1417601
507 1417601
521 1417601
506 1417601
510 1417602
510 1417602
504 1417602
510 1417611
514 1417620
502 1417632
507 1417632
512 1417640
506 1417650
501 1417660
503 1417669
508 1417679
508 1417689
502 1417699
508 1417709
505 1417779
505 1417779
502 1417779
514 1417779
500 1417780
516 1417780
509 1417780
516 1417790
507 1417985
503 1417985
513 1417986
507 1417986
509 1417986
515 1417986
510 1417987
507 1417987
515 1417988
509 1417988
507 1417988
508 1417989
523 1417989
513 1417989
504 1417989
511 1417989
508 1417990
519 1417995
510 1417995
508 1418000
504 1418000
506 1418009
510 1418165
504 1418165
523 1418165
512 1418166
525 1418166
505 1418166
513 1418166
522 1418167
499 1418167
521 1418167
515 1418167
486 1418167
504 1418168
507 1418168
513 1418168
510 1418170
503 1418192
508 1418192
508 1418585
508 1418585
505 1418586
505 1418586
514 1418587
503 1418587
514 1418587
507 1418587
508 1418588
510 1418588
510 1418588
506 1418589
508 1418589
506 1418589
514 1418589
505 1418589
508 1418590
509 1418590
507 1418590
508 1418590
510 1418590
506 1418591
509 1418592
510 1418592
508 1418592
508 1418592
507 1418592
509 1418593
510 1418593
510 1418593
510 1418593
508 1418593
506 1418594
508 1418594
509 1418594
507 1418594
511 1418594
508 1418594
509 1418602
510 1418602
509 1418609
511 1418620
509 1418640
508 1418652
509 1418652
511 1418660
508 1418682
507 1418682
507 1418689
507 1418724
511 1418726
509 1418765
509 1418765
507 1418765
508 1418765
509 1418766
508 1418768
508 1418793
509 1418793
509 1418798
510 1418809
509 1418820
509 1418983
509 1418983
509 1418984
508 1418984
509 1418984
509 1418984
508 1418985
507 1418985
508 1418986
509 1418986
511 1418986
511 1418987
509 1418987
507 1418987
506 1418988
509 1419005
510 1419005
508 1419010
508 1419010
510 1419020
511 1419042
509 1419042
507 1419049
508 1419059
509 1419092
507 1419092
508 1419099
509 1419109
506 1419119
512 1419129
510 1419139
509 1419150
509 1419160
507 1419170
507 1419180
508 1419190
511 1419199
507 1419209
508 1419379
512 1419379
509 1419380
508 1419380
509 1419380
508 1419381
508 1419381
510 1419381
511 1419381
510 1419382
509 1419382
510 1419382
510 1419382
511 1419382
510 1419383
510 1419383
507 1419383
509 1419390
510 1419400
509 1419410
508 1419420
507 1419430
508 1419440
508 1419450
509 1419472
509 1419472
510 1419480
511 1419490
509 1419500
507 1419522
509 1419522
509 1419530
509 1419540
511 1419550
509 1419764
509 1419764
510 1419764
508 1419764
510 1419765
509 1419765
509 1419765
507 1419765
510 1419765
510 1419765
509 1419766
511 1419766
511 1419766
508 1419766
507 1419766
508 1419766
509 1419767
508 1419767
506 1419767
501 1419767
513 1419785
505 1419785
510 1419790
508 1419790
517 1419800
507 1419809
517 1419842
508 1419842
510 1419849
490 1419859
478 1419869
485 1419904
506 1419906
511 1419908
521 1419910
515 1419919
511 1419979
514 1419979
506 1419979
503 1419980
513 1419980
521 1419980
503 1419989
505 1420000
511 1420010
509 1420020
509 1420042
510 1420042
514 1420050
509 1420060
505 1420082
511 1420082
509 1420102
505 1420102
511 1420109
513 1420120
509 1420129
512 1420140
510 1420184
510 1420185
509 1420185
507 1420221
507 1420222
507 1420222
510 1420224
510 1420224
511 1420386
511 1420386
507 1420386
509 1420386
509 1420387
511 1420387
505 1420387
509 1420387
519 1420387
515 1420388
512 1420388
517 1420388
514 1420388
503 1420389
498 1420389
515 1420389
508 1420390
512 1420400
511 1420781
506 1420782
508 1420782
506 1420782
508 1420782
511 1420782
511 1420783
510 1420794
506 1420794
507 1420794
511 1420794
511 1420794
510 1420795
512 1420795
506 1420795
508 1420795
510 1420795
507 1420795
510 1420796
505 1420796
505 1420796
500 1420796
502 1420796
507 1420796
511 1420797
506 1420797
507 1420797
506 1420797
508 1420797
508 1420797
507 1420798
508 1420798
508 1420798
508 1420798
507 1420798
510 1420798
509 1420799
509 1420800
510 1420802
511 1420809
526 1420819
515 1420842
490 1420842
521 1420849
518 1420859
495 1420869
488 1420879
504 1420889
508 1420899
505 1420909
502 1420920
504 1420929
512 1420939
508 1420949
510 1420959
507 1420969
511 1420979
507 1420989
507 1420999
508 1421009
509 1421019
508 1421029
511 1421039
505 1421062
512 1421062
515 1421069
506 1421092
508 1421092
504 1421099
508 1421109
509 1421119
507 1421129
507 1421151
509 1421151
505 1421171
511 1421171
505 1421179
511 1421189
509 1421212
508 1421212
508 1421232
509 1421232
505 1421239
512 1421249
506 1421259
512 1421282
508 1421282
506 1421289
508 1421299
507 1421319
512 1421329
513 1421339
514 1421349
522 1421359
517 1421369
500 1421380
512 1421389
508 1421401
511 1421409
508 1422578
511 1422578
510 1422579
510 1422579
509 1422579
509 1422580
514 1422580
518 1422580
491 1422581
531 1422581
547 1422581
511 1422581
524 1422582
533 1422582
536 1422582
508 1422582
516 1422583
512 1422583
506 1422583
510 1422583
510 1422584
508 1422584
510 1422584
504 1422584
515 1422584
510 1422584
504 1422585
511 1422585
506 1422585
514 1422585
514 1422585
508 1422586
509 1422586
509 1422586
509 1422586
509 1422586
508 1422586
509 1422587
511 1422587
509 1422587
510 1422587
507 1422587
506 1422587
506 1422588
508 1422588
509 1422588
508 1422588
509 1422588
508 1422588
512 1422589
508 1422589
505 1422589
508 1422589
510 1422589
509 1422589
511 1422589
511 1422590
509 1422590
511 1422590
510 1422590
506 1422590
508 1422590
509 1422590
508 1422591
510 1422591
509 1422591
508 1422591
509 1422591
507 1422591
507 1422591
507 1422592
510 1422592
510 1422592
509 1422592
507 1422592
510 1422592
508 1422592
510 1422593
510 1422593
506 1422593
512 1422593
509 1422593
512 1422593
516 1422594
516 1422594
510 1422594
508 1422594
516 1422594
544 1422594
478 1422595
500 1422595
507 1422595
505 1422595
499 1422595
543 1422595
494 1422595
514 1422596
504 1422596
518 1422596
503 1422596
505 1422596
511 1422596
522 1422596
524 1422597
508 1422785
487 1422785
473 1422785
499 1422785
535 1422786
516 1422786
504 1422786
508 1422786
494 1422787
505 1422787
521 1422789
498 1422789
508 1422789
509 1422789
509 1422790
508 1422790
512 1422790
511 1422790
509 1422791
508 1422791
506 1422791
505 1422791
501 1422792
505 1422792
512 1422792
516 1422792
500 1422793
505 1422793
524 1422793
516 1422793
499 1422793
496 1422794
504 1422800
521 1422964
503 1422964
501 1422964
521 1422965
527 1422965
509 1422965
506 1422965
503 1422965
497 1422966
508 1422966
495 1422966
506 1422966
520 1422966
507 1422967
517 1422967
505 1422984
507 1422986
514 1422988
507 1423014
506 1423014
511 1423020
507 1423020
512 1423029
505 1423040
510 1423049
510 1423762
506 1423762
511 1423763
506 1423763
509 1423763
503 1423763
504 1423764
501 1423764
500 1423764
508 1423766
508 1423766
517 1423766
527 1423767
527 1423767
519 1423767
506 1423767
508 1423768
505 1423768
501 1423768
496 1423768
491 1423768
506 1423769
520 1423769
514 1423769
504 1423769
511 1423770
526 1423770
509 1423770
509 1423770
499 1423771
514 1423771
500 1423771
512 1423771
508 1423772
515 1423772
510 1423772
512 1423772
512 1423772
509 1423773
498 1423773
501 1423773
506 1423773
523 1423773
517 1423774
518 1423774
517 1423774
515 1423774
513 1423775
517 1423775
513 1423775
500 1423775
505 1423775
497 1423775
504 1423776
492 1423776
514 1423776
502 1423776
480 1423776
548 1423776
531 1423777
494 1423777
545 1423777
551 1423777
485 1423777
492 1423777
463 1423777
503 1423779
517 1423779
506 1423779
504 1423780
502 1423780
519 1423780
506 1423789
511 1424686
524 1424686
510 1424686
512 1424686
522 1424687
504 1424687
518 1424687
505 1424687
499 1424687
512 1424688
501 1424688
523 1424688
516 1424688
498 1424688
506 1424688
507 1424689
502 1424689
511 1424689
516 1424689
509 1424689
504 1424689
511 1424690
509 1424690
514 1424690
518 1424690
511 1424690
510 1424690
513 1424691
510 1424691
517 1424691
525 1424691
498 1424691
513 1424691
527 1424691
527 1424692
501 1424692
517 1424692
524 1424692
501 1424692
506 1424692
506 1424693
503 1424693
512 1424693
519 1424693
506 1424693
511 1424693
510 1424694
514 1424694
509 1424694
508 1424694
509 1424694
511 1424694
509 1424695
509 1424695
503 1424695
495 1424695
507 1424695
512 1424695
524 1424696
516 1424696
499 1424696
513 1424696
514 1424696
503 1424696
503 1424697
510 1424697
479 1424697
491 1424697
504 1424697
499 1424697
534 1424698
528 1424698
517 1424698
503 1424698
507 1424698
483 1424698
504 1424699
522 1424699
549 1424808
490 1424808
528 1424808
511 1424809
504 1424809
557 1424809
488 1424809
538 1424809
470 1424810
466 1424810
544 1424811
495 1424812
535 1424812
524 1424812
535 1424812
520 1424812
536 1424813
510 1424813
525 1424813
506 1424813
