505 1499710
510 1500013
509 1500013
511 1500017
510 1500017
504 1500018
516 1500040
510 1500040
505 1500040
514 1500040
516 1500040
510 1500041
503 1500041
507 1500041
508 1500041
514 1500041
514 1500041
507 1500042
513 1500042
508 1500042
507 1500042
512 1500044
510 1500044
512 1500046
512 1500070
508 1500071
505 1500071
502 1500071
510 1500071
517 1500071
510 1500071
507 1500072
506 1500072
508 1500072
510 1500072
507 1500072
506 1500073
506 1500073
504 1500073
505 1500073
517 1500073
516 1500073
512 1500074
510 1500074
506 1500074
505 1500074
507 1500074
507 1500075
520 1500075
511 1500075
504 1500075
509 1500075
509 1500075
508 1500076
509 1500076
510 1500076
512 1500076
505 1500077
509 1500077
509 1500077
510 1500077
508 1500077
509 1500077
507 1500078
509 1500078
509 1500078
509 1500078
510 1500078
510 1500079
512 1500079
510 1500079
507 1500079
507 1500080
509 1500080
510 1500080
509 1500080
507 1500081
510 1500081
509 1500081
510 1500081
509 1500082
508 1500218
509 1500218
509 1500218
508 1500218
508 1500218
510 1500219
511 1500219
509 1500219
509 1500219
507 1500219
509 1500220
508 1500220
509 1500220
507 1500220
510 1500222
508 1500222
509 1500222
508 1500222
507 1500223
507 1500223
509 1500223
508 1500223
510 1500223
510 1500223
510 1500224
509 1500224
508 1500224
507 1500224
509 1500224
508 1500225
509 1500225
510 1500225
510 1500225
509 1500225
510 1500238
509 1500256
507 1500288
508 1500330
508 1500330
510 1500330
509 1500336
509 1500336
511 1500336
509 1500337
509 1500350
509 1500350
510 1500350
508 1500429
508 1500429
510 1500429
507 1500431
506 1500431
508 1500431
508 1500541
510 1500541
508 1500541
510 1500541
507 1500542
511 1500542
510 1500542
508 1500542
509 1500542
511 1500542
509 1500547
507 1500549
511 1500549
510 1500570
510 1500570
510 1500587
508 1500610
507 1500610
510 1500638
511 1500691
508 1500693
509 1500695
510 1500695
509 1500697
510 1500697
507 1500726
509 1500726
509 1500728
505 1500728
509 1500740
509 1500740
508 1500747
509 1500769
511 1500769
508 1500789
508 1500789
508 1500835
508 1500835
510 1500837
510 1501134
509 1501135
508 1501135
511 1501138
509 1501139
507 1501161
508 1501162
508 1501187
508 1501187
510 1501188
509 1501210
507 1501211
510 1501211
509 1501211
509 1501211
507 1501211
509 1501212
509 1501212
511 1501212
510 1501212
509 1501212
510 1501213
508 1501213
508 1501213
509 1501213
509 1501213
509 1501214
510 1501216
506 1501216
509 1501216
511 1501216
510 1501216
509 1501216
508 1501217
509 1501217
508 1501217
510 1501217
511 1501232
510 1501232
508 1501234
509 1501276
507 1501276
507 1501278
507 1501278
507 1501278
509 1501316
510 1501316
509 1501316
510 1501318
511 1501350
508 1501350
508 1501368
508 1501385
511 1501385
509 1501388
509 1501434
508 1501434
510 1501434
510 1501434
508 1501435
507 1501437
508 1501459
509 1501459
510 1501493
508 1501493
509 1501495
507 1501507
511 1501517
508 1501529
508 1501529
510 1501577
509 1501577
509 1501577
509 1501580
507 1501659
509 1501659
511 1501659
509 1501662
509 1501662
508 1501664
509 1501667
510 1501667
508 1501683
507 1501685
507 1501685
510 1502310
510 1502310
508 1502310
509 1502310
509 1502311
509 1502311
509 1502311
511 1502311
509 1502311
508 1502311
509 1502312
510 1502312
508 1502312
509 1502312
514 1502312
506 1502312
514 1502312
505 1502313
511 1502313
511 1502313
507 1502313
507 1502313
507 1502313
506 1502314
510 1502314
509 1502314
508 1502314
509 1502314
510 1502314
509 1502314
509 1502315
508 1502315
508 1502315
508 1502315
509 1502315
509 1502315
509 1502316
511 1502316
508 1502316
509 1502316
508 1502316
509 1502316
510 1502317
508 1502317
507 1502317
511 1502317
508 1502317
508 1502317
510 1502317
509 1502318
510 1502318
512 1502318
509 1502318
506 1502318
506 1502318
510 1502318
517 1502319
514 1502319
504 1502321
505 1502321
509 1502321
519 1502321
511 1502327
507 1502353
512 1502357
508 1502357
508 1502357
506 1502367
511 1502377
507 1502387
510 1502410
510 1502410
509 1502417
506 1502492
511 1502494
510 1502496
507 1502496
509 1502496
508 1502498
511 1502528
511 1502528
510 1502530
508 1502530
515 1502532
508 1502560
507 1502560
506 1502567
506 1502567
507 1502611
510 1502611
509 1502611
508 1502633
506 1502637
508 1502637
508 1502637
508 1502659
507 1502659
507 1502667
507 1502677
508 1502728
508 1502728
515 1502730
514 1502730
506 1502732
507 1502736
512 1502747
509 1502777
510 1502791
509 1502791
510 1502798
512 1502798
513 1502807
511 1502830
505 1502830
510 1502839
507 1502857
506 1502882
507 1502882
506 1502884
508 1503228
508 1503228
506 1503228
510 1503229
508 1503229
507 1503229
510 1503229
510 1503230
506 1503230
510 1503230
509 1503230
509 1503231
508 1503231
509 1503231
509 1503231
508 1503231
510 1503232
507 1503232
512 1503232
510 1503232
506 1503232
507 1503233
506 1503233
512 1503233
510 1503233
511 1503233
510 1503234
513 1503234
510 1503234
509 1503234
508 1503234
508 1503235
508 1503235
510 1503235
508 1503262
510 1503262
509 1503268
510 1503268
511 1503300
508 1503300
505 1503309
510 1503309
509 1503317
508 1503342
508 1503342
508 1503373
510 1503377
508 1503377
507 1503379
506 1503833
504 1503833
509 1503834
507 1503834
508 1503834
506 1503834
507 1503835
511 1503835
505 1503835
507 1503836
510 1503836
510 1503836
510 1503836
508 1503836
509 1503836
511 1503837
509 1503837
509 1503837
508 1503837
509 1503837
509 1503838
511 1503838
511 1503838
513 1503838
508 1503838
511 1503838
507 1503839
506 1503839
508 1503839
507 1503839
510 1503839
510 1503839
511 1503840
509 1503840
510 1503840
508 1503840
508 1503840
510 1503840
508 1503841
510 1503841
507 1503841
510 1503841
509 1503841
511 1503858
511 1503867
508 1503888
505 1503888
507 1503890
511 1503890
510 1503892
509 1503896
509 1503907
510 1503958
508 1503958
508 1503960
509 1503960
511 1503960
508 1504083
508 1504083
508 1504085
507 1504085
510 1504087
508 1504087
511 1504089
509 1504089
571 1504091
509 1504093
510 1504098
512 1504113
506 1504115
513 1504115
510 1504196
510 1504196
508 1504198
508 1504198
507 1504198
505 1504200
510 1504200
508 1504211
507 1504213
512 1504215
507 1504215
507 1504430
509 1504430
510 1504432
507 1504432
509 1504434
508 1504553
509 1504556
511 1504556
507 1504724
509 1504725
514 1504725
505 1504725
514 1504725
509 1504726
510 1504726
511 1504726
513 1504727
512 1504727
512 1504773
510 1504773
505 1504773
508 1504775
511 1504775
511 1504777
507 1504777
513 1504779
513 1504779
505 1504781
509 1504787
509 1504809
512 1504809
509 1504809
514 1504809
510 1504810
508 1504812
505 1504812
506 1504814
509 1504814
508 1504816
511 1504816
511 1504876
510 1504876
501 1504876
508 1504879
508 1504879
510 1504879
508 1504880
508 1504880
509 1504880
510 1504880
512 1504880
509 1504881
508 1504881
508 1504881
506 1504883
505 1505326
510 1505326
505 1505327
512 1505327
511 1505328
509 1505328
511 1505328
509 1505330
510 1505330
505 1505330
507 1505330
509 1505331
508 1505331
507 1505331
509 1505331
507 1505331
508 1505332
508 1505332
509 1505332
508 1505333
508 1505333
508 1505333
508 1505333
508 1505333
508 1505334
510 1505334
508 1505334
508 1505334
509 1505334
510 1505335
509 1505335
509 1505335
508 1505335
510 1505335
509 1505336
510 1505336
508 1505336
507 1505336
510 1505336
507 1505336
509 1505336
510 1505337
509 1505337
510 1505337
510 1505337
509 1505337
508 1505337
508 1505338
509 1505338
510 1505448
509 1505448
510 1505448
512 1505450
510 1505450
508 1505452
506 1505457
509 1505457
508 1505606
509 1505606
512 1505608
509 1505608
508 1505611
508 1505611
507 1505611
510 1505613
508 1505615
508 1505681
511 1505681
510 1505681
510 1505683
508 1505685
507 1505685
509 1505687
509 1505687
509 1505689
509 1505689
509 1505828
510 1505848
509 1505936
508 1505936
508 1505938
511 1505938
508 1505940
509 1505940
510 1505942
509 1505942
510 1505944
510 1505946
508 1505946
509 1505948
508 1505948
508 1505973
509 1505975
509 1505975
509 1506016
510 1508323
510 1508323
508 1508324
507 1508324
509 1508324
508 1508325
509 1508325
510 1508325
510 1508325
509 1508326
511 1508326
510 1508326
508 1508326
508 1508327
509 1508327
508 1508327
510 1508327
509 1508327
510 1508327
508 1508328
509 1508328
509 1508328
509 1508328
510 1508328
509 1508328
509 1508329
505 1508329
509 1508329
508 1508329
509 1508329
509 1508330
510 1508330
509 1508330
508 1508330
507 1508330
509 1508330
508 1508331
511 1508331
509 1508331
1023 1508331
472 1508331
480 1508331
514 1508331
494 1508332
503 1508332
509 1508332
510 1508332
508 1508333
506 1508333
509 1508333
513 1508333
506 1508333
509 1508334
511 1508334
511 1508334
515 1508334
507 1508334
591 1508334
504 1508335
516 1508335
510 1508335
514 1508335
509 1508335
522 1508335
514 1508336
516 1508336
512 1508336
513 1508336
512 1508336
502 1508336
519 1508337
515 1508337
484 1508337
499 1508337
509 1508337
527 1508337
490 1508338
521 1508338
512 1508349
512 1508349
488 1508350
495 1508350
509 1508350
518 1508351
504 1508351
500 1508351
525 1508352
517 1508352
508 1508352
510 1508352
504 1508353
508 1508353
512 1508353
509 1508354
509 1508354
509 1508354
511 1508354
508 1508354
509 1508354
510 1508355
510 1508355
507 1508355
509 1508355
511 1508355
508 1508355
507 1508355
512 1508356
509 1508356
509 1508356
508 1508356
507 1508356
509 1508356
509 1508357
509 1508357
509 1508357
507 1508357
508 1508357
510 1508357
510 1508357
509 1508358
510 1508358
508 1508358
509 1508358
508 1508358
506 1508358
509 1508358
510 1508359
510 1508359
508 1508359
509 1508359
508 1508359
508 1508359
508 1508359
509 1508360
506 1508360
509 1508360
508 1508360
510 1508360
511 1508360
512 1508360
507 1508361
509 1508361
509 1508361
507 1508361
509 1508361
508 1508361
510 1508361
511 1508362
510 1508362
509 1508362
507 1508362
511 1508362
507 1508362
508 1508362
506 1508363
509 1508363
508 1508363
509 1508549
507 1508549
509 1508549
511 1508550
508 1508550
508 1508550
509 1508550
511 1508551
510 1508551
511 1508551
508 1508551
510 1508551
510 1508552
508 1508552
510 1508552
509 1508553
509 1508553
510 1508553
511 1508553
509 1508553
508 1508554
508 1508554
508 1508554
509 1508554
509 1508555
507 1508555
510 1508555
509 1508555
508 1508555
509 1508556
509 1508556
507 1508556
508 1508556
509 1508556
509 1508557
509 1508557
511 1508557
507 1508557
507 1508557
508 1508559
509 1508559
507 1508559
508 1508559
509 1508559
511 1508559
508 1508560
510 1508560
507 1508560
509 1508560
512 1508560
508 1508560
511 1508561
508 1508561
509 1508561
511 1508561
508 1508561
506 1508562
506 1508562
509 1508562
511 1508562
510 1508562
509 1508562
508 1508563
509 1508563
510 1508563
510 1508563
506 1508563
509 1508563
509 1508563
509 1508564
510 1508564
508 1508564
508 1508564
511 1508565
509 1508565
507 1508565
509 1508567
509 1508567
508 1508750
509 1508750
508 1508751
508 1508751
511 1508751
509 1508751
507 1508752
510 1508752
508 1508752
509 1508752
508 1508753
510 1508753
511 1508753
512 1508753
510 1508754
507 1508754
508 1508754
509 1508754
508 1508754
509 1508755
509 1508755
509 1508755
509 1508755
509 1508755
509 1508756
510 1508756
510 1508756
507 1508756
509 1508756
508 1508756
509 1508757
509 1508757
509 1508759
509 1508759
506 1508759
508 1508759
507 1508760
509 1508760
508 1508760
510 1508760
510 1508760
511 1508761
508 1508761
507 1508761
507 1508761
509 1508761
507 1508761
510 1508771
510 1508771
508 1508773
510 1508909
508 1508909
508 1508909
510 1508910
508 1508910
509 1508910
511 1508910
510 1508911
510 1508911
510 1508911
509 1508911
507 1508911
507 1508912
508 1508912
511 1508912
508 1508912
509 1508915
509 1508926
509 1508963
509 1508965
508 1508967
506 1508967
509 1508976
507 1508999
508 1508999
508 1509225
510 1509225
511 1509225
509 1509225
509 1509226
507 1509226
508 1509226
506 1509226
508 1509226
508 1509226
509 1509226
511 1509227
510 1509227
506 1509227
509 1509227
509 1509227
510 1509227
509 1509228
508 1509228
509 1509228
509 1509228
510 1509241
507 1509243
510 1509245
509 1509267
510 1509295
508 1509295
510 1509297
509 1509297
508 1509378
508 1509606
508 1509606
508 1509606
507 1509607
511 1509607
510 1509607
510 1509607
511 1509607
511 1509607
512 1509607
509 1509608
506 1509608
507 1509608
509 1509608
508 1509608
511 1509608
510 1509609
508 1509609
511 1509609
507 1509609
508 1509609
508 1509609
507 1509609
510 1509610
508 1509616
507 1509661
509 1509661
509 1509661
510 1509663
509 1509665
511 1509665
511 1509667
510 1509667
507 1509669
509 1509669
509 1509706
510 1509706
510 1509708
505 1509708
509 1509718
513 1509720
510 1509752
510 1509752
509 1509754
510 1509769
511 1509769
512 1509816
507 1509816
508 1509816
508 1509819
506 1509869
510 1509869
508 1509872
509 1509872
509 1509872
508 1509917
509 1509947
507 1510010
507 1510010
509 1510012
510 1510016
509 1510016
510 1510018
507 1510018
513 1510020
508 1510020
506 1510022
507 1510022
509 1510026
509 1510026
508 1510028
509 1510028
508 1510049
510 1510049
509 1510924
507 1510924
505 1510924
508 1510925
510 1510925
508 1510925
508 1510926
507 1510926
510 1510926
508 1510927
510 1510927
507 1510927
511 1510927
508 1510927
506 1510928
509 1510928
510 1510928
510 1510928
509 1510928
509 1510929
509 1510929
510 1510929
510 1510929
509 1510929
510 1510930
508 1510930
510 1510930
510 1510930
510 1510930
507 1510930
511 1510931
509 1510931
510 1510931
508 1510931
509 1510931
509 1510931
509 1510932
511 1510932
507 1510932
507 1510932
509 1510932
507 1510932
508 1510933
508 1510933
510 1510933
508 1510933
511 1510933
505 1510933
507 1510933
507 1510934
510 1510934
510 1510934
510 1510934
508 1510934
510 1510935
508 1510935
510 1510936
510 1510936
507 1510936
509 1510936
509 1510936
509 1510936
509 1510936
511 1510937
507 1510937
507 1510937
509 1510937
509 1510937
511 1510937
509 1510937
507 1510938
510 1510938
511 1510938
510 1510938
507 1510939
508 1510939
508 1510939
512 1510939
509 1510940
510 1510940
510 1510940
511 1510940
510 1510942
506 1510942
508 1510942
509 1510943
508 1510943
510 1510963
511 1510967
509 1510967
509 1510967
511 1511523
509 1511523
509 1511524
510 1511524
509 1511524
511 1511524
509 1511525
510 1511525
510 1511525
510 1511526
508 1511526
507 1511526
508 1511526
508 1511527
509 1511527
510 1511527
510 1511527
510 1511528
512 1511528
509 1511528
509 1511528
509 1511529
490 1511529
509 1511529
508 1511529
510 1511529
507 1511530
514 1511530
509 1511530
508 1511530
509 1511530
512 1511531
508 1511531
509 1511531
508 1511532
510 1511532
509 1511532
509 1511532
509 1511532
507 1511533
510 1511533
510 1511533
510 1511533
508 1511533
511 1511534
508 1511534
509 1511534
508 1511534
508 1511535
510 1511535
508 1511535
509 1511535
509 1511535
510 1511535
508 1511553
508 1511557
507 1511557
507 1511557
509 1511567
508 1511589
507 1511589
509 1511596
511 1511606
507 1511616
512 1511626
510 1511650
508 1511650
508 1511657
509 1511667
508 1511677
510 1511699
509 1511699
511 1511706
510 1511717
508 1511739
506 1511739
511 1511759
509 1511759
508 1511766
509 1511776
510 1511786
509 1511797
511 1511806
505 1511817
511 1511829
510 1511849
508 1511849
509 1511866
508 1511876
508 1511886
508 1511921
513 1511923
509 1511925
502 1511927
506 1511936
510 1511958
510 1511958
510 1511964
510 1511976
506 1511986
510 1512036
507 1512036
508 1512039
506 1512039
509 1512049
510 1512049
510 1512069
510 1512069
509 1512128
508 1512128
510 1512130
509 1512148
508 1512148
509 1512148
507 1512151
509 1512151
510 1512199
509 1512199
509 1512199
510 1512202
509 1512202
507 1512207
507 1512217
509 1512226
509 1512236
510 1512246
510 1512256
510 1512266
510 1512277
508 1512421
507 1512421
508 1512421
508 1512422
510 1512422
509 1512422
509 1512422
509 1512422
509 1512422
509 1512422
507 1512423
508 1512423
510 1512423
509 1512430
509 1512431
509 1512449
510 1512449
511 1512457
511 1512467
508 1512477
508 1512497
509 1512506
508 1512524
511 1512527
510 1512535
510 1512546
509 1512556
509 1512566
509 1512576
509 1512586
510 1512607
512 1512619
510 1512619
510 1512626
507 1512649
510 1512649
512 1512656
509 1512666
506 1512676
508 1512686
508 1512719
509 1512719
507 1512729
510 1512729
509 1512736
511 1512759
505 1512759
511 1512767
509 1512777
508 1512787
509 1512807
506 1512832
510 1512832
513 1512837
506 1512837
510 1512859
508 1512859
511 1512867
504 1512877
509 1512886
509 1512897
510 1512917
510 1512929
512 1512929
509 1512936
511 1512946
508 1512956
509 1512966
509 1512989
509 1512989
508 1512996
507 1513031
509 1513033
508 1513035
507 1513048
508 1513048
509 1513056
506 1513079
511 1513079
506 1513086
509 1513096
509 1513106
510 1513116
508 1513127
509 1513137
508 1513147
507 1513157
508 1513167
509 1513177
509 1513199
508 1513199
509 1513207
508 1513242
509 1513244
510 1513244
508 1513259
510 1513259
510 1513277
509 1513289
510 1513289
510 1513296
509 1513307
503 1513317
508 1513326
509 1513346
508 1513356
509 1513366
509 1513402
511 1513406
509 1513406
510 1513408
507 1513416
507 1513437
507 1513448
509 1513459
508 1513459
508 1513466
511 1513476
513 1513528
511 1513528
507 1513530
508 1513530
510 1513532
511 1513562
509 1513567
509 1513567
511 1513567
512 1513577
511 1513587
508 1513609
509 1513609
510 1513616
510 1513651
508 1513653
507 1513655
509 1513669
511 1513669
510 1513676
508 1513687
508 1513723
509 1513725
508 1513725
510 1514019
508 1514019
510 1514020
507 1514020
510 1514020
506 1514021
506 1514021
510 1514021
508 1514021
510 1514022
509 1514022
508 1514022
510 1514022
512 1514022
507 1514022
508 1514023
509 1514023
507 1514023
509 1514023
508 1514023
509 1514023
508 1514024
509 1514024
506 1514024
507 1514024
508 1514024
507 1514024
510 1514025
509 1514027
510 1514029
511 1514029
513 1514037
508 1514047
509 1514106
506 1514106
509 1514108
510 1514108
508 1514138
507 1514306
510 1514306
506 1514306
508 1514307
508 1514307
508 1514307
510 1514308
510 1514308
508 1514308
508 1514309
509 1514309
512 1514309
510 1514310
508 1514310
508 1514310
512 1514316
505 1514316
508 1514316
507 1514316
507 1514319
508 1514475
509 1514475
508 1514475
510 1514624
511 1514625
507 1514625
509 1514625
512 1514626
508 1514626
508 1514626
508 1514627
508 1514627
508 1514627
509 1514627
509 1514927
510 1515037
507 1515187
509 1515209
508 1515209
507 1515237
509 1515237
507 1515267
508 1515320
509 1515320
511 1515322
509 1515324
507 1515324
511 1515326
507 1515326
509 1515326
508 1515328
509 1515328
509 1515373
509 1515375
508 1515375
511 1515377
511 1515377
509 1515379
510 1515379
508 1515381
509 1515381
509 1515381
512 1515381
508 1515382
508 1515382
508 1515382
512 1515382
510 1515383
506 1515383
510 1515383
512 1515383
508 1515384
508 1515386
510 1515386
509 1515386
511 1515386
509 1515387
508 1515387
507 1515387
511 1515387
510 1515387
511 1515388
507 1515388
509 1515388
509 1515388
22012 1515388
507 1515389
512 1515389
506 1515389
508 1515389
508 1515389
21760 1515405
510 1515407
509 1515407
507 1515407
508 1515407
509 1515407
506 1515445
509 1515445
509 1515447
508 1515447
508 1515447
509 1515449
506 1515449
509 1515451
507 1515453
508 1515457
511 1515457
509 1515457
509 1515504
510 1515504
508 1515504
508 1515504
511 1515505
509 1515505
511 1515505
508 1515505
508 1515507
508 1515529
510 1515529
509 1515537
506 1516104
508 1516104
507 1516104
504 1516105
511 1516105
510 1516105
508 1516105
506 1516106
509 1516106
506 1516106
508 1516106
508 1516106
508 1516107
511 1516107
509 1516107
509 1516107
511 1516107
508 1516108
507 1516108
507 1516108
509 1516108
509 1516108
509 1516108
507 1516109
509 1516109
511 1516109
508 1516109
508 1516109
509 1516110
509 1516110
510 1516110
508 1516110
510 1516110
507 1516111
511 1516111
507 1516111
508 1516111
511 1516111
510 1516111
512 1516112
509 1516112
509 1516112
508 1516115
507 1516115
508 1516115
505 1516115
508 1516116
509 1516116
511 1516116
508 1516116
511 1516116
511 1516117
510 1516117
510 1516117
508 1516117
507 1516119
509 1516119
511 1516126
510 1516137
511 1516421
510 1516421
510 1516422
510 1516422
508 1516422
507 1516423
509 1516423
512 1516423
507 1516424
510 1516424
508 1516424
512 1516424
511 1516424
509 1516425
510 1516425
509 1516425
509 1516425
510 1516426
515 1516426
511 1516427
509 1516427
511 1516427
511 1516427
508 1516427
508 1516428
509 1516428
506 1516430
508 1516430
509 1516449
508 1516449
510 1516456
508 1516704
508 1516704
508 1516704
509 1516704
508 1516705
509 1516705
507 1516705
508 1516705
509 1516705
508 1516705
508 1516706
509 1516706
509 1516706
509 1516706
508 1516706
509 1516706
511 1516706
509 1516707
511 1516707
505 1516707
508 1516707
507 1516707
507 1516707
509 1516708
509 1516719
513 1516719
501 1516727
503 1516736
505 1516747
505 1516756
505 1516766
508 1516776
501 1516787
520 1516796
511 1516807
508 1516841
512 1516843
510 1516854
509 1516854
507 1516857
510 1516877
509 1516889
510 1516889
508 1516900
509 1516932
510 1516934
507 1516934
507 1516949
509 1516949
507 1517040
509 1517040
508 1517040
509 1517040
509 1517040
511 1517041
508 1517041
508 1517041
509 1517041
508 1517060
509 1517060
508 1517103
509 1517107
509 1517107
510 1517107
509 1517117
508 1517126
510 1517136
508 1517159
507 1517159
509 1517166
509 1517176
508 1517212
511 1517217
509 1517217
509 1517217
509 1517251
509 1517253
511 1517255
508 1517269
510 1517269
510 1517276
511 1517286
509 1517309
510 1517309
508 1517316
508 1517326
509 1517336
508 1517346
509 1517356
509 1517366
509 1517376
511 1517386
508 1517433
507 1517439
507 1517439
507 1517441
506 1517441
509 1517459
508 1517459
509 1517467
511 1517476
509 1517486
506 1517496
509 1517519
508 1517519
509 1517529
510 1517536
509 1517546
510 1517556
511 1517579
510 1517579
506 1517586
506 1517596
509 1517606
508 1517628
510 1517628
508 1517636
509 1517646
510 1517656
509 1517666
508 1517676
508 1517686
509 1517696
509 1517706
510 1517729
511 1517729
510 1517736
508 1517746
510 1517756
509 1517766
507 1517776
509 1517787
508 1517797
510 1517817
510 1517852
510 1517852
510 1517857
512 1517857
509 1517867
509 1517889
508 1517889
507 1517896
510 1517906
511 1517943
507 1517943
508 1517961
512 1517963
509 1517967
509 1517967
509 1517975
508 1517999
509 1517999
507 1518006
510 1518029
510 1518029
512 1518039
508 1518046
508 1518069
509 1518069
508 1518089
508 1518089
509 1518096
510 1518106
508 1518116
512 1518126
508 1518148
511 1518148
509 1518157
508 1518167
509 1518177
507 1518199
508 1518199
511 1518207
508 1518217
510 1518226
508 1518239
507 1518531
508 1518531
509 1518531
509 1518531
508 1518532
510 1518532
507 1518532
510 1518532
506 1518532
509 1518533
510 1518533
508 1518533
510 1518533
510 1518533
510 1518534
510 1518534
510 1518534
508 1518534
509 1518534
509 1518534
509 1518535
510 1518535
511 1518535
511 1518535
510 1518535
511 1518536
508 1518538
506 1518538
505 1518538
507 1518547
507 1518582
509 1518582
509 1518849
511 1518849
511 1518849
508 1518850
507 1518850
509 1518850
509 1518850
509 1518851
509 1518851
509 1518851
510 1518851
512 1518851
511 1518852
507 1518852
509 1518852
509 1518852
511 1518852
509 1518853
509 1518853
509 1518853
512 1518853
510 1518853
507 1518853
505 1518854
508 1518854
509 1518854
510 1518854
507 1518854
510 1518857
511 1518879
507 1518879
509 1518886
507 1519114
509 1519114
509 1519114
510 1519114
511 1519115
509 1519115
509 1519115
510 1519115
508 1519115
507 1519115
508 1519116
508 1519116
507 1519116
511 1519116
511 1519116
510 1519116
511 1519117
507 1519130
507 1519132
508 1519134
509 1519134
508 1519136
509 1519136
510 1519433
510 1519433
512 1519433
509 1519434
508 1519434
507 1519434
507 1519434
509 1519580
510 1519580
509 1519640
509 1519640
510 1519689
509 1519689
506 1519708
508 1519738
511 1519738
508 1519738
510 1519738
509 1520031
508 1520031
507 1520031
508 1520031
508 1520032
507 1520032
508 1520032
508 1520032
509 1520032
509 1520033
510 1520033
509 1520033
509 1520034
508 1520034
509 1520034
507 1520034
509 1520034
510 1520035
509 1520035
509 1520035
508 1520035
507 1520035
509 1520036
510 1520036
508 1520036
511 1520036
509 1520037
508 1520037
508 1520037
508 1520037
510 1520037
508 1520037
507 1520038
510 1520038
511 1520038
509 1520038
508 1520039
508 1520039
509 1520039
510 1520039
509 1520039
509 1520039
508 1520039
511 1520040
509 1520040
507 1520040
510 1520040
508 1520040
510 1520048
507 1520048
510 1520056
511 1520067
509 1520077
512 1520087
508 1520109
508 1520109
510 1520116
508 1520139
509 1520139
508 1520158
512 1520158
509 1520179
510 1520179
509 1520186
508 1520196
508 1520219
508 1520219
510 1520227
510 1520236
509 1520257
509 1520269
510 1520269
510 1520277
507 1520286
506 1520296
507 1520307
508 1520330
510 1520330
511 1520349
509 1520349
514 1520384
508 1520386
509 1520386
508 1520388
508 1520419
507 1520419
509 1520426
510 1520436
508 1520446
511 1520456
509 1520479
506 1520479
507 1520486
509 1520496
509 1520518
509 1520518
508 1520526
509 1520536
510 1520558
507 1520558
508 1520566
506 1520588
511 1520588
508 1520596
511 1520606
510 1520653
510 1520655
511 1520655
507 1520670
510 1520670
510 1520677
510 1520926
509 1520926
510 1520926
509 1520926
509 1520926
510 1520927
507 1520927
511 1520927
508 1520927
510 1520927
508 1520927
509 1520928
511 1520928
511 1520928
511 1520928
510 1520928
511 1520928
506 1520929
507 1520929
509 1520929
508 1520929
510 1520929
509 1520929
510 1520929
509 1520930
509 1520939
509 1520939
508 1520946
509 1520956
508 1520966
509 1520976
508 1520986
511 1521022
510 1521027
508 1521027
510 1521027
509 1521037
511 1521059
508 1521059
509 1521066
508 1521077
509 1521087
513 1521119
508 1521119
511 1521129
506 1521129
509 1521139
509 1521146
508 1521168
508 1521168
509 1521178
510 1521186
511 1521208
505 1521208
507 1521216
509 1521226
511 1521236
504 1521246
508 1521268
512 1521268
507 1521276
506 1521286
508 1521322
506 1521322
494 1521327
508 1521327
505 1521337
512 1521359
514 1521359
508 1521379
511 1521379
518 1521387
507 1521397
744 1521407
502 1521417
511 1521439
511 1521439
510 1521447
510 1521456
512 1521466
510 1521476
506 1521499
508 1521499
510 1521506
507 1521541
509 1521541
508 1521546
502 1521556
511 1521579
508 1521579
507 1521612
507 1521616
511 1521616
507 1521618
509 1521639
511 1521639
507 1521645
511 1521695
507 1521695
509 1521698
508 1521698
510 1521707
508 1521900
510 1521900
510 1521900
510 1521900
509 1521901
508 1521901
508 1521901
508 1521901
511 1521901
507 1521901
510 1521902
509 1521902
508 1521902
508 1521902
510 1521902
509 1521902
509 1521903
510 1521903
508 1521918
509 1521918
509 1521932
509 1521934
509 1521934
511 1522220
508 1522221
509 1522221
508 1522221
509 1522221
509 1522222
508 1522222
510 1522223
509 1522223
511 1522223
510 1522223
507 1522224
509 1522224
507 1522224
509 1522224
509 1522224
509 1522225
509 1522225
512 1522225
508 1522225
508 1522225
508 1522226
509 1522226
509 1522226
510 1522226
507 1522226
506 1522239
512 1522239
510 1522246
508 1523100
507 1523100
509 1523101
509 1523101
510 1523101
509 1523101
508 1523101
510 1523101
509 1523102
508 1523102
509 1523102
509 1523102
512 1523102
508 1523102
509 1523103
508 1523103
510 1523103
510 1523103
508 1523103
506 1523103
509 1523103
509 1523104
509 1523104
510 1523104
509 1523104
509 1523104
510 1523104
509 1523105
507 1523105
507 1523105
510 1523105
509 1523105
509 1523105
508 1523105
510 1523106
511 1523106
509 1523106
509 1523106
509 1523106
510 1523106
509 1523107
510 1523107
507 1523107
509 1523107
511 1523107
508 1523107
507 1523107
510 1523108
508 1523108
509 1523108
508 1523108
509 1523108
509 1523108
511 1523109
509 1523109
508 1523109
508 1523109
511 1523109
508 1523109
509 1523109
509 1523110
509 1523110
508 1523110
509 1523110
509 1523110
508 1523110
509 1523111
508 1523111
508 1523111
507 1523111
509 1523111
509 1523111
508 1523111
508 1523112
508 1523112
509 1523112
508 1523112
510 1523112
509 1523113
509 1523113
511 1523113
511 1523113
509 1523113
507 1523115
510 1523115
506 1523115
509 1523119
509 1523119
509 1523126
509 1523702
511 1523702
509 1523702
508 1523702
508 1523702
508 1523703
509 1523703
509 1523703
509 1523703
510 1523703
511 1523704
509 1523704
508 1523704
509 1523704
509 1523704
508 1523705
508 1523705
509 1523705
509 1523705
510 1523705
510 1523705
509 1523706
510 1523706
510 1523706
509 1523706
507 1523706
509 1523706
509 1523707
508 1523707
508 1523707
507 1523707
510 1523707
511 1523707
508 1523708
508 1523708
508 1523708
508 1523708
510 1523709
506 1523709
508 1523709
508 1523710
509 1523710
507 1523710
508 1523711
509 1523711
509 1523711
510 1523711
510 1523712
507 1523712
508 1523712
509 1523712
508 1523713
508 1523713
510 1523746
509 1523746
508 1523746
509 1523749
509 1523749
507 1523749
508 1523752
510 1523758
509 1523787
508 1523800
508 1523800
511 1524300
510 1524300
510 1524301
507 1524301
507 1524301
509 1524301
509 1524301
508 1524302
510 1524302
509 1524302
509 1524302
510 1524302
508 1524302
508 1524303
511 1524303
510 1524303
510 1524303
511 1524303
511 1524303
510 1524304
508 1524304
510 1524304
509 1524304
511 1524304
511 1524304
509 1524305
510 1524305
509 1524305
509 1524305
508 1524305
509 1524305
510 1524306
510 1524306
508 1524306
508 1524306
509 1524306
509 1524309
509 1524309
509 1524309
507 1524309
508 1524310
507 1524310
507 1524310
509 1524310
509 1524310
511 1524310
509 1524311
509 1524311
509 1524327
508 1524327
510 1524329
509 1524329
509 1524331
508 1524338
510 1524339
509 1524346
512 1524356
508 1524379
508 1524379
509 1524399
509 1524399
509 1524430
508 1524430
511 1524451
508 1524453
511 1524455
509 1524469
507 1524469
508 1524476
508 1524486
509 1524549
508 1524549
510 1524551
506 1524553
510 1524559
508 1524559
509 1524561
508 1524566
509 1524617
508 1524629
509 1524629
510 1524629
508 1524631
507 1524636
510 1524636
509 1525217
509 1525217
509 1525217
509 1525217
509 1525218
508 1525218
510 1525218
510 1525218
511 1525218
508 1525218
507 1525218
510 1525219
509 1525219
509 1525219
508 1525219
509 1525219
510 1525219
510 1525220
509 1525220
505 1525220
509 1525220
509 1525220
509 1525220
508 1525221
508 1525221
509 1525221
507 1525221
508 1525221
505 1525221
509 1525221
507 1525222
506 1525222
507 1525222
506 1525222
512 1525222
512 1525222
509 1525223
508 1525223
509 1525223
508 1525223
509 1525223
509 1525223
508 1525224
509 1525224
512 1525224
510 1525224
508 1525224
507 1525224
510 1525224
510 1525225
509 1525225
509 1525225
508 1525225
509 1525225
508 1525225
507 1525226
507 1525239
510 1525239
509 1525261
510 1525261
509 1525267
510 1525267
507 1525288
510 1525299
506 1525299
505 1525306
509 1525317
509 1525339
511 1525339
510 1525347
511 1525356
509 1525379
509 1525379
508 1525387
508 1525396
509 1525406
509 1525416
509 1525426
509 1525462
511 1525466
508 1525466
511 1525468
507 1525501
507 1525501
508 1525503
509 1525518
508 1525518
509 1525538
510 1525538
511 1525558
511 1525558
510 1525566
507 1525576
508 1525586
508 1525596
508 1525606
509 1525624
507 1525626
509 1525921
511 1525921
509 1525922
509 1525922
507 1525923
510 1525923
508 1525923
507 1525930
510 1525931
507 1525931
506 1525931
508 1525931
507 1525931
510 1525932
509 1525932
519 1525932
512 1525932
516 1525932
516 1525932
509 1525933
526 1525933
495 1525933
532 1525933
496 1525933
510 1525933
513 1525933
509 1525936
509 1525936
511 1525936
508 1525938
510 1525949
507 1525949
507 1525966
510 1525976
510 1525986
506 1525996
510 1526006
511 1526028
510 1526028
510 1526036
509 1526046
507 1526069
506 1526069
509 1526076
510 1526086
509 1526121
509 1526121
511 1526126
509 1526126
507 1526149
508 1526149
507 1526156
509 1526192
509 1526192
508 1526197
507 1526197
510 1526206
508 1526258
509 1526258
508 1526258
509 1526260
510 1526260
508 1526293
508 1526295
509 1526295
509 1526309
509 1526309
508 1526316
508 1526326
507 1526349
509 1526349
510 1526356
511 1526366
508 1526376
510 1526411
508 1526411
508 1526416
508 1526416
508 1526426
508 1526448
509 1526448
508 1526456
509 1526466
510 1526476
510 1526486
507 1526496
508 1526507
511 1526529
507 1526529
509 1526536
512 1526559
509 1526559
511 1526566
511 1526587
509 1526617
507 1526627
508 1526647
509 1526647
508 1526647
508 1526649
508 1526669
509 1526669
511 1526676
510 1527123
508 1527124
507 1527124
508 1527125
509 1527125
507 1527126
510 1527126
511 1527126
512 1527127
511 1527127
508 1527127
507 1527128
509 1527128
510 1527128
510 1527128
508 1527129
508 1527129
510 1527129
509 1527129
507 1527129
507 1527130
511 1527130
510 1527130
510 1527130
507 1527131
511 1527131
508 1527131
510 1527131
507 1527131
508 1527132
509 1527132
510 1527132
511 1527132
510 1527133
508 1527133
509 1527133
511 1527133
506 1527134
509 1527134
509 1527136
508 1527138
509 1527140
511 1527140
511 1527167
510 1528012
510 1528012
508 1528013
508 1528013
509 1528013
509 1528014
509 1528014
510 1528014
508 1528015
511 1528015
512 1528015
508 1528015
509 1528016
508 1528016
509 1528016
508 1528016
509 1528017
509 1528017
510 1528017
512 1528017
510 1528018
509 1528018
508 1528018
509 1528018
509 1528018
508 1528019
509 1528019
509 1528019
510 1528019
506 1528019
507 1528020
509 1528020
509 1528020
508 1528020
509 1528021
508 1528021
508 1528021
510 1528021
509 1528021
509 1528022
508 1528022
516 1528022
510 1528023
516 1528023
509 1528023
510 1528023
510 1528024
511 1528024
508 1528024
509 1528024
507 1528025
510 1528025
510 1528026
510 1528026
509 1528026
509 1528026
510 1528026
508 1528027
508 1528027
507 1528027
508 1528027
509 1528027
507 1528027
508 1528028
511 1528028
511 1528028
508 1528028
508 1528028
509 1528028
509 1528028
508 1528029
510 1528029
508 1528029
509 1528029
511 1528029
509 1528029
505 1528030
508 1528030
509 1528040
510 1528040
509 1528040
510 1528040
509 1528041
509 1528041
509 1528041
508 1528041
507 1528041
510 1528046
510 1528046
509 1528046
508 1528048
510 1528059
510 1528059
508 1528614
507 1528614
509 1528615
508 1528615
508 1528615
510 1528615
509 1528616
510 1528616
510 1528616
510 1528617
508 1528617
509 1528617
508 1528617
508 1528617
508 1528618
509 1528618
510 1528618
509 1528618
511 1528618
508 1528619
508 1528619
507 1528619
509 1528619
510 1528619
510 1528619
509 1528620
510 1528620
511 1528620
510 1528620
508 1528620
510 1528621
509 1528621
509 1528621
510 1528621
508 1528621
508 1528621
512 1528621
509 1528622
508 1528622
508 1528622
509 1528622
509 1528622
509 1528622
508 1528622
510 1528623
509 1528623
509 1528623
508 1528623
507 1528623
510 1528623
508 1528623
509 1528624
509 1528624
508 1528626
508 1528626
507 1528626
509 1528636
508 1528659
510 1528659
507 1529217
509 1529218
510 1529218
509 1529219
506 1529219
510 1529219
507 1529219
508 1529220
508 1529220
509 1529220
509 1529220
507 1529221
509 1529221
510 1529221
510 1529222
509 1529222
507 1529222
507 1529222
509 1529222
509 1529223
511 1529223
508 1529223
509 1529224
509 1529224
509 1529224
506 1529224
507 1529225
509 1529225
510 1529225
508 1529225
509 1529226
510 1529226
513 1529226
509 1529226
506 1529227
508 1529227
508 1529227
509 1529227
509 1529227
508 1529228
508 1529228
511 1529228
509 1529228
511 1529228
507 1529229
509 1529229
511 1529229
509 1529230
506 1529230
507 1529230
510 1529230
503 1529230
507 1529231
507 1529231
511 1529233
511 1529233
508 1529235
509 1529260
508 1529260
509 1529266
509 1529276
509 1529312
505 1529314
510 1529314
510 1529803
508 1529803
509 1529803
509 1529804
511 1529804
507 1529804
507 1529804
509 1529804
509 1529804
507 1529805
507 1529805
509 1529805
507 1529805
510 1529805
510 1529805
509 1529806
507 1529806
511 1529806
505 1529806
511 1529806
509 1529807
508 1529807
510 1529807
511 1529807
511 1529807
508 1529807
505 1529808
513 1529808
511 1529808
511 1529808
513 1529827
505 1529827
515 1529828
506 1529828
495 1529828
522 1529828
525 1529828
480 1529829
566 1529829
465 1529829
492 1529829
526 1529829
471 1529829
508 1529830
510 1529830
512 1529830
504 1529830
491 1529832
552 1529832
495 1529832
510 1529832
507 1529836
513 1529846
505 1530419
512 1530419
511 1530420
511 1530420
512 1530420
509 1530421
509 1530421
513 1530421
511 1530421
509 1530422
508 1530422
509 1530423
508 1530423
508 1530423
508 1530423
509 1530424
508 1530424
508 1530424
508 1530424
508 1530424
507 1530425
509 1530425
509 1530426
508 1530426
509 1530426
511 1530427
508 1530427
506 1530427
506 1530427
509 1530427
509 1530428
510 1530428
507 1530428
509 1530428
512 1530428
511 1530428
508 1530429
510 1530429
509 1530429
508 1530429
508 1530429
507 1530430
510 1530430
509 1530430
509 1530430
509 1530430
508 1530430
507 1530431
512 1530431
508 1530431
508 1530431
509 1530431
508 1530432
512 1530432
507 1530432
507 1530432
511 1530435
508 1530435
508 1530459
507 1530459
510 1530478
508 1530478
508 1530995
504 1530995
505 1530995
507 1530995
511 1530996
509 1530996
508 1530996
507 1530996
511 1530996
511 1530997
509 1530997
509 1530997
506 1530997
508 1530998
508 1530998
509 1530998
511 1530998
509 1530999
512 1530999
511 1530999
508 1530999
509 1530999
507 1531000
508 1531000
509 1531000
508 1531000
508 1531000
511 1531000
508 1531001
508 1531001
507 1531001
509 1531001
509 1531001
509 1531001
510 1531001
509 1531002
509 1531002
508 1531002
506 1531002
509 1531002
511 1531002
506 1531003
508 1531003
508 1531003
509 1531003
511 1531003
510 1531004
508 1531004
506 1531004
510 1531004
507 1531005
509 1531005
508 1531007
511 1531016
511 1531026
509 1531314
509 1531314
509 1531314
510 1531314
508 1531314
508 1531314
510 1531315
508 1531315
511 1531315
511 1531317
508 1531317
508 1531317
509 1531318
507 1531318
508 1531318
509 1531318
511 1531318
510 1531319
512 1531319
510 1531319
508 1531319
509 1531319
509 1531319
508 1531320
508 1531320
509 1531320
507 1531320
510 1531322
509 1531327
508 1531336
507 1531596
509 1531597
508 1531597
508 1531597
507 1531597
508 1531597
511 1531598
508 1531598
510 1531598
510 1531598
511 1531598
507 1531598
509 1531599
508 1531599
509 1531599
509 1531599
511 1531599
509 1531599
505 1531600
506 1531600
509 1531600
510 1531600
510 1531600
508 1531600
510 1531601
509 1531601
508 1531606
506 1531615
509 1531625
507 1531636
509 1531646
510 1531656
509 1531666
510 1531676
510 1531698
509 1531698
509 1531718
508 1531718
509 1531738
508 1531738
510 1531746
509 1531756
511 1531778
510 1531778
509 1531786
506 1531796
507 1531806
509 1531816
508 1531837
507 1531862
507 1531866
509 1531866
511 1531868
511 1531876
510 1531886
509 1533104
507 1533104
508 1533105
510 1533105
509 1533105
510 1533106
512 1533106
511 1533106
507 1533107
508 1533107
509 1533107
510 1533107
509 1533107
510 1533108
511 1533108
508 1533108
509 1533108
508 1533108
509 1533109
510 1533109
508 1533109
509 1533109
510 1533110
509 1533110
511 1533110
510 1533110
511 1533110
509 1533110
508 1533111
510 1533111
509 1533111
511 1533111
510 1533111
509 1533112
512 1533112
510 1533112
509 1533112
510 1533112
507 1533113
509 1533113
508 1533113
510 1533113
508 1533113
509 1533113
510 1533113
508 1533114
511 1533114
507 1533114
510 1533114
516 1533114
509 1533114
505 1533115
511 1533115
504 1533115
498 1533115
520 1533115
501 1533116
504 1533116
512 1533116
508 1533116
510 1533116
514 1533117
505 1533117
508 1533117
501 1533117
511 1533117
510 1533118
505 1533118
506 1533118
508 1533118
511 1533118
512 1533119
507 1533119
521 1533119
514 1533119
510 1533119
502 1533120
509 1533120
517 1533120
512 1533120
516 1533121
516 1533121
506 1533121
510 1533121
508 1533122
509 1533122
508 1533122
508 1533122
510 1533123
509 1533123
512 1533123
510 1533124
509 1533124
502 1533124
508 1533124
507 1533125
509 1533125
509 1533125
510 1533125
511 1533126
504 1533126
508 1533126
508 1533126
506 1533126
507 1533127
511 1533127
511 1533127
511 1533127
509 1533127
507 1533128
509 1533128
508 1533313
508 1533313
509 1533313
507 1533313
502 1533313
516 1533314
506 1533314
507 1533314
513 1533314
506 1533316
513 1533316
506 1533316
510 1533316
511 1533317
507 1533317
516 1533317
506 1533317
511 1533318
507 1533318
510 1533318
508 1533318
505 1533318
510 1533319
505 1533319
511 1533319
504 1533319
512 1533319
508 1533322
508 1533322
509 1533329
511 1533329
510 1533336
510 1533346
510 1533369
509 1533369
510 1533376
511 1533386
511 1533396
510 1533416
505 1533439
520 1533440
503 1533446
517 1533456
522 1533479
502 1533479
507 1533486
509 1533496
506 1533506
514 1533516
509 1533526
511 1533549
516 1533549
510 1533556
508 1533566
509 1533576
506 1533586
510 1533597
506 1533606
507 1533616
504 1533701
509 1533701
514 1533701
507 1533701
510 1533720
509 1533720
512 1533722
503 1533724
511 1533724
509 1533726
498 1534009
506 1534009
512 1534010
511 1534010
511 1534010
506 1534011
505 1534011
501 1534011
507 1534012
511 1534012
505 1534012
508 1534012
504 1534013
510 1534013
505 1534013
510 1534013
518 1534014
508 1534014
511 1534014
505 1534014
514 1534014
509 1534015
512 1534015
506 1534015
512 1534015
512 1534015
510 1534015
507 1534021
514 1534025
507 1534025
506 1534027
509 1534610
509 1534611
512 1534611
511 1534611
508 1534612
509 1534612
511 1534612
510 1534613
507 1534613
511 1534613
508 1534613
508 1534614
509 1534614
507 1534614
509 1534614
511 1534615
511 1534615
509 1534615
509 1534615
510 1534615
509 1534616
510 1534616
507 1534616
507 1534616
511 1534617
510 1534617
510 1534617
508 1534617
507 1534618
510 1534618
508 1534618
508 1534618
507 1534618
510 1534619
509 1534619
508 1534619
510 1534619
512 1534620
509 1534620
510 1534620
508 1534620
509 1534620
509 1534621
512 1534621
507 1534621
506 1534621
508 1534621
509 1534622
505 1534622
511 1534623
509 1534623
510 1534623
507 1534623
508 1534623
506 1534624
509 1534624
507 1534626
510 1534626
505 1534651
510 1534651
508 1534657
511 1534657
509 1535212
506 1535212
507 1535213
509 1535213
510 1535213
507 1535213
511 1535214
510 1535214
511 1535215
509 1535215
507 1535215
506 1535215
510 1535216
511 1535216
509 1535216
509 1535216
509 1535217
511 1535217
511 1535217
509 1535217
508 1535218
509 1535218
510 1535218
509 1535219
507 1535219
508 1535219
508 1535219
510 1535220
508 1535220
510 1535220
511 1535221
508 1535221
509 1535221
509 1535221
507 1535221
509 1535221
511 1535222
507 1535222
510 1535222
509 1535222
508 1535222
509 1535223
510 1535223
510 1535223
508 1535223
512 1535223
507 1535223
511 1535223
508 1535224
508 1535224
510 1535224
507 1535224
508 1535224
508 1535225
510 1535227
509 1535227
508 1535236
508 1535246
505 1535810
511 1535810
507 1535811
508 1535811
512 1535811
509 1535812
509 1535812
507 1535812
510 1535813
508 1535813
508 1535813
509 1535813
507 1535814
509 1535814
509 1535814
510 1535815
509 1535815
509 1535815
508 1535815
508 1535815
509 1535816
508 1535816
509 1535816
509 1535816
509 1535816
507 1535816
507 1535817
510 1535817
511 1535817
509 1535817
509 1535817
509 1535818
510 1535818
509 1535818
507 1535818
508 1535818
508 1535818
510 1535818
509 1535819
508 1535819
508 1535819
509 1535819
509 1535819
509 1535819
507 1535819
508 1535820
510 1535822
508 1535826
508 1535826
509 1535828
508 1535828
510 1535830
508 1535830
507 1535832
508 1535839
509 1535839
509 1535839
508 1535842
509 1535846
511 1536093
512 1536093
509 1536093
507 1536093
508 1536094
510 1536094
509 1536094
509 1536094
507 1536094
510 1536094
511 1536095
508 1536095
509 1536095
507 1536095
509 1536095
509 1536095
508 1536096
509 1536096
510 1536096
510 1536096
508 1536096
510 1536096
506 1536096
509 1536097
509 1536099
509 1536105
509 1536115
508 1536124
509 1536134
511 1536145
508 1536155
508 1536176
510 1536178
508 1536185
508 1536217
510 1536713
511 1536713
510 1536714
510 1536714
508 1536715
508 1536715
510 1536715
509 1536716
508 1536716
508 1536717
507 1536717
511 1536717
511 1536717
509 1536717
508 1536718
510 1536718
509 1536718
509 1536718
509 1536719
509 1536719
506 1536719
512 1536720
509 1536720
507 1536720
509 1536720
508 1536720
508 1536721
509 1536721
509 1536721
510 1536721
515 1536721
507 1536721
512 1536722
507 1536722
510 1536722
509 1536722
502 1536722
504 1536723
501 1536723
501 1536723
515 1536723
493 1536723
505 1536724
506 1536724
492 1536724
535 1536724
476 1536724
512 1536724
523 1536725
516 1536725
506 1536727
496 1536727
507 1536736
513 1536746
514 1537612
509 1537613
502 1537613
485 1537613
503 1537614
510 1537614
506 1537614
513 1537615
507 1537615
508 1537615
510 1537615
509 1537616
511 1537616
510 1537616
508 1537617
509 1537617
509 1537617
508 1537617
508 1537617
510 1537618
507 1537618
509 1537618
512 1537618
508 1537619
507 1537619
509 1537619
509 1537619
509 1537619
508 1537620
508 1537620
510 1537620
512 1537620
510 1537620
510 1537621
508 1537621
509 1537621
510 1537621
508 1537621
509 1537622
509 1537622
512 1537622
508 1537622
509 1537622
508 1537622
512 1537623
507 1537623
508 1537623
510 1537623
509 1537623
509 1537624
509 1537624
506 1537624
507 1537624
509 1537624
507 1537624
509 1537625
510 1537625
510 1537625
509 1537625
508 1537625
508 1537625
506 1537625
510 1537626
509 1537626
508 1537626
512 1537626
511 1537626
510 1537626
512 1537626
511 1537627
508 1537627
510 1537627
508 1537627
510 1537627
508 1537627
509 1537628
509 1537628
513 1537628
510 1537628
507 1537628
509 1537628
509 1537628
509 1537631
507 1537631
508 1537631
505 1537631
511 1537633
508 1537648
507 1537648
506 1537667
509 1537678
510 1537678
508 1537698
507 1537698
506 1537718
509 1537718
511 1537736
508 1537771
507 1537776
511 1537776
508 1537776
508 1537786
508 1537821
510 1537821
510 1537826
510 1537826
508 1537849
508 1537849
509 1537886
509 1537886
509 1537886
510 1537890
510 1538196
508 1538196
509 1538196
509 1538196
507 1538197
510 1538197
510 1538197
509 1538197
511 1538197
508 1538197
508 1538198
509 1538198
507 1538198
507 1538198
509 1538198
508 1538198
508 1538198
509 1538199
511 1538199
511 1538199
510 1538199
507 1538199
507 1538199
511 1538199
509 1538200
510 1538200
508 1538208
508 1538208
508 1538208
511 1538210
508 1538212
509 1538218
510 1538218
510 1538225
509 1538245
508 1538256
507 1538266
510 1538288
508 1538288
509 1538295
506 1538341
510 1538343
510 1538343
510 1538345
508 1538359
509 1538359
508 1538815
510 1538815
508 1538816
508 1538816
508 1538816
510 1538818
509 1538818
507 1538819
510 1538819
510 1538819
510 1538820
511 1538820
508 1538820
508 1538820
510 1538821
508 1538821
508 1538821
509 1538821
510 1538821
509 1538822
510 1538822
508 1538822
508 1538822
510 1538823
508 1538823
509 1538823
505 1538824
511 1538824
509 1538824
511 1538825
508 1538825
508 1538825
508 1538825
508 1538826
508 1538826
509 1538826
507 1538826
510 1538826
512 1538859
510 1538859
506 1538861
508 1538863
510 1538863
510 1538865
509 1538865
508 1538865
510 1538868
510 1538868
510 1538896
509 1538919
508 1538919
511 1538919
508 1538921
509 1538923
510 1538970
509 1538970
508 1538972
509 1538977
509 1538977
508 1538977
510 1538979
508 1539037
510 1539037
508 1539040
510 1539040
509 1539157
511 1539708
509 1539708
509 1539708
509 1539709
510 1539709
509 1539709
508 1539709
510 1539710
508 1539710
510 1539710
507 1539711
508 1539711
510 1539711
510 1539711
511 1539711
510 1539712
514 1539712
510 1539712
511 1539712
509 1539713
510 1539713
508 1539713
507 1539713
507 1539714
507 1539714
510 1539714
511 1539714
511 1539715
508 1539715
509 1539715
508 1539715
509 1539716
507 1539716
508 1539716
510 1539717
508 1539717
507 1539717
509 1539717
509 1539717
510 1539718
510 1539718
507 1539718
509 1539718
509 1539718
509 1539719
507 1539719
508 1539719
509 1539719
509 1539719
509 1539720
509 1539720
510 1539720
510 1539720
509 1539720
509 1539723
507 1539727
508 1539737
509 1539992
510 1539992
508 1539992
510 1539993
510 1539993
509 1539993
508 1539993
507 1539993
509 1539993
507 1539993
508 1539994
507 1539994
509 1539994
511 1539994
511 1539994
508 1539994
507 1539995
507 1539995
509 1539995
509 1539995
508 1539995
509 1539995
509 1539996
510 1539996
509 1539996
508 1539996
506 1539998
511 1540067
510 1540110
510 1540110
509 1540112
508 1540114
511 1540114
511 1540116
508 1540116
509 1540116
510 1540118
509 1540188
509 1540188
508 1540188
510 1540191
509 1540191
509 1540198
507 1540198
507 1540198
508 1540201
509 1540206
508 1540206
509 1540208
508 1540216
510 1540238
510 1540238
509 1540298
508 1540298
508 1540301
507 1540301
508 1540301
508 1540320
510 1540320
511 1540329
510 1540329
510 1540593
509 1540593
510 1540593
509 1540593
509 1540594
507 1540594
510 1540594
510 1540594
512 1540594
512 1540594
508 1540595
507 1540595
507 1540595
508 1540595
507 1540595
509 1540595
508 1540596
511 1540596
507 1540596
509 1540596
510 1540596
507 1540597
507 1540597
508 1540597
507 1540597
508 1540597
512 1540608
509 1540608
507 1540616
507 1540625
507 1540648
510 1540648
510 1540668
509 1540668
510 1540688
509 1540688
510 1540708
509 1540708
508 1540740
515 1540740
509 1540746
508 1540746
507 1540755
507 1540765
509 1540775
509 1540785
507 1540795
504 1540805
507 1540816
509 1540836
509 1540846
508 1540856
508 1540866
510 1540888
510 1540888
507 1540896
507 1540932
508 1540936
510 1540936
507 1540938
510 1540945
508 1540955
509 1543614
512 1543614
507 1543614
506 1543615
508 1543615
506 1543615
508 1543615
509 1543616
507 1543616
509 1543616
511 1543616
509 1543617
506 1543617
504 1543617
510 1543617
512 1543618
507 1543618
507 1543618
507 1543618
510 1543618
505 1543619
504 1543619
510 1543619
501 1543619
511 1543620
500 1543620
504 1543620
523 1543620
509 1543620
509 1543621
508 1543621
515 1543621
511 1543621
511 1543622
506 1543622
514 1543622
509 1543622
511 1543622
512 1543623
511 1543623
506 1543623
507 1543623
510 1543623
507 1543624
507 1543624
509 1543624
508 1543624
511 1543625
507 1543625
510 1543625
508 1543625
509 1543625
509 1543625
510 1543626
509 1543626
509 1543626
512 1543626
506 1543626
507 1543626
507 1543627
507 1543627
510 1543627
510 1543627
508 1543627
509 1543627
512 1543628
508 1543628
507 1543628
508 1543628
508 1543628
508 1543628
509 1543628
510 1543629
511 1543629
511 1543629
509 1543629
509 1543629
508 1543629
510 1543642
508 1543642
509 1543642
509 1543643
508 1543643
509 1543643
509 1543643
507 1543643
508 1543644
507 1543644
508 1543644
510 1543644
509 1543645
510 1543645
509 1543645
510 1543645
508 1543645
508 1543646
509 1543646
508 1543646
509 1543646
509 1543646
509 1543647
509 1543647
512 1543647
507 1543647
508 1543647
507 1543648
507 1543648
510 1543648
510 1543648
508 1543648
509 1543648
510 1543648
509 1543649
507 1543649
508 1543649
508 1543649
508 1543649
509 1543649
509 1543650
509 1543650
510 1543650
508 1543650
508 1543650
508 1543650
510 1543650
511 1543651
509 1543651
509 1543651
509 1543651
511 1543651
509 1543651
509 1543651
509 1543652
510 1543652
510 1543652
509 1543653
510 1543653
511 1543653
511 1543653
509 1543653
509 1543653
507 1543654
510 1543654
509 1543654
509 1543654
509 1543654
508 1543654
529 1543654
505 1543655
506 1543655
507 1543655
511 1543655
508 1543655
508 1543655
508 1543656
509 1543656
509 1543656
510 1543842
508 1543842
508 1543842
510 1543843
508 1543843
509 1543843
509 1543843
509 1543844
509 1543844
511 1543844
508 1543844
507 1543845
508 1543845
506 1543845
510 1543845
509 1543846
509 1543846
510 1543846
509 1543846
508 1543846
508 1543847
507 1543847
510 1543847
508 1543847
509 1543848
509 1543848
509 1543848
512 1543848
509 1543848
509 1543849
507 1543849
509 1543849
507 1543849
510 1543850
510 1543850
509 1543850
510 1543850
510 1543850
507 1543851
509 1543851
510 1543851
507 1543851
510 1543851
508 1543852
509 1543852
509 1543852
511 1543852
508 1543852
506 1543852
509 1543853
507 1543853
509 1543853
509 1543853
508 1543853
506 1543853
509 1543854
508 1543854
507 1543854
507 1543854
507 1543854
508 1543854
508 1543855
509 1543855
508 1543855
510 1543855
511 1543855
507 1543855
507 1543855
508 1543856
510 1543856
511 1543856
508 1543856
507 1543856
509 1543856
508 1543856
507 1543857
509 1543859
509 1543859
510 1543859
508 1544042
508 1544042
510 1544042
512 1544043
509 1544043
507 1544043
509 1544043
509 1544044
510 1544044
508 1544044
507 1544044
509 1544045
510 1544045
509 1544045
509 1544045
510 1544046
510 1544046
509 1544046
505 1544046
509 1544047
510 1544047
510 1544047
509 1544047
510 1544047
509 1544048
509 1544048
509 1544048
509 1544048
510 1544049
509 1544049
508 1544049
511 1544049
508 1544050
507 1544050
510 1544050
510 1544050
509 1544051
511 1544051
509 1544051
509 1544051
511 1544051
508 1544052
506 1544052
507 1544052
506 1544053
509 1544053
508 1544053
508 1544055
511 1544055
512 1544055
508 1544055
508 1544056
507 1544056
507 1544056
507 1544056
508 1544056
508 1544056
508 1544057
510 1544057
509 1544057
507 1544057
507 1544057
509 1544057
508 1544058
509 1544058
509 1544069
509 1544071
510 1544073
510 1544073
507 1544075
510 1544075
510 1544111
508 1544113
510 1544115
510 1544202
509 1544202
509 1544202
509 1544203
509 1544243
507 1544243
510 1544243
509 1544244
508 1544246
509 1544246
509 1544246
508 1544246
508 1544247
509 1544247
507 1544268
510 1544268
508 1544276
508 1544510
509 1544510
510 1544511
509 1544511
509 1544511
509 1544512
508 1544512
509 1544513
507 1544513
509 1544513
508 1544513
509 1544514
501 1544514
512 1544514
509 1544514
507 1544515
508 1544515
508 1544515
510 1544515
509 1544515
508 1544516
510 1544516
510 1544518
510 1544529
508 1544529
508 1544536
508 1544802
509 1544803
510 1544804
510 1544804
509 1544804
509 1544804
509 1544805
508 1544810
506 1544811
509 1544811
509 1544811
511 1544811
511 1544812
509 1544812
506 1544812
506 1544812
508 1544813
507 1544813
509 1544813
510 1544813
510 1544814
508 1544814
520 1544814
510 1544814
521 1544815
497 1544815
506 1544817
506 1544817
510 1544826
510 1544835
503 1545401
509 1545402
508 1545402
510 1545403
509 1545403
510 1545403
509 1545403
510 1545404
509 1545404
508 1545404
510 1545404
509 1545405
510 1545405
509 1545405
508 1545405
507 1545405
507 1545406
508 1545406
508 1545406
510 1545406
510 1545406
511 1545406
509 1545407
507 1545407
507 1545407
510 1545407
509 1545407
507 1545408
509 1545408
509 1545408
512 1545408
508 1545408
508 1545408
509 1545409
510 1545409
509 1545409
509 1545409
510 1545409
510 1545409
509 1545409
511 1545410
509 1545410
506 1545410
510 1545410
509 1545410
508 1545410
510 1545410
511 1545411
508 1545411
509 1545411
509 1545411
507 1545411
510 1545411
507 1545412
509 1545412
509 1545420
510 1545420
510 1545426
509 1545436
508 1545446
508 1545456
509 1545466
509 1545501
508 1545501
510 1545503
509 1545532
509 1545534
512 1545536
508 1545536
507 1545546
509 1545556
507 1545709
510 1545709
507 1545709
509 1545709
509 1545710
512 1545710
509 1545710
509 1545710
509 1545710
510 1545710
509 1545711
508 1545711
507 1545711
508 1545711
510 1545730
508 1545732
508 1545734
507 1545761
508 1545765
510 1545765
510 1545767
508 1545801
510 1545804
510 1545806
509 1545806
506 1545815
509 1545825
510 1546007
508 1546007
510 1546007
509 1546008
510 1546009
509 1546009
510 1546009
508 1546009
508 1546010
509 1546010
509 1546010
510 1546010
509 1546011
510 1546011
510 1546011
511 1546026
508 1546026
508 1546026
492 1546028
512 1546060
505 1546060
509 1546289
509 1546289
508 1546289
510 1546290
508 1546290
506 1546290
508 1546290
509 1546290
509 1546290
508 1546291
509 1546291
511 1546291
512 1546291
508 1546291
508 1546389
507 1546389
507 1546452
509 1546454
507 1546454
510 1546454
511 1546456
513 1546456
511 1546456
505 1546459
509 1546459
507 1546459
511 1546466
508 1546488
509 1546488
509 1546490
509 1546492
508 1546497
511 1546497
508 1546499
512 1546499
506 1546499
508 1546501
507 1546813
510 1546813
509 1546814
509 1546814
510 1546814
507 1546814
509 1546815
508 1546815
507 1546815
511 1546815
510 1546816
510 1546816
508 1546816
508 1546816
509 1546817
505 1546817
508 1546817
508 1546817
510 1546817
511 1546818
509 1546818
512 1546818
509 1546818
506 1546818
507 1546819
508 1546834
508 1546834
509 1546836
508 1546836
511 1546836
511 1546838
509 1546838
506 1546840
508 1546842
508 1546844
510 1546907
510 1546922
508 1546924
509 1546926
512 1547036
509 1547076
507 1547400
508 1547400
510 1547401
510 1547401
509 1547401
509 1547401
510 1547402
510 1547402
510 1547403
510 1547403
510 1547403
508 1547403
509 1547403
507 1547404
508 1547404
508 1547404
508 1547404
510 1547404
510 1547404
508 1547405
509 1547405
510 1547405
507 1547405
507 1547405
507 1547405
509 1547405
508 1547406
506 1547406
508 1547406
506 1547406
510 1547406
507 1547406
508 1547407
508 1547407
509 1547407
509 1547409
510 1547409
510 1547409
511 1547409
511 1547409
508 1547409
508 1547409
508 1547410
508 1547410
509 1547415
508 1547415
507 1547483
509 1547495
511 1547497
507 1547500
506 1547500
509 1547500
508 1547500
509 1547501
508 1547506
509 1547506
510 1547506
511 1547508
510 1547508
508 1547508
508 1547510
507 1547709
510 1547709
509 1547710
510 1547710
510 1547710
508 1547711
510 1547711
508 1547711
506 1547712
512 1547712
507 1547712
510 1547712
509 1547712
503 1547712
509 1547712
508 1547713
509 1547713
509 1547725
510 1547725
509 1547727
508 1547727
509 1547738
509 1547738
509 1548308
510 1548308
507 1548309
508 1548309
509 1548309
509 1548310
508 1548310
509 1548310
510 1548311
509 1548311
511 1548311
507 1548312
506 1548312
508 1548312
509 1548312
511 1548313
507 1548313
509 1548313
510 1548314
511 1548314
510 1548314
508 1548315
509 1548315
508 1548315
508 1548315
510 1548315
506 1548316
510 1548316
512 1548316
506 1548317
509 1548317
514 1548318
512 1548318
500 1548318
508 1548319
509 1548319
509 1548319
512 1548320
504 1548320
509 1548320
500 1548320
498 1548321
496 1548321
500 1548321
440 1548322
476 1548322
508 1548322
510 1548323
504 1548323
508 1548323
509 1548323
529 1548325
505 1548325
515 1548325
517 1548325
505 1548325
515 1548328
525 1548328
502 1548336
513 1548346
508 1548912
508 1548961
509 1548961
507 1548961
510 1548961
509 1548962
511 1548962
508 1548962
506 1548962
507 1548962
510 1548963
509 1548963
510 1548963
510 1548963
509 1548963
509 1548964
508 1548964
508 1548964
509 1548964
509 1548964
510 1548964
508 1548965
509 1548965
511 1548965
510 1548965
508 1548965
509 1548965
509 1548966
508 1548966
508 1548966
509 1548966
508 1548966
509 1548966
510 1548967
508 1548967
509 1548967
508 1548967
510 1548967
508 1548967
509 1548968
509 1548968
509 1548968
509 1548968
507 1548968
507 1548968
508 1548969
508 1548969
508 1548969
510 1548969
508 1548969
510 1548970
511 1548970
508 1548970
508 1548970
509 1548970
510 1548970
509 1548973
510 1548973
511 1548973
507 1548982
510 1548984
507 1548992
506 1548992
507 1549207
509 1549207
510 1549207
510 1549208
508 1549208
510 1549208
511 1549209
509 1549209
508 1549209
508 1549211
511 1549211
508 1549211
507 1549212
508 1549212
509 1549212
509 1549212
509 1549213
509 1549213
508 1549213
510 1549213
509 1549214
509 1549243
507 1549247
508 1549247
508 1549247
510 1549324
508 1549324
507 1549324
511 1549326
508 1549326
509 1549328
509 1549328
509 1549338
509 1549338
510 1549346
508 1549346
508 1549397
509 1549399
508 1549400
509 1549427
510 1549427
509 1549427
509 1549430
509 1549465
507 1549465
508 1549467
509 1549467
509 1549486
508 1549505
510 1549550
509 1549551
507 1549553
511 1549553
508 1549555
507 1549555
508 1549571
509 1549571
509 1549576
510 1549576
510 1549596
510 1549708
509 1549708
509 1549822
508 1549822
507 1549824
508 1549824
508 1549826
508 1549826
508 1549828
510 1549828
510 1549830
504 1549830
514 1549869
508 1549869
510 1549923
507 1549923
510 1549925
507 1549977
511 1550008
510 1550008
508 1550008
510 1550101
509 1550101
509 1550101
510 1550102
509 1550102
509 1550102
509 1550102
508 1550103
506 1550103
508 1550103
509 1550103
510 1550104
510 1550104
508 1550104
511 1550104
511 1550104
509 1550107
507 1550107
509 1550126
510 1550137
509 1550137
509 1550988
509 1550988
510 1550988
512 1550988
508 1550989
510 1550989
510 1550989
509 1550989
509 1550991
509 1550991
509 1550992
508 1550992
512 1550992
507 1550992
506 1550993
509 1550993
506 1550993
511 1550994
511 1550994
511 1550994
509 1550995
511 1550995
507 1550995
508 1550996
509 1550996
509 1550996
506 1550997
509 1550997
509 1550997
508 1550998
511 1550998
504 1550998
507 1550998
507 1550999
509 1550999
508 1550999
508 1550999
511 1551000
510 1551000
511 1551000
510 1551000
510 1551000
510 1551001
509 1551001
508 1551001
509 1551001
510 1551002
510 1551002
507 1551002
510 1551002
508 1551002
508 1551003
509 1551003
507 1551003
509 1551003
510 1551003
508 1551004
508 1551004
511 1551004
508 1551004
507 1551004
509 1551005
509 1551005
509 1551005
507 1551005
509 1551005
510 1551006
510 1551006
510 1551006
507 1551006
509 1551006
509 1551006
510 1551007
507 1551007
511 1551007
507 1551007
509 1551007
509 1551008
508 1551008
506 1551008
509 1551008
509 1551008
509 1551189
508 1551189
509 1551189
510 1551192
510 1551192
509 1551192
510 1551193
511 1551193
510 1551193
510 1551193
510 1551194
508 1551194
508 1551194
509 1551194
508 1551194
508 1551195
509 1551195
508 1551195
508 1551195
508 1551195
509 1551196
510 1551196
511 1551206
508 1551231
509 1551235
507 1551235
509 1551237
510 1551271
510 1551273
509 1551273
509 1551300
509 1551302
508 1551306
509 1551306
509 1551598
508 1551598
509 1551598
509 1551599
508 1551599
510 1551599
512 1551599
509 1551599
506 1551600
507 1551600
508 1551600
512 1551600
508 1551600
507 1551601
509 1551601
512 1551601
510 1551601
508 1551601
510 1551602
513 1551602
510 1551602
510 1551603
508 1551603
509 1551603
512 1551603
510 1551604
508 1551604
507 1551604
509 1551622
508 1551626
508 1551626
509 1551626
509 1551661
510 1551663
509 1551663
507 1551690
509 1551692
509 1551694
507 1552198
508 1552198
509 1552200
509 1552200
509 1552200
511 1552200
508 1552200
507 1552200
507 1552200
510 1552201
508 1552201
507 1552201
511 1552201
510 1552202
513 1552202
509 1552202
507 1552202
507 1552202
508 1552202
509 1552204
511 1552204
508 1552204
509 1552204
510 1552204
510 1552205
508 1552205
509 1552205
509 1552205
510 1552205
510 1552205
510 1552206
509 1552206
512 1552206
512 1552206
507 1552206
510 1552207
508 1552207
508 1552207
510 1552207
506 1552207
510 1552207
511 1552208
505 1552209
505 1552209
501 1552209
505 1552209
512 1552209
516 1552209
507 1552209
519 1552212
500 1552212
509 1552216
452 1552238
512 1552238
492 1552798
513 1552798
512 1552799
511 1552799
508 1552799
513 1552800
502 1552800
488 1552800
511 1552800
508 1552801
510 1552801
508 1552801
511 1552801
509 1552801
507 1552802
511 1552802
509 1552802
508 1552802
507 1552802
509 1552803
509 1552803
511 1552803
509 1552803
512 1552803
509 1552804
509 1552804
508 1552804
507 1552804
508 1552804
510 1552804
508 1552805
508 1552805
509 1552805
512 1552805
508 1552805
509 1552805
509 1552805
507 1552806
508 1552806
507 1552806
509 1552806
508 1552806
508 1552806
509 1552807
508 1552807
508 1552807
508 1552807
510 1552807
510 1552807
509 1552807
510 1552808
508 1552808
509 1552808
508 1552808
510 1552808
509 1552818
512 1552818
509 1552838
510 1552838
509 1552846
508 1552855
510 1552865
508 1552895
508 1552911
510 1552913
508 1552913
507 1552927
510 1552927
508 1553398
509 1553399
511 1553399
508 1553399
507 1553399
507 1553400
508 1553400
509 1553400
507 1553400
508 1553401
508 1553401
512 1553401
509 1553401
507 1553402
507 1553402
508 1553402
508 1553402
507 1553402
505 1553403
508 1553403
510 1553403
509 1553404
507 1553404
510 1553404
509 1553404
509 1553404
510 1553405
509 1553405
509 1553405
510 1553405
510 1553405
506 1553405
507 1553406
510 1553406
509 1553406
509 1553406
510 1553406
509 1553406
509 1553407
510 1553407
508 1553407
506 1553407
509 1553407
508 1553408
510 1553408
509 1553410
509 1553415
510 1553416
511 1553418
509 1553425
509 1553445
510 1553455
508 1553465
509 1553544
510 1553544
510 1553544
510 1553547
511 1553547
509 1553547
508 1553549
507 1553571
510 1553575
508 1553575
511 1553577
509 1553597
510 1553597
512 1555784
508 1555784
508 1555784
509 1555784
508 1555785
508 1555785
508 1555785
508 1555785
510 1555785
507 1555785
510 1555786
508 1555786
510 1555786
510 1555786
508 1555786
509 1555786
509 1555787
509 1555787
509 1555787
509 1555787
509 1555787
508 1555787
509 1555788
510 1555788
507 1555788
509 1555788
506 1555789
510 1555789
507 1555789
508 1555789
509 1555789
508 1555790
508 1555790
508 1555790
508 1555790
511 1555790
509 1555791
511 1555791
511 1555791
507 1555791
508 1555791
510 1555791
507 1555792
508 1555792
510 1555792
508 1555792
512 1555792
506 1555792
507 1555793
510 1555793
508 1555793
507 1555793
508 1555793
508 1555793
511 1555794
508 1555794
510 1555794
508 1555794
509 1555794
507 1555795
508 1555795
508 1555795
506 1555795
509 1555795
512 1555795
509 1555796
507 1555796
508 1555796
509 1555796
509 1555796
509 1555797
509 1555797
507 1555797
511 1555797
509 1555797
509 1555798
510 1555798
508 1555798
510 1555798
507 1555798
511 1555799
514 1555799
-683 1555799
509 1555799
507 1555799
510 1555800
511 1555800
508 1555800
507 1555800
509 1555800
508 1555801
510 1555801
509 1555801
510 1555801
511 1555802
510 1555802
509 1555802
510 1555802
508 1555802
508 1555803
509 1555803
505 1555803
510 1555803
510 1555803
510 1555803
508 1555804
509 1555804
510 1555804
509 1555804
509 1555804
509 1555804
510 1555805
510 1555805
510 1555805
509 1555805
508 1555805
507 1555805
509 1555806
509 1555806
509 1555806
509 1555806
510 1555806
509 1555806
508 1555807
507 1555807
510 1555807
510 1555807
509 1555807
508 1555807
510 1555808
508 1555808
507 1555808
509 1555994
507 1555994
507 1555994
509 1555994
508 1555995
511 1555995
509 1555995
509 1555995
512 1555996
509 1555996
507 1555996
508 1555996
509 1555997
508 1555997
509 1555997
508 1555997
508 1555997
512 1555998
509 1555998
507 1555998
508 1555998
509 1555998
509 1555998
509 1555999
510 1555999
508 1555999
511 1556026
510 1556026
507 1556027
508 1556027
509 1556027
510 1556028
509 1556028
509 1556028
510 1556028
510 1556029
509 1556029
509 1556029
508 1556029
510 1556029
507 1556030
509 1556030
509 1556030
511 1556030
510 1556031
510 1556031
507 1556031
506 1556031
510 1556031
508 1556032
508 1556032
511 1556032
512 1556033
509 1556033
509 1556033
507 1556033
509 1556033
509 1556035
507 1556035
507 1556035
509 1556035
510 1556035
511 1556036
510 1556036
509 1556036
506 1556036
508 1556036
508 1556036
508 1556036
508 1556037
506 1556037
510 1556037
511 1556037
509 1556037
505 1556038
509 1556038
509 1556038
510 1556038
508 1556038
510 1556196
508 1556196
510 1556197
508 1556199
507 1556199
507 1556199
511 1556199
509 1556200
508 1556200
509 1556200
509 1556200
510 1556201
509 1556201
510 1556201
508 1556201
510 1556202
508 1556202
506 1556202
504 1556202
506 1556221
509 1556224
503 1556226
505 1556226
509 1556268
507 1556268
506 1556281
512 1556496
507 1556496
510 1556497
507 1556497
513 1556497
507 1556498
508 1556498
502 1556498
509 1556499
509 1556499
494 1556499
515 1556499
508 1556500
508 1556500
509 1556500
508 1556500
508 1556500
505 1556501
505 1556501
515 1556501
503 1556501
512 1556501
513 1556502
509 1556502
508 1556517
509 1556517
510 1556525
509 1556535
508 1556545
508 1556555
508 1556589
511 1556589
510 1556598
509 1556598
507 1556606
508 1556628
507 1556628
509 1556636
507 1556646
509 1556680
510 1556682
509 1556686
509 1556686
509 1556708
511 1556708
510 1557096
509 1557097
509 1557097
509 1557097
509 1557098
509 1557098
509 1557098
507 1557098
510 1557099
508 1557099
507 1557099
510 1557099
508 1557100
509 1557100
509 1557100
508 1557100
507 1557100
508 1557101
508 1557101
510 1557101
507 1557101
509 1557101
509 1557101
510 1557102
508 1557102
508 1557102
508 1557102
508 1557102
508 1557102
508 1557103
510 1557103
509 1557103
512 1557103
509 1557103
507 1557104
509 1557104
509 1557104
509 1557104
510 1557104
509 1557117
509 1557117
512 1557137
509 1557137
508 1557156
507 1557165
509 1557175
508 1557185
509 1557237
507 1557237
510 1557239
509 1557239
509 1557240
508 1557258
509 1557259
509 1557265
509 1557276
509 1557286
508 1557295
510 1557306
507 1557328
509 1557328
507 1557335
509 1557370
509 1557375
510 1557375
508 1557377
509 1557385
509 1557396
509 1557405
511 1557415
508 1557438
507 1557438
510 1557695
508 1557695
510 1557696
509 1557696
510 1557697
510 1557697
511 1557697
509 1557697
507 1557697
507 1557697
508 1557699
507 1557699
508 1557699
508 1557699
509 1557700
509 1557700
509 1557700
507 1557700
509 1557700
508 1557701
509 1557701
509 1557701
508 1557702
510 1557704
511 1557704
508 1557705
509 1557746
508 1557767
509 1557767
508 1557767
509 1557769
508 1557769
510 1557811
508 1557814
510 1557814
508 1557831
509 1557834
509 1557834
511 1557866
508 1557887
509 1557888
509 1557888
510 1557890
511 1557890
511 1558295
509 1558296
509 1558296
509 1558296
507 1558297
508 1558297
511 1558298
510 1558298
510 1558298
509 1558298
509 1558298
512 1558299
512 1558299
507 1558299
509 1558299
508 1558299
509 1558300
510 1558300
509 1558300
508 1558300
508 1558301
509 1558301
509 1558301
509 1558301
509 1558301
510 1558302
512 1558302
509 1558302
508 1558302
508 1558302
507 1558302
509 1558303
511 1558303
507 1558303
510 1558646
512 1558713
510 1558719
509 1558719
508 1558719
509 1558726
509 1558744
504 1558788
510 1558788
508 1558790
508 1558792
509 1558792
509 1558794
508 1558794
509 1558796
508 1558796
506 1558798
508 1558798
510 1558800
510 1558800
508 1558800
509 1558800
509 1558801
511 1558801
22012 1558857
510 1558860
510 1558862
510 1558864
511 1558864
509 1558864
506 1558867
509 1558867
509 1558867
509 1558869
508 1558878
505 1558878
510 1558926
511 1558926
510 1558928
508 1558928
508 1559213
509 1559213
508 1559213
509 1559213
509 1559214
510 1559214
510 1559214
509 1559214
508 1559214
508 1559215
508 1559215
509 1559215
508 1559215
508 1559215
508 1559216
508 1559216
509 1559216
507 1559216
508 1559216
507 1559216
510 1559217
508 1559217
509 1559217
509 1559217
510 1559217
509 1559218
508 1559218
507 1559218
509 1559220
510 1559220
508 1559225
510 1559235
508 1559246
510 1559275
510 1559291
509 1559496
507 1559496
508 1559497
508 1559497
510 1559497
507 1559498
509 1559498
511 1559498
512 1559499
508 1559499
507 1559499
508 1559499
510 1559500
509 1559500
510 1559500
507 1559500
509 1559501
510 1559501
509 1559501
509 1559501
503 1559502
509 1559502
509 1559504
509 1559515
508 1559525
510 1560097
510 1560097
510 1560097
509 1560098
509 1560098
509 1560098
507 1560098
508 1560099
509 1560099
510 1560099
508 1560099
512 1560100
510 1560100
510 1560100
509 1560100
509 1560100
510 1560100
510 1560101
509 1560101
510 1560101
510 1560101
509 1560101
505 1560102
508 1560102
508 1560102
508 1560102
510 1560102
509 1560103
508 1560103
511 1560103
508 1560103
505 1560103
507 1560104
508 1560104
509 1560104
510 1560104
509 1560104
509 1560105
512 1560105
507 1560105
507 1560105
508 1560105
509 1560106
507 1560106
509 1560106
509 1560106
509 1560106
511 1560106
508 1560107
509 1560107
508 1560107
509 1560107
511 1560107
507 1560108
508 1560108
511 1560108
507 1560110
514 1560110
500 1560138
511 1560138
511 1560145
507 1560700
513 1560700
511 1560701
511 1560701
494 1560702
488 1560702
488 1560703
508 1560703
469 1560703
495 1560703
510 1560704
508 1560704
538 1560704
499 1560704
512 1560704
496 1560704
511 1560705
511 1560705
508 1560705
509 1560705
510 1560706
511 1560706
509 1560706
510 1560706
509 1560706
508 1560707
509 1560707
508 1560707
508 1560707
510 1560707
508 1560708
510 1560708
513 1560708
509 1560708
506 1560708
508 1560708
507 1560708
507 1560709
509 1560709
507 1560709
509 1560709
512 1560709
508 1560710
507 1560710
508 1560710
508 1560710
511 1560710
508 1560711
506 1560711
509 1560711
511 1560711
510 1560711
509 1560711
508 1560712
510 1560714
509 1560715
508 1560715
509 1560725
508 1560735
509 1560994
510 1560994
509 1560995
508 1560995
509 1560996
508 1560996
509 1560996
510 1560997
509 1560997
508 1560997
509 1560997
508 1560998
510 1560998
509 1560998
509 1560998
510 1560998
510 1560999
509 1560999
510 1560999
511 1560999
510 1561000
509 1561000
510 1561000
507 1561000
509 1561007
508 1561007
507 1561015
509 1561304
511 1561304
508 1561305
506 1561305
508 1561305
509 1561306
508 1561306
509 1561307
507 1561307
508 1561307
511 1561307
508 1561308
509 1561308
507 1561308
509 1561308
507 1561308
508 1561308
510 1561309
510 1561309
510 1561309
508 1561309
509 1561309
507 1561310
509 1561310
508 1561310
510 1561310
508 1561311
508 1561311
508 1561311
511 1561315
508 1561335
507 1561347
510 1561347
509 1561355
509 1561407
508 1561407
510 1561409
510 1561409
510 1561411
509 1561415
497 1561425
509 1561436
508 1561446
511 1561456
508 1561465
510 1561475
511 1561485
509 1561495
508 1561505
506 1561515
514 1561566
508 1561587
509 1561602
511 1561604
510 1561604
510 1561604
510 1561608
508 1561608
509 1561614
509 1561637
510 1561637
510 1561665
511 1561682
508 1561684
508 1561684
510 1561737
511 1561737
507 1561739
510 1561739
509 1561741
509 1561904
507 1561904
509 1561904
508 1561905
511 1561905
511 1562135
507 1562145
508 1562188
508 1562188
508 1562225
508 1562264
508 1562270
509 1562270
510 1562270
509 1562272
507 1562274
510 1562416
512 1562416
508 1562416
511 1562418
509 1563081
510 1563081
511 1563081
506 1563081
508 1563082
506 1563082
509 1563082
510 1563082
509 1563082
507 1563083
508 1563083
511 1563083
509 1563083
509 1563084
509 1563084
511 1563084
511 1563084
509 1563084
508 1563084
508 1563085
510 1563086
508 1563086
507 1563086
510 1563086
510 1563087
510 1563087
509 1563087
509 1563087
507 1563088
509 1563088
509 1563088
509 1563088
509 1563089
510 1563089
509 1563089
509 1563089
510 1563089
508 1563090
508 1563090
508 1563090
508 1563090
510 1563091
511 1563091
509 1563091
510 1563091
509 1563091
507 1563092
508 1563092
507 1563092
507 1563092
509 1563093
505 1563093
509 1563093
512 1563094
510 1563094
508 1563094
509 1563094
508 1563095
508 1563095
508 1563096
509 1563096
509 1563096
513 1563096
508 1563096
508 1563097
525 1563097
510 1563097
508 1563097
509 1563097
509 1563097
509 1563098
511 1563098
510 1563098
508 1563098
508 1563098
508 1563099
511 1563099
507 1563099
508 1563099
508 1563099
508 1563100
508 1563102
508 1563108
507 1563108
511 1563116
506 1563398
510 1563398
509 1563399
509 1563399
509 1563399
510 1563399
508 1563400
507 1563400
508 1563400
508 1563400
510 1563401
509 1563401
509 1563401
510 1563401
511 1563402
509 1563402
507 1563402
510 1563402
509 1563402
510 1563403
509 1563403
507 1563403
510 1563403
511 1563403
508 1563404
507 1563404
507 1563404
510 1563404
507 1563406
509 1563415
509 1563425
509 1563683
511 1563683
508 1563683
508 1563684
508 1563684
509 1563684
508 1563684
509 1563684
508 1563685
509 1563685
511 1563685
510 1563685
507 1563686
509 1563686
508 1563686
509 1563686
509 1563687
507 1563687
508 1563687
511 1563687
511 1563688
508 1563688
507 1563688
510 1563688
508 1563691
508 1563691
510 1563708
508 1563708
507 1563715
512 1564001
510 1564001
516 1564001
503 1564002
496 1564002
509 1564002
500 1564003
501 1564003
521 1564003
511 1564003
521 1564004
447 1564004
508 1564004
535 1564004
541 1564004
474 1564005
509 1564005
533 1564005
501 1564005
508 1564005
498 1564005
511 1564006
510 1564006
515 1564006
501 1564006
506 1564006
511 1564007
511 1564010
509 1564041
508 1564045
508 1564045
509 1564047
509 1564055
508 1564065
508 1564295
509 1564295
509 1564296
508 1564297
507 1564298
508 1564298
508 1564298
508 1564298
510 1564299
508 1564299
509 1564299
509 1564299
510 1564300
509 1564300
508 1564300
508 1564300
507 1564301
509 1564301
510 1564301
510 1564301
508 1564301
511 1564302
507 1564307
507 1564307
510 1564315
509 1564325
510 1564335
510 1564344
507 1564355
509 1564365
508 1564374
509 1564397
508 1564398
510 1564418
507 1564418
508 1564425
510 1564448
510 1564448
509 1564468
512 1564468
508 1564475
510 1564510
509 1564510
509 1564516
509 1564516
508 1564525
509 1564535
510 1564545
513 1564555
508 1564565
508 1564585
506 1564595
510 1564630
507 1564630
510 1564635
508 1564635
510 1564645
511 1564655
510 1564665
508 1564675
508 1564685
510 1564695
510 1564705
509 1564898
510 1564898
507 1564898
510 1564898
509 1564898
508 1564899
510 1564899
508 1564899
507 1564899
512 1564899
511 1564899
508 1564900
509 1564900
509 1564900
508 1564900
510 1564900
510 1564900
508 1564901
508 1564901
510 1564917
509 1564917
510 1564937
509 1564937
508 1564945
509 1564955
510 1564965
507 1564975
509 1564985
510 1565007
509 1565007
508 1565015
513 1565025
509 1565047
507 1565047
508 1565055
507 1565065
508 1565075
508 1565084
509 1565095
508 1565104
510 1565115
507 1565149
507 1565151
508 1565155
509 1565155
509 1567591
507 1567591
508 1567591
510 1567592
509 1567592
508 1567592
507 1567593
509 1567593
510 1567593
510 1567594
509 1567594
509 1567594
510 1567594
509 1567595
510 1567595
509 1567595
510 1567595
510 1567595
508 1567595
509 1567596
508 1567596
508 1567596
509 1567596
507 1567597
509 1567597
507 1567597
510 1567597
508 1567598
510 1567598
508 1567598
509 1567598
508 1567598
509 1567599
508 1567599
507 1567599
509 1567599
507 1567601
509 1567601
511 1567601
509 1567601
510 1567602
511 1567602
509 1567602
508 1567602
509 1567603
509 1567603
507 1567603
509 1567603
509 1567604
513 1567604
511 1567604
509 1567604
508 1567604
508 1567604
509 1567605
509 1567605
507 1567605
509 1567605
509 1567605
514 1567606
510 1567606
507 1567606
511 1567606
510 1567606
514 1567606
516 1567607
511 1567607
519 1567607
502 1567607
543 1567607
501 1567607
502 1567607
501 1567608
516 1567608
510 1567608
507 1567608
512 1567608
514 1567608
510 1567609
507 1567609
500 1567609
507 1567609
516 1567609
515 1567609
504 1567609
519 1567610
491 1567610
508 1567794
502 1567794
493 1567795
511 1567795
505 1567796
519 1567796
503 1567796
510 1567796
510 1567796
517 1567797
510 1567797
509 1567797
504 1567798
502 1567798
513 1567798
491 1567798
525 1567798
505 1567799
506 1567799
498 1567799
501 1567799
512 1567799
510 1567800
518 1567800
535 1567800
501 1567800
532 1567800
515 1567801
525 1567801
506 1567801
520 1567801
496 1567801
519 1567802
505 1567802
520 1567802
512 1567802
503 1567802
505 1567803
507 1567803
489 1567803
525 1567803
543 1567803
513 1567803
491 1567804
534 1567804
563 1567804
505 1567804
555 1567804
555 1567804
503 1567805
507 1567805
506 1567805
514 1567805
514 1567805
490 1567805
519 1567806
458 1567806
530 1567806
485 1567806
532 1567806
533 1567806
490 1567807
551 1567807
480 1567807
545 1567807
532 1567807
544 1567807
528 1567808
544 1567808
509 1567808
453 1567808
480 1567808
528 1567809
587 1567809
514 1567809
578 1567809
555 1567809
544 1567809
506 1567810
383 1567995
416 1567995
441 1567995
512 1567996
494 1567996
480 1567996
514 1567996
512 1567996
507 1567997
510 1567997
491 1567997
530 1567997
491 1567998
535 1567998
509 1567998
489 1567998
515 1567998
519 1567999
508 1567999
491 1567999
502 1567999
500 1568000
535 1568000
498 1568000
524 1568000
515 1568000
489 1568000
569 1568001
424 1568001
467 1568001
574 1568002
350 1568002
502 1568002
509 1568002
504 1568003
518 1568003
509 1568003
483 1568003
489 1568003
476 1568004
476 1568004
557 1568004
497 1568004
544 1568004
368 1568005
535 1568005
598 1568005
376 1568005
271 1568005
408 1568006
543 1568006
503 1568006
498 1568006
503 1568006
517 1568007
516 1568007
501 1568007
499 1568007
490 1568007
495 1568008
509 1568008
462 1568008
511 1568008
472 1568008
539 1568009
428 1568009
486 1568009
521 1568011
498 1568011
481 1568011
519 1568011
506 1568011
508 1568012
514 1568012
513 1568012
492 1568012
510 1568012
505 1568013
521 1568013
503 1568195
486 1568195
528 1568195
496 1568195
511 1568196
506 1568196
510 1568196
514 1568197
507 1568197
501 1568197
511 1568197
505 1568198
513 1568198
522 1568198
510 1568198
507 1568198
514 1568199
520 1568199
493 1568199
506 1568199
505 1568200
511 1568200
518 1568200
504 1568200
537 1568200
517 1568201
492 1568201
502 1568201
488 1568201
510 1568202
519 1568202
526 1568202
514 1568204
514 1568204
510 1568204
508 1568204
532 1568204
491 1568205
463 1568205
502 1568205
469 1568205
447 1568205
494 1568205
513 1568205
513 1568206
513 1568206
516 1568206
497 1568206
511 1568206
507 1568206
509 1568220
504 1568224
508 1568224
509 1568226
514 1568248
507 1568248
512 1568267
510 1568267
509 1568791
504 1568791
504 1568791
514 1568792
508 1568792
506 1568792
511 1568793
509 1568793
512 1568794
509 1568794
521 1568794
507 1568794
510 1568795
507 1568795
498 1568795
511 1568795
504 1568796
517 1568796
520 1568796
507 1568796
504 1568797
511 1568797
508 1568797
500 1568797
521 1568797
497 1568798
495 1568798
519 1568798
514 1568798
511 1568798
509 1568799
514 1568799
511 1568799
508 1568799
516 1568799
503 1568800
498 1568800
501 1568800
508 1568800
508 1568800
507 1568801
511 1568802
506 1568802
505 1568802
511 1568802
510 1568803
515 1568803
505 1568803
509 1568806
509 1568806
507 1568806
508 1568807
504 1568831
500 1568835
507 1568835
511 1568837
503 1568845
504 1568855
504 1568865
504 1568900
509 1568900
512 1568906
526 1568906
508 1568916
516 1568925
509 1568936
516 1568945
516 1568955
518 1568965
504 1568975
524 1569007
500 1569007
504 1569014
512 1569024
509 1569035
510 1569044
517 1569054
502 1569065
512 1569075
512 1569085
509 1569107
512 1569107
507 1569115
506 1569129
506 1569147
509 1569147
510 1569154
507 1569380
513 1569380
506 1569380
510 1569380
516 1569381
508 1569381
510 1569381
508 1569381
507 1569381
507 1569381
508 1569382
504 1569382
506 1569382
505 1569382
502 1569382
504 1569382
505 1569383
490 1569383
496 1569383
502 1569383
496 1569383
514 1569383
507 1569386
498 1569395
484 1569417
506 1569417
518 1570210
521 1570210
526 1570210
502 1570211
522 1570211
501 1570211
515 1570212
505 1570212
501 1570212
514 1570212
505 1570213
511 1570213
521 1570213
517 1570213
501 1570214
517 1570214
509 1570214
509 1570214
510 1570214
506 1570215
505 1570215
509 1570215
508 1570215
509 1570215
515 1570216
514 1570216
508 1570216
518 1570216
510 1570216
506 1570217
508 1570217
507 1570217
517 1570217
508 1570217
508 1570218
504 1570218
504 1570218
513 1570218
509 1570218
510 1570218
508 1570219
508 1570219
512 1570219
512 1570219
504 1570219
505 1570219
516 1570220
511 1570220
508 1570220
508 1570220
509 1570220
511 1570220
511 1570220
517 1570221
505 1570221
534 1570221
507 1570221
497 1570221
508 1570221
522 1570222
511 1570222
505 1570222
503 1570222
499 1570222
504 1570222
510 1570223
507 1570223
508 1570223
509 1570223
507 1570223
507 1570223
508 1570223
508 1570224
506 1570224
508 1570224
509 1570224
511 1570224
514 1570224
509 1570226
512 1570226
509 1570234
506 1570245
506 1571183
513 1571184
510 1571184
504 1571184
502 1571184
507 1571184
508 1571184
511 1571185
521 1571185
513 1571185
505 1571185
508 1571185
526 1571185
509 1571186
523 1571186
490 1571186
503 1571186
521 1571186
512 1571186
510 1571187
514 1571187
504 1571187
512 1571187
515 1571187
506 1571187
512 1571187
509 1571188
507 1571188
507 1571188
509 1571188
511 1571188
508 1571188
510 1571189
506 1571189
506 1571189
514 1571189
508 1571189
508 1571189
508 1571189
507 1571190
507 1571190
510 1571190
506 1571190
511 1571190
510 1571190
511 1571191
512 1571191
509 1571191
506 1571191
510 1571191
510 1571191
506 1571192
514 1571192
513 1571192
506 1571192
511 1571192
505 1571192
512 1571192
504 1571193
520 1571193
507 1571193
517 1571193
507 1571193
519 1571193
525 1571194
517 1571194
511 1571194
524 1571194
519 1571194
516 1571194
518 1571195
529 1571195
534 1571195
528 1571195
518 1571195
522 1571195
516 1571195
510 1571196
506 1571212
517 1571212
516 1571212
507 1571212
513 1571212
508 1571243
524 1571243
517 1571243
525 1571244
504 1571244
508 1571244
506 1571244
510 1571244
501 1571245
512 1571245
508 1571247
508 1571247
506 1571247
482 1571247
671 1571248
