-1.5869140625 7.14111328125 -6.89697265625 1430866
-1.5869140625 7.14111328125 -6.89697265625 1430866
-1.5869140625 7.14111328125 -6.89697265625 1430898
-1.5869140625 7.14111328125 -6.89697265625 1430898
-1.5869140625 7.14111328125 -6.89697265625 1430899
-7.14111328125 2.62451171875 3.60107421875 1430979
-7.14111328125 2.62451171875 3.60107421875 1431060
-9.46044921875 -3.173828125 3.84521484375 1431060
-9.46044921875 -3.173828125 3.84521484375 1431061
-9.46044921875 -3.173828125 3.84521484375 1431171
-8.7890625 -2.9296875 5.67626953125 1431171
-8.7890625 -2.9296875 5.67626953125 1431172
-8.7890625 -2.9296875 5.67626953125 1431172
-8.7890625 -2.9296875 5.67626953125 1431274
-1.15966796875 -4.69970703125 -0.48828125 1431274
-1.15966796875 -4.69970703125 -0.48828125 1431295
-1.15966796875 -4.69970703125 -0.48828125 1431295
-1.15966796875 -4.69970703125 -0.48828125 1431378
-8.23974609375 -11.3525390625 -3.96728515625 1431378
-8.23974609375 -11.3525390625 -3.96728515625 1431480
-2.197265625 -0.732421875 -7.26318359375 1431480
-2.197265625 -0.732421875 -7.26318359375 1431480
-2.197265625 -0.732421875 -7.26318359375 1431481
5.18798828125 9.3994140625 -5.31005859375 1431667
1.64794921875 6.7138671875 1.77001953125 1431667
1.64794921875 6.7138671875 1.77001953125 1431668
1.64794921875 6.7138671875 1.77001953125 1431668
1.64794921875 6.7138671875 1.77001953125 1431770
1.77001953125 5.0048828125 2.01416015625 1431770
1.77001953125 5.0048828125 2.01416015625 1431770
1.77001953125 5.0048828125 2.01416015625 1431771
1.77001953125 5.0048828125 2.01416015625 1431889
2.01416015625 1.708984375 1.77001953125 1431889
2.01416015625 1.708984375 1.77001953125 1431890
2.01416015625 1.708984375 1.77001953125 1431890
1.708984375 2.62451171875 1.89208984375 1432056
5.859375 7.87353515625 -4.57763671875 1432057
5.859375 7.87353515625 -4.57763671875 1432057
5.859375 7.87353515625 -4.57763671875 1432057
5.859375 7.87353515625 -4.57763671875 1432167
0.1220703125 7.32421875 -2.3193359375 1432167
0.1220703125 7.32421875 -2.3193359375 1432168
0.1220703125 7.32421875 -2.3193359375 1432168
0.1220703125 7.32421875 -2.3193359375 1432274
4.94384765625 11.23046875 -11.16943359375 1432274
4.94384765625 11.23046875 -11.16943359375 1432274
4.94384765625 11.23046875 -11.16943359375 1432275
4.94384765625 11.23046875 -11.16943359375 1432376
2.197265625 6.16455078125 0 1432377
2.197265625 6.16455078125 0 1432377
2.197265625 6.16455078125 0 1432378
2.197265625 6.16455078125 0 1432479
3.35693359375 3.96728515625 -0.79345703125 1432479
3.35693359375 3.96728515625 -0.79345703125 1432479
3.35693359375 3.96728515625 -0.79345703125 1432480
2.74658203125 -2.13623046875 3.5400390625 1432668
0.91552734375 -0.79345703125 3.72314453125 1432668
0.91552734375 -0.79345703125 3.72314453125 1432668
0.91552734375 -0.79345703125 3.72314453125 1432669
0.91552734375 -0.79345703125 3.72314453125 1432770
0.91552734375 0.244140625 4.33349609375 1432770
0.91552734375 0.244140625 4.33349609375 1432770
0.91552734375 0.244140625 4.33349609375 1432771
0.91552734375 0.244140625 4.33349609375 1432875
3.41796875 7.14111328125 5.2490234375 1432875
3.41796875 7.14111328125 5.2490234375 1432875
3.41796875 7.14111328125 5.2490234375 1432876
3.41796875 7.14111328125 5.2490234375 1432978
2.197265625 2.62451171875 -0.9765625 1432978
2.197265625 2.62451171875 -0.9765625 1432978
2.197265625 2.62451171875 -0.9765625 1432979
9.58251953125 6.16455078125 8.97216796875 1433173
12.26806640625 11.23046875 -3.7841796875 1433174
12.26806640625 11.23046875 -3.7841796875 1433174
12.26806640625 11.23046875 -3.7841796875 1433174
25.634765625 24.0478515625 1.8310546875 1433364
41.56494140625 39.306640625 -19.1650390625 1433364
41.56494140625 39.306640625 -19.1650390625 1433364
41.56494140625 39.306640625 -19.1650390625 1433365
41.56494140625 39.306640625 -19.1650390625 1433466
50.4150390625 46.9970703125 -19.6533203125 1433466
50.4150390625 46.9970703125 -19.6533203125 1433466
50.4150390625 46.9970703125 -19.6533203125 1433467
50.4150390625 46.9970703125 -19.6533203125 1433569
39.1845703125 37.53662109375 -20.751953125 1433569
39.1845703125 37.53662109375 -20.751953125 1433569
39.1845703125 37.53662109375 -20.751953125 1433570
39.1845703125 37.53662109375 -20.751953125 1433671
23.3154296875 18.310546875 -7.87353515625 1433671
23.3154296875 18.310546875 -7.87353515625 1433671
23.3154296875 18.310546875 -7.87353515625 1433672
23.3154296875 18.310546875 -7.87353515625 1433773
17.2119140625 5.859375 -1.0986328125 1433773
17.2119140625 5.859375 -1.0986328125 1433773
17.2119140625 5.859375 -1.0986328125 1433774
17.2119140625 5.859375 -1.0986328125 1433878
6.28662109375 -5.2490234375 5.31005859375 1433878
6.28662109375 -5.2490234375 5.31005859375 1433879
6.28662109375 -5.2490234375 5.31005859375 1433879
5.31005859375 -1.15966796875 -0.79345703125 1434066
0.6103515625 -1.52587890625 1.0986328125 1434066
0.6103515625 -1.52587890625 1.0986328125 1434067
0.6103515625 -1.52587890625 1.0986328125 1434067
0.6103515625 -1.52587890625 1.0986328125 1434169
2.01416015625 -3.60107421875 -1.28173828125 1434169
2.01416015625 -3.60107421875 -1.28173828125 1434169
2.01416015625 -3.60107421875 -1.28173828125 1434170
2.01416015625 -3.60107421875 -1.28173828125 1434271
-2.197265625 -8.23974609375 -3.11279296875 1434271
-2.197265625 -8.23974609375 -3.11279296875 1434271
-2.197265625 -8.23974609375 -3.11279296875 1434272
-2.197265625 -8.23974609375 -3.11279296875 1434374
6.28662109375 -7.14111328125 0.06103515625 1434375
6.28662109375 -7.14111328125 0.06103515625 1434375
6.28662109375 -7.14111328125 0.06103515625 1434375
6.28662109375 -7.14111328125 0.06103515625 1434476
6.53076171875 -4.45556640625 -1.953125 1434476
6.53076171875 -4.45556640625 -1.953125 1434477
6.53076171875 -4.45556640625 -1.953125 1434477
5.31005859375 -6.40869140625 -3.47900390625 1434666
8.23974609375 6.2255859375 6.16455078125 1434666
8.23974609375 6.2255859375 6.16455078125 1434666
8.23974609375 6.2255859375 6.16455078125 1434667
8.23974609375 6.2255859375 6.16455078125 1434769
3.7841796875 14.0380859375 -8.36181640625 1434769
3.7841796875 14.0380859375 -8.36181640625 1434769
3.7841796875 14.0380859375 -8.36181640625 1434770
3.7841796875 14.0380859375 -8.36181640625 1434871
8.48388671875 7.75146484375 -19.59228515625 1434871
8.48388671875 7.75146484375 -19.59228515625 1434872
8.48388671875 7.75146484375 -19.59228515625 1434872
8.48388671875 7.75146484375 -19.59228515625 1434974
10.986328125 -3.60107421875 -3.84521484375 1434974
10.986328125 -3.60107421875 -3.84521484375 1434974
10.986328125 -3.60107421875 -3.84521484375 1434975
10.986328125 -3.60107421875 -3.84521484375 1435091
2.38037109375 -3.90625 2.0751953125 1435091
2.38037109375 -3.90625 2.0751953125 1435092
2.38037109375 -3.90625 2.0751953125 1435092
8.60595703125 5.06591796875 -6.4697265625 1435266
7.50732421875 22.76611328125 -1.03759765625 1435266
7.50732421875 22.76611328125 -1.03759765625 1435267
7.50732421875 22.76611328125 -1.03759765625 1435267
7.50732421875 22.76611328125 -1.03759765625 1435386
-24.59716796875 -44.25048828125 32.16552734375 1435386
-24.59716796875 -44.25048828125 32.16552734375 1435387
-24.59716796875 -44.25048828125 32.16552734375 1435387
-40.283203125 -51.26953125 47.4853515625 1435576
-57.55615234375 -43.8232421875 37.41455078125 1435576
-57.55615234375 -43.8232421875 37.41455078125 1435577
-57.55615234375 -43.8232421875 37.41455078125 1435577
-68.359375 -30.21240234375 28.99169921875 1435767
-41.07666015625 5.2490234375 17.39501953125 1435767
-41.07666015625 5.2490234375 17.39501953125 1435767
-41.07666015625 5.2490234375 17.39501953125 1435768
-41.07666015625 5.2490234375 17.39501953125 1435869
-23.8037109375 2.01416015625 13.36669921875 1435869
-23.8037109375 2.01416015625 13.36669921875 1435869
-23.8037109375 2.01416015625 13.36669921875 1435870
-10.43701171875 -2.685546875 4.7607421875 1435971
-10.43701171875 -2.685546875 4.7607421875 1435971
-10.43701171875 -2.685546875 4.7607421875 1435971
-10.43701171875 -2.685546875 4.7607421875 1436075
-2.5634765625 5.7373046875 -2.13623046875 1436075
-2.5634765625 5.7373046875 -2.13623046875 1436075
-2.5634765625 5.7373046875 -2.13623046875 1436076
-1.220703125 6.4697265625 -2.44140625 1436265
-5.43212890625 -1.40380859375 1.8310546875 1436265
-5.43212890625 -1.40380859375 1.8310546875 1436265
-5.43212890625 -1.40380859375 1.8310546875 1436266
-5.43212890625 -1.40380859375 1.8310546875 1436373
7.01904296875 2.25830078125 -0.67138671875 1436373
7.01904296875 2.25830078125 -0.67138671875 1436374
7.01904296875 2.25830078125 -0.67138671875 1436374
6.89697265625 -4.08935546875 -0.1220703125 1436563
-1.77001953125 3.11279296875 -1.220703125 1436563
-1.77001953125 3.11279296875 -1.220703125 1436564
-1.77001953125 3.11279296875 -1.220703125 1436564
-1.77001953125 3.11279296875 -1.220703125 1436665
-6.40869140625 -0.54931640625 2.5634765625 1436666
-6.40869140625 -0.54931640625 2.5634765625 1436666
-6.40869140625 -0.54931640625 2.5634765625 1436667
-6.40869140625 -0.54931640625 2.5634765625 1436768
7.01904296875 2.0751953125 -5.37109375 1436768
7.01904296875 2.0751953125 -5.37109375 1436768
7.01904296875 2.0751953125 -5.37109375 1436769
7.01904296875 2.0751953125 -5.37109375 1436871
4.5166015625 -1.8310546875 -0.9765625 1436871
4.5166015625 -1.8310546875 -0.9765625 1436871
4.5166015625 -1.8310546875 -0.9765625 1436872
4.5166015625 -1.8310546875 -0.9765625 1436973
1.77001953125 0.244140625 -0.732421875 1436973
1.77001953125 0.244140625 -0.732421875 1436973
1.77001953125 0.244140625 -0.732421875 1436974
1.77001953125 0.244140625 -0.732421875 1437076
-2.685546875 -1.64794921875 4.39453125 1437077
-2.685546875 -1.64794921875 4.39453125 1437077
-2.685546875 -1.64794921875 4.39453125 1437078
-4.2724609375 -2.13623046875 2.5634765625 1437266
-2.8076171875 -3.173828125 0.67138671875 1437267
-2.8076171875 -3.173828125 0.67138671875 1437267
-2.8076171875 -3.173828125 0.67138671875 1437267
-2.8076171875 -3.173828125 0.67138671875 1437369
4.39453125 -0.42724609375 -1.03759765625 1437370
4.39453125 -0.42724609375 -1.03759765625 1437370
4.39453125 -0.42724609375 -1.03759765625 1437371
4.39453125 -0.42724609375 -1.03759765625 1437471
3.60107421875 -2.99072265625 0.1220703125 1437472
3.60107421875 -2.99072265625 0.1220703125 1437472
3.60107421875 -2.99072265625 0.1220703125 1437472
3.60107421875 -2.99072265625 0.1220703125 1437573
-5.55419921875 -3.47900390625 2.13623046875 1437574
-5.55419921875 -3.47900390625 2.13623046875 1437574
-5.55419921875 -3.47900390625 2.13623046875 1437574
-5.55419921875 -3.47900390625 2.13623046875 1437676
-1.0986328125 -1.15966796875 -1.953125 1437676
-1.0986328125 -1.15966796875 -1.953125 1437677
-1.0986328125 -1.15966796875 -1.953125 1437677
-0.91552734375 -5.0048828125 -7.50732421875 1437863
0.06103515625 -6.89697265625 -7.2021484375 1437863
0.06103515625 -6.89697265625 -7.2021484375 1437864
0.06103515625 -6.89697265625 -7.2021484375 1437869
0.06103515625 -6.89697265625 -7.2021484375 1437966
5.06591796875 -1.220703125 -10.43701171875 1437966
5.06591796875 -1.220703125 -10.43701171875 1437966
5.06591796875 -1.220703125 -10.43701171875 1438069
2.38037109375 -4.39453125 -8.11767578125 1438069
2.38037109375 -4.39453125 -8.11767578125 1438069
2.38037109375 -4.39453125 -8.11767578125 1438070
2.38037109375 -4.39453125 -8.11767578125 1438171
6.2255859375 0 -12.39013671875 1438172
6.2255859375 0 -12.39013671875 1438172
6.2255859375 0 -12.39013671875 1438172
6.2255859375 0 -12.39013671875 1438274
-0.244140625 -4.2724609375 -6.40869140625 1438274
-0.244140625 -4.2724609375 -6.40869140625 1438274
-0.244140625 -4.2724609375 -6.40869140625 1438275
-3.11279296875 -3.90625 -2.44140625 1438463
-1.953125 -3.5400390625 -0.67138671875 1438463
-1.953125 -3.5400390625 -0.67138671875 1438464
-1.953125 -3.5400390625 -0.67138671875 1438464
-1.953125 -3.5400390625 -0.67138671875 1438567
-3.11279296875 -1.3427734375 1.0986328125 1438567
-3.11279296875 -1.3427734375 1.0986328125 1438567
-3.11279296875 -1.3427734375 1.0986328125 1438568
-3.11279296875 -1.3427734375 1.0986328125 1438669
-3.173828125 -1.5869140625 2.38037109375 1438669
-3.173828125 -1.5869140625 2.38037109375 1438669
-3.173828125 -1.5869140625 2.38037109375 1438670
-3.173828125 -1.5869140625 2.38037109375 1438771
-1.64794921875 -0.732421875 1.40380859375 1438771
-1.64794921875 -0.732421875 1.40380859375 1438771
-1.64794921875 -0.732421875 1.40380859375 1438772
-1.64794921875 -0.732421875 1.40380859375 1438874
-1.40380859375 -0.42724609375 2.62451171875 1438874
-1.40380859375 -0.42724609375 2.62451171875 1438875
-1.40380859375 -0.42724609375 2.62451171875 1438875
-0.91552734375 -3.90625 2.5634765625 1439064
-0.06103515625 -1.5869140625 3.11279296875 1439064
-0.06103515625 -1.5869140625 3.11279296875 1439064
-0.06103515625 -1.5869140625 3.11279296875 1439065
-0.06103515625 -1.5869140625 3.11279296875 1439166
-1.220703125 -2.5634765625 3.41796875 1439166
-1.220703125 -2.5634765625 3.41796875 1439166
-1.220703125 -2.5634765625 3.41796875 1439167
-1.220703125 -2.5634765625 3.41796875 1439269
-0.67138671875 0.06103515625 2.685546875 1439269
-0.67138671875 0.06103515625 2.685546875 1439269
-0.67138671875 0.06103515625 2.685546875 1439270
-0.67138671875 0.06103515625 2.685546875 1439371
-1.220703125 -1.46484375 2.44140625 1439371
-1.220703125 -1.46484375 2.44140625 1439371
-1.220703125 -1.46484375 2.44140625 1439372
-1.220703125 -1.46484375 2.44140625 1439474
-1.64794921875 -0.48828125 2.25830078125 1439474
-1.64794921875 -0.48828125 2.25830078125 1439474
-1.64794921875 -0.48828125 2.25830078125 1439475
0 0 2.74658203125 1439655
-1.8310546875 -0.9765625 2.99072265625 1439655
-1.8310546875 -0.9765625 2.99072265625 1439655
-1.8310546875 -0.9765625 2.99072265625 1439656
-1.8310546875 -0.9765625 2.99072265625 1439764
-0.6103515625 1.64794921875 2.38037109375 1439764
-0.6103515625 1.64794921875 2.38037109375 1439765
-0.6103515625 1.64794921875 2.38037109375 1439765
-0.6103515625 1.64794921875 2.38037109375 1439867
-2.0751953125 1.03759765625 2.74658203125 1439868
-2.0751953125 1.03759765625 2.74658203125 1439868
-2.0751953125 1.03759765625 2.74658203125 1439869
-1.46484375 -0.244140625 2.62451171875 1439969
-1.46484375 -0.244140625 2.62451171875 1439969
-1.46484375 -0.244140625 2.62451171875 1439970
-1.46484375 -0.244140625 2.62451171875 1440072
0.244140625 -1.46484375 2.9296875 1440072
0.244140625 -1.46484375 2.9296875 1440072
0.244140625 -1.46484375 2.9296875 1440073
-0.9765625 -1.8310546875 1.89208984375 1440262
-0.8544921875 -1.03759765625 3.47900390625 1440262
-0.8544921875 -1.03759765625 3.47900390625 1440262
-0.8544921875 -1.03759765625 3.47900390625 1440263
-0.8544921875 -1.03759765625 3.47900390625 1440365
-0.48828125 -1.220703125 3.0517578125 1440365
-0.48828125 -1.220703125 3.0517578125 1440366
-0.48828125 -1.220703125 3.0517578125 1440366
-1.5869140625 -2.13623046875 2.86865234375 1440566
-0.48828125 -1.03759765625 2.25830078125 1440566
-0.48828125 -1.03759765625 2.25830078125 1440567
-0.48828125 -1.03759765625 2.25830078125 1440567
-0.48828125 -1.03759765625 2.25830078125 1440668
-0.91552734375 0 1.708984375 1440668
-0.91552734375 0 1.708984375 1440669
-0.91552734375 0 1.708984375 1440669
-0.91552734375 0 1.708984375 1440772
0.732421875 -1.5869140625 2.197265625 1440772
0.732421875 -1.5869140625 2.197265625 1440772
0.732421875 -1.5869140625 2.197265625 1440773
0.732421875 -1.5869140625 2.197265625 1440874
0 -0.732421875 2.38037109375 1440874
0 -0.732421875 2.38037109375 1440874
0 -0.732421875 2.38037109375 1440875
-0.8544921875 -1.46484375 2.3193359375 1441062
0.1220703125 -2.197265625 2.0751953125 1441062
0.1220703125 -2.197265625 2.0751953125 1441062
0.1220703125 -2.197265625 2.0751953125 1441063
0.1220703125 -2.197265625 2.0751953125 1441165
-0.244140625 -1.0986328125 1.64794921875 1441166
-0.244140625 -1.0986328125 1.64794921875 1441166
-0.244140625 -1.0986328125 1.64794921875 1441166
-0.244140625 -1.0986328125 1.64794921875 1441268
0.18310546875 0.244140625 1.64794921875 1441268
0.18310546875 0.244140625 1.64794921875 1441268
0.18310546875 0.244140625 1.64794921875 1441269
0.18310546875 0.244140625 1.64794921875 1441384
-0.48828125 -1.3427734375 1.708984375 1441384
-0.48828125 -1.3427734375 1.708984375 1441385
-0.48828125 -1.3427734375 1.708984375 1441385
-0.48828125 -1.3427734375 1.708984375 1441493
-0.9765625 -0.91552734375 2.8076171875 1441493
-0.9765625 -0.91552734375 2.8076171875 1441494
-0.9765625 -0.91552734375 2.8076171875 1441494
-0.06103515625 -0.67138671875 1.89208984375 1441662
0.1220703125 0 2.25830078125 1441663
0.1220703125 0 2.25830078125 1441663
0.1220703125 0 2.25830078125 1441664
0.1220703125 0 2.25830078125 1441765
-0.6103515625 -0.67138671875 1.708984375 1441765
-0.6103515625 -0.67138671875 1.708984375 1441765
-0.6103515625 -0.67138671875 1.708984375 1441766
-0.18310546875 -1.220703125 1.52587890625 1441868
-0.18310546875 -1.220703125 1.52587890625 1441868
-0.18310546875 -1.220703125 1.52587890625 1441868
-0.18310546875 -1.220703125 1.52587890625 1441971
-0.48828125 -1.0986328125 1.708984375 1441971
-0.48828125 -1.0986328125 1.708984375 1441971
-0.48828125 -1.0986328125 1.708984375 1441972
0.06103515625 -1.03759765625 1.03759765625 1442161
0 -1.64794921875 1.40380859375 1442161
0 -1.64794921875 1.40380859375 1442161
0 -1.64794921875 1.40380859375 1442162
0 -1.64794921875 1.40380859375 1442263
0.30517578125 -0.42724609375 1.46484375 1442263
0.30517578125 -0.42724609375 1.46484375 1442264
0.30517578125 -0.42724609375 1.46484375 1442264
0.30517578125 -0.42724609375 1.46484375 1442827
-0.30517578125 -1.77001953125 1.8310546875 1442828
-0.30517578125 -1.77001953125 1.8310546875 1442828
-0.30517578125 -1.77001953125 1.8310546875 1442828
-1.52587890625 -0.8544921875 2.197265625 1442962
-0.67138671875 -1.3427734375 2.3193359375 1442962
-0.67138671875 -1.3427734375 2.3193359375 1442963
-0.67138671875 -1.3427734375 2.3193359375 1442963
-0.67138671875 -1.3427734375 2.3193359375 1443066
-1.64794921875 -0.79345703125 1.64794921875 1443066
-1.64794921875 -0.79345703125 1.64794921875 1443066
-1.64794921875 -0.79345703125 1.64794921875 1443067
-1.64794921875 -0.79345703125 1.64794921875 1443167
-0.79345703125 0 1.8310546875 1443167
-0.79345703125 0 1.8310546875 1443167
-0.79345703125 0 1.8310546875 1443168
-0.79345703125 0 1.8310546875 1443270
0 -0.67138671875 1.5869140625 1443270
0 -0.67138671875 1.5869140625 1443270
0 -0.67138671875 1.5869140625 1443271
0 -0.67138671875 1.5869140625 1443372
-0.42724609375 -1.5869140625 1.46484375 1443374
-0.42724609375 -1.5869140625 1.46484375 1443375
-0.42724609375 -1.5869140625 1.46484375 1443375
-0.30517578125 -0.244140625 1.89208984375 1443561
-0.67138671875 -0.48828125 2.13623046875 1443561
-0.67138671875 -0.48828125 2.13623046875 1443562
-0.67138671875 -0.48828125 2.13623046875 1443562
-0.67138671875 -0.48828125 2.13623046875 1443663
-0.9765625 -0.732421875 1.64794921875 1443663
-0.9765625 -0.732421875 1.64794921875 1443663
-0.9765625 -0.732421875 1.64794921875 1443664
-0.732421875 -0.1220703125 2.0751953125 1443766
-0.732421875 -0.1220703125 2.0751953125 1443766
-0.732421875 -0.1220703125 2.0751953125 1443767
-0.732421875 -0.1220703125 2.0751953125 1443870
-0.18310546875 -0.79345703125 1.5869140625 1443870
-0.18310546875 -0.79345703125 1.5869140625 1443870
-0.18310546875 -0.79345703125 1.5869140625 1443871
-1.0986328125 -0.3662109375 1.64794921875 1444059
-0.06103515625 -1.3427734375 0.9765625 1444060
-0.06103515625 -1.3427734375 0.9765625 1444060
-0.06103515625 -1.3427734375 0.9765625 1444060
-0.06103515625 -1.3427734375 0.9765625 1444165
-1.64794921875 -0.732421875 1.89208984375 1444165
-1.64794921875 -0.732421875 1.89208984375 1444165
-1.64794921875 -0.732421875 1.89208984375 1444166
-1.64794921875 -0.732421875 1.89208984375 1444267
-1.52587890625 -1.220703125 1.708984375 1444268
-1.52587890625 -1.220703125 1.708984375 1444268
-1.52587890625 -1.220703125 1.708984375 1444268
-1.52587890625 -1.220703125 1.708984375 1444370
-0.8544921875 -0.30517578125 1.52587890625 1444370
-0.8544921875 -0.30517578125 1.52587890625 1444370
-0.8544921875 -0.30517578125 1.52587890625 1444371
-0.732421875 -1.03759765625 1.220703125 1444560
-1.77001953125 -1.708984375 1.03759765625 1444560
-1.77001953125 -1.708984375 1.03759765625 1444561
-1.77001953125 -1.708984375 1.03759765625 1444561
-1.77001953125 -1.708984375 1.03759765625 1444662
-3.41796875 -0.8544921875 0.42724609375 1444663
-3.41796875 -0.8544921875 0.42724609375 1444663
-3.41796875 -0.8544921875 0.42724609375 1444663
-3.41796875 -0.8544921875 0.42724609375 1444766
-5.06591796875 -0.79345703125 -0.48828125 1444767
-5.06591796875 -0.79345703125 -0.48828125 1444767
-5.06591796875 -0.79345703125 -0.48828125 1444768
-5.06591796875 -0.79345703125 -0.48828125 1444869
-4.33349609375 -3.7841796875 -2.86865234375 1444869
-4.33349609375 -3.7841796875 -2.86865234375 1444869
-4.33349609375 -3.7841796875 -2.86865234375 1444870
-4.33349609375 -3.7841796875 -2.86865234375 1444971
-1.15966796875 -1.77001953125 -4.0283203125 1444971
-1.15966796875 -1.77001953125 -4.0283203125 1444971
-1.15966796875 -1.77001953125 -4.0283203125 1444972
1.64794921875 -3.23486328125 -11.65771484375 1445159
11.3525390625 -2.13623046875 -23.92578125 1445159
11.3525390625 -2.13623046875 -23.92578125 1445160
11.3525390625 -2.13623046875 -23.92578125 1445160
11.3525390625 -2.13623046875 -23.92578125 1445261
18.12744140625 -3.90625 -24.84130859375 1445261
18.12744140625 -3.90625 -24.84130859375 1445262
18.12744140625 -3.90625 -24.84130859375 1445262
18.12744140625 -3.90625 -24.84130859375 1445363
46.56982421875 4.82177734375 -46.93603515625 1445364
46.56982421875 4.82177734375 -46.93603515625 1445364
46.56982421875 4.82177734375 -46.93603515625 1445365
82.45849609375 36.19384765625 -56.57958984375 1445554
128.60107421875 163.51318359375 -95.64208984375 1445565
128.60107421875 163.51318359375 -95.64208984375 1445565
128.60107421875 163.51318359375 -95.64208984375 1445566
128.60107421875 163.51318359375 -95.64208984375 1445669
88.19580078125 244.32373046875 -131.103515625 1445669
88.19580078125 244.32373046875 -131.103515625 1445669
88.19580078125 244.32373046875 -131.103515625 1445670
71.77734375 206.54296875 -136.3525390625 1445858
35.7666015625 112.6708984375 -68.90869140625 1445858
35.7666015625 112.6708984375 -68.90869140625 1445858
35.7666015625 112.6708984375 -68.90869140625 1445859
35.7666015625 112.6708984375 -68.90869140625 1445973
8.1787109375 18.4326171875 -13.427734375 1445980
8.1787109375 18.4326171875 -13.427734375 1445980
8.1787109375 18.4326171875 -13.427734375 1445981
15.625 73.2421875 23.5595703125 1446166
11.71875 -16.4794921875 3.662109375 1446167
11.71875 -16.4794921875 3.662109375 1446167
11.71875 -16.4794921875 3.662109375 1446167
-12.20703125 -102.72216796875 28.80859375 1446368
-53.03955078125 -194.39697265625 39.61181640625 1446368
-53.03955078125 -194.39697265625 39.61181640625 1446369
-53.03955078125 -194.39697265625 39.61181640625 1446369
-53.03955078125 -194.39697265625 39.61181640625 1446470
-134.27734375 -268.49365234375 80.74951171875 1446470
-134.27734375 -268.49365234375 80.74951171875 1446471
-134.27734375 -268.49365234375 80.74951171875 1446471
-181.45751953125 -235.4736328125 172.66845703125 1446659
-95.15380859375 -124.3896484375 127.38037109375 1446659
-95.15380859375 -124.3896484375 127.38037109375 1446660
-95.15380859375 -124.3896484375 127.38037109375 1446660
-95.15380859375 -124.3896484375 127.38037109375 1446761
22.94921875 -13.0615234375 48.76708984375 1446761
22.94921875 -13.0615234375 48.76708984375 1446761
22.94921875 -13.0615234375 48.76708984375 1446762
22.94921875 -13.0615234375 48.76708984375 1446863
56.09130859375 21.240234375 48.095703125 1446863
56.09130859375 21.240234375 48.095703125 1446863
56.09130859375 21.240234375 48.095703125 1446864
56.09130859375 21.240234375 48.095703125 1446993
70.00732421875 65.185546875 33.87451171875 1446993
70.00732421875 65.185546875 33.87451171875 1446994
70.00732421875 65.185546875 33.87451171875 1446994
54.13818359375 66.89453125 -3.23486328125 1447147
36.43798828125 15.380859375 -14.70947265625 1447147
36.43798828125 15.380859375 -14.70947265625 1447148
36.43798828125 15.380859375 -14.70947265625 1447148
36.43798828125 15.380859375 -14.70947265625 1447258
24.23095703125 8.85009765625 -15.5029296875 1447259
24.23095703125 8.85009765625 -15.5029296875 1447259
24.23095703125 8.85009765625 -15.5029296875 1447260
24.23095703125 8.85009765625 -15.5029296875 1447367
6.8359375 0.18310546875 -3.96728515625 1447367
6.8359375 0.18310546875 -3.96728515625 1447367
6.8359375 0.18310546875 -3.96728515625 1447368
-3.662109375 -2.62451171875 5.55419921875 1447557
-20.20263671875 -17.822265625 8.97216796875 1447557
-20.20263671875 -17.822265625 8.97216796875 1447558
-20.20263671875 -17.822265625 8.97216796875 1447558
-20.20263671875 -17.822265625 8.97216796875 1447660
-6.591796875 -16.9677734375 24.90234375 1447660
-6.591796875 -16.9677734375 24.90234375 1447660
-6.591796875 -16.9677734375 24.90234375 1447661
-6.591796875 -16.9677734375 24.90234375 1447762
-18.49365234375 -2.9296875 3.41796875 1447762
-18.49365234375 -2.9296875 3.41796875 1447763
-18.49365234375 -2.9296875 3.41796875 1447764
-18.49365234375 -2.9296875 3.41796875 1447865
2.25830078125 11.962890625 0 1447865
2.25830078125 11.962890625 0 1447865
2.25830078125 11.962890625 0 1447866
2.25830078125 11.962890625 0 1447968
-4.82177734375 0 5.79833984375 1447969
-4.82177734375 0 5.79833984375 1447969
-4.82177734375 0 5.79833984375 1447969
-23.37646484375 -35.400390625 28.99169921875 1448157
-49.62158203125 -27.2216796875 33.87451171875 1448158
-49.62158203125 -27.2216796875 33.87451171875 1448158
-49.62158203125 -27.2216796875 33.87451171875 1448158
-49.62158203125 -27.2216796875 33.87451171875 1448260
-46.32568359375 -18.4326171875 35.21728515625 1448260
-46.32568359375 -18.4326171875 35.21728515625 1448260
-46.32568359375 -18.4326171875 35.21728515625 1448261
-46.32568359375 -18.4326171875 35.21728515625 1448362
-39.306640625 -6.4697265625 17.02880859375 1448363
-39.306640625 -6.4697265625 17.02880859375 1448363
-39.306640625 -6.4697265625 17.02880859375 1448363
-39.306640625 -6.4697265625 17.02880859375 1448465
-18.24951171875 5.859375 5.06591796875 1448465
-18.24951171875 5.859375 5.06591796875 1448465
-18.24951171875 5.859375 5.06591796875 1448466
-18.24951171875 5.859375 5.06591796875 1448568
-4.2724609375 1.15966796875 1.77001953125 1448568
-4.2724609375 1.15966796875 1.77001953125 1448568
-4.2724609375 1.15966796875 1.77001953125 1448569
-9.1552734375 -0.91552734375 2.50244140625 1448757
-10.8642578125 2.25830078125 1.64794921875 1448757
-10.8642578125 2.25830078125 1.64794921875 1448757
-10.8642578125 2.25830078125 1.64794921875 1448758
-10.8642578125 2.25830078125 1.64794921875 1448860
-7.8125 0 2.74658203125 1448860
-7.8125 0 2.74658203125 1448860
-7.8125 0 2.74658203125 1448861
1.40380859375 0.3662109375 -3.35693359375 1448963
1.40380859375 0.3662109375 -3.35693359375 1449005
1.40380859375 0.3662109375 -3.35693359375 1449005
1.40380859375 0.3662109375 -3.35693359375 1449066
-3.41796875 -4.39453125 6.40869140625 1449066
-3.41796875 -4.39453125 6.40869140625 1449171
-3.72314453125 -3.60107421875 2.0751953125 1449172
-3.72314453125 -3.60107421875 2.0751953125 1449172
-3.72314453125 -3.60107421875 2.0751953125 1449172
-5.126953125 -3.11279296875 2.99072265625 1449361
-0.8544921875 -1.8310546875 -0.42724609375 1449361
-0.8544921875 -1.8310546875 -0.42724609375 1449361
-0.8544921875 -1.8310546875 -0.42724609375 1449362
-0.8544921875 -1.8310546875 -0.42724609375 1449463
-0.48828125 1.220703125 -2.62451171875 1449463
-0.48828125 1.220703125 -2.62451171875 1449463
-0.48828125 1.220703125 -2.62451171875 1449464
-0.48828125 1.220703125 -2.62451171875 1449566
0.54931640625 -1.77001953125 -1.5869140625 1449566
0.54931640625 -1.77001953125 -1.5869140625 1449567
0.54931640625 -1.77001953125 -1.5869140625 1449567
0.3662109375 0.54931640625 -1.52587890625 1449759
-0.67138671875 -0.06103515625 0.3662109375 1449759
-0.67138671875 -0.06103515625 0.3662109375 1449760
-0.67138671875 -0.06103515625 0.3662109375 1449760
-0.67138671875 -0.06103515625 0.3662109375 1449859
0 1.77001953125 -1.0986328125 1449859
0 1.77001953125 -1.0986328125 1449961
-2.13623046875 -3.662109375 2.01416015625 1449961
-2.13623046875 -3.662109375 2.01416015625 1449961
-2.13623046875 -3.662109375 2.01416015625 1449962
-2.13623046875 -3.662109375 2.01416015625 1450064
-2.99072265625 -4.2724609375 -0.91552734375 1450065
-2.99072265625 -4.2724609375 -0.91552734375 1450066
-2.99072265625 -4.2724609375 -0.91552734375 1450066
-2.99072265625 -4.2724609375 -0.91552734375 1450166
-2.74658203125 -3.23486328125 -2.197265625 1450166
-2.74658203125 -3.23486328125 -2.197265625 1450166
-2.74658203125 -3.23486328125 -2.197265625 1450167
-2.8076171875 -6.4697265625 -5.31005859375 1450358
2.8076171875 -2.5634765625 -15.93017578125 1450358
2.8076171875 -2.5634765625 -15.93017578125 1450359
2.8076171875 -2.5634765625 -15.93017578125 1450359
1.953125 -4.7607421875 -18.00537109375 1450566
6.65283203125 -2.44140625 -18.24951171875 1450566
6.65283203125 -2.44140625 -18.24951171875 1450566
6.65283203125 -2.44140625 -18.24951171875 1450567
5.7373046875 -3.23486328125 -12.63427734375 1450757
6.65283203125 -0.1220703125 -13.18359375 1450757
6.65283203125 -0.1220703125 -13.18359375 1450758
6.65283203125 -0.1220703125 -13.18359375 1450758
6.65283203125 -0.1220703125 -13.18359375 1450866
2.99072265625 -7.4462890625 -4.33349609375 1450866
2.99072265625 -7.4462890625 -4.33349609375 1450866
2.99072265625 -7.4462890625 -4.33349609375 1450867
2.99072265625 -7.4462890625 -4.33349609375 1450967
2.74658203125 -3.96728515625 -3.173828125 1450968
2.74658203125 -3.96728515625 -3.173828125 1450968
2.74658203125 -3.96728515625 -3.173828125 1450968
1.52587890625 -2.25830078125 -2.685546875 1451156
-0.91552734375 -2.50244140625 0.8544921875 1451156
-0.91552734375 -2.50244140625 0.8544921875 1451156
-0.91552734375 -2.50244140625 0.8544921875 1451157
-0.91552734375 -2.50244140625 0.8544921875 1451258
-0.6103515625 -1.15966796875 1.953125 1451258
-0.6103515625 -1.15966796875 1.953125 1451258
-0.6103515625 -1.15966796875 1.953125 1451259
-1.0986328125 -0.48828125 3.2958984375 1451361
-1.0986328125 -0.48828125 3.2958984375 1451361
-1.0986328125 -0.48828125 3.2958984375 1451361
-1.0986328125 -0.48828125 3.2958984375 1451465
-3.173828125 -1.77001953125 3.47900390625 1451465
-3.173828125 -1.77001953125 3.47900390625 1451465
-3.173828125 -1.77001953125 3.47900390625 1451466
-1.5869140625 1.3427734375 1.953125 1451645
-0.732421875 -0.9765625 2.38037109375 1451646
-0.732421875 -0.9765625 2.38037109375 1451646
-0.732421875 -0.9765625 2.38037109375 1451646
-0.732421875 -0.9765625 2.38037109375 1451760
-0.30517578125 -0.48828125 2.25830078125 1451760
-0.30517578125 -0.48828125 2.25830078125 1451760
-0.30517578125 -0.48828125 2.25830078125 1451761
-0.30517578125 -0.48828125 2.25830078125 1451865
-1.0986328125 -0.244140625 2.197265625 1451866
-1.0986328125 -0.244140625 2.197265625 1451866
-1.0986328125 -0.244140625 2.197265625 1451867
-1.15966796875 -3.41796875 2.3193359375 1452055
-0.42724609375 -1.46484375 2.38037109375 1452055
-0.42724609375 -1.46484375 2.38037109375 1452055
-0.42724609375 -1.46484375 2.38037109375 1452056
-0.42724609375 -1.46484375 2.38037109375 1452159
0.48828125 -0.3662109375 1.953125 1452159
0.48828125 -0.3662109375 1.953125 1452159
0.48828125 -0.3662109375 1.953125 1452160
0.48828125 -0.3662109375 1.953125 1452261
-0.732421875 -2.25830078125 1.953125 1452261
-0.732421875 -2.25830078125 1.953125 1452261
-0.732421875 -2.25830078125 1.953125 1452262
-0.732421875 -2.25830078125 1.953125 1452373
-0.18310546875 -2.3193359375 2.25830078125 1452373
-0.18310546875 -2.3193359375 2.25830078125 1452373
-0.18310546875 -2.3193359375 2.25830078125 1452374
-0.9765625 -2.685546875 3.35693359375 1452563
0.244140625 -2.0751953125 2.50244140625 1452563
0.244140625 -2.0751953125 2.50244140625 1452563
0.244140625 -2.0751953125 2.50244140625 1452563
0.244140625 -2.0751953125 2.50244140625 1452665
0.1220703125 -1.89208984375 1.89208984375 1452665
0.1220703125 -1.89208984375 1.89208984375 1452666
0.1220703125 -1.89208984375 1.89208984375 1452666
-1.03759765625 -0.30517578125 2.13623046875 1452855
-0.54931640625 -0.06103515625 2.13623046875 1452855
-0.54931640625 -0.06103515625 2.13623046875 1452855
-0.54931640625 -0.06103515625 2.13623046875 1452856
-0.54931640625 -0.06103515625 2.13623046875 1452957
0 -1.708984375 1.953125 1452957
0 -1.708984375 1.953125 1452957
0 -1.708984375 1.953125 1452958
0.30517578125 -1.64794921875 2.3193359375 1453060
0.30517578125 -1.64794921875 2.3193359375 1453060
0.30517578125 -1.64794921875 2.3193359375 1453060
0.30517578125 -1.64794921875 2.3193359375 1453166
-0.8544921875 -1.03759765625 2.5634765625 1453166
-0.8544921875 -1.03759765625 2.5634765625 1453167
-0.8544921875 -1.03759765625 2.5634765625 1453167
-1.220703125 -0.54931640625 2.0751953125 1453353
-0.42724609375 -1.46484375 1.220703125 1453353
-0.42724609375 -1.46484375 1.220703125 1453353
-0.42724609375 -1.46484375 1.220703125 1453354
-0.42724609375 -1.46484375 1.220703125 1453456
-0.8544921875 -2.38037109375 2.38037109375 1453456
-0.8544921875 -2.38037109375 2.38037109375 1453456
-0.8544921875 -2.38037109375 2.38037109375 1453457
-0.8544921875 -2.38037109375 2.38037109375 1453558
-0.30517578125 -2.38037109375 1.77001953125 1453558
-0.30517578125 -2.38037109375 1.77001953125 1453559
-0.30517578125 -2.38037109375 1.77001953125 1453559
-0.30517578125 -2.38037109375 1.77001953125 1453661
-0.1220703125 -2.0751953125 1.40380859375 1453661
-0.1220703125 -2.0751953125 1.40380859375 1453661
-0.1220703125 -2.0751953125 1.40380859375 1453662
-0.18310546875 -2.50244140625 1.5869140625 1453854
-0.18310546875 -1.28173828125 0.3662109375 1453854
-0.18310546875 -1.28173828125 0.3662109375 1453854
-0.18310546875 -1.28173828125 0.3662109375 1453855
-0.18310546875 -1.28173828125 0.3662109375 1453957
-0.54931640625 -0.8544921875 1.220703125 1453957
-0.54931640625 -0.8544921875 1.220703125 1453958
-0.54931640625 -0.8544921875 1.220703125 1453958
-0.54931640625 -0.8544921875 1.220703125 1454058
0 -0.9765625 1.8310546875 1454058
0 -0.9765625 1.8310546875 1454059
0 -0.9765625 1.8310546875 1454059
0 -0.9765625 1.8310546875 1454161
0.42724609375 -0.8544921875 2.01416015625 1454161
0.42724609375 -0.8544921875 2.01416015625 1454161
0.42724609375 -0.8544921875 2.01416015625 1454162
0.42724609375 -0.8544921875 2.01416015625 1454264
-0.18310546875 -1.8310546875 2.3193359375 1454264
-0.18310546875 -1.8310546875 2.3193359375 1454264
-0.18310546875 -1.8310546875 2.3193359375 1454265
-0.91552734375 -0.79345703125 1.708984375 1454453
-0.67138671875 -0.79345703125 2.3193359375 1454453
-0.67138671875 -0.79345703125 2.3193359375 1454453
-0.67138671875 -0.79345703125 2.3193359375 1454454
-0.67138671875 -0.79345703125 2.3193359375 1454556
0.18310546875 -0.67138671875 0.9765625 1454556
0.18310546875 -0.67138671875 0.9765625 1454557
0.18310546875 -0.67138671875 0.9765625 1454557
0.18310546875 -0.67138671875 0.9765625 1454658
0 -0.54931640625 1.953125 1454658
0 -0.54931640625 1.953125 1454658
0 -0.54931640625 1.953125 1454659
0 -0.54931640625 1.953125 1454761
-0.54931640625 -0.79345703125 2.01416015625 1454762
-0.54931640625 -0.79345703125 2.01416015625 1454762
-0.54931640625 -0.79345703125 2.01416015625 1454762
-0.54931640625 -0.79345703125 2.01416015625 1454863
-0.8544921875 -1.03759765625 1.40380859375 1454863
-0.8544921875 -1.03759765625 1.40380859375 1454863
-0.8544921875 -1.03759765625 1.40380859375 1454864
-1.220703125 -1.52587890625 1.5869140625 1455053
-0.1220703125 -0.48828125 1.64794921875 1455053
-0.1220703125 -0.48828125 1.64794921875 1455053
-0.1220703125 -0.48828125 1.64794921875 1455054
-0.1220703125 -0.48828125 1.64794921875 1455156
-0.91552734375 -0.30517578125 1.77001953125 1455156
-0.91552734375 -0.30517578125 1.77001953125 1455156
-0.91552734375 -0.30517578125 1.77001953125 1455157
-1.3427734375 -1.28173828125 1.64794921875 1455265
-1.3427734375 -1.28173828125 1.64794921875 1455266
-1.3427734375 -1.28173828125 1.64794921875 1455266
-1.3427734375 -1.28173828125 1.64794921875 1455364
-1.0986328125 0.3662109375 2.3193359375 1455462
-1.0986328125 0.3662109375 2.3193359375 1455462
-1.0986328125 0.3662109375 2.3193359375 1455462
-1.0986328125 0.3662109375 2.3193359375 1455541
-1.89208984375 -0.79345703125 1.77001953125 1455653
-0.42724609375 -0.9765625 2.8076171875 1455653
-0.42724609375 -0.9765625 2.8076171875 1455653
-0.42724609375 -0.9765625 2.8076171875 1455654
-0.42724609375 -0.9765625 2.8076171875 1455756
-0.1220703125 -1.220703125 2.13623046875 1455756
-0.1220703125 -1.220703125 2.13623046875 1455756
-0.1220703125 -1.220703125 2.13623046875 1455757
-0.1220703125 -1.220703125 2.13623046875 1455859
-0.48828125 -1.0986328125 1.52587890625 1455859
-0.48828125 -1.0986328125 1.52587890625 1455859
-0.48828125 -1.0986328125 1.52587890625 1455860
-0.48828125 -1.0986328125 1.52587890625 1455961
-1.3427734375 -2.38037109375 2.685546875 1455961
-1.3427734375 -2.38037109375 2.685546875 1455961
-1.3427734375 -2.38037109375 2.685546875 1455962
-1.3427734375 -2.38037109375 2.685546875 1456063
0 -0.48828125 2.25830078125 1456063
0 -0.48828125 2.25830078125 1456063
0 -0.48828125 2.25830078125 1456064
-1.8310546875 -0.54931640625 4.33349609375 1456253
-2.8076171875 -0.79345703125 4.21142578125 1456253
-2.8076171875 -0.79345703125 4.21142578125 1456254
-2.8076171875 -0.79345703125 4.21142578125 1456254
-2.8076171875 -0.79345703125 4.21142578125 1456355
-1.89208984375 -0.42724609375 4.8828125 1456355
-1.89208984375 -0.42724609375 4.8828125 1456356
-1.89208984375 -0.42724609375 4.8828125 1456356
-1.89208984375 -0.42724609375 4.8828125 1456457
-2.44140625 -1.15966796875 3.72314453125 1456457
-2.44140625 -1.15966796875 3.72314453125 1456457
-2.44140625 -1.15966796875 3.72314453125 1456458
-2.44140625 -1.15966796875 3.72314453125 1456559
-3.5400390625 -1.77001953125 4.2724609375 1456559
-3.5400390625 -1.77001953125 4.2724609375 1456559
-3.5400390625 -1.77001953125 4.2724609375 1456560
0.8544921875 0.1220703125 3.60107421875 1456752
2.197265625 -2.9296875 3.60107421875 1456752
2.197265625 -2.9296875 3.60107421875 1456753
2.197265625 -2.9296875 3.60107421875 1456753
2.197265625 -2.9296875 3.60107421875 1456855
2.38037109375 0.8544921875 0.8544921875 1456855
2.38037109375 0.8544921875 0.8544921875 1456855
2.38037109375 0.8544921875 0.8544921875 1456856
1.28173828125 6.16455078125 1.15966796875 1457052
4.21142578125 5.615234375 1.3427734375 1457052
4.21142578125 5.615234375 1.3427734375 1457052
4.21142578125 5.615234375 1.3427734375 1457053
4.21142578125 5.615234375 1.3427734375 1457154
-1.708984375 0.18310546875 6.53076171875 1457154
-1.708984375 0.18310546875 6.53076171875 1457155
-1.708984375 0.18310546875 6.53076171875 1457155
0.79345703125 0.42724609375 6.04248046875 1457258
0.79345703125 0.42724609375 6.04248046875 1457259
0.79345703125 0.42724609375 6.04248046875 1457259
0.79345703125 0.42724609375 6.04248046875 1457361
0.3662109375 1.953125 8.1787109375 1457361
0.3662109375 1.953125 8.1787109375 1457361
0.3662109375 1.953125 8.1787109375 1457362
-0.3662109375 -1.708984375 8.9111328125 1457550
-3.84521484375 -7.8125 12.5732421875 1457550
-3.84521484375 -7.8125 12.5732421875 1457550
-3.84521484375 -7.8125 12.5732421875 1457551
-3.84521484375 -7.8125 12.5732421875 1457652
1.953125 -1.708984375 2.197265625 1457652
1.953125 -1.708984375 2.197265625 1457653
1.953125 -1.708984375 2.197265625 1457653
1.953125 -1.708984375 2.197265625 1457756
-8.23974609375 -3.96728515625 12.8173828125 1457757
-8.23974609375 -3.96728515625 12.8173828125 1457757
-8.23974609375 -3.96728515625 12.8173828125 1457757
-8.23974609375 -3.96728515625 12.8173828125 1457857
-2.685546875 2.62451171875 3.96728515625 1457857
-2.685546875 2.62451171875 3.96728515625 1457858
-2.685546875 2.62451171875 3.96728515625 1457858
-2.685546875 2.62451171875 3.96728515625 1457960
0.67138671875 -4.08935546875 3.23486328125 1457960
0.67138671875 -4.08935546875 3.23486328125 1457961
0.67138671875 -4.08935546875 3.23486328125 1457961
0.67138671875 -4.08935546875 3.23486328125 1458062
-7.26318359375 -10.68115234375 8.36181640625 1458062
-7.26318359375 -10.68115234375 8.36181640625 1458063
-7.26318359375 -10.68115234375 8.36181640625 1458063
-4.94384765625 -3.11279296875 3.96728515625 1458252
-6.591796875 1.52587890625 -2.99072265625 1458253
-6.591796875 1.52587890625 -2.99072265625 1458253
-6.591796875 1.52587890625 -2.99072265625 1458253
-6.591796875 1.52587890625 -2.99072265625 1458354
-8.9111328125 0.42724609375 -4.2724609375 1458355
-8.9111328125 0.42724609375 -4.2724609375 1458355
-8.9111328125 0.42724609375 -4.2724609375 1458355
-8.9111328125 0.42724609375 -4.2724609375 1458457
2.62451171875 0.6103515625 -15.625 1458457
2.62451171875 0.6103515625 -15.625 1458457
2.62451171875 0.6103515625 -15.625 1458458
2.62451171875 0.6103515625 -15.625 1458559
10.92529296875 -3.84521484375 -21.240234375 1458560
10.92529296875 -3.84521484375 -21.240234375 1458560
10.92529296875 -3.84521484375 -21.240234375 1458560
10.92529296875 -3.84521484375 -21.240234375 1458662
20.08056640625 -3.23486328125 -27.4658203125 1458662
20.08056640625 -3.23486328125 -27.4658203125 1458663
20.08056640625 -3.23486328125 -27.4658203125 1458663
22.88818359375 -8.36181640625 -18.49365234375 1458855
61.4013671875 30.8837890625 -42.236328125 1458855
61.4013671875 30.8837890625 -42.236328125 1458856
61.4013671875 30.8837890625 -42.236328125 1458856
61.4013671875 30.8837890625 -42.236328125 1458957
123.9013671875 120.66650390625 -113.58642578125 1458957
123.9013671875 120.66650390625 -113.58642578125 1458958
123.9013671875 120.66650390625 -113.58642578125 1458958
123.9013671875 120.66650390625 -113.58642578125 1459060
83.3740234375 178.7109375 -90.63720703125 1459060
83.3740234375 178.7109375 -90.63720703125 1459060
83.3740234375 178.7109375 -90.63720703125 1459061
83.3740234375 178.7109375 -90.63720703125 1459162
66.34521484375 216.85791015625 -117.7978515625 1459162
66.34521484375 216.85791015625 -117.7978515625 1459162
66.34521484375 216.85791015625 -117.7978515625 1459163
63.78173828125 165.83251953125 -108.3984375 1459351
20.32470703125 24.59716796875 -56.7626953125 1459351
20.32470703125 24.59716796875 -56.7626953125 1459351
20.32470703125 24.59716796875 -56.7626953125 1459352
20.32470703125 24.59716796875 -56.7626953125 1459453
-25.20751953125 -29.11376953125 5.0048828125 1459453
-25.20751953125 -29.11376953125 5.0048828125 1459453
-25.20751953125 -29.11376953125 5.0048828125 1459454
22.0947265625 159.423828125 69.03076171875 1459556
22.0947265625 159.423828125 69.03076171875 1459556
22.0947265625 159.423828125 69.03076171875 1459557
22.0947265625 159.423828125 69.03076171875 1459665
-11.3525390625 -163.9404296875 -25.69580078125 1459666
-11.3525390625 -163.9404296875 -25.69580078125 1459666
-11.3525390625 -163.9404296875 -25.69580078125 1459666
-45.83740234375 -47.30224609375 113.83056640625 1459855
-81.84814453125 -177.18505859375 49.8046875 1459856
-81.84814453125 -177.18505859375 49.8046875 1459856
-81.84814453125 -177.18505859375 49.8046875 1459857
-177.001953125 -230.16357421875 76.84326171875 1460056
-151.42822265625 -147.52197265625 128.23486328125 1460057
-151.42822265625 -147.52197265625 128.23486328125 1460058
-151.42822265625 -147.52197265625 128.23486328125 1460058
-107.2998046875 -121.58203125 148.92578125 1460251
-35.82763671875 -75.3173828125 110.04638671875 1460286
-35.82763671875 -75.3173828125 110.04638671875 1460286
-35.82763671875 -75.3173828125 110.04638671875 1460287
-35.82763671875 -75.3173828125 110.04638671875 1460353
22.0947265625 -31.55517578125 62.255859375 1460461
58.7158203125 10.92529296875 13.73291015625 1460461
58.7158203125 10.92529296875 13.73291015625 1460461
58.7158203125 10.92529296875 13.73291015625 1460462
158.26416015625 103.45458984375 -116.69921875 1460649
46.32568359375 44.98291015625 -38.6962890625 1460650
46.32568359375 44.98291015625 -38.6962890625 1460650
46.32568359375 44.98291015625 -38.6962890625 1460650
46.32568359375 44.98291015625 -38.6962890625 1460754
7.568359375 23.49853515625 -33.14208984375 1460754
7.568359375 23.49853515625 -33.14208984375 1460755
7.568359375 23.49853515625 -33.14208984375 1460755
7.568359375 23.49853515625 -33.14208984375 1460856
11.8408203125 -21.17919921875 3.2958984375 1460856
11.8408203125 -21.17919921875 3.2958984375 1460856
11.8408203125 -21.17919921875 3.2958984375 1460857
11.8408203125 -21.17919921875 3.2958984375 1460958
-5.126953125 -11.29150390625 3.41796875 1460959
-5.126953125 -11.29150390625 3.41796875 1460959
-5.126953125 -11.29150390625 3.41796875 1460959
-5.126953125 -11.29150390625 3.41796875 1461060
-10.7421875 9.70458984375 -3.84521484375 1461060
-10.7421875 9.70458984375 -3.84521484375 1461061
-10.7421875 9.70458984375 -3.84521484375 1461061
-2.197265625 12.5732421875 2.62451171875 1461248
-17.9443359375 -7.26318359375 12.14599609375 1461248
-17.9443359375 -7.26318359375 12.14599609375 1461249
-17.9443359375 -7.26318359375 12.14599609375 1461249
-17.9443359375 -7.26318359375 12.14599609375 1461351
-22.03369140625 -8.4228515625 14.2822265625 1461351
-22.03369140625 -8.4228515625 14.2822265625 1461359
-22.03369140625 -8.4228515625 14.2822265625 1461360
-22.03369140625 -8.4228515625 14.2822265625 1461453
-32.28759765625 -16.7236328125 34.11865234375 1461453
-32.28759765625 -16.7236328125 34.11865234375 1461556
-38.87939453125 -13.916015625 25.2685546875 1461556
-38.87939453125 -13.916015625 25.2685546875 1461556
-38.87939453125 -13.916015625 25.2685546875 1461557
-38.87939453125 -13.916015625 25.2685546875 1461658
-30.76171875 -0.54931640625 15.380859375 1461658
-30.76171875 -0.54931640625 15.380859375 1461658
-30.76171875 -0.54931640625 15.380859375 1461659
-16.2353515625 5.31005859375 3.11279296875 1461848
-1.64794921875 7.6904296875 -3.5400390625 1461848
-1.64794921875 7.6904296875 -3.5400390625 1461848
-1.64794921875 7.6904296875 -3.5400390625 1461849
-1.64794921875 7.6904296875 -3.5400390625 1461951
-7.50732421875 6.8359375 1.15966796875 1461951
-7.50732421875 6.8359375 1.15966796875 1461951
-7.50732421875 6.8359375 1.15966796875 1461952
-7.50732421875 6.8359375 1.15966796875 1462055
-2.38037109375 -3.662109375 2.38037109375 1462055
-2.38037109375 -3.662109375 2.38037109375 1462055
-2.38037109375 -3.662109375 2.38037109375 1462056
-2.38037109375 -3.662109375 2.38037109375 1462157
-2.3193359375 -10.6201171875 2.0751953125 1462157
-2.3193359375 -10.6201171875 2.0751953125 1462157
-2.3193359375 -10.6201171875 2.0751953125 1462158
-2.3193359375 -10.6201171875 2.0751953125 1462259
-3.84521484375 -5.9814453125 -1.0986328125 1462259
-3.84521484375 -5.9814453125 -1.0986328125 1462259
-3.84521484375 -5.9814453125 -1.0986328125 1462260
-4.0283203125 -3.5400390625 4.08935546875 1462448
-3.84521484375 -7.2021484375 1.03759765625 1462448
-3.84521484375 -7.2021484375 1.03759765625 1462448
-3.84521484375 -7.2021484375 1.03759765625 1462449
-3.84521484375 -7.2021484375 1.03759765625 1462552
-4.638671875 -0.18310546875 -4.8828125 1462552
-4.638671875 -0.18310546875 -4.8828125 1462552
-4.638671875 -0.18310546875 -4.8828125 1462553
0.30517578125 0.06103515625 -7.50732421875 1462653
0.30517578125 0.06103515625 -7.50732421875 1462653
0.30517578125 0.06103515625 -7.50732421875 1462653
0.30517578125 0.06103515625 -7.50732421875 1462757
0.42724609375 5.37109375 -4.69970703125 1462761
0.42724609375 5.37109375 -4.69970703125 1462761
0.42724609375 5.37109375 -4.69970703125 1462762
1.46484375 4.69970703125 -3.173828125 1462947
-4.2724609375 -1.220703125 2.44140625 1462947
-4.2724609375 -1.220703125 2.44140625 1462948
-4.2724609375 -1.220703125 2.44140625 1462948
-4.2724609375 -1.220703125 2.44140625 1463049
-3.173828125 -1.52587890625 0.3662109375 1463050
-3.173828125 -1.52587890625 0.3662109375 1463050
-3.173828125 -1.52587890625 0.3662109375 1463050
-3.173828125 -1.52587890625 0.3662109375 1463151
-4.08935546875 -4.8828125 -0.54931640625 1463151
-4.08935546875 -4.8828125 -0.54931640625 1463152
-4.08935546875 -4.8828125 -0.54931640625 1463152
-4.08935546875 -4.8828125 -0.54931640625 1463260
-3.60107421875 -7.9345703125 -3.35693359375 1463260
-3.60107421875 -7.9345703125 -3.35693359375 1463260
-3.60107421875 -7.9345703125 -3.35693359375 1463261
0 -3.90625 -5.79833984375 1463462
4.82177734375 2.197265625 -13.85498046875 1463463
4.82177734375 2.197265625 -13.85498046875 1463463
4.82177734375 2.197265625 -13.85498046875 1463463
3.173828125 1.89208984375 -9.82666015625 1463653
0.42724609375 -5.06591796875 -6.34765625 1463654
0.42724609375 -5.06591796875 -6.34765625 1463654
0.42724609375 -5.06591796875 -6.34765625 1463654
0.42724609375 -5.06591796875 -6.34765625 1463756
3.662109375 -6.34765625 -11.65771484375 1463756
3.662109375 -6.34765625 -11.65771484375 1463757
3.662109375 -6.34765625 -11.65771484375 1463757
3.662109375 -6.34765625 -11.65771484375 1463858
7.50732421875 -0.54931640625 -11.5966796875 1463859
7.50732421875 -0.54931640625 -11.5966796875 1463859
7.50732421875 -0.54931640625 -11.5966796875 1463859
3.84521484375 -5.615234375 -6.8359375 1464047
1.28173828125 -5.2490234375 -5.4931640625 1464047
1.28173828125 -5.2490234375 -5.4931640625 1464055
1.28173828125 -5.2490234375 -5.4931640625 1464055
1.28173828125 -5.2490234375 -5.4931640625 1464149
-1.220703125 -4.08935546875 -2.99072265625 1464150
-1.220703125 -4.08935546875 -2.99072265625 1464252
-2.44140625 -3.0517578125 -1.52587890625 1464252
-2.44140625 -3.0517578125 -1.52587890625 1464252
-2.44140625 -3.0517578125 -1.52587890625 1464253
-2.44140625 -3.0517578125 -1.52587890625 1464355
-2.3193359375 -3.662109375 -0.42724609375 1464355
-2.3193359375 -3.662109375 -0.42724609375 1464356
-2.3193359375 -3.662109375 -0.42724609375 1464356
-2.3193359375 -3.662109375 -0.42724609375 1464457
-0.30517578125 -2.3193359375 -0.3662109375 1464457
-0.30517578125 -2.3193359375 -0.3662109375 1464458
-0.30517578125 -2.3193359375 -0.3662109375 1464458
-1.40380859375 -2.38037109375 -0.1220703125 1464646
-0.18310546875 -0.67138671875 0.54931640625 1464646
-0.18310546875 -0.67138671875 0.54931640625 1464646
-0.18310546875 -0.67138671875 0.54931640625 1464647
-0.18310546875 -0.67138671875 0.54931640625 1464748
-1.220703125 -3.41796875 1.46484375 1464748
-1.220703125 -3.41796875 1.46484375 1464749
-1.220703125 -3.41796875 1.46484375 1464749
-1.220703125 -3.41796875 1.46484375 1464850
-0.48828125 -1.77001953125 2.44140625 1464850
-0.48828125 -1.77001953125 2.44140625 1464851
-0.48828125 -1.77001953125 2.44140625 1464851
-0.48828125 -1.77001953125 2.44140625 1464953
-0.42724609375 -1.220703125 2.25830078125 1464953
-0.42724609375 -1.220703125 2.25830078125 1464953
-0.42724609375 -1.220703125 2.25830078125 1464954
-0.42724609375 -1.220703125 2.25830078125 1465056
-0.732421875 -0.18310546875 2.9296875 1465056
-0.732421875 -0.18310546875 2.9296875 1465056
-0.732421875 -0.18310546875 2.9296875 1465057
-0.8544921875 -0.67138671875 2.8076171875 1465247
-1.40380859375 -0.48828125 3.0517578125 1465247
-1.40380859375 -0.48828125 3.0517578125 1465247
-1.40380859375 -0.48828125 3.0517578125 1465248
-1.40380859375 -0.48828125 3.0517578125 1465349
-0.79345703125 0.9765625 2.197265625 1465349
-0.79345703125 0.9765625 2.197265625 1465349
-0.79345703125 0.9765625 2.197265625 1465350
-0.79345703125 0.9765625 2.197265625 1465470
0.3662109375 0.42724609375 3.41796875 1465471
0.3662109375 0.42724609375 3.41796875 1465471
0.3662109375 0.42724609375 3.41796875 1465472
0 0.1220703125 3.173828125 1465635
-0.54931640625 0.30517578125 3.60107421875 1465635
-0.54931640625 0.30517578125 3.60107421875 1465635
-0.54931640625 0.30517578125 3.60107421875 1465636
-0.54931640625 0.30517578125 3.60107421875 1465746
-0.48828125 -1.28173828125 3.35693359375 1465747
-0.48828125 -1.28173828125 3.35693359375 1465747
-0.48828125 -1.28173828125 3.35693359375 1465748
-0.48828125 -1.28173828125 3.35693359375 1465848
-0.244140625 -1.3427734375 2.8076171875 1465848
-0.244140625 -1.3427734375 2.8076171875 1465848
-0.244140625 -1.3427734375 2.8076171875 1465849
-0.244140625 -1.3427734375 2.8076171875 1465951
0.1220703125 -0.3662109375 3.47900390625 1465951
0.1220703125 -0.3662109375 3.47900390625 1465951
0.1220703125 -0.3662109375 3.47900390625 1465952
-0.18310546875 0.1220703125 2.86865234375 1466156
-0.06103515625 0 2.99072265625 1466156
-0.06103515625 0 2.99072265625 1466157
-0.06103515625 0 2.99072265625 1466157
-1.708984375 -1.03759765625 3.0517578125 1466346
-0.79345703125 -0.18310546875 2.5634765625 1466346
-0.79345703125 -0.18310546875 2.5634765625 1466347
-0.79345703125 -0.18310546875 2.5634765625 1466347
-0.79345703125 -0.18310546875 2.5634765625 1466454
-1.03759765625 -0.1220703125 2.13623046875 1466454
-1.03759765625 -0.1220703125 2.13623046875 1466455
-1.03759765625 -0.1220703125 2.13623046875 1466455
-1.52587890625 -1.77001953125 1.03759765625 1466643
-0.8544921875 -1.03759765625 2.0751953125 1466643
-0.8544921875 -1.03759765625 2.0751953125 1466644
-0.8544921875 -1.03759765625 2.0751953125 1466644
-0.8544921875 -1.03759765625 2.0751953125 1466746
-1.03759765625 -1.3427734375 1.15966796875 1466746
-1.03759765625 -1.3427734375 1.15966796875 1466746
-1.03759765625 -1.3427734375 1.15966796875 1466747
-1.03759765625 -1.3427734375 1.15966796875 1466850
-0.3662109375 -1.46484375 1.89208984375 1466850
-0.3662109375 -1.46484375 1.89208984375 1466850
-0.3662109375 -1.46484375 1.89208984375 1466851
-1.46484375 -0.3662109375 2.86865234375 1466951
-1.46484375 -0.3662109375 2.86865234375 1466951
-1.46484375 -0.3662109375 2.86865234375 1467055
-1.40380859375 -1.28173828125 1.28173828125 1467055
-1.40380859375 -1.28173828125 1.28173828125 1467056
-1.40380859375 -1.28173828125 1.28173828125 1467056
-1.3427734375 -1.3427734375 1.89208984375 1467245
-0.79345703125 -0.3662109375 2.38037109375 1467245
-0.79345703125 -0.3662109375 2.38037109375 1467246
-0.79345703125 -0.3662109375 2.38037109375 1467246
-0.79345703125 -0.3662109375 2.38037109375 1467348
-1.15966796875 -0.91552734375 1.77001953125 1467348
-1.15966796875 -0.91552734375 1.77001953125 1467348
-1.15966796875 -0.91552734375 1.77001953125 1467349
-1.15966796875 -0.91552734375 1.77001953125 1467450
-0.54931640625 -0.732421875 1.15966796875 1467450
-0.54931640625 -0.732421875 1.15966796875 1467450
-0.54931640625 -0.732421875 1.15966796875 1467451
-0.54931640625 -0.732421875 1.15966796875 1467552
-0.18310546875 -0.06103515625 1.953125 1467552
-0.18310546875 -0.06103515625 1.953125 1467552
-0.18310546875 -0.06103515625 1.953125 1467553
-0.18310546875 -0.06103515625 1.953125 1467655
-0.30517578125 -0.54931640625 1.708984375 1467655
-0.30517578125 -0.54931640625 1.708984375 1467655
-0.30517578125 -0.54931640625 1.708984375 1467656
-1.5869140625 -1.03759765625 1.77001953125 1467845
-0.9765625 -1.40380859375 1.64794921875 1467845
-0.9765625 -1.40380859375 1.64794921875 1467845
-0.9765625 -1.40380859375 1.64794921875 1467846
-0.9765625 -1.40380859375 1.64794921875 1467947
-0.79345703125 -1.03759765625 1.52587890625 1467947
-0.79345703125 -1.03759765625 1.52587890625 1467947
-0.79345703125 -1.03759765625 1.52587890625 1467948
-0.79345703125 -1.03759765625 1.52587890625 1468050
0 -0.732421875 1.0986328125 1468050
0 -0.732421875 1.0986328125 1468051
0 -0.732421875 1.0986328125 1468051
0 -0.732421875 1.0986328125 1468153
0.18310546875 -1.28173828125 0.79345703125 1468153
0.18310546875 -1.28173828125 0.79345703125 1468153
0.18310546875 -1.28173828125 0.79345703125 1468154
0.18310546875 -1.28173828125 0.79345703125 1468255
-0.3662109375 -0.8544921875 2.0751953125 1468255
-0.3662109375 -0.8544921875 2.0751953125 1468256
-0.3662109375 -0.8544921875 2.0751953125 1468256
-0.732421875 -1.03759765625 1.77001953125 1468445
-0.6103515625 0.18310546875 2.197265625 1468445
-0.6103515625 0.18310546875 2.197265625 1468446
-0.6103515625 0.18310546875 2.197265625 1468446
-0.6103515625 0.18310546875 2.197265625 1468547
-0.06103515625 -1.03759765625 1.953125 1468547
-0.06103515625 -1.03759765625 1.953125 1468548
-0.06103515625 -1.03759765625 1.953125 1468548
-0.18310546875 -1.03759765625 2.38037109375 1468649
-0.18310546875 -1.03759765625 2.38037109375 1468649
-0.18310546875 -1.03759765625 2.38037109375 1468649
-0.18310546875 -1.03759765625 2.38037109375 1468753
-0.9765625 0.06103515625 2.25830078125 1468753
-0.9765625 0.06103515625 2.25830078125 1468754
-0.9765625 0.06103515625 2.25830078125 1468754
-1.46484375 -1.40380859375 2.3193359375 1468944
-0.67138671875 -0.30517578125 1.89208984375 1468944
-0.67138671875 -0.30517578125 1.89208984375 1468945
-0.67138671875 -0.30517578125 1.89208984375 1468945
-0.67138671875 -0.30517578125 1.89208984375 1469045
-0.42724609375 -0.3662109375 2.38037109375 1469045
-0.42724609375 -0.3662109375 2.38037109375 1469045
-0.42724609375 -0.3662109375 2.38037109375 1469046
-0.42724609375 -0.3662109375 2.38037109375 1469149
-0.1220703125 -0.91552734375 1.8310546875 1469149
-0.1220703125 -0.91552734375 1.8310546875 1469150
-0.1220703125 -0.91552734375 1.8310546875 1469150
-0.1220703125 -0.91552734375 1.8310546875 1469251
-1.220703125 0.06103515625 2.38037109375 1469251
-1.220703125 0.06103515625 2.38037109375 1469252
-1.220703125 0.06103515625 2.38037109375 1469252
-1.220703125 0.06103515625 2.38037109375 1469354
-1.220703125 -0.18310546875 1.40380859375 1469355
-1.220703125 -0.18310546875 1.40380859375 1469355
-1.220703125 -0.18310546875 1.40380859375 1469356
-1.220703125 -1.52587890625 2.13623046875 1469543
0.06103515625 -1.77001953125 2.0751953125 1469543
0.06103515625 -1.77001953125 2.0751953125 1469543
0.06103515625 -1.77001953125 2.0751953125 1469544
0.06103515625 -1.77001953125 2.0751953125 1469652
-0.30517578125 -1.03759765625 1.89208984375 1469653
-0.30517578125 -1.03759765625 1.89208984375 1469653
-0.30517578125 -1.03759765625 1.89208984375 1469653
-1.0986328125 -0.67138671875 2.50244140625 1469842
-0.91552734375 -1.220703125 2.5634765625 1469842
-0.91552734375 -1.220703125 2.5634765625 1469842
-0.91552734375 -1.220703125 2.5634765625 1469843
-0.91552734375 -1.220703125 2.5634765625 1469945
0.3662109375 -0.732421875 1.953125 1469945
0.3662109375 -0.732421875 1.953125 1469945
0.3662109375 -0.732421875 1.953125 1469946
0.3662109375 -0.732421875 1.953125 1470047
-0.244140625 0.06103515625 1.708984375 1470048
-0.244140625 0.06103515625 1.708984375 1470048
-0.244140625 0.06103515625 1.708984375 1470049
-0.244140625 0.06103515625 1.708984375 1470149
-0.42724609375 -0.1220703125 2.13623046875 1470150
-0.42724609375 -0.1220703125 2.13623046875 1470150
-0.42724609375 -0.1220703125 2.13623046875 1470150
-0.42724609375 -0.1220703125 2.13623046875 1470251
-1.40380859375 -0.91552734375 1.15966796875 1470251
-1.40380859375 -0.91552734375 1.15966796875 1470252
-1.40380859375 -0.91552734375 1.15966796875 1470252
-0.30517578125 -1.03759765625 2.50244140625 1470441
-1.3427734375 -1.28173828125 1.28173828125 1470442
-1.3427734375 -1.28173828125 1.28173828125 1470442
-1.3427734375 -1.28173828125 1.28173828125 1470442
-0.79345703125 -0.91552734375 1.89208984375 1470644
-1.40380859375 -1.40380859375 2.74658203125 1470644
-1.40380859375 -1.40380859375 2.74658203125 1470645
-1.40380859375 -1.40380859375 2.74658203125 1470645
-1.40380859375 -1.40380859375 2.74658203125 1470747
-2.74658203125 -0.1220703125 1.89208984375 1470747
-2.74658203125 -0.1220703125 1.89208984375 1470747
-2.74658203125 -0.1220703125 1.89208984375 1470748
-2.74658203125 -0.1220703125 1.89208984375 1470849
-6.04248046875 -2.01416015625 0.244140625 1470850
-6.04248046875 -2.01416015625 0.244140625 1470850
-6.04248046875 -2.01416015625 0.244140625 1470851
-6.04248046875 -2.01416015625 0.244140625 1470951
-6.9580078125 -2.25830078125 -3.23486328125 1470960
-6.9580078125 -2.25830078125 -3.23486328125 1470961
-6.9580078125 -2.25830078125 -3.23486328125 1470961
-0.9765625 -0.8544921875 -7.080078125 1471145
0.79345703125 -2.13623046875 -11.962890625 1471145
0.79345703125 -2.13623046875 -11.962890625 1471145
0.79345703125 -2.13623046875 -11.962890625 1471146
3.72314453125 -7.87353515625 -19.83642578125 1471347
20.3857421875 -5.4931640625 -32.958984375 1471347
20.3857421875 -5.4931640625 -32.958984375 1471348
20.3857421875 -5.4931640625 -32.958984375 1471348
20.3857421875 -5.4931640625 -32.958984375 1471449
43.88427734375 1.708984375 -48.52294921875 1471449
43.88427734375 1.708984375 -48.52294921875 1471450
43.88427734375 1.708984375 -48.52294921875 1471450
43.88427734375 1.708984375 -48.52294921875 1471552
83.6181640625 35.15625 -63.3544921875 1471552
83.6181640625 35.15625 -63.3544921875 1471552
83.6181640625 35.15625 -63.3544921875 1471553
97.412109375 136.23046875 -78.61328125 1471742
91.97998046875 208.43505859375 -99.2431640625 1471742
91.97998046875 208.43505859375 -99.2431640625 1471742
91.97998046875 208.43505859375 -99.2431640625 1471743
91.97998046875 208.43505859375 -99.2431640625 1471845
65.36865234375 179.3212890625 -85.75439453125 1471845
65.36865234375 179.3212890625 -85.75439453125 1471846
65.36865234375 179.3212890625 -85.75439453125 1471846
65.36865234375 179.3212890625 -85.75439453125 1471947
60.72998046875 132.568359375 -79.4677734375 1471947
60.72998046875 132.568359375 -79.4677734375 1471947
60.72998046875 132.568359375 -79.4677734375 1471948
60.72998046875 132.568359375 -79.4677734375 1472054
37.65869140625 76.416015625 -54.19921875 1472055
37.65869140625 76.416015625 -54.19921875 1472056
37.65869140625 76.416015625 -54.19921875 1472056
18.85986328125 29.35791015625 -28.50341796875 1472230
33.87451171875 79.345703125 21.97265625 1472231
33.87451171875 79.345703125 21.97265625 1472231
33.87451171875 79.345703125 21.97265625 1472231
33.87451171875 79.345703125 21.97265625 1472342
-4.638671875 -108.70361328125 45.22705078125 1472342
-4.638671875 -108.70361328125 45.22705078125 1472343
-4.638671875 -108.70361328125 45.22705078125 1472343
-4.638671875 -108.70361328125 45.22705078125 1472444
-55.23681640625 -241.2109375 41.68701171875 1472444
-55.23681640625 -241.2109375 41.68701171875 1472445
-55.23681640625 -241.2109375 41.68701171875 1472445
-142.88330078125 -271.8505859375 91.4306640625 1472547
-142.88330078125 -271.8505859375 91.4306640625 1472547
-142.88330078125 -271.8505859375 91.4306640625 1472547
-142.88330078125 -271.8505859375 91.4306640625 1472656
-139.7705078125 -164.4287109375 164.0625 1472656
-139.7705078125 -164.4287109375 164.0625 1472656
-139.7705078125 -164.4287109375 164.0625 1472657
-35.400390625 -44.7998046875 153.25927734375 1472853
-2.86865234375 -25.2685546875 87.34130859375 1472853
-2.86865234375 -25.2685546875 87.34130859375 1472853
-2.86865234375 -25.2685546875 87.34130859375 1472854
