-28.4423828125 -67.138671875 8.11767578125 1278922
-28.4423828125 -67.138671875 8.11767578125 1278922
-6.89697265625 -15.31982421875 6.04248046875 1278923
-6.89697265625 -15.31982421875 6.04248046875 1278923
-6.89697265625 -15.31982421875 6.04248046875 1278924
-12.6953125 -6.65283203125 14.70947265625 1279119
-15.93017578125 -5.31005859375 9.09423828125 1279120
-15.93017578125 -5.31005859375 9.09423828125 1279120
-15.93017578125 -5.31005859375 9.09423828125 1279120
-15.93017578125 -5.31005859375 9.09423828125 1279226
-14.58740234375 -4.82177734375 9.09423828125 1279226
-14.58740234375 -4.82177734375 9.09423828125 1279227
-14.58740234375 -4.82177734375 9.09423828125 1279227
-14.58740234375 -4.82177734375 9.09423828125 1279329
-5.92041015625 -1.8310546875 7.38525390625 1279330
-5.92041015625 -1.8310546875 7.38525390625 1279331
-5.92041015625 -1.8310546875 7.38525390625 1279331
-3.0517578125 0.244140625 6.04248046875 1279573
-0.67138671875 -0.1220703125 2.50244140625 1279574
-0.67138671875 -0.1220703125 2.50244140625 1279574
-0.67138671875 -0.1220703125 2.50244140625 1279575
5.18798828125 2.3193359375 2.685546875 1279714
0.18310546875 -1.52587890625 1.3427734375 1279725
0.18310546875 -1.52587890625 1.3427734375 1279725
0.18310546875 -1.52587890625 1.3427734375 1279726
0.18310546875 -1.52587890625 1.3427734375 1279824
2.685546875 -1.0986328125 0 1279927
3.5400390625 2.62451171875 1.40380859375 1279927
3.5400390625 2.62451171875 1.40380859375 1279927
3.5400390625 2.62451171875 1.40380859375 1279928
3.5400390625 2.62451171875 1.40380859375 1280029
1.46484375 -1.89208984375 1.15966796875 1280029
1.46484375 -1.89208984375 1.15966796875 1280030
1.46484375 -1.89208984375 1.15966796875 1280030
1.5869140625 -1.708984375 2.25830078125 1280218
1.40380859375 -1.220703125 2.25830078125 1280219
1.40380859375 -1.220703125 2.25830078125 1280219
1.40380859375 -1.220703125 2.25830078125 1280219
1.40380859375 -1.220703125 2.25830078125 1280321
0.6103515625 -0.18310546875 2.86865234375 1280321
0.6103515625 -0.18310546875 2.86865234375 1280322
0.6103515625 -0.18310546875 2.86865234375 1280322
3.60107421875 0.91552734375 3.662109375 1280427
3.60107421875 0.91552734375 3.662109375 1280427
3.60107421875 0.91552734375 3.662109375 1280428
3.60107421875 0.91552734375 3.662109375 1280527
-3.41796875 9.82666015625 -8.11767578125 1280528
-3.41796875 9.82666015625 -8.11767578125 1280528
-3.41796875 9.82666015625 -8.11767578125 1280529
-3.41796875 9.82666015625 -8.11767578125 1280629
-15.625 10.1318359375 -5.126953125 1280630
-15.625 10.1318359375 -5.126953125 1280630
-15.625 10.1318359375 -5.126953125 1280630
-19.22607421875 40.95458984375 -12.5732421875 1280821
27.52685546875 60.60791015625 -40.283203125 1280821
27.52685546875 60.60791015625 -40.283203125 1280821
27.52685546875 60.60791015625 -40.283203125 1280822
27.52685546875 60.60791015625 -40.283203125 1280923
15.7470703125 12.02392578125 -4.638671875 1280923
15.7470703125 12.02392578125 -4.638671875 1280923
15.7470703125 12.02392578125 -4.638671875 1280924
15.7470703125 12.02392578125 -4.638671875 1281026
-13.12255859375 -52.18505859375 30.8837890625 1281026
-13.12255859375 -52.18505859375 30.8837890625 1281026
-13.12255859375 -52.18505859375 30.8837890625 1281027
-13.12255859375 -52.18505859375 30.8837890625 1281128
-45.47119140625 -51.81884765625 41.68701171875 1281129
-45.47119140625 -51.81884765625 41.68701171875 1281129
-45.47119140625 -51.81884765625 41.68701171875 1281129
-64.39208984375 -59.9365234375 62.744140625 1281317
-66.22314453125 -74.70703125 65.36865234375 1281317
-66.22314453125 -74.70703125 65.36865234375 1281318
-66.22314453125 -74.70703125 65.36865234375 1281318
-66.22314453125 -74.70703125 65.36865234375 1281419
-57.31201171875 -63.41552734375 68.603515625 1281419
-57.31201171875 -63.41552734375 68.603515625 1281420
-57.31201171875 -63.41552734375 68.603515625 1281421
-5.92041015625 -21.17919921875 17.822265625 1281523
-5.92041015625 -21.17919921875 17.822265625 1281523
-5.92041015625 -21.17919921875 17.822265625 1281524
-5.92041015625 -21.17919921875 17.822265625 1281625
12.14599609375 8.97216796875 11.1083984375 1281626
12.14599609375 8.97216796875 11.1083984375 1281626
12.14599609375 8.97216796875 11.1083984375 1281627
8.544921875 6.591796875 11.77978515625 1281816
6.7138671875 29.541015625 -9.6435546875 1281816
6.7138671875 29.541015625 -9.6435546875 1281817
6.7138671875 29.541015625 -9.6435546875 1281817
6.7138671875 29.541015625 -9.6435546875 1281921
5.55419921875 26.123046875 6.77490234375 1281922
5.55419921875 26.123046875 6.77490234375 1281922
5.55419921875 26.123046875 6.77490234375 1281923
5.55419921875 26.123046875 6.77490234375 1282026
5.06591796875 12.20703125 4.21142578125 1282027
5.06591796875 12.20703125 4.21142578125 1282027
5.06591796875 12.20703125 4.21142578125 1282028
9.1552734375 -8.48388671875 13.0615234375 1282216
-4.45556640625 12.02392578125 -4.69970703125 1282217
-4.45556640625 12.02392578125 -4.69970703125 1282217
-4.45556640625 12.02392578125 -4.69970703125 1282218
-4.45556640625 12.02392578125 -4.69970703125 1282318
-5.37109375 -22.15576171875 6.7138671875 1282319
-5.37109375 -22.15576171875 6.7138671875 1282319
-5.37109375 -22.15576171875 6.7138671875 1282320
13.18359375 -18.12744140625 1.64794921875 1282421
13.18359375 -18.12744140625 1.64794921875 1282422
13.18359375 -18.12744140625 1.64794921875 1282422
13.18359375 -18.12744140625 1.64794921875 1282524
33.26416015625 10.92529296875 -13.0615234375 1282525
33.26416015625 10.92529296875 -13.0615234375 1282526
33.26416015625 10.92529296875 -13.0615234375 1282526
6.77490234375 15.68603515625 0.42724609375 1282715
1.708984375 2.44140625 2.8076171875 1282715
1.708984375 2.44140625 2.8076171875 1282716
1.708984375 2.44140625 2.8076171875 1282716
1.708984375 2.44140625 2.8076171875 1282817
2.5634765625 2.62451171875 -1.40380859375 1282817
2.5634765625 2.62451171875 -1.40380859375 1282818
2.5634765625 2.62451171875 -1.40380859375 1282818
2.5634765625 2.62451171875 -1.40380859375 1282920
7.50732421875 8.544921875 -5.31005859375 1282920
7.50732421875 8.544921875 -5.31005859375 1282921
7.50732421875 8.544921875 -5.31005859375 1282922
7.50732421875 8.544921875 -5.31005859375 1283022
44.37255859375 62.98828125 -2.50244140625 1283022
44.37255859375 62.98828125 -2.50244140625 1283023
44.37255859375 62.98828125 -2.50244140625 1283023
44.37255859375 62.98828125 -2.50244140625 1283124
60.97412109375 70.61767578125 9.09423828125 1283125
60.97412109375 70.61767578125 9.09423828125 1283125
60.97412109375 70.61767578125 9.09423828125 1283126
60.97412109375 70.61767578125 9.09423828125 1283254
73.2421875 80.74951171875 -27.28271484375 1283254
73.2421875 80.74951171875 -27.28271484375 1283254
73.2421875 80.74951171875 -27.28271484375 1283255
36.4990234375 64.51416015625 -26.3671875 1283417
5.126953125 13.671875 -8.056640625 1283417
5.126953125 13.671875 -8.056640625 1283417
5.126953125 13.671875 -8.056640625 1283418
4.5166015625 -8.1787109375 2.86865234375 1283520
4.5166015625 -8.1787109375 2.86865234375 1283520
4.5166015625 -8.1787109375 2.86865234375 1283521
4.5166015625 -8.1787109375 2.86865234375 1283624
-6.04248046875 -17.39501953125 14.6484375 1283625
-6.04248046875 -17.39501953125 14.6484375 1283625
-6.04248046875 -17.39501953125 14.6484375 1283626
-5.43212890625 -7.4462890625 10.6201171875 1283814
-7.2021484375 -15.9912109375 21.240234375 1283814
-7.2021484375 -15.9912109375 21.240234375 1283815
-7.2021484375 -15.9912109375 21.240234375 1283815
-7.2021484375 -15.9912109375 21.240234375 1283922
-16.357421875 -24.71923828125 28.86962890625 1283922
-16.357421875 -24.71923828125 28.86962890625 1283923
-16.357421875 -24.71923828125 28.86962890625 1283923
-16.357421875 -24.71923828125 28.86962890625 1284025
-33.50830078125 -47.42431640625 50.29296875 1284025
-33.50830078125 -47.42431640625 50.29296875 1284026
-33.50830078125 -47.42431640625 50.29296875 1284026
-47.79052734375 -47.8515625 45.83740234375 1284212
-57.06787109375 -34.11865234375 37.65869140625 1284213
-57.06787109375 -34.11865234375 37.65869140625 1284214
-57.06787109375 -34.11865234375 37.65869140625 1284214
-57.06787109375 -34.11865234375 37.65869140625 1284315
-36.92626953125 -12.939453125 26.91650390625 1284315
-36.92626953125 -12.939453125 26.91650390625 1284316
-36.92626953125 -12.939453125 26.91650390625 1284316
-36.92626953125 -12.939453125 26.91650390625 1284417
-13.7939453125 -1.03759765625 9.82666015625 1284418
-13.7939453125 -1.03759765625 9.82666015625 1284418
-13.7939453125 -1.03759765625 9.82666015625 1284419
-13.7939453125 -1.03759765625 9.82666015625 1284520
-10.1318359375 -7.4462890625 7.9345703125 1284520
-10.1318359375 -7.4462890625 7.9345703125 1284521
-10.1318359375 -7.4462890625 7.9345703125 1284521
-10.1318359375 -7.4462890625 7.9345703125 1284622
-10.55908203125 -10.43701171875 -1.40380859375 1284623
-10.55908203125 -10.43701171875 -1.40380859375 1284623
-10.55908203125 -10.43701171875 -1.40380859375 1284624
-7.14111328125 -6.53076171875 -3.47900390625 1284817
-6.103515625 -4.150390625 -13.7939453125 1284817
-6.103515625 -4.150390625 -13.7939453125 1284818
-6.103515625 -4.150390625 -13.7939453125 1284818
-6.103515625 -4.150390625 -13.7939453125 1284919
-3.96728515625 -0.9765625 -10.8642578125 1284919
-3.96728515625 -0.9765625 -10.8642578125 1284920
-3.96728515625 -0.9765625 -10.8642578125 1284921
-3.96728515625 -0.9765625 -10.8642578125 1285022
3.96728515625 -3.90625 -15.19775390625 1285022
3.96728515625 -3.90625 -15.19775390625 1285023
3.96728515625 -3.90625 -15.19775390625 1285023
-5.615234375 -4.2724609375 -10.8642578125 1285199
-1.5869140625 -2.74658203125 -13.18359375 1285200
-1.5869140625 -2.74658203125 -13.18359375 1285200
-1.5869140625 -2.74658203125 -13.18359375 1285201
-1.5869140625 -2.74658203125 -13.18359375 1285310
5.92041015625 -6.7138671875 -12.87841796875 1285311
5.92041015625 -6.7138671875 -12.87841796875 1285311
5.92041015625 -6.7138671875 -12.87841796875 1285311
5.92041015625 -6.7138671875 -12.87841796875 1285413
-0.48828125 -9.82666015625 -3.11279296875 1285413
-0.48828125 -9.82666015625 -3.11279296875 1285414
-0.48828125 -9.82666015625 -3.11279296875 1285415
-0.48828125 -9.82666015625 -3.11279296875 1285515
11.23046875 -6.65283203125 -10.8642578125 1285516
11.23046875 -6.65283203125 -10.8642578125 1285516
11.23046875 -6.65283203125 -10.8642578125 1285517
11.23046875 -6.65283203125 -10.8642578125 1285618
5.67626953125 -4.39453125 -13.61083984375 1285618
5.67626953125 -4.39453125 -13.61083984375 1285619
5.67626953125 -4.39453125 -13.61083984375 1285619
5.67626953125 -4.39453125 -13.61083984375 1285721
2.38037109375 -7.2021484375 -4.82177734375 1285722
2.38037109375 -7.2021484375 -4.82177734375 1285722
2.38037109375 -7.2021484375 -4.82177734375 1285723
1.8310546875 -5.126953125 -3.2958984375 1285911
-0.18310546875 -4.8828125 -2.38037109375 1285912
-0.18310546875 -4.8828125 -2.38037109375 1285912
-0.18310546875 -4.8828125 -2.38037109375 1285913
-0.18310546875 -4.8828125 -2.38037109375 1286013
-1.0986328125 -2.25830078125 0.48828125 1286014
-1.0986328125 -2.25830078125 0.48828125 1286014
-1.0986328125 -2.25830078125 0.48828125 1286015
-1.52587890625 -0.244140625 2.9296875 1286116
-1.52587890625 -0.244140625 2.9296875 1286116
-1.52587890625 -0.244140625 2.9296875 1286117
-1.52587890625 -0.244140625 2.9296875 1286220
-0.42724609375 1.52587890625 2.86865234375 1286221
-0.42724609375 1.52587890625 2.86865234375 1286221
-0.42724609375 1.52587890625 2.86865234375 1286222
6.40869140625 2.86865234375 -1.46484375 1286410
-0.6103515625 -1.8310546875 3.90625 1286410
-0.6103515625 -1.8310546875 3.90625 1286410
-0.6103515625 -1.8310546875 3.90625 1286411
-0.6103515625 -1.8310546875 3.90625 1286513
-1.89208984375 -2.8076171875 1.77001953125 1286513
-1.89208984375 -2.8076171875 1.77001953125 1286514
-1.89208984375 -2.8076171875 1.77001953125 1286514
-1.89208984375 -2.8076171875 1.77001953125 1286615
1.77001953125 0.91552734375 -4.21142578125 1286615
1.77001953125 0.91552734375 -4.21142578125 1286617
1.77001953125 0.91552734375 -4.21142578125 1286617
1.77001953125 0.91552734375 -4.21142578125 1286718
-0.54931640625 1.03759765625 -1.46484375 1286718
-0.54931640625 1.03759765625 -1.46484375 1286719
-0.54931640625 1.03759765625 -1.46484375 1286719
-0.54931640625 1.03759765625 -1.46484375 1286821
-2.13623046875 -1.953125 2.3193359375 1286821
-2.13623046875 -1.953125 2.3193359375 1286822
-2.13623046875 -1.953125 2.3193359375 1286823
-0.54931640625 -3.173828125 -0.06103515625 1287010
0 -0.8544921875 -0.67138671875 1287010
0 -0.8544921875 -0.67138671875 1287011
0 -0.8544921875 -0.67138671875 1287011
0 -0.8544921875 -0.67138671875 1287113
0 -1.8310546875 -0.54931640625 1287113
0 -1.8310546875 -0.54931640625 1287113
0 -1.8310546875 -0.54931640625 1287114
0 -1.8310546875 -0.54931640625 1287215
0.732421875 -0.79345703125 0.732421875 1287215
0.732421875 -0.79345703125 0.732421875 1287216
0.732421875 -0.79345703125 0.732421875 1287216
0.732421875 -0.79345703125 0.732421875 1287318
0.48828125 -0.3662109375 0.732421875 1287318
0.48828125 -0.3662109375 0.732421875 1287318
0.48828125 -0.3662109375 0.732421875 1287319
-0.06103515625 -1.8310546875 0.48828125 1287508
-2.01416015625 -0.732421875 0.1220703125 1287508
-2.01416015625 -0.732421875 0.1220703125 1287509
-2.01416015625 -0.732421875 0.1220703125 1287509
-2.01416015625 -0.732421875 0.1220703125 1287610
-1.77001953125 -1.40380859375 1.8310546875 1287610
-1.77001953125 -1.40380859375 1.8310546875 1287611
-1.77001953125 -1.40380859375 1.8310546875 1287611
-1.77001953125 -1.40380859375 1.8310546875 1287713
-2.50244140625 -1.15966796875 1.15966796875 1287714
-2.50244140625 -1.15966796875 1.15966796875 1287715
-2.50244140625 -1.15966796875 1.15966796875 1287715
-0.1220703125 -0.3662109375 1.15966796875 1287908
0.48828125 -0.54931640625 1.220703125 1287908
0.48828125 -0.54931640625 1.220703125 1287909
0.48828125 -0.54931640625 1.220703125 1287910
0.48828125 -0.54931640625 1.220703125 1288011
-0.48828125 -0.244140625 1.3427734375 1288011
-0.48828125 -0.244140625 1.3427734375 1288021
-0.48828125 -0.244140625 1.3427734375 1288021
-0.06103515625 -1.40380859375 1.03759765625 1288113
-0.06103515625 -1.40380859375 1.03759765625 1288217
0.06103515625 -2.44140625 2.74658203125 1288218
0.06103515625 -2.44140625 2.74658203125 1288218
0.06103515625 -2.44140625 2.74658203125 1288219
-1.46484375 0.30517578125 1.77001953125 1288399
-0.42724609375 -0.54931640625 2.3193359375 1288399
-0.42724609375 -0.54931640625 2.3193359375 1288399
-0.42724609375 -0.54931640625 2.3193359375 1288399
-0.42724609375 -0.54931640625 2.3193359375 1288509
-1.953125 -2.74658203125 1.708984375 1288510
-1.953125 -2.74658203125 1.708984375 1288511
-1.953125 -2.74658203125 1.708984375 1288511
-1.953125 -2.74658203125 1.708984375 1288611
0.54931640625 -2.197265625 0.54931640625 1288612
0.54931640625 -2.197265625 0.54931640625 1288612
0.54931640625 -2.197265625 0.54931640625 1288613
0.54931640625 -2.197265625 0.54931640625 1288714
-3.7841796875 -3.35693359375 4.150390625 1288714
-3.7841796875 -3.35693359375 4.150390625 1288715
-3.7841796875 -3.35693359375 4.150390625 1288715
-3.7841796875 -3.35693359375 4.150390625 1288816
-5.67626953125 -7.99560546875 6.8359375 1288816
-5.67626953125 -7.99560546875 6.8359375 1288817
-5.67626953125 -7.99560546875 6.8359375 1288817
-5.67626953125 -7.99560546875 6.8359375 1288919
0.244140625 -0.79345703125 2.8076171875 1288919
0.244140625 -0.79345703125 2.8076171875 1288920
0.244140625 -0.79345703125 2.8076171875 1288922
-7.6904296875 -9.8876953125 9.765625 1289108
-11.65771484375 -13.3056640625 14.34326171875 1289109
-11.65771484375 -13.3056640625 14.34326171875 1289109
-11.65771484375 -13.3056640625 14.34326171875 1289110
-11.65771484375 -13.3056640625 14.34326171875 1289211
-0.79345703125 -0.30517578125 4.21142578125 1289211
-0.79345703125 -0.30517578125 4.21142578125 1289212
-0.79345703125 -0.30517578125 4.21142578125 1289212
-0.79345703125 -0.30517578125 4.21142578125 1289313
8.6669921875 9.3994140625 -1.3427734375 1289314
8.6669921875 9.3994140625 -1.3427734375 1289314
8.6669921875 9.3994140625 -1.3427734375 1289315
8.6669921875 9.3994140625 -1.3427734375 1289415
7.26318359375 5.55419921875 -3.0517578125 1289415
7.26318359375 5.55419921875 -3.0517578125 1289415
7.26318359375 5.55419921875 -3.0517578125 1289416
1.64794921875 -1.3427734375 0 1289606
7.50732421875 4.45556640625 -3.662109375 1289606
7.50732421875 4.45556640625 -3.662109375 1289606
7.50732421875 4.45556640625 -3.662109375 1289607
7.50732421875 4.45556640625 -3.662109375 1289708
5.37109375 5.9814453125 -1.03759765625 1289708
5.37109375 5.9814453125 -1.03759765625 1289708
5.37109375 5.9814453125 -1.03759765625 1289709
5.37109375 5.9814453125 -1.03759765625 1289954
1.40380859375 0.6103515625 1.220703125 1289954
1.40380859375 0.6103515625 1.220703125 1289954
1.40380859375 0.6103515625 1.220703125 1289955
2.685546875 1.15966796875 2.9296875 1290105
0.8544921875 0.6103515625 2.38037109375 1290105
0.8544921875 0.6103515625 2.38037109375 1290105
0.8544921875 0.6103515625 2.38037109375 1290106
0.8544921875 0.6103515625 2.38037109375 1290208
0.3662109375 0.8544921875 3.23486328125 1290208
0.3662109375 0.8544921875 3.23486328125 1290208
0.3662109375 0.8544921875 3.23486328125 1290209
0.3662109375 0.8544921875 3.23486328125 1290313
1.03759765625 -0.18310546875 1.953125 1290314
1.03759765625 -0.18310546875 1.953125 1290314
1.03759765625 -0.18310546875 1.953125 1290315
1.03759765625 -0.18310546875 1.953125 1290414
2.44140625 -0.67138671875 1.8310546875 1290414
2.44140625 -0.67138671875 1.8310546875 1290414
2.44140625 -0.67138671875 1.8310546875 1290415
0.91552734375 -1.28173828125 3.0517578125 1290605
-0.06103515625 -0.1220703125 2.5634765625 1290605
-0.06103515625 -0.1220703125 2.5634765625 1290605
-0.06103515625 -0.1220703125 2.5634765625 1290606
-0.06103515625 -0.1220703125 2.5634765625 1290707
-0.06103515625 0.244140625 2.197265625 1290707
-0.06103515625 0.244140625 2.197265625 1290708
-0.06103515625 0.244140625 2.197265625 1290708
-0.06103515625 0.244140625 2.197265625 1290810
0.244140625 -1.28173828125 1.64794921875 1290842
0.244140625 -1.28173828125 1.64794921875 1290842
0.244140625 -1.28173828125 1.64794921875 1290843
0.244140625 -1.28173828125 1.64794921875 1290912
-0.8544921875 -1.46484375 2.01416015625 1291014
-0.1220703125 -0.54931640625 2.74658203125 1291015
-0.1220703125 -0.54931640625 2.74658203125 1291015
-0.1220703125 -0.54931640625 2.74658203125 1291015
0.06103515625 -0.732421875 1.15966796875 1291204
0.6103515625 -0.42724609375 1.5869140625 1291204
0.6103515625 -0.42724609375 1.5869140625 1291205
0.6103515625 -0.42724609375 1.5869140625 1291205
0.6103515625 -0.42724609375 1.5869140625 1291307
0.3662109375 -0.06103515625 1.708984375 1291307
0.3662109375 -0.06103515625 1.708984375 1291308
0.3662109375 -0.06103515625 1.708984375 1291308
-0.8544921875 -1.15966796875 2.0751953125 1291410
-0.8544921875 -1.15966796875 2.0751953125 1291410
-0.8544921875 -1.15966796875 2.0751953125 1291411
-0.8544921875 -1.15966796875 2.0751953125 1291513
-0.67138671875 -1.0986328125 2.25830078125 1291513
-0.67138671875 -1.0986328125 2.25830078125 1291513
-0.67138671875 -1.0986328125 2.25830078125 1291514
-0.732421875 -0.732421875 1.3427734375 1291702
-1.0986328125 -0.42724609375 1.220703125 1291702
-1.0986328125 -0.42724609375 1.220703125 1291703
-1.0986328125 -0.42724609375 1.220703125 1291703
-1.0986328125 -0.42724609375 1.220703125 1291805
-1.3427734375 -1.953125 1.8310546875 1291805
-1.3427734375 -1.953125 1.8310546875 1291806
-1.3427734375 -1.953125 1.8310546875 1291807
-1.3427734375 -1.953125 1.8310546875 1291907
0.06103515625 -0.54931640625 1.89208984375 1291907
0.06103515625 -0.54931640625 1.89208984375 1291908
0.06103515625 -0.54931640625 1.89208984375 1291908
0.06103515625 -0.54931640625 1.89208984375 1292009
-0.06103515625 -1.28173828125 1.953125 1292010
-0.06103515625 -1.28173828125 1.953125 1292011
-0.06103515625 -1.28173828125 1.953125 1292012
-0.06103515625 -1.28173828125 1.953125 1292111
-0.9765625 0.42724609375 1.46484375 1292112
-0.9765625 0.42724609375 1.46484375 1292113
-0.9765625 0.42724609375 1.46484375 1292113
-0.54931640625 -0.18310546875 1.52587890625 1292302
0.42724609375 -0.30517578125 1.28173828125 1292302
0.42724609375 -0.30517578125 1.28173828125 1292303
0.42724609375 -0.30517578125 1.28173828125 1292303
0.42724609375 -0.30517578125 1.28173828125 1292404
0.732421875 0.3662109375 1.3427734375 1292404
0.732421875 0.3662109375 1.3427734375 1292404
0.732421875 0.3662109375 1.3427734375 1292405
0.732421875 0.3662109375 1.3427734375 1292507
-0.244140625 -0.9765625 2.01416015625 1292507
-0.244140625 -0.9765625 2.01416015625 1292508
-0.244140625 -0.9765625 2.01416015625 1292508
-0.244140625 -0.9765625 2.01416015625 1292609
-0.48828125 -0.8544921875 2.25830078125 1292609
-0.48828125 -0.8544921875 2.25830078125 1292610
-0.48828125 -0.8544921875 2.25830078125 1292611
-0.48828125 -0.8544921875 2.25830078125 1292713
-1.0986328125 -1.3427734375 2.25830078125 1292713
-1.0986328125 -1.3427734375 2.25830078125 1292714
-1.0986328125 -1.3427734375 2.25830078125 1292714
0.06103515625 -1.46484375 2.01416015625 1292905
-0.8544921875 -1.220703125 1.64794921875 1292906
-0.8544921875 -1.220703125 1.64794921875 1292906
-0.8544921875 -1.220703125 1.64794921875 1292907
-0.8544921875 -1.220703125 1.64794921875 1293008
-0.732421875 -0.91552734375 1.52587890625 1293009
-0.732421875 -0.91552734375 1.52587890625 1293009
-0.732421875 -0.91552734375 1.52587890625 1293010
-0.732421875 -0.91552734375 1.52587890625 1293110
0 -0.3662109375 2.0751953125 1293111
0 -0.3662109375 2.0751953125 1293112
0 -0.3662109375 2.0751953125 1293113
-1.0986328125 -0.54931640625 1.28173828125 1293300
-0.6103515625 -0.79345703125 1.15966796875 1293300
-0.6103515625 -0.79345703125 1.15966796875 1293301
-0.6103515625 -0.79345703125 1.15966796875 1293301
-0.6103515625 -0.79345703125 1.15966796875 1293403
-0.18310546875 -0.48828125 0.9765625 1293404
-0.18310546875 -0.48828125 0.9765625 1293404
-0.18310546875 -0.48828125 0.9765625 1293405
-0.18310546875 -0.48828125 0.9765625 1293507
-1.77001953125 -0.6103515625 0.54931640625 1293507
-1.77001953125 -0.6103515625 0.54931640625 1293508
-1.77001953125 -0.6103515625 0.54931640625 1293508
-1.77001953125 -0.6103515625 0.54931640625 1293609
-0.732421875 -1.46484375 0.91552734375 1293610
-0.732421875 -1.46484375 0.91552734375 1293611
-0.732421875 -1.46484375 0.91552734375 1293611
-0.732421875 -1.46484375 0.91552734375 1293712
-1.28173828125 -1.3427734375 0.6103515625 1293712
-1.28173828125 -1.3427734375 0.6103515625 1293713
-1.28173828125 -1.3427734375 0.6103515625 1293713
-3.72314453125 -1.5869140625 -1.220703125 1293900
-8.4228515625 -2.8076171875 -5.79833984375 1293901
-8.4228515625 -2.8076171875 -5.79833984375 1293901
-8.4228515625 -2.8076171875 -5.79833984375 1293902
-8.4228515625 -2.8076171875 -5.79833984375 1294003
-0.42724609375 -6.28662109375 -13.85498046875 1294003
-0.42724609375 -6.28662109375 -13.85498046875 1294004
-0.42724609375 -6.28662109375 -13.85498046875 1294004
9.94873046875 -9.8876953125 -19.1650390625 1294105
9.94873046875 -9.8876953125 -19.1650390625 1294106
9.94873046875 -9.8876953125 -19.1650390625 1294107
9.94873046875 -9.8876953125 -19.1650390625 1294209
12.39013671875 -17.51708984375 -27.83203125 1294210
12.39013671875 -17.51708984375 -27.83203125 1294210
12.39013671875 -17.51708984375 -27.83203125 1294211
44.37255859375 5.9814453125 -49.62158203125 1294400
106.689453125 70.61767578125 -100.64697265625 1294400
106.689453125 70.61767578125 -100.64697265625 1294400
106.689453125 70.61767578125 -100.64697265625 1294401
106.689453125 70.61767578125 -100.64697265625 1294502
140.0146484375 206.787109375 -134.521484375 1294502
140.0146484375 206.787109375 -134.521484375 1294502
140.0146484375 206.787109375 -134.521484375 1294503
140.0146484375 206.787109375 -134.521484375 1294604
107.72705078125 280.8837890625 -153.9306640625 1294604
107.72705078125 280.8837890625 -153.9306640625 1294605
107.72705078125 280.8837890625 -153.9306640625 1294605
107.72705078125 280.8837890625 -153.9306640625 1294712
52.8564453125 166.68701171875 -101.74560546875 1294713
52.8564453125 166.68701171875 -101.74560546875 1294714
52.8564453125 166.68701171875 -101.74560546875 1294714
5.859375 23.8037109375 -36.43798828125 1294899
-8.72802734375 -32.04345703125 -24.96337890625 1294899
-8.72802734375 -32.04345703125 -24.96337890625 1294900
-8.72802734375 -32.04345703125 -24.96337890625 1294901
-8.72802734375 -32.04345703125 -24.96337890625 1295000
0.79345703125 15.56396484375 -4.94384765625 1295000
0.79345703125 15.56396484375 -4.94384765625 1295001
0.79345703125 15.56396484375 -4.94384765625 1295001
0.79345703125 15.56396484375 -4.94384765625 1295103
12.87841796875 95.27587890625 41.56494140625 1295103
12.87841796875 95.27587890625 41.56494140625 1295104
12.87841796875 95.27587890625 41.56494140625 1295104
12.87841796875 95.27587890625 41.56494140625 1295206
27.89306640625 47.7294921875 -25.45166015625 1295207
27.89306640625 47.7294921875 -25.45166015625 1295207
27.89306640625 47.7294921875 -25.45166015625 1295208
27.89306640625 47.7294921875 -25.45166015625 1295308
7.32421875 2.50244140625 1.15966796875 1295309
7.32421875 2.50244140625 1.15966796875 1295309
7.32421875 2.50244140625 1.15966796875 1295310
7.32421875 2.50244140625 1.15966796875 1295409
-0.79345703125 51.513671875 86.73095703125 1295410
-0.79345703125 51.513671875 86.73095703125 1295410
-0.79345703125 51.513671875 86.73095703125 1295411
-16.78466796875 -86.9140625 23.01025390625 1295598
-62.1337890625 -198.6083984375 72.998046875 1295599
-62.1337890625 -198.6083984375 72.998046875 1295600
-62.1337890625 -198.6083984375 72.998046875 1295600
-62.1337890625 -198.6083984375 72.998046875 1295701
-73.486328125 -256.591796875 66.7724609375 1295702
-73.486328125 -256.591796875 66.7724609375 1295702
-73.486328125 -256.591796875 66.7724609375 1295703
-73.486328125 -256.591796875 66.7724609375 1295803
-159.72900390625 -261.1083984375 141.9677734375 1295804
-159.72900390625 -261.1083984375 141.9677734375 1295805
-159.72900390625 -261.1083984375 141.9677734375 1295805
-159.72900390625 -261.1083984375 141.9677734375 1295906
-147.88818359375 -205.38330078125 158.203125 1295906
-147.88818359375 -205.38330078125 158.203125 1295906
-147.88818359375 -205.38330078125 158.203125 1295907
-147.88818359375 -205.38330078125 158.203125 1296008
-70.25146484375 -79.4677734375 104.43115234375 1296008
-70.25146484375 -79.4677734375 104.43115234375 1296009
-70.25146484375 -79.4677734375 104.43115234375 1296009
4.45556640625 18.37158203125 51.26953125 1296197
40.4052734375 74.64599609375 -7.4462890625 1296198
40.4052734375 74.64599609375 -7.4462890625 1296198
40.4052734375 74.64599609375 -7.4462890625 1296199
40.4052734375 74.64599609375 -7.4462890625 1296300
77.57568359375 98.6328125 -30.029296875 1296300
77.57568359375 98.6328125 -30.029296875 1296300
77.57568359375 98.6328125 -30.029296875 1296301
77.57568359375 98.6328125 -30.029296875 1296402
76.84326171875 73.2421875 -24.90234375 1296402
76.84326171875 73.2421875 -24.90234375 1296402
76.84326171875 73.2421875 -24.90234375 1296403
76.84326171875 73.2421875 -24.90234375 1296504
38.75732421875 30.3955078125 -3.47900390625 1296505
38.75732421875 30.3955078125 -3.47900390625 1296505
38.75732421875 30.3955078125 -3.47900390625 1296506
38.75732421875 30.3955078125 -3.47900390625 1296607
21.42333984375 17.2119140625 -2.9296875 1296609
21.42333984375 17.2119140625 -2.9296875 1296609
21.42333984375 17.2119140625 -2.9296875 1296609
3.11279296875 -3.84521484375 3.23486328125 1296796
-2.62451171875 0 -0.67138671875 1296797
-2.62451171875 0 -0.67138671875 1296797
-2.62451171875 0 -0.67138671875 1296797
-2.62451171875 0 -0.67138671875 1296899
8.97216796875 -7.99560546875 2.13623046875 1296900
8.97216796875 -7.99560546875 2.13623046875 1296900
8.97216796875 -7.99560546875 2.13623046875 1296901
1.52587890625 -6.53076171875 5.31005859375 1297002
1.52587890625 -6.53076171875 5.31005859375 1297002
1.52587890625 -6.53076171875 5.31005859375 1297003
1.52587890625 -6.53076171875 5.31005859375 1297105
-3.11279296875 -7.75146484375 11.23046875 1297106
-3.11279296875 -7.75146484375 11.23046875 1297106
-3.11279296875 -7.75146484375 11.23046875 1297107
-6.34765625 -14.46533203125 19.34814453125 1297298
-10.8642578125 -22.15576171875 25.7568359375 1297298
-10.8642578125 -22.15576171875 25.7568359375 1297298
-10.8642578125 -22.15576171875 25.7568359375 1297299
-10.8642578125 -22.15576171875 25.7568359375 1297401
-27.587890625 -30.029296875 38.14697265625 1297401
-27.587890625 -30.029296875 38.14697265625 1297402
-27.587890625 -30.029296875 38.14697265625 1297402
-27.587890625 -30.029296875 38.14697265625 1297503
-49.31640625 -39.794921875 49.6826171875 1297511
-49.31640625 -39.794921875 49.6826171875 1297512
-49.31640625 -39.794921875 49.6826171875 1297512
-49.31640625 -39.794921875 49.6826171875 1297630
-37.41455078125 -10.07080078125 26.42822265625 1297630
-37.41455078125 -10.07080078125 26.42822265625 1297631
-37.41455078125 -10.07080078125 26.42822265625 1297631
-25.93994140625 4.21142578125 8.4228515625 1297795
-9.1552734375 8.60595703125 4.5166015625 1297795
-9.1552734375 8.60595703125 4.5166015625 1297797
-9.1552734375 8.60595703125 4.5166015625 1297797
-9.1552734375 8.60595703125 4.5166015625 1297913
-5.43212890625 0.54931640625 4.0283203125 1297913
-5.43212890625 0.54931640625 4.0283203125 1297914
-5.43212890625 0.54931640625 4.0283203125 1297914
0 -2.9296875 4.21142578125 1298102
-7.32421875 -11.77978515625 9.58251953125 1298102
-7.32421875 -11.77978515625 9.58251953125 1298103
-7.32421875 -11.77978515625 9.58251953125 1298103
-7.32421875 -11.77978515625 9.58251953125 1298204
-8.4228515625 -5.7373046875 4.33349609375 1298205
-8.4228515625 -5.7373046875 4.33349609375 1298205
-8.4228515625 -5.7373046875 4.33349609375 1298205
-6.53076171875 -6.40869140625 5.0048828125 1298394
-4.08935546875 -8.056640625 0 1298394
-4.08935546875 -8.056640625 0 1298395
-4.08935546875 -8.056640625 0 1298395
-4.08935546875 -8.056640625 0 1298497
-6.04248046875 -0.67138671875 -5.55419921875 1298497
-6.04248046875 -0.67138671875 -5.55419921875 1298498
-6.04248046875 -0.67138671875 -5.55419921875 1298499
-6.04248046875 -0.67138671875 -5.55419921875 1298599
-0.1220703125 1.0986328125 -10.25390625 1298600
-0.1220703125 1.0986328125 -10.25390625 1298600
-0.1220703125 1.0986328125 -10.25390625 1298602
-0.1220703125 1.0986328125 -10.25390625 1298702
1.64794921875 -3.60107421875 -4.33349609375 1298702
1.64794921875 -3.60107421875 -4.33349609375 1298703
1.64794921875 -3.60107421875 -4.33349609375 1298704
1.64794921875 -3.60107421875 -4.33349609375 1298804
0.48828125 -2.685546875 -2.86865234375 1298805
0.48828125 -2.685546875 -2.86865234375 1298805
0.48828125 -2.685546875 -2.86865234375 1298806
0.48828125 -4.2724609375 -1.5869140625 1298994
2.5634765625 -3.41796875 -2.9296875 1299010
2.5634765625 -3.41796875 -2.9296875 1299011
2.5634765625 -3.41796875 -2.9296875 1299011
2.5634765625 -3.41796875 -2.9296875 1299096
4.8828125 -1.40380859375 -6.4697265625 1299199
4.8828125 -1.40380859375 -6.4697265625 1299200
4.8828125 -1.40380859375 -6.4697265625 1299200
4.8828125 -1.40380859375 -6.4697265625 1299285
2.74658203125 -0.1220703125 -6.2255859375 1299393
3.84521484375 -1.40380859375 -5.4931640625 1299393
3.84521484375 -1.40380859375 -5.4931640625 1299393
3.84521484375 -1.40380859375 -5.4931640625 1299394
3.84521484375 -1.40380859375 -5.4931640625 1299495
1.77001953125 -1.03759765625 -2.01416015625 1299496
1.77001953125 -1.03759765625 -2.01416015625 1299496
1.77001953125 -1.03759765625 -2.01416015625 1299496
1.77001953125 -1.03759765625 -2.01416015625 1299598
-1.52587890625 -3.5400390625 -1.40380859375 1299598
-1.52587890625 -3.5400390625 -1.40380859375 1299598
-1.52587890625 -3.5400390625 -1.40380859375 1299599
-1.52587890625 -3.5400390625 -1.40380859375 1299700
-2.38037109375 -5.0048828125 -2.44140625 1299701
-2.38037109375 -5.0048828125 -2.44140625 1299701
-2.38037109375 -5.0048828125 -2.44140625 1299701
-2.38037109375 -5.0048828125 -2.44140625 1299803
-0.3662109375 -3.96728515625 -0.9765625 1299803
-0.3662109375 -3.96728515625 -0.9765625 1299804
-0.3662109375 -3.96728515625 -0.9765625 1299804
-0.9765625 -3.47900390625 -1.77001953125 1299990
-0.67138671875 -2.50244140625 0.42724609375 1299990
-0.67138671875 -2.50244140625 0.42724609375 1299991
-0.67138671875 -2.50244140625 0.42724609375 1299991
-0.67138671875 -2.50244140625 0.42724609375 1300092
-0.244140625 -1.3427734375 -1.46484375 1300092
-0.244140625 -1.3427734375 -1.46484375 1300092
-0.244140625 -1.3427734375 -1.46484375 1300093
-0.244140625 -1.3427734375 -1.46484375 1300198
0.244140625 -2.38037109375 -0.1220703125 1300199
0.244140625 -2.38037109375 -0.1220703125 1300199
0.244140625 -2.38037109375 -0.1220703125 1300199
-0.18310546875 -1.953125 1.77001953125 1300401
-1.15966796875 -2.01416015625 2.50244140625 1300401
-1.15966796875 -2.01416015625 2.50244140625 1300401
-1.15966796875 -2.01416015625 2.50244140625 1300402
-0.8544921875 -1.220703125 2.38037109375 1300592
-0.48828125 -2.01416015625 2.0751953125 1300592
-0.48828125 -2.01416015625 2.0751953125 1300593
-0.48828125 -2.01416015625 2.0751953125 1300593
-0.48828125 -2.01416015625 2.0751953125 1300694
0.91552734375 -1.953125 0.8544921875 1300694
0.91552734375 -1.953125 0.8544921875 1300695
0.91552734375 -1.953125 0.8544921875 1300695
0.91552734375 -1.953125 0.8544921875 1300797
-0.18310546875 -2.13623046875 1.15966796875 1300798
-0.18310546875 -2.13623046875 1.15966796875 1300798
-0.18310546875 -2.13623046875 1.15966796875 1300799
-0.18310546875 -2.13623046875 1.15966796875 1300900
-1.40380859375 -1.8310546875 1.0986328125 1300900
-1.40380859375 -1.8310546875 1.0986328125 1300901
-1.40380859375 -1.8310546875 1.0986328125 1300902
-1.40380859375 -1.8310546875 1.0986328125 1301001
-0.9765625 -1.52587890625 1.5869140625 1301001
-0.9765625 -1.52587890625 1.5869140625 1301002
-0.9765625 -1.52587890625 1.5869140625 1301002
0.244140625 -0.1220703125 1.220703125 1301193
-0.6103515625 -1.46484375 1.46484375 1301193
-0.6103515625 -1.46484375 1.46484375 1301194
-0.6103515625 -1.46484375 1.46484375 1301194
-0.6103515625 -1.46484375 1.46484375 1301296
-0.54931640625 -1.0986328125 2.5634765625 1301296
-0.54931640625 -1.0986328125 2.5634765625 1301297
-0.54931640625 -1.0986328125 2.5634765625 1301297
-0.54931640625 -1.0986328125 2.5634765625 1301398
0.42724609375 0.67138671875 1.89208984375 1301398
0.42724609375 0.67138671875 1.89208984375 1301399
0.42724609375 0.67138671875 1.89208984375 1301400
0.42724609375 0.67138671875 1.89208984375 1301500
-0.9765625 -0.3662109375 2.685546875 1301500
-0.9765625 -0.3662109375 2.685546875 1301501
-0.9765625 -0.3662109375 2.685546875 1301502
-0.9765625 -1.15966796875 3.0517578125 1301691
0 -0.42724609375 2.25830078125 1301691
0 -0.42724609375 2.25830078125 1301692
0 -0.42724609375 2.25830078125 1301692
0 -0.42724609375 2.25830078125 1301794
0.48828125 -0.3662109375 2.3193359375 1301794
0.48828125 -0.3662109375 2.3193359375 1301794
0.48828125 -0.3662109375 2.3193359375 1301795
0.48828125 -0.3662109375 2.3193359375 1301895
-1.03759765625 1.0986328125 1.28173828125 1301896
-1.03759765625 1.0986328125 1.28173828125 1301896
-1.03759765625 1.0986328125 1.28173828125 1301897
-1.03759765625 1.0986328125 1.28173828125 1301997
-0.732421875 3.173828125 1.77001953125 1301998
-0.732421875 3.173828125 1.77001953125 1301998
-0.732421875 3.173828125 1.77001953125 1301999
-0.732421875 3.173828125 1.77001953125 1302100
0.79345703125 1.708984375 2.13623046875 1302101
0.79345703125 1.708984375 2.13623046875 1302101
0.79345703125 1.708984375 2.13623046875 1302102
-0.6103515625 0.06103515625 0.06103515625 1302289
-0.79345703125 -2.13623046875 0.732421875 1302290
-0.79345703125 -2.13623046875 0.732421875 1302290
-0.79345703125 -2.13623046875 0.732421875 1302291
-0.79345703125 -2.13623046875 0.732421875 1302392
-0.732421875 -2.685546875 2.74658203125 1302393
-0.732421875 -2.685546875 2.74658203125 1302402
-0.732421875 -2.685546875 2.74658203125 1302402
-0.06103515625 -1.5869140625 2.99072265625 1302589
-1.3427734375 -1.0986328125 2.38037109375 1302589
-1.3427734375 -1.0986328125 2.38037109375 1302590
-1.3427734375 -1.0986328125 2.38037109375 1302590
-1.3427734375 -1.0986328125 2.38037109375 1302692
0.79345703125 -1.52587890625 2.25830078125 1302694
0.79345703125 -1.52587890625 2.25830078125 1302694
0.79345703125 -1.52587890625 2.25830078125 1302695
0.79345703125 -1.52587890625 2.25830078125 1302794
0.244140625 -1.8310546875 1.64794921875 1302795
0.244140625 -1.8310546875 1.64794921875 1302796
0.244140625 -1.8310546875 1.64794921875 1302797
0.244140625 -1.8310546875 1.64794921875 1302897
-0.732421875 -0.3662109375 0.732421875 1302897
-0.732421875 -0.3662109375 0.732421875 1302898
-0.732421875 -0.3662109375 0.732421875 1302898
-0.732421875 -0.3662109375 0.732421875 1302999
-0.732421875 -0.79345703125 1.953125 1302999
-0.732421875 -0.79345703125 1.953125 1303000
-0.732421875 -0.79345703125 1.953125 1303000
-0.3662109375 -0.6103515625 2.3193359375 1303189
0 -1.0986328125 1.5869140625 1303189
0 -1.0986328125 1.5869140625 1303190
0 -1.0986328125 1.5869140625 1303190
0 -1.0986328125 1.5869140625 1303292
-0.48828125 -2.13623046875 1.40380859375 1303292
-0.48828125 -2.13623046875 1.40380859375 1303293
-0.48828125 -2.13623046875 1.40380859375 1303293
0.06103515625 -2.25830078125 1.64794921875 1303395
0.06103515625 -2.25830078125 1.64794921875 1303396
0.06103515625 -2.25830078125 1.64794921875 1303396
0.06103515625 -2.25830078125 1.64794921875 1303498
-0.48828125 -1.220703125 2.197265625 1303508
-0.48828125 -1.220703125 2.197265625 1303508
-0.48828125 -1.220703125 2.197265625 1303509
-0.6103515625 0 2.3193359375 1303688
0 -0.244140625 2.44140625 1303688
0 -0.244140625 2.44140625 1303688
0 -0.244140625 2.44140625 1303689
0 -0.244140625 2.44140625 1303791
-1.46484375 -1.220703125 2.197265625 1303791
-1.46484375 -1.220703125 2.197265625 1303791
-1.46484375 -1.220703125 2.197265625 1303792
-1.46484375 -1.220703125 2.197265625 1303893
-0.79345703125 -0.48828125 2.0751953125 1303893
-0.79345703125 -0.48828125 2.0751953125 1303894
-0.79345703125 -0.48828125 2.0751953125 1303894
-0.79345703125 -0.48828125 2.0751953125 1303995
-1.15966796875 -0.1220703125 2.3193359375 1303995
-1.15966796875 -0.1220703125 2.3193359375 1303995
-1.15966796875 -0.1220703125 2.3193359375 1303996
-1.15966796875 -0.1220703125 2.3193359375 1304098
-1.28173828125 0.1220703125 2.0751953125 1304098
-1.28173828125 0.1220703125 2.0751953125 1304098
-1.28173828125 0.1220703125 2.0751953125 1304099
-0.9765625 -0.30517578125 1.89208984375 1304288
0.06103515625 -1.3427734375 1.89208984375 1304288
0.06103515625 -1.3427734375 1.89208984375 1304288
0.06103515625 -1.3427734375 1.89208984375 1304289
0.06103515625 -1.3427734375 1.89208984375 1304391
-0.9765625 -0.732421875 2.685546875 1304391
-0.9765625 -0.732421875 2.685546875 1304393
-0.9765625 -0.732421875 2.685546875 1304393
-0.9765625 -0.732421875 2.685546875 1304494
-0.67138671875 -1.28173828125 2.3193359375 1304494
-0.67138671875 -1.28173828125 2.3193359375 1304495
-0.67138671875 -1.28173828125 2.3193359375 1304495
-0.67138671875 -1.28173828125 2.3193359375 1304597
0 -0.42724609375 2.197265625 1304597
0 -0.42724609375 2.197265625 1304598
0 -0.42724609375 2.197265625 1304598
-0.1220703125 -0.30517578125 2.44140625 1304786
-0.18310546875 -0.67138671875 2.13623046875 1304786
-0.18310546875 -0.67138671875 2.13623046875 1304786
-0.18310546875 -0.67138671875 2.13623046875 1304787
-0.18310546875 -0.67138671875 2.13623046875 1304893
-0.48828125 -1.3427734375 1.953125 1304893
-0.48828125 -1.3427734375 1.953125 1304894
-0.48828125 -1.3427734375 1.953125 1304894
-0.48828125 -1.3427734375 1.953125 1304997
-0.48828125 -1.708984375 2.3193359375 1304997
-0.48828125 -1.708984375 2.3193359375 1304997
-0.48828125 -1.708984375 2.3193359375 1304998
-0.9765625 -0.1220703125 2.38037109375 1305187
-0.732421875 -0.1220703125 2.197265625 1305187
-0.732421875 -0.1220703125 2.197265625 1305187
-0.732421875 -0.1220703125 2.197265625 1305188
-0.732421875 -0.1220703125 2.197265625 1305289
0 -0.91552734375 1.5869140625 1305289
0 -0.91552734375 1.5869140625 1305289
0 -0.91552734375 1.5869140625 1305290
-0.244140625 -0.244140625 1.77001953125 1305392
-0.244140625 -0.244140625 1.77001953125 1305392
-0.244140625 -0.244140625 1.77001953125 1305392
-0.244140625 -0.244140625 1.77001953125 1305495
-0.8544921875 -1.953125 2.13623046875 1305495
-0.8544921875 -1.953125 2.13623046875 1305496
-0.8544921875 -1.953125 2.13623046875 1305496
-0.1220703125 0 2.38037109375 1305678
-0.8544921875 0.244140625 1.64794921875 1305678
-0.8544921875 0.244140625 1.64794921875 1305678
-0.8544921875 0.244140625 1.64794921875 1305679
-0.8544921875 0.244140625 1.64794921875 1305787
-0.8544921875 -0.9765625 2.13623046875 1305787
-0.8544921875 -0.9765625 2.13623046875 1305788
-0.8544921875 -0.9765625 2.13623046875 1305788
-0.8544921875 -0.9765625 2.13623046875 1305889
-0.6103515625 -0.244140625 1.708984375 1305889
-0.6103515625 -0.244140625 1.708984375 1305890
-0.6103515625 -0.244140625 1.708984375 1305890
-0.6103515625 -0.244140625 1.708984375 1305991
-0.18310546875 -1.03759765625 1.708984375 1305991
-0.18310546875 -1.03759765625 1.708984375 1305992
-0.18310546875 -1.03759765625 1.708984375 1305992
-0.18310546875 -1.03759765625 1.708984375 1306094
-0.91552734375 0 2.0751953125 1306094
-0.91552734375 0 2.0751953125 1306095
-0.91552734375 0 2.0751953125 1306095
-0.91552734375 0 2.0751953125 1306197
-0.06103515625 -0.18310546875 1.953125 1306197
-0.06103515625 -0.18310546875 1.953125 1306198
-0.06103515625 -0.18310546875 1.953125 1306198
-1.40380859375 -0.30517578125 1.64794921875 1306411
-0.42724609375 -1.40380859375 1.708984375 1306412
-0.42724609375 -1.40380859375 1.708984375 1306414
-0.42724609375 -1.40380859375 1.708984375 1306415
-0.91552734375 -0.48828125 1.953125 1306591
-1.220703125 0.54931640625 2.197265625 1306592
-1.220703125 0.54931640625 2.197265625 1306593
-1.220703125 0.54931640625 2.197265625 1306594
-1.220703125 0.54931640625 2.197265625 1306694
-0.6103515625 0.3662109375 3.11279296875 1306694
-0.6103515625 0.3662109375 3.11279296875 1306695
-0.6103515625 0.3662109375 3.11279296875 1306695
-1.77001953125 -0.6103515625 1.52587890625 1306884
-1.40380859375 -1.8310546875 1.953125 1306884
-1.40380859375 -1.8310546875 1.953125 1306885
-1.40380859375 -1.8310546875 1.953125 1306885
-1.40380859375 -1.8310546875 1.953125 1306987
-0.79345703125 -0.1220703125 2.01416015625 1306987
-0.79345703125 -0.1220703125 2.01416015625 1306988
-0.79345703125 -0.1220703125 2.01416015625 1306988
-0.79345703125 -0.1220703125 2.01416015625 1307090
-0.244140625 -0.9765625 1.40380859375 1307141
-0.244140625 -0.9765625 1.40380859375 1307142
-0.244140625 -0.9765625 1.40380859375 1307143
-0.244140625 -0.9765625 1.40380859375 1307191
-1.40380859375 -2.74658203125 1.5869140625 1307294
-2.197265625 -1.5869140625 1.46484375 1307295
-2.197265625 -1.5869140625 1.46484375 1307295
-2.197265625 -1.5869140625 1.46484375 1307296
-4.8828125 -1.5869140625 0.9765625 1307484
-5.92041015625 -2.01416015625 -1.03759765625 1307484
-5.92041015625 -2.01416015625 -1.03759765625 1307484
-5.92041015625 -2.01416015625 -1.03759765625 1307485
-5.92041015625 -2.01416015625 -1.03759765625 1307587
-3.96728515625 -2.99072265625 -5.2490234375 1307588
-3.96728515625 -2.99072265625 -5.2490234375 1307588
-3.96728515625 -2.99072265625 -5.2490234375 1307588
-3.96728515625 -2.99072265625 -5.2490234375 1307695
-2.0751953125 -7.99560546875 -10.55908203125 1307695
-2.0751953125 -7.99560546875 -10.55908203125 1307696
-2.0751953125 -7.99560546875 -10.55908203125 1307696
4.94384765625 -4.7607421875 -15.5029296875 1307872
24.84130859375 6.40869140625 -35.0341796875 1307872
24.84130859375 6.40869140625 -35.0341796875 1307872
24.84130859375 6.40869140625 -35.0341796875 1307873
24.84130859375 6.40869140625 -35.0341796875 1307982
31.31103515625 -2.8076171875 -32.5927734375 1307983
31.31103515625 -2.8076171875 -32.5927734375 1307983
31.31103515625 -2.8076171875 -32.5927734375 1307984
31.31103515625 -2.8076171875 -32.5927734375 1308086
84.65576171875 43.3349609375 -64.453125 1308086
84.65576171875 43.3349609375 -64.453125 1308087
84.65576171875 43.3349609375 -64.453125 1308087
84.65576171875 43.3349609375 -64.453125 1308187
158.203125 193.54248046875 -135.19287109375 1308187
158.203125 193.54248046875 -135.19287109375 1308189
158.203125 193.54248046875 -135.19287109375 1308189
158.203125 193.54248046875 -135.19287109375 1308291
131.40869140625 284.5458984375 -141.90673828125 1308291
131.40869140625 284.5458984375 -141.90673828125 1308292
131.40869140625 284.5458984375 -141.90673828125 1308292
131.40869140625 284.5458984375 -141.90673828125 1308393
66.89453125 203.2470703125 -111.083984375 1308394
66.89453125 203.2470703125 -111.083984375 1308394
66.89453125 203.2470703125 -111.083984375 1308395
15.9912109375 42.236328125 -48.88916015625 1308583
-0.48828125 -6.8359375 -16.7236328125 1308592
-0.48828125 -6.8359375 -16.7236328125 1308592
-0.48828125 -6.8359375 -16.7236328125 1308592
-0.48828125 -6.8359375 -16.7236328125 1308686
16.41845703125 38.0859375 -2.99072265625 1308800
16.41845703125 38.0859375 -2.99072265625 1308800
16.41845703125 38.0859375 -2.99072265625 1308801
16.41845703125 38.0859375 -2.99072265625 1308879
13.3056640625 14.83154296875 9.33837890625 1308982
4.2724609375 -41.259765625 26.123046875 1308982
4.2724609375 -41.259765625 26.123046875 1308983
4.2724609375 -41.259765625 26.123046875 1308983
4.2724609375 -41.259765625 26.123046875 1309084
-15.56396484375 -88.07373046875 27.7099609375 1309085
-15.56396484375 -88.07373046875 27.7099609375 1309085
-15.56396484375 -88.07373046875 27.7099609375 1309086
-15.56396484375 -88.07373046875 27.7099609375 1309188
-15.625 -130.126953125 32.89794921875 1309188
-15.625 -130.126953125 32.89794921875 1309189
-15.625 -130.126953125 32.89794921875 1309189
-15.625 -130.126953125 32.89794921875 1309289
-58.10546875 -196.4111328125 42.17529296875 1309289
-58.10546875 -196.4111328125 42.17529296875 1309289
-58.10546875 -196.4111328125 42.17529296875 1309290
-58.10546875 -196.4111328125 42.17529296875 1309392
-104.6142578125 -224.7314453125 80.87158203125 1309394
-104.6142578125 -224.7314453125 80.87158203125 1309394
-104.6142578125 -224.7314453125 80.87158203125 1309395
-128.662109375 -191.5283203125 121.27685546875 1309582
-78.2470703125 -99.365234375 121.39892578125 1309582
-78.2470703125 -99.365234375 121.39892578125 1309583
-78.2470703125 -99.365234375 121.39892578125 1309583
-78.2470703125 -99.365234375 121.39892578125 1309684
-6.04248046875 -25.08544921875 88.2568359375 1309684
-6.04248046875 -25.08544921875 88.2568359375 1309685
-6.04248046875 -25.08544921875 88.2568359375 1309685
35.21728515625 19.287109375 20.32470703125 1309787
35.21728515625 19.287109375 20.32470703125 1309787
35.21728515625 19.287109375 20.32470703125 1309787
35.21728515625 19.287109375 20.32470703125 1309883
55.11474609375 54.5654296875 1.953125 1309970
55.11474609375 54.5654296875 1.953125 1309971
55.11474609375 54.5654296875 1.953125 1309971
55.11474609375 54.5654296875 1.953125 1310080
24.4140625 19.8974609375 0.06103515625 1310080
24.4140625 19.8974609375 0.06103515625 1310081
24.4140625 19.8974609375 0.06103515625 1310081
24.4140625 19.8974609375 0.06103515625 1310186
17.15087890625 15.625 -4.94384765625 1310187
17.15087890625 15.625 -4.94384765625 1310187
17.15087890625 15.625 -4.94384765625 1310188
17.15087890625 15.625 -4.94384765625 1310288
-0.18310546875 -3.72314453125 2.8076171875 1310288
-0.18310546875 -3.72314453125 2.8076171875 1310289
-0.18310546875 -3.72314453125 2.8076171875 1310289
-0.18310546875 -3.72314453125 2.8076171875 1310390
-5.18798828125 -5.0048828125 -6.53076171875 1310390
-5.18798828125 -5.0048828125 -6.53076171875 1310390
-5.18798828125 -5.0048828125 -6.53076171875 1310391
8.11767578125 -12.6953125 -4.2724609375 1310584
-9.33837890625 -3.96728515625 6.8359375 1310584
-9.33837890625 -3.96728515625 6.8359375 1310585
-9.33837890625 -3.96728515625 6.8359375 1310585
-9.33837890625 -3.96728515625 6.8359375 1310686
9.27734375 7.8125 -1.15966796875 1310686
9.27734375 7.8125 -1.15966796875 1310686
9.27734375 7.8125 -1.15966796875 1310687
9.27734375 7.8125 -1.15966796875 1310790
2.25830078125 3.96728515625 6.34765625 1310790
2.25830078125 3.96728515625 6.34765625 1310791
2.25830078125 3.96728515625 6.34765625 1310791
-3.90625 0.1220703125 8.9111328125 1310979
2.86865234375 -1.220703125 9.21630859375 1310979
2.86865234375 -1.220703125 9.21630859375 1310980
2.86865234375 -1.220703125 9.21630859375 1310980
2.86865234375 -1.220703125 9.21630859375 1311081
-4.82177734375 -2.0751953125 16.7236328125 1311082
-4.82177734375 -2.0751953125 16.7236328125 1311082
-4.82177734375 -2.0751953125 16.7236328125 1311082
-4.82177734375 -2.0751953125 16.7236328125 1311184
-36.31591796875 -28.3203125 35.46142578125 1311185
-36.31591796875 -28.3203125 35.46142578125 1311185
-36.31591796875 -28.3203125 35.46142578125 1311186
-36.31591796875 -28.3203125 35.46142578125 1311286
-38.26904296875 -19.71435546875 33.50830078125 1311287
-38.26904296875 -19.71435546875 33.50830078125 1311287
-38.26904296875 -19.71435546875 33.50830078125 1311288
-38.26904296875 -19.71435546875 33.50830078125 1311389
-26.123046875 2.38037109375 17.39501953125 1311390
-26.123046875 2.38037109375 17.39501953125 1311390
-26.123046875 2.38037109375 17.39501953125 1311391
-13.7939453125 -0.244140625 18.61572265625 1311579
-1.03759765625 6.591796875 4.2724609375 1311590
-1.03759765625 6.591796875 4.2724609375 1311591
-1.03759765625 6.591796875 4.2724609375 1311591
-1.03759765625 6.591796875 4.2724609375 1311704
-11.16943359375 -0.30517578125 6.103515625 1311705
-11.16943359375 -0.30517578125 6.103515625 1311705
-11.16943359375 -0.30517578125 6.103515625 1311706
-16.41845703125 1.953125 9.82666015625 1311887
-11.23046875 0.3662109375 8.30078125 1311887
-11.23046875 0.3662109375 8.30078125 1311887
-11.23046875 0.3662109375 8.30078125 1311888
-11.23046875 0.3662109375 8.30078125 1311990
-6.04248046875 -1.708984375 5.67626953125 1311990
-6.04248046875 -1.708984375 5.67626953125 1311990
-6.04248046875 -1.708984375 5.67626953125 1311991
-3.72314453125 -3.96728515625 5.31005859375 1312180
-4.21142578125 -8.7890625 5.2490234375 1312180
-4.21142578125 -8.7890625 5.2490234375 1312181
-4.21142578125 -8.7890625 5.2490234375 1312181
-4.21142578125 -8.7890625 5.2490234375 1312282
-5.9814453125 -2.99072265625 0.6103515625 1312282
-5.9814453125 -2.99072265625 0.6103515625 1312283
-5.9814453125 -2.99072265625 0.6103515625 1312283
-5.9814453125 -2.99072265625 0.6103515625 1312386
0.244140625 -3.96728515625 -3.35693359375 1312386
0.244140625 -3.96728515625 -3.35693359375 1312395
0.244140625 -3.96728515625 -3.35693359375 1312395
0.244140625 -3.96728515625 -3.35693359375 1312488
0.244140625 1.89208984375 -7.62939453125 1312489
4.0283203125 2.5634765625 -10.80322265625 1312580
4.0283203125 2.5634765625 -10.80322265625 1312581
4.0283203125 2.5634765625 -10.80322265625 1312682
2.86865234375 -5.615234375 -6.2255859375 1312682
2.86865234375 -5.615234375 -6.2255859375 1312683
2.86865234375 -5.615234375 -6.2255859375 1312683
2.86865234375 -5.615234375 -6.2255859375 1312784
1.3427734375 -9.033203125 -7.75146484375 1312785
1.3427734375 -9.033203125 -7.75146484375 1312786
1.3427734375 -9.033203125 -7.75146484375 1312786
2.685546875 -8.72802734375 -10.19287109375 1312974
6.4697265625 -1.708984375 -12.26806640625 1312975
6.4697265625 -1.708984375 -12.26806640625 1312975
6.4697265625 -1.708984375 -12.26806640625 1312976
6.4697265625 -1.708984375 -12.26806640625 1313076
-0.42724609375 -5.79833984375 -7.568359375 1313077
-0.42724609375 -5.79833984375 -7.568359375 1313077
-0.42724609375 -5.79833984375 -7.568359375 1313078
-0.42724609375 -5.79833984375 -7.568359375 1313179
0.18310546875 -5.37109375 -6.28662109375 1313180
0.18310546875 -5.37109375 -6.28662109375 1313180
0.18310546875 -5.37109375 -6.28662109375 1313181
0.18310546875 -5.37109375 -6.28662109375 1313281
0.42724609375 -3.47900390625 -4.33349609375 1313282
0.42724609375 -3.47900390625 -4.33349609375 1313282
0.42724609375 -3.47900390625 -4.33349609375 1313283
0.42724609375 -3.47900390625 -4.33349609375 1313384
0.732421875 -3.7841796875 -3.90625 1313384
0.732421875 -3.7841796875 -3.90625 1313385
0.732421875 -3.7841796875 -3.90625 1313386
0.732421875 -3.7841796875 -3.90625 1313486
0.3662109375 -2.99072265625 -1.46484375 1313487
0.3662109375 -2.99072265625 -1.46484375 1313489
0.3662109375 -2.99072265625 -1.46484375 1313489
-0.9765625 -1.8310546875 -0.42724609375 1313676
-0.8544921875 -2.9296875 0.244140625 1313677
-0.8544921875 -2.9296875 0.244140625 1313677
-0.8544921875 -2.9296875 0.244140625 1313677
-0.8544921875 -2.9296875 0.244140625 1313779
-1.15966796875 -3.173828125 1.15966796875 1313779
-1.15966796875 -3.173828125 1.15966796875 1313780
-1.15966796875 -3.173828125 1.15966796875 1313780
-0.732421875 -3.41796875 2.13623046875 1313881
-0.732421875 -3.41796875 2.13623046875 1313882
-0.732421875 -3.41796875 2.13623046875 1313882
-0.732421875 -3.41796875 2.13623046875 1313986
-0.79345703125 -2.5634765625 0.9765625 1313987
-0.79345703125 -2.5634765625 0.9765625 1313987
-0.79345703125 -2.5634765625 0.9765625 1313988
-1.220703125 -1.953125 2.50244140625 1314176
-1.708984375 -2.5634765625 1.89208984375 1314177
-1.708984375 -2.5634765625 1.89208984375 1314177
-1.708984375 -2.5634765625 1.89208984375 1314178
-1.708984375 -2.5634765625 1.89208984375 1314278
-1.220703125 -1.5869140625 1.89208984375 1314279
-1.220703125 -1.5869140625 1.89208984375 1314279
-1.220703125 -1.5869140625 1.89208984375 1314280
-1.220703125 -1.5869140625 1.89208984375 1314383
-1.28173828125 -1.46484375 1.3427734375 1314384
-1.28173828125 -1.46484375 1.3427734375 1314384
-1.28173828125 -1.46484375 1.3427734375 1314384
-1.28173828125 -1.46484375 1.3427734375 1314485
-0.67138671875 -0.54931640625 1.708984375 1314485
-0.67138671875 -0.54931640625 1.708984375 1314486
-0.67138671875 -0.54931640625 1.708984375 1314486
-0.67138671875 -0.1220703125 1.953125 1314676
-0.67138671875 -0.54931640625 1.64794921875 1314676
-0.67138671875 -0.54931640625 1.64794921875 1314677
-0.67138671875 -0.54931640625 1.64794921875 1314677
-0.67138671875 -0.54931640625 1.64794921875 1314778
-0.18310546875 0.06103515625 2.01416015625 1314778
-0.18310546875 0.06103515625 2.01416015625 1314779
-0.18310546875 0.06103515625 2.01416015625 1314780
-1.03759765625 0 1.5869140625 1314906
-1.03759765625 0 1.5869140625 1314909
-1.03759765625 0 1.5869140625 1314909
-1.03759765625 0 1.5869140625 1314987
0.42724609375 0.6103515625 1.40380859375 1315065
0.42724609375 0.6103515625 1.40380859375 1315065
0.42724609375 0.6103515625 1.40380859375 1315065
0.42724609375 0.6103515625 1.40380859375 1315189
-0.18310546875 -0.244140625 1.708984375 1315190
-0.18310546875 -0.244140625 1.708984375 1315190
-0.18310546875 -0.244140625 1.708984375 1315191
-0.1220703125 0.67138671875 2.13623046875 1315382
-0.732421875 -0.42724609375 1.77001953125 1315382
-0.732421875 -0.42724609375 1.77001953125 1315382
-0.732421875 -0.42724609375 1.77001953125 1315383
-0.732421875 -0.42724609375 1.77001953125 1315484
-0.1220703125 0.1220703125 1.3427734375 1315484
-0.1220703125 0.1220703125 1.3427734375 1315484
-0.1220703125 0.1220703125 1.3427734375 1315485
-1.28173828125 -0.1220703125 2.197265625 1315673
-0.6103515625 -0.48828125 2.99072265625 1315673
-0.6103515625 -0.48828125 2.99072265625 1315673
-0.6103515625 -0.48828125 2.99072265625 1315674
-0.6103515625 -0.48828125 2.99072265625 1315777
0 0.1220703125 2.38037109375 1315777
0 0.1220703125 2.38037109375 1315777
0 0.1220703125 2.38037109375 1315778
0 0.1220703125 2.38037109375 1315877
-0.48828125 -0.42724609375 2.0751953125 1315877
-0.48828125 -0.42724609375 2.0751953125 1315877
-0.48828125 -0.42724609375 2.0751953125 1315878
-0.48828125 -0.42724609375 2.0751953125 1316002
-0.3662109375 -1.03759765625 2.197265625 1316002
-0.3662109375 -1.03759765625 2.197265625 1316002
-0.3662109375 -1.03759765625 2.197265625 1316003
-0.6103515625 -1.40380859375 1.5869140625 1316161
0.42724609375 -0.67138671875 1.5869140625 1316161
0.42724609375 -0.67138671875 1.5869140625 1316162
0.42724609375 -0.67138671875 1.5869140625 1316162
0.42724609375 -0.67138671875 1.5869140625 1316273
-0.67138671875 -1.0986328125 1.77001953125 1316273
-0.67138671875 -1.0986328125 1.77001953125 1316274
-0.67138671875 -1.0986328125 1.77001953125 1316274
-0.67138671875 -1.0986328125 1.77001953125 1316375
-0.79345703125 -1.3427734375 1.89208984375 1316375
-0.79345703125 -1.3427734375 1.89208984375 1316376
-0.79345703125 -1.3427734375 1.89208984375 1316377
-0.79345703125 -1.3427734375 1.89208984375 1316477
-0.54931640625 -0.48828125 1.52587890625 1316477
-0.54931640625 -0.48828125 1.52587890625 1316478
-0.54931640625 -0.48828125 1.52587890625 1316478
-0.54931640625 -0.48828125 1.52587890625 1316584
-0.18310546875 -0.06103515625 1.220703125 1316584
-0.18310546875 -0.06103515625 1.220703125 1316585
-0.18310546875 -0.06103515625 1.220703125 1316585
-0.8544921875 -0.1220703125 1.0986328125 1316774
0.06103515625 -0.54931640625 1.46484375 1316775
0.06103515625 -0.54931640625 1.46484375 1316775
0.06103515625 -0.54931640625 1.46484375 1316776
0.06103515625 -0.54931640625 1.46484375 1316876
-0.244140625 0.6103515625 1.52587890625 1316876
-0.244140625 0.6103515625 1.52587890625 1316877
-0.244140625 0.6103515625 1.52587890625 1316877
-0.244140625 0.6103515625 1.52587890625 1316979
-0.6103515625 -0.732421875 1.220703125 1316979
-0.6103515625 -0.732421875 1.220703125 1316980
-0.6103515625 -0.732421875 1.220703125 1316980
-0.6103515625 -0.732421875 1.220703125 1317081
0.30517578125 -0.48828125 1.3427734375 1317081
0.30517578125 -0.48828125 1.3427734375 1317082
0.30517578125 -0.48828125 1.3427734375 1317082
-0.67138671875 -0.244140625 1.0986328125 1317272
-0.79345703125 -0.42724609375 2.197265625 1317273
-0.79345703125 -0.42724609375 2.197265625 1317273
-0.79345703125 -0.42724609375 2.197265625 1317274
-0.79345703125 -0.42724609375 2.197265625 1317374
-0.3662109375 -0.244140625 1.5869140625 1317374
-0.3662109375 -0.244140625 1.5869140625 1317375
-0.3662109375 -0.244140625 1.5869140625 1317376
-0.3662109375 -0.244140625 1.5869140625 1317477
-0.91552734375 -0.8544921875 1.46484375 1317477
-0.91552734375 -0.8544921875 1.46484375 1317477
-0.91552734375 -0.8544921875 1.46484375 1317477
-0.91552734375 -0.8544921875 1.46484375 1317579
-0.3662109375 -0.42724609375 1.0986328125 1317580
-0.3662109375 -0.42724609375 1.0986328125 1317581
-0.3662109375 -0.42724609375 1.0986328125 1317581
-0.3662109375 -0.42724609375 1.0986328125 1317681
-0.48828125 -1.8310546875 1.52587890625 1317681
-0.48828125 -1.8310546875 1.52587890625 1317682
-0.48828125 -1.8310546875 1.52587890625 1317682
-0.6103515625 -1.220703125 1.3427734375 1317872
-1.28173828125 -1.03759765625 1.46484375 1317872
-1.28173828125 -1.03759765625 1.46484375 1317872
-1.28173828125 -1.03759765625 1.46484375 1317873
-1.28173828125 -1.03759765625 1.46484375 1317974
-1.28173828125 -0.67138671875 1.5869140625 1317974
-1.28173828125 -0.67138671875 1.5869140625 1317975
-1.28173828125 -0.67138671875 1.5869140625 1317975
-1.28173828125 -0.67138671875 1.5869140625 1318076
-1.220703125 -0.48828125 1.64794921875 1318076
-1.220703125 -0.48828125 1.64794921875 1318077
-1.220703125 -0.48828125 1.64794921875 1318077
-1.220703125 -0.48828125 1.64794921875 1318180
-1.40380859375 -1.15966796875 1.3427734375 1318180
-1.40380859375 -1.15966796875 1.3427734375 1318181
-1.40380859375 -1.15966796875 1.3427734375 1318182
-1.40380859375 -1.15966796875 1.3427734375 1318282
-1.0986328125 -1.0986328125 1.89208984375 1318282
-1.0986328125 -1.0986328125 1.89208984375 1318283
-1.0986328125 -1.0986328125 1.89208984375 1318284
-1.708984375 -0.9765625 1.77001953125 1318471
-0.9765625 -1.03759765625 2.25830078125 1318472
-0.9765625 -1.03759765625 2.25830078125 1318472
-0.9765625 -1.03759765625 2.25830078125 1318473
-0.9765625 -1.03759765625 2.25830078125 1318573
-1.40380859375 0.3662109375 1.953125 1318573
-1.40380859375 0.3662109375 1.953125 1318574
-1.40380859375 0.3662109375 1.953125 1318574
-1.40380859375 0.3662109375 1.953125 1318677
-1.28173828125 -0.67138671875 2.197265625 1318678
-1.28173828125 -0.67138671875 2.197265625 1318679
-1.28173828125 -0.67138671875 2.197265625 1318679
-1.28173828125 -0.67138671875 2.197265625 1318778
-0.54931640625 -0.6103515625 2.197265625 1318778
-0.54931640625 -0.6103515625 2.197265625 1318779
-0.54931640625 -0.6103515625 2.197265625 1318779
-0.54931640625 -0.6103515625 2.197265625 1318882
-0.244140625 -0.79345703125 2.74658203125 1318882
-0.244140625 -0.79345703125 2.74658203125 1318883
-0.244140625 -0.79345703125 2.74658203125 1318883
-0.67138671875 -0.6103515625 1.5869140625 1319070
-0.67138671875 -0.42724609375 2.13623046875 1319070
-0.67138671875 -0.42724609375 2.13623046875 1319071
-0.67138671875 -0.42724609375 2.13623046875 1319071
-0.67138671875 -0.42724609375 2.13623046875 1319172
-0.06103515625 -0.732421875 1.77001953125 1319172
-0.06103515625 -0.732421875 1.77001953125 1319173
-0.06103515625 -0.732421875 1.77001953125 1319173
-0.06103515625 -0.732421875 1.77001953125 1319276
-0.91552734375 -0.91552734375 2.25830078125 1319276
-0.91552734375 -0.91552734375 2.25830078125 1319276
-0.91552734375 -0.91552734375 2.25830078125 1319277
-0.91552734375 -0.91552734375 2.25830078125 1319378
-0.8544921875 0.244140625 2.685546875 1319379
-0.8544921875 0.244140625 2.685546875 1319379
-0.8544921875 0.244140625 2.685546875 1319380
-0.8544921875 -0.30517578125 2.13623046875 1319569
-0.732421875 -1.220703125 2.62451171875 1319569
-0.732421875 -1.220703125 2.62451171875 1319570
-0.732421875 -1.220703125 2.62451171875 1319570
-0.732421875 -1.220703125 2.62451171875 1319672
-0.3662109375 -0.79345703125 1.953125 1319672
-0.3662109375 -0.79345703125 1.953125 1319673
-0.3662109375 -0.79345703125 1.953125 1319673
0 -0.8544921875 2.3193359375 1319869
-0.67138671875 0 1.5869140625 1319869
-0.67138671875 0 1.5869140625 1319870
-0.67138671875 0 1.5869140625 1319870
-0.42724609375 -0.18310546875 1.77001953125 1320072
-0.6103515625 -1.3427734375 1.5869140625 1320072
-0.6103515625 -1.3427734375 1.5869140625 1320073
-0.6103515625 -1.3427734375 1.5869140625 1320073
-0.6103515625 -1.3427734375 1.5869140625 1320174
-0.8544921875 -1.52587890625 1.52587890625 1320175
-0.8544921875 -1.52587890625 1.52587890625 1320176
-0.8544921875 -1.52587890625 1.52587890625 1320176
-0.8544921875 -1.52587890625 1.52587890625 1320277
-0.48828125 -0.48828125 1.3427734375 1320277
-0.48828125 -0.48828125 1.3427734375 1320278
-0.48828125 -0.48828125 1.3427734375 1320278
-0.48828125 -0.48828125 1.3427734375 1320381
-0.8544921875 -0.8544921875 2.01416015625 1320382
-0.8544921875 -0.8544921875 2.01416015625 1320382
-0.8544921875 -0.8544921875 2.01416015625 1320383
-0.3662109375 -0.30517578125 1.5869140625 1320569
-0.3662109375 -0.54931640625 2.0751953125 1320569
-0.3662109375 -0.54931640625 2.0751953125 1320569
-0.3662109375 -0.54931640625 2.0751953125 1320570
-0.3662109375 -0.54931640625 2.0751953125 1320671
-0.42724609375 -1.03759765625 2.38037109375 1320671
-0.42724609375 -1.03759765625 2.38037109375 1320671
-0.42724609375 -1.03759765625 2.38037109375 1320672
-0.244140625 -1.03759765625 1.708984375 1320776
-0.244140625 -1.03759765625 1.708984375 1320776
-0.244140625 -1.03759765625 1.708984375 1320777
-0.244140625 -1.03759765625 1.708984375 1320856
-0.67138671875 -1.28173828125 2.3193359375 1320968
-0.8544921875 -0.48828125 2.0751953125 1320969
-0.8544921875 -0.48828125 2.0751953125 1320969
-0.8544921875 -0.48828125 2.0751953125 1320970
-0.8544921875 -0.48828125 2.0751953125 1321070
-0.6103515625 -0.9765625 2.13623046875 1321070
-0.6103515625 -0.9765625 2.13623046875 1321070
-0.6103515625 -0.9765625 2.13623046875 1321071
-0.6103515625 -0.9765625 2.13623046875 1321173
-0.06103515625 -0.42724609375 1.64794921875 1321173
-0.06103515625 -0.42724609375 1.64794921875 1321175
-0.06103515625 -0.42724609375 1.64794921875 1321176
-0.06103515625 -0.42724609375 1.64794921875 1321275
-0.9765625 -0.732421875 2.197265625 1321276
-0.9765625 -0.732421875 2.197265625 1321276
-0.9765625 -0.732421875 2.197265625 1321277
-0.9765625 -0.732421875 2.197265625 1321378
-0.8544921875 -0.79345703125 2.62451171875 1321379
-0.8544921875 -0.79345703125 2.62451171875 1321380
-0.8544921875 -0.79345703125 2.62451171875 1321380
-1.0986328125 -0.48828125 2.50244140625 1321567
-1.708984375 0 1.8310546875 1321567
-1.708984375 0 1.8310546875 1321568
-1.708984375 0 1.8310546875 1321568
-1.708984375 0 1.8310546875 1321671
-3.11279296875 -0.8544921875 3.173828125 1321672
-3.11279296875 -0.8544921875 3.173828125 1321672
-3.11279296875 -0.8544921875 3.173828125 1321672
-3.11279296875 -0.8544921875 3.173828125 1321776
-3.72314453125 -1.64794921875 2.8076171875 1321776
-3.72314453125 -1.64794921875 2.8076171875 1321777
-3.72314453125 -1.64794921875 2.8076171875 1321777
-3.72314453125 -1.89208984375 1.46484375 1321966
-6.28662109375 -2.25830078125 0.48828125 1321966
-6.28662109375 -2.25830078125 0.48828125 1321967
-6.28662109375 -2.25830078125 0.48828125 1321967
-6.28662109375 -2.25830078125 0.48828125 1322069
-7.14111328125 -1.89208984375 -0.54931640625 1322070
-7.14111328125 -1.89208984375 -0.54931640625 1322070
-7.14111328125 -1.89208984375 -0.54931640625 1322070
-7.14111328125 -1.89208984375 -0.54931640625 1322171
-1.953125 -1.220703125 -4.39453125 1322172
-1.953125 -1.220703125 -4.39453125 1322172
-1.953125 -1.220703125 -4.39453125 1322173
-1.953125 -1.220703125 -4.39453125 1322274
-2.5634765625 -4.5166015625 -8.11767578125 1322275
-2.5634765625 -4.5166015625 -8.11767578125 1322275
-2.5634765625 -4.5166015625 -8.11767578125 1322276
-2.5634765625 -4.5166015625 -8.11767578125 1322376
4.94384765625 -6.103515625 -12.02392578125 1322376
4.94384765625 -6.103515625 -12.02392578125 1322377
4.94384765625 -6.103515625 -12.02392578125 1322378
7.32421875 -12.02392578125 -17.822265625 1322567
16.05224609375 -13.36669921875 -26.2451171875 1322567
16.05224609375 -13.36669921875 -26.2451171875 1322567
16.05224609375 -13.36669921875 -26.2451171875 1322568
16.05224609375 -13.36669921875 -26.2451171875 1322670
33.5693359375 -6.89697265625 -30.517578125 1322670
33.5693359375 -6.89697265625 -30.517578125 1322670
33.5693359375 -6.89697265625 -30.517578125 1322671
33.5693359375 -6.89697265625 -30.517578125 1322772
69.15283203125 42.90771484375 -63.29345703125 1322772
69.15283203125 42.90771484375 -63.29345703125 1322773
69.15283203125 42.90771484375 -63.29345703125 1322773
69.15283203125 42.90771484375 -63.29345703125 1322875
83.8623046875 109.19189453125 -80.99365234375 1322876
83.8623046875 109.19189453125 -80.99365234375 1322876
83.8623046875 109.19189453125 -80.99365234375 1322876
89.53857421875 178.28369140625 -93.44482421875 1323075
55.72509765625 184.2041015625 -91.24755859375 1323075
55.72509765625 184.2041015625 -91.24755859375 1323076
55.72509765625 184.2041015625 -91.24755859375 1323076
55.72509765625 184.2041015625 -91.24755859375 1323208
40.6494140625 133.48388671875 -67.93212890625 1323209
40.6494140625 133.48388671875 -67.93212890625 1323209
40.6494140625 133.48388671875 -67.93212890625 1323209
20.44677734375 76.72119140625 -38.330078125 1323373
23.62060546875 47.36328125 -26.79443359375 1323373
23.62060546875 47.36328125 -26.79443359375 1323373
23.62060546875 47.36328125 -26.79443359375 1323374
23.62060546875 47.36328125 -26.79443359375 1323475
16.11328125 33.75244140625 -14.7705078125 1323475
16.11328125 33.75244140625 -14.7705078125 1323476
16.11328125 33.75244140625 -14.7705078125 1323476
17.39501953125 33.69140625 -2.62451171875 1323666
12.0849609375 12.8173828125 4.7607421875 1323666
12.0849609375 12.8173828125 4.7607421875 1323667
12.0849609375 12.8173828125 4.7607421875 1323668
12.0849609375 12.8173828125 4.7607421875 1323768
8.6669921875 -1.708984375 5.2490234375 1323768
8.6669921875 -1.708984375 5.2490234375 1323769
8.6669921875 -1.708984375 5.2490234375 1323769
8.6669921875 -1.708984375 5.2490234375 1323870
7.14111328125 -16.05224609375 13.61083984375 1323870
7.14111328125 -16.05224609375 13.61083984375 1323871
7.14111328125 -16.05224609375 13.61083984375 1323871
