-0.224609375 0.57470703125 0.8623046875 1230822
-0.224609375 0.57470703125 0.8623046875 1230822
-0.224609375 0.57470703125 0.8623046875 1230824
-0.224609375 0.57470703125 0.8623046875 1230824
-0.224609375 0.57470703125 0.8623046875 1230825
-0.25634765625 0.57080078125 0.85205078125 1231003
-0.25634765625 0.57080078125 0.85205078125 1231004
-0.25634765625 0.57080078125 0.85205078125 1231005
-0.25634765625 0.57080078125 0.85205078125 1231005
-0.23681640625 0.587890625 0.8525390625 1231226
-0.23681640625 0.587890625 0.8525390625 1231226
-0.23681640625 0.587890625 0.8525390625 1231227
-0.23681640625 0.587890625 0.8525390625 1231227
-0.20458984375 0.5595703125 0.896484375 1231410
-0.20458984375 0.5595703125 0.896484375 1231411
-0.20458984375 0.5595703125 0.896484375 1231476
-0.20458984375 0.5595703125 0.896484375 1231477
-0.2509765625 0.5693359375 0.85693359375 1231595
-0.2509765625 0.5693359375 0.85693359375 1231595
-0.2509765625 0.5693359375 0.85693359375 1231596
-0.2509765625 0.5693359375 0.85693359375 1231596
-0.23046875 0.57275390625 0.87744140625 1231697
-0.23046875 0.57275390625 0.87744140625 1231698
-0.23046875 0.57275390625 0.87744140625 1231698
-0.23046875 0.57275390625 0.87744140625 1231698
-0.23046875 0.58251953125 0.86083984375 1231802
-0.23046875 0.58251953125 0.86083984375 1231803
-0.23046875 0.58251953125 0.86083984375 1231804
-0.23046875 0.58251953125 0.86083984375 1231804
-0.20703125 0.552734375 0.87646484375 1231994
-0.20703125 0.552734375 0.87646484375 1231995
-0.20703125 0.552734375 0.87646484375 1231995
-0.20703125 0.552734375 0.87646484375 1231996
-0.18017578125 0.53515625 0.90185546875 1232191
-0.18017578125 0.53515625 0.90185546875 1232192
-0.18017578125 0.53515625 0.90185546875 1232192
-0.18017578125 0.53515625 0.90185546875 1232193
-0.18408203125 0.54931640625 0.90283203125 1232293
-0.18408203125 0.54931640625 0.90283203125 1232294
-0.18408203125 0.54931640625 0.90283203125 1232294
-0.18408203125 0.54931640625 0.90283203125 1232295
-0.19775390625 0.57373046875 0.90625 1232397
-0.19775390625 0.57373046875 0.90625 1232398
-0.19775390625 0.57373046875 0.90625 1232399
-0.19775390625 0.57373046875 0.90625 1232399
-0.21435546875 0.55224609375 0.88671875 1232499
-0.21435546875 0.55224609375 0.88671875 1232500
-0.21435546875 0.55224609375 0.88671875 1232500
-0.21435546875 0.55224609375 0.88671875 1232501
-0.208984375 0.58056640625 0.90185546875 1232603
-0.208984375 0.58056640625 0.90185546875 1232603
-0.208984375 0.58056640625 0.90185546875 1232604
-0.208984375 0.58056640625 0.90185546875 1232604
-0.2412109375 0.580078125 0.8662109375 1232791
-0.2412109375 0.580078125 0.8662109375 1232792
-0.2412109375 0.580078125 0.8662109375 1232792
-0.2412109375 0.580078125 0.8662109375 1232793
-0.2255859375 0.56787109375 0.8662109375 1232892
-0.2255859375 0.56787109375 0.8662109375 1232893
-0.2255859375 0.56787109375 0.8662109375 1232893
-0.2255859375 0.56787109375 0.8662109375 1232894
-0.23828125 0.5888671875 0.85986328125 1233094
-0.23828125 0.5888671875 0.85986328125 1233094
-0.23828125 0.5888671875 0.85986328125 1233095
-0.23828125 0.5888671875 0.85986328125 1233095
-0.2294921875 0.59033203125 0.86865234375 1233197
-0.2294921875 0.59033203125 0.86865234375 1233197
-0.2294921875 0.59033203125 0.86865234375 1233198
-0.2294921875 0.59033203125 0.86865234375 1233198
-0.232421875 0.60107421875 0.8662109375 1233299
-0.232421875 0.60107421875 0.8662109375 1233299
-0.232421875 0.60107421875 0.8662109375 1233300
-0.232421875 0.60107421875 0.8662109375 1233300
-0.23193359375 0.57080078125 0.861328125 1233489
-0.23193359375 0.57080078125 0.861328125 1233489
-0.23193359375 0.57080078125 0.861328125 1233490
-0.23193359375 0.57080078125 0.861328125 1233490
-0.236328125 0.5712890625 0.8701171875 1233593
-0.236328125 0.5712890625 0.8701171875 1233593
-0.236328125 0.5712890625 0.8701171875 1233594
-0.236328125 0.5712890625 0.8701171875 1233594
-0.2587890625 0.552734375 0.8564453125 1233708
-0.2587890625 0.552734375 0.8564453125 1233708
-0.2587890625 0.552734375 0.8564453125 1233709
-0.2587890625 0.552734375 0.8564453125 1233709
-0.33642578125 0.59228515625 0.83837890625 1233877
-0.33642578125 0.59228515625 0.83837890625 1233878
-0.33642578125 0.59228515625 0.83837890625 1233878
-0.33642578125 0.59228515625 0.83837890625 1233879
-0.3095703125 0.5634765625 0.8505859375 1233990
-0.3095703125 0.5634765625 0.8505859375 1233990
-0.3095703125 0.5634765625 0.8505859375 1233990
-0.3095703125 0.5634765625 0.8505859375 1233991
-0.2998046875 0.54052734375 0.8525390625 1234096
-0.2998046875 0.54052734375 0.8525390625 1234097
-0.2998046875 0.54052734375 0.8525390625 1234097
-0.2998046875 0.54052734375 0.8525390625 1234097
-0.32861328125 0.53466796875 0.85888671875 1234289
-0.32861328125 0.53466796875 0.85888671875 1234290
-0.32861328125 0.53466796875 0.85888671875 1234290
-0.32861328125 0.53466796875 0.85888671875 1234290
-0.330078125 0.54052734375 0.8681640625 1234394
-0.330078125 0.54052734375 0.8681640625 1234394
-0.330078125 0.54052734375 0.8681640625 1234395
-0.330078125 0.54052734375 0.8681640625 1234395
-0.33251953125 0.53662109375 0.85888671875 1234494
-0.33251953125 0.53662109375 0.85888671875 1234495
-0.33251953125 0.53662109375 0.85888671875 1234495
-0.33251953125 0.53662109375 0.85888671875 1234496
-0.3505859375 0.50048828125 0.84814453125 1234599
-0.3505859375 0.50048828125 0.84814453125 1234600
-0.3505859375 0.50048828125 0.84814453125 1234600
-0.3505859375 0.50048828125 0.84814453125 1234600
-0.361328125 0.52783203125 0.8515625 1234787
-0.361328125 0.52783203125 0.8515625 1234787
-0.361328125 0.52783203125 0.8515625 1234787
-0.361328125 0.52783203125 0.8515625 1234787
-0.38134765625 0.52099609375 0.83056640625 1234895
-0.38134765625 0.52099609375 0.83056640625 1234895
-0.38134765625 0.52099609375 0.83056640625 1234895
-0.38134765625 0.52099609375 0.83056640625 1234896
-0.37060546875 0.5322265625 0.85009765625 1234996
-0.37060546875 0.5322265625 0.85009765625 1234997
-0.37060546875 0.5322265625 0.85009765625 1234997
-0.37060546875 0.5322265625 0.85009765625 1234998
-0.3818359375 0.50927734375 0.837890625 1235194
-0.3818359375 0.50927734375 0.837890625 1235195
-0.3818359375 0.50927734375 0.837890625 1235195
-0.3818359375 0.50927734375 0.837890625 1235195
-0.38671875 0.49462890625 0.80419921875 1235384
-0.38671875 0.49462890625 0.80419921875 1235385
-0.38671875 0.49462890625 0.80419921875 1235386
-0.38671875 0.49462890625 0.80419921875 1235386
-0.3642578125 0.5458984375 0.82080078125 1235487
-0.3642578125 0.5458984375 0.82080078125 1235488
-0.3642578125 0.5458984375 0.82080078125 1235488
-0.3642578125 0.5458984375 0.82080078125 1235489
-0.31298828125 0.6552734375 0.88232421875 1235590
-0.31298828125 0.6552734375 0.88232421875 1235590
-0.31298828125 0.6552734375 0.88232421875 1235591
-0.31298828125 0.6552734375 0.88232421875 1235591
-0.29931640625 0.57080078125 0.8017578125 1235694
-0.29931640625 0.57080078125 0.8017578125 1235695
-0.29931640625 0.57080078125 0.8017578125 1235695
-0.29931640625 0.57080078125 0.8017578125 1235696
-0.2734375 0.65673828125 0.83251953125 1235796
-0.2734375 0.65673828125 0.83251953125 1235797
-0.2734375 0.65673828125 0.83251953125 1235797
-0.2734375 0.65673828125 0.83251953125 1235798
-0.1787109375 0.62646484375 0.85693359375 1235986
-0.1787109375 0.62646484375 0.85693359375 1235986
-0.1787109375 0.62646484375 0.85693359375 1235987
-0.1787109375 0.62646484375 0.85693359375 1235987
-0.16259765625 0.609375 0.8525390625 1236087
-0.16259765625 0.609375 0.8525390625 1236088
-0.16259765625 0.609375 0.8525390625 1236088
-0.16259765625 0.609375 0.8525390625 1236089
-0.1337890625 0.6474609375 0.86376953125 1236191
-0.1337890625 0.6474609375 0.86376953125 1236191
-0.1337890625 0.6474609375 0.86376953125 1236192
-0.1337890625 0.6474609375 0.86376953125 1236192
-0.05078125 0.59765625 0.91259765625 1236291
-0.05078125 0.59765625 0.91259765625 1236292
-0.05078125 0.59765625 0.91259765625 1236292
-0.05078125 0.59765625 0.91259765625 1236293
0.02685546875 0.525390625 0.95458984375 1236395
0.02685546875 0.525390625 0.95458984375 1236395
0.02685546875 0.525390625 0.95458984375 1236396
0.02685546875 0.525390625 0.95458984375 1236396
0.017578125 0.52978515625 0.95166015625 1236588
0.017578125 0.52978515625 0.95166015625 1236588
0.017578125 0.52978515625 0.95166015625 1236589
0.017578125 0.52978515625 0.95166015625 1236589
-0.01513671875 0.4677734375 0.92431640625 1236688
-0.01513671875 0.4677734375 0.92431640625 1236688
-0.01513671875 0.4677734375 0.92431640625 1236689
-0.01513671875 0.4677734375 0.92431640625 1236690
0.009765625 0.494140625 0.958984375 1236791
0.009765625 0.494140625 0.958984375 1236792
0.009765625 0.494140625 0.958984375 1236792
0.009765625 0.494140625 0.958984375 1236792
-0.01416015625 0.48193359375 0.94287109375 1236895
-0.01416015625 0.48193359375 0.94287109375 1236896
-0.01416015625 0.48193359375 0.94287109375 1236896
-0.01416015625 0.48193359375 0.94287109375 1236896
0.0224609375 0.48193359375 0.998046875 1237085
0.0224609375 0.48193359375 0.998046875 1237086
0.0224609375 0.48193359375 0.998046875 1237086
0.0224609375 0.48193359375 0.998046875 1237087
0.00439453125 0.48291015625 0.98779296875 1237189
0.00439453125 0.48291015625 0.98779296875 1237189
0.00439453125 0.48291015625 0.98779296875 1237190
0.00439453125 0.48291015625 0.98779296875 1237190
-0.00244140625 0.484375 0.9482421875 1237291
-0.00244140625 0.484375 0.9482421875 1237291
-0.00244140625 0.484375 0.9482421875 1237292
-0.00244140625 0.484375 0.9482421875 1237292
0.015625 0.4521484375 0.95166015625 1237394
0.015625 0.4521484375 0.95166015625 1237394
0.015625 0.4521484375 0.95166015625 1237394
0.015625 0.4521484375 0.95166015625 1237395
0.0234375 0.462890625 0.9736328125 1237583
0.0234375 0.462890625 0.9736328125 1237584
0.0234375 0.462890625 0.9736328125 1237584
0.0234375 0.462890625 0.9736328125 1237585
0.0146484375 0.45068359375 0.96484375 1237685
0.0146484375 0.45068359375 0.96484375 1237686
0.0146484375 0.45068359375 0.96484375 1237686
0.0146484375 0.45068359375 0.96484375 1237686
0.02001953125 0.4619140625 0.96875 1237787
0.02001953125 0.4619140625 0.96875 1237788
0.02001953125 0.4619140625 0.96875 1237788
0.02001953125 0.4619140625 0.96875 1237789
0.0166015625 0.474609375 0.96142578125 1237889
0.0166015625 0.474609375 0.96142578125 1237890
0.0166015625 0.474609375 0.96142578125 1237890
0.0166015625 0.474609375 0.96142578125 1237891
0.0400390625 0.46728515625 0.97216796875 1237992
0.0400390625 0.46728515625 0.97216796875 1237992
0.0400390625 0.46728515625 0.97216796875 1237993
0.0400390625 0.46728515625 0.97216796875 1237993
0.0283203125 0.46142578125 0.96923828125 1238180
0.0283203125 0.46142578125 0.96923828125 1238180
0.0283203125 0.46142578125 0.96923828125 1238181
0.0283203125 0.46142578125 0.96923828125 1238181
0.02294921875 0.48193359375 0.96435546875 1238283
0.02294921875 0.48193359375 0.96435546875 1238283
0.02294921875 0.48193359375 0.96435546875 1238284
0.02294921875 0.48193359375 0.96435546875 1238285
0.02490234375 0.48291015625 0.9658203125 1238394
0.02490234375 0.48291015625 0.9658203125 1238395
0.02490234375 0.48291015625 0.9658203125 1238395
0.02490234375 0.48291015625 0.9658203125 1238395
0.0185546875 0.4814453125 0.966796875 1238583
0.0185546875 0.4814453125 0.966796875 1238584
0.0185546875 0.4814453125 0.966796875 1238584
0.0185546875 0.4814453125 0.966796875 1238584
0.02197265625 0.484375 0.96728515625 1238688
0.02197265625 0.484375 0.96728515625 1238688
0.02197265625 0.484375 0.96728515625 1238689
0.02197265625 0.484375 0.96728515625 1238689
0.01611328125 0.4853515625 0.9619140625 1238788
0.01611328125 0.4853515625 0.9619140625 1238788
0.01611328125 0.4853515625 0.9619140625 1238789
0.01611328125 0.4853515625 0.9619140625 1238789
0.01416015625 0.46630859375 0.9619140625 1238891
0.01416015625 0.46630859375 0.9619140625 1238891
0.01416015625 0.46630859375 0.9619140625 1238892
0.01416015625 0.46630859375 0.9619140625 1238892
-0.0029296875 0.47900390625 0.9619140625 1239080
-0.0029296875 0.47900390625 0.9619140625 1239081
-0.0029296875 0.47900390625 0.9619140625 1239081
-0.0029296875 0.47900390625 0.9619140625 1239081
0 0.482421875 0.955078125 1239187
0 0.482421875 0.955078125 1239187
0 0.482421875 0.955078125 1239188
0 0.482421875 0.955078125 1239188
0.00146484375 0.47802734375 0.95458984375 1239391
0.00146484375 0.47802734375 0.95458984375 1239392
0.00146484375 0.47802734375 0.95458984375 1239392
0.00146484375 0.47802734375 0.95458984375 1239393
0.029296875 0.48583984375 0.96484375 1239580
0.029296875 0.48583984375 0.96484375 1239580
0.029296875 0.48583984375 0.96484375 1239580
0.029296875 0.48583984375 0.96484375 1239581
0.02880859375 0.48046875 0.9716796875 1239712
0.02880859375 0.48046875 0.9716796875 1239713
0.02880859375 0.48046875 0.9716796875 1239713
0.02880859375 0.48046875 0.9716796875 1239714
0.03125 0.4853515625 0.9609375 1239878
0.03125 0.4853515625 0.9609375 1239878
0.03125 0.4853515625 0.9609375 1239878
0.03125 0.4853515625 0.9609375 1239879
0.03369140625 0.4814453125 0.96630859375 1239980
0.03369140625 0.4814453125 0.96630859375 1239981
0.03369140625 0.4814453125 0.96630859375 1239981
0.03369140625 0.4814453125 0.96630859375 1239981
0.03857421875 0.48388671875 0.974609375 1240084
0.03857421875 0.48388671875 0.974609375 1240084
0.03857421875 0.48388671875 0.974609375 1240085
0.03857421875 0.48388671875 0.974609375 1240085
0.037109375 0.4794921875 0.974609375 1240187
0.037109375 0.4794921875 0.974609375 1240187
0.037109375 0.4794921875 0.974609375 1240188
0.037109375 0.4794921875 0.974609375 1240188
0.0224609375 0.48046875 0.96044921875 1240289
0.0224609375 0.48046875 0.96044921875 1240289
0.0224609375 0.48046875 0.96044921875 1240290
0.0224609375 0.48046875 0.96044921875 1240290
0.037109375 0.47314453125 0.96826171875 1240478
0.037109375 0.47314453125 0.96826171875 1240478
0.037109375 0.47314453125 0.96826171875 1240478
0.037109375 0.47314453125 0.96826171875 1240479
0.02880859375 0.47314453125 0.958984375 1240580
0.02880859375 0.47314453125 0.958984375 1240581
0.02880859375 0.47314453125 0.958984375 1240581
0.02880859375 0.47314453125 0.958984375 1240582
0.0341796875 0.47900390625 0.966796875 1240683
0.0341796875 0.47900390625 0.966796875 1240684
0.0341796875 0.47900390625 0.966796875 1240684
0.0400390625 0.4697265625 0.96875 1240787
0.0400390625 0.4697265625 0.96875 1240787
0.0400390625 0.4697265625 0.96875 1240787
0.0400390625 0.4697265625 0.96875 1240788
0.03857421875 0.47900390625 0.96826171875 1240981
0.03857421875 0.47900390625 0.96826171875 1240982
0.03857421875 0.47900390625 0.96826171875 1240982
0.03857421875 0.47900390625 0.96826171875 1240982
0.033203125 0.4716796875 0.9580078125 1241183
0.033203125 0.4716796875 0.9580078125 1241184
0.033203125 0.4716796875 0.9580078125 1241184
0.033203125 0.4716796875 0.9580078125 1241184
0.046875 0.46142578125 0.96484375 1241284
0.046875 0.46142578125 0.96484375 1241285
0.046875 0.46142578125 0.96484375 1241285
0.046875 0.46142578125 0.96484375 1241287
0.06005859375 0.466796875 0.97607421875 1241388
0.06005859375 0.466796875 0.97607421875 1241389
0.06005859375 0.466796875 0.97607421875 1241389
0.06005859375 0.466796875 0.97607421875 1241389
0.05224609375 0.482421875 0.98046875 1241592
0.05224609375 0.482421875 0.98046875 1241592
0.05224609375 0.482421875 0.98046875 1241593
0.05224609375 0.482421875 0.98046875 1241593
0.03125 0.4638671875 0.9560546875 1241784
0.03125 0.4638671875 0.9560546875 1241784
0.03125 0.4638671875 0.9560546875 1241785
0.03125 0.4638671875 0.9560546875 1241785
0.0458984375 0.46435546875 0.97412109375 1241886
0.0458984375 0.46435546875 0.97412109375 1241887
0.0458984375 0.46435546875 0.97412109375 1241887
0.0458984375 0.46435546875 0.97412109375 1241888
0.02978515625 0.47607421875 0.9609375 1242076
0.02978515625 0.47607421875 0.9609375 1242077
0.02978515625 0.47607421875 0.9609375 1242078
0.02978515625 0.47607421875 0.9609375 1242078
0.02978515625 0.474609375 0.9580078125 1242178
0.02978515625 0.474609375 0.9580078125 1242178
0.02978515625 0.474609375 0.9580078125 1242179
0.02978515625 0.474609375 0.9580078125 1242179
0.0390625 0.4736328125 0.96484375 1242281
0.0390625 0.4736328125 0.96484375 1242281
0.0390625 0.4736328125 0.96484375 1242282
0.05859375 0.4736328125 0.98486328125 1242387
0.05859375 0.4736328125 0.98486328125 1242388
0.05859375 0.4736328125 0.98486328125 1242388
0.05859375 0.4736328125 0.98486328125 1242389
0.05419921875 0.47021484375 0.96142578125 1242576
0.05419921875 0.47021484375 0.96142578125 1242577
0.05419921875 0.47021484375 0.96142578125 1242577
0.05419921875 0.47021484375 0.96142578125 1242577
0.05224609375 0.47998046875 0.9599609375 1242677
0.05224609375 0.47998046875 0.9599609375 1242678
0.05224609375 0.47998046875 0.9599609375 1242679
0.05224609375 0.47998046875 0.9599609375 1242679
0.06005859375 0.48486328125 0.96484375 1242780
0.06005859375 0.48486328125 0.96484375 1242780
0.06005859375 0.48486328125 0.96484375 1242780
0.06005859375 0.48486328125 0.96484375 1242782
0.0654296875 0.4755859375 0.96484375 1242883
0.0654296875 0.4755859375 0.96484375 1242884
0.0654296875 0.4755859375 0.96484375 1242885
0.0654296875 0.4755859375 0.96484375 1242885
0.06103515625 0.4853515625 0.9677734375 1243073
0.06103515625 0.4853515625 0.9677734375 1243074
0.06103515625 0.4853515625 0.9677734375 1243074
0.06103515625 0.4853515625 0.9677734375 1243075
0.0654296875 0.474609375 0.966796875 1243177
0.0654296875 0.474609375 0.966796875 1243177
0.0654296875 0.474609375 0.966796875 1243178
0.0654296875 0.474609375 0.966796875 1243178
0.05419921875 0.47021484375 0.9609375 1243281
0.05419921875 0.47021484375 0.9609375 1243282
0.05419921875 0.47021484375 0.9609375 1243282
0.05419921875 0.47021484375 0.9609375 1243283
0.05810546875 0.484375 0.96875 1243385
0.05810546875 0.484375 0.96875 1243386
0.05810546875 0.484375 0.96875 1243386
0.05810546875 0.484375 0.96875 1243387
0.05810546875 0.4765625 0.96533203125 1243574
0.05810546875 0.4765625 0.96533203125 1243574
0.05810546875 0.4765625 0.96533203125 1243575
0.05810546875 0.4765625 0.96533203125 1243575
0.06201171875 0.482421875 0.96533203125 1243677
0.06201171875 0.482421875 0.96533203125 1243677
0.06201171875 0.482421875 0.96533203125 1243678
0.06201171875 0.482421875 0.96533203125 1243678
0.0546875 0.48046875 0.96142578125 1243779
0.0546875 0.48046875 0.96142578125 1243780
0.0546875 0.48046875 0.96142578125 1243780
0.0546875 0.48046875 0.96142578125 1243781
0.0576171875 0.47412109375 0.962890625 1243887
0.0576171875 0.47412109375 0.962890625 1243889
0.0576171875 0.47412109375 0.962890625 1243889
0.0576171875 0.47412109375 0.962890625 1243890
0.05078125 0.48681640625 0.96484375 1244072
0.05078125 0.48681640625 0.96484375 1244073
0.05078125 0.48681640625 0.96484375 1244074
0.05078125 0.48681640625 0.96484375 1244074
0.05517578125 0.4794921875 0.96337890625 1244174
0.05517578125 0.4794921875 0.96337890625 1244175
0.05517578125 0.4794921875 0.96337890625 1244176
0.05517578125 0.4794921875 0.96337890625 1244176
0.05859375 0.47900390625 0.96337890625 1244277
0.05859375 0.47900390625 0.96337890625 1244278
0.05859375 0.47900390625 0.96337890625 1244278
0.05859375 0.47900390625 0.96337890625 1244279
0.056640625 0.47607421875 0.96435546875 1244381
0.056640625 0.47607421875 0.96435546875 1244381
0.056640625 0.47607421875 0.96435546875 1244382
0.056640625 0.47607421875 0.96435546875 1244382
0.04931640625 0.47998046875 0.96337890625 1244481
0.04931640625 0.47998046875 0.96337890625 1244482
0.04931640625 0.47998046875 0.96337890625 1244482
0.04931640625 0.47998046875 0.96337890625 1244482
0.068359375 0.47705078125 0.96875 1244689
0.068359375 0.47705078125 0.96875 1244690
0.068359375 0.47705078125 0.96875 1244691
0.068359375 0.47705078125 0.96875 1244691
0.0537109375 0.4755859375 0.96630859375 1244790
0.0537109375 0.4755859375 0.96630859375 1244791
0.0537109375 0.4755859375 0.96630859375 1244792
0.0537109375 0.4755859375 0.96630859375 1244792
0.05517578125 0.49072265625 0.966796875 1244982
0.05517578125 0.49072265625 0.966796875 1244982
0.05517578125 0.49072265625 0.966796875 1244983
0.05517578125 0.49072265625 0.966796875 1244983
0.05078125 0.49853515625 0.97314453125 1245172
0.05078125 0.49853515625 0.97314453125 1245173
0.05078125 0.49853515625 0.97314453125 1245173
0.05078125 0.49853515625 0.97314453125 1245174
0.02978515625 0.5126953125 0.9658203125 1245273
0.02978515625 0.5126953125 0.9658203125 1245274
0.02978515625 0.5126953125 0.9658203125 1245274
0.0185546875 0.49267578125 0.95849609375 1245376
0.0185546875 0.49267578125 0.95849609375 1245377
0.0185546875 0.49267578125 0.95849609375 1245377
0.0380859375 0.45166015625 0.97265625 1245480
0.0380859375 0.45166015625 0.97265625 1245480
0.0380859375 0.45166015625 0.97265625 1245480
0.0380859375 0.45166015625 0.97265625 1245481
-0.02978515625 0.4365234375 0.92138671875 1245669
-0.02978515625 0.4365234375 0.92138671875 1245670
-0.02978515625 0.4365234375 0.92138671875 1245671
-0.02978515625 0.4365234375 0.92138671875 1245671
0.01416015625 0.39013671875 0.935546875 1245773
0.01416015625 0.39013671875 0.935546875 1245774
0.01416015625 0.39013671875 0.935546875 1245774
0.01416015625 0.39013671875 0.935546875 1245775
0.029296875 0.39990234375 0.9404296875 1245876
0.029296875 0.39990234375 0.9404296875 1245876
0.029296875 0.39990234375 0.9404296875 1245877
0.029296875 0.39990234375 0.9404296875 1245877
0.07373046875 0.48876953125 1.00732421875 1245977
0.07373046875 0.48876953125 1.00732421875 1245977
0.07373046875 0.48876953125 1.00732421875 1245978
0.07373046875 0.48876953125 1.00732421875 1245978
-0.04541015625 0.59765625 0.95654296875 1246082
-0.04541015625 0.59765625 0.95654296875 1246083
-0.04541015625 0.59765625 0.95654296875 1246083
-0.04541015625 0.59765625 0.95654296875 1246083
-0.67431640625 0.7373046875 0.35107421875 1246270
-0.67431640625 0.7373046875 0.35107421875 1246271
-0.67431640625 0.7373046875 0.35107421875 1246271
-0.67431640625 0.7373046875 0.35107421875 1246272
-0.88037109375 0.56982421875 0.0302734375 1246371
-0.88037109375 0.56982421875 0.0302734375 1246371
-0.88037109375 0.56982421875 0.0302734375 1246372
-0.88037109375 0.56982421875 0.0302734375 1246372
-0.943359375 0.43505859375 -0.1298828125 1246474
-0.943359375 0.43505859375 -0.1298828125 1246475
-0.943359375 0.43505859375 -0.1298828125 1246475
-0.8935546875 0.30126953125 -0.181640625 1246579
-0.8935546875 0.30126953125 -0.181640625 1246579
-0.8935546875 0.30126953125 -0.181640625 1246580
-0.8935546875 0.30126953125 -0.181640625 1246580
-0.74267578125 0.01123046875 -0.255859375 1246768
-0.74267578125 0.01123046875 -0.255859375 1246769
-0.74267578125 0.01123046875 -0.255859375 1246769
-0.74267578125 0.01123046875 -0.255859375 1246770
-0.81982421875 0.21923828125 -0.46875 1246871
-0.81982421875 0.21923828125 -0.46875 1246871
-0.81982421875 0.21923828125 -0.46875 1246871
-0.81982421875 0.21923828125 -0.46875 1246872
-1.0107421875 0.396484375 -0.6318359375 1246973
-1.0107421875 0.396484375 -0.6318359375 1246974
-1.0107421875 0.396484375 -0.6318359375 1246974
-1.0107421875 0.396484375 -0.6318359375 1246975
-0.85009765625 0.150390625 -0.34326171875 1247077
-0.85009765625 0.150390625 -0.34326171875 1247078
-0.85009765625 0.150390625 -0.34326171875 1247078
-0.85009765625 0.150390625 -0.34326171875 1247079
-0.88427734375 0.39013671875 -0.150390625 1247179
-0.88427734375 0.39013671875 -0.150390625 1247180
-0.88427734375 0.39013671875 -0.150390625 1247180
-0.88427734375 0.39013671875 -0.150390625 1247180
-0.87451171875 0.39599609375 0.064453125 1247367
-0.87451171875 0.39599609375 0.064453125 1247367
-0.87451171875 0.39599609375 0.064453125 1247368
-0.87451171875 0.39599609375 0.064453125 1247368
-0.75146484375 0.64794921875 0.326171875 1247471
-0.75146484375 0.64794921875 0.326171875 1247471
-0.75146484375 0.64794921875 0.326171875 1247471
-0.75146484375 0.64794921875 0.326171875 1247472
-0.62060546875 0.52099609375 0.57373046875 1247573
-0.62060546875 0.52099609375 0.57373046875 1247573
-0.62060546875 0.52099609375 0.57373046875 1247574
-0.62060546875 0.52099609375 0.57373046875 1247574
-0.4912109375 0.7158203125 0.74951171875 1247674
-0.4912109375 0.7158203125 0.74951171875 1247675
-0.4912109375 0.7158203125 0.74951171875 1247675
-0.4912109375 0.7158203125 0.74951171875 1247676
-0.42724609375 0.642578125 0.79541015625 1247776
-0.42724609375 0.642578125 0.79541015625 1247777
-0.42724609375 0.642578125 0.79541015625 1247777
-0.42724609375 0.642578125 0.79541015625 1247778
-0.28271484375 0.44482421875 0.900390625 1247966
-0.28271484375 0.44482421875 0.900390625 1247966
-0.28271484375 0.44482421875 0.900390625 1247966
-0.28271484375 0.44482421875 0.900390625 1247967
-0.0361328125 0.2568359375 0.9921875 1248069
-0.0361328125 0.2568359375 0.9921875 1248070
-0.0361328125 0.2568359375 0.9921875 1248071
-0.0361328125 0.2568359375 0.9921875 1248071
0.09716796875 0.10107421875 1.0517578125 1248173
0.09716796875 0.10107421875 1.0517578125 1248173
0.09716796875 0.10107421875 1.0517578125 1248174
0.09716796875 0.10107421875 1.0517578125 1248174
0.0673828125 0.21630859375 1 1248274
0.0673828125 0.21630859375 1 1248274
0.0673828125 0.21630859375 1 1248275
0.0673828125 0.21630859375 1 1248275
-0.0830078125 0.35107421875 0.8662109375 1248377
-0.0830078125 0.35107421875 0.8662109375 1248378
-0.0830078125 0.35107421875 0.8662109375 1248378
-0.0830078125 0.35107421875 0.8662109375 1248379
-0.43798828125 0.8818359375 0.6865234375 1248565
-0.43798828125 0.8818359375 0.6865234375 1248565
-0.43798828125 0.8818359375 0.6865234375 1248566
-0.43798828125 0.8818359375 0.6865234375 1248566
-0.5 0.6904296875 0.67236328125 1248668
-0.5 0.6904296875 0.67236328125 1248669
-0.5 0.6904296875 0.67236328125 1248669
-0.5 0.6904296875 0.67236328125 1248670
-0.4599609375 0.72119140625 0.7529296875 1248771
-0.4599609375 0.72119140625 0.7529296875 1248771
-0.4599609375 0.72119140625 0.7529296875 1248772
-0.40185546875 0.6396484375 0.767578125 1248901
-0.40185546875 0.6396484375 0.767578125 1248901
-0.40185546875 0.6396484375 0.767578125 1248902
-0.40185546875 0.6396484375 0.767578125 1248902
-0.43115234375 0.65234375 0.697265625 1249055
-0.43115234375 0.65234375 0.697265625 1249055
-0.43115234375 0.65234375 0.697265625 1249056
-0.43115234375 0.65234375 0.697265625 1249056
-0.421875 0.65869140625 0.6923828125 1249164
-0.421875 0.65869140625 0.6923828125 1249164
-0.421875 0.65869140625 0.6923828125 1249165
-0.421875 0.65869140625 0.6923828125 1249166
-0.365234375 0.65966796875 0.74658203125 1249273
-0.365234375 0.65966796875 0.74658203125 1249274
-0.365234375 0.65966796875 0.74658203125 1249274
-0.365234375 0.65966796875 0.74658203125 1249275
-0.22119140625 0.64013671875 0.81982421875 1249463
-0.22119140625 0.64013671875 0.81982421875 1249464
-0.22119140625 0.64013671875 0.81982421875 1249464
-0.22119140625 0.64013671875 0.81982421875 1249464
-0.0751953125 0.587890625 0.9130859375 1249565
-0.0751953125 0.587890625 0.9130859375 1249566
-0.0751953125 0.587890625 0.9130859375 1249566
-0.0751953125 0.587890625 0.9130859375 1249567
-0.01953125 0.53857421875 0.953125 1249670
-0.01953125 0.53857421875 0.953125 1249671
-0.01953125 0.53857421875 0.953125 1249671
-0.01953125 0.53857421875 0.953125 1249672
0.02734375 0.4970703125 0.97216796875 1249771
0.02734375 0.4970703125 0.97216796875 1249772
0.02734375 0.4970703125 0.97216796875 1249773
0.02734375 0.4970703125 0.97216796875 1249773
0.0556640625 0.4482421875 0.986328125 1249875
0.0556640625 0.4482421875 0.986328125 1249875
0.0556640625 0.4482421875 0.986328125 1249876
0.0556640625 0.4482421875 0.986328125 1249877
0.04052734375 0.43310546875 0.9765625 1250066
0.04052734375 0.43310546875 0.9765625 1250066
0.04052734375 0.43310546875 0.9765625 1250067
0.04052734375 0.43310546875 0.9765625 1250067
0.0419921875 0.45703125 0.98583984375 1250167
0.0419921875 0.45703125 0.98583984375 1250168
0.0419921875 0.45703125 0.98583984375 1250169
0.0419921875 0.45703125 0.98583984375 1250169
0.046875 0.4443359375 1.00048828125 1250269
0.046875 0.4443359375 1.00048828125 1250269
0.046875 0.4443359375 1.00048828125 1250270
0.046875 0.4443359375 1.00048828125 1250270
0.02099609375 0.47705078125 0.9677734375 1250372
0.02099609375 0.47705078125 0.9677734375 1250373
0.02099609375 0.47705078125 0.9677734375 1250373
0.02099609375 0.47705078125 0.9677734375 1250374
0.06103515625 0.4306640625 0.96923828125 1250563
0.06103515625 0.4306640625 0.96923828125 1250563
0.06103515625 0.4306640625 0.96923828125 1250564
0.06103515625 0.4306640625 0.96923828125 1250564
0.0810546875 0.42919921875 0.9736328125 1250666
0.0810546875 0.42919921875 0.9736328125 1250667
0.0810546875 0.42919921875 0.9736328125 1250668
0.0810546875 0.42919921875 0.9736328125 1250668
0.0615234375 0.45654296875 0.97119140625 1250771
0.0615234375 0.45654296875 0.97119140625 1250772
0.0615234375 0.45654296875 0.97119140625 1250772
0.0615234375 0.45654296875 0.97119140625 1250773
0.05078125 0.4541015625 0.97021484375 1250873
0.05078125 0.4541015625 0.97021484375 1250873
0.05078125 0.4541015625 0.97021484375 1250874
0.05078125 0.4541015625 0.97021484375 1250874
0.05908203125 0.44873046875 0.96728515625 1251069
0.05908203125 0.44873046875 0.96728515625 1251070
0.05908203125 0.44873046875 0.96728515625 1251071
0.05908203125 0.44873046875 0.96728515625 1251071
0.05224609375 0.42333984375 0.96728515625 1251172
0.05224609375 0.42333984375 0.96728515625 1251173
0.05224609375 0.42333984375 0.96728515625 1251174
0.05224609375 0.42333984375 0.96728515625 1251174
0.0537109375 0.43505859375 0.95751953125 1251365
0.0537109375 0.43505859375 0.95751953125 1251365
0.0537109375 0.43505859375 0.95751953125 1251366
0.0537109375 0.43505859375 0.95751953125 1251366
0.09130859375 0.4541015625 0.97607421875 1251465
0.09130859375 0.4541015625 0.97607421875 1251465
0.09130859375 0.4541015625 0.97607421875 1251466
0.09130859375 0.4541015625 0.97607421875 1251466
0.07275390625 0.4619140625 0.9658203125 1251568
0.07275390625 0.4619140625 0.9658203125 1251569
0.07275390625 0.4619140625 0.9658203125 1251569
0.07275390625 0.4619140625 0.9658203125 1251570
0.091796875 0.4609375 0.9775390625 1251673
0.091796875 0.4609375 0.9775390625 1251673
0.091796875 0.4609375 0.9775390625 1251674
0.091796875 0.4609375 0.9775390625 1251674
0.10009765625 0.4716796875 0.96435546875 1251860
0.10009765625 0.4716796875 0.96435546875 1251860
0.10009765625 0.4716796875 0.96435546875 1251861
0.10009765625 0.4716796875 0.96435546875 1251861
0.10107421875 0.47216796875 0.9765625 1251965
0.10107421875 0.47216796875 0.9765625 1251966
0.10107421875 0.47216796875 0.9765625 1251966
0.10107421875 0.47216796875 0.9765625 1251967
0.10205078125 0.4775390625 0.9697265625 1252067
0.10205078125 0.4775390625 0.9697265625 1252068
0.10205078125 0.4775390625 0.9697265625 1252068
0.10205078125 0.4775390625 0.9697265625 1252068
0.10693359375 0.47802734375 0.96826171875 1252172
0.10693359375 0.47802734375 0.96826171875 1252173
0.10693359375 0.47802734375 0.96826171875 1252173
0.10693359375 0.47802734375 0.96826171875 1252174
0.11181640625 0.47607421875 0.96728515625 1252360
0.11181640625 0.47607421875 0.96728515625 1252360
0.11181640625 0.47607421875 0.96728515625 1252361
0.11181640625 0.47607421875 0.96728515625 1252361
0.11279296875 0.46826171875 0.9736328125 1252473
0.11279296875 0.46826171875 0.9736328125 1252474
0.11279296875 0.46826171875 0.9736328125 1252475
0.11279296875 0.46826171875 0.9736328125 1252475
0.10107421875 0.46240234375 0.962890625 1252663
0.10107421875 0.46240234375 0.962890625 1252663
0.10107421875 0.46240234375 0.962890625 1252664
0.10107421875 0.46240234375 0.962890625 1252664
0.10009765625 0.46728515625 0.96142578125 1252765
0.10009765625 0.46728515625 0.96142578125 1252766
0.10009765625 0.46728515625 0.96142578125 1252767
0.10009765625 0.46728515625 0.96142578125 1252767
0.1064453125 0.46923828125 0.9697265625 1252868
0.1064453125 0.46923828125 0.9697265625 1252869
0.1064453125 0.46923828125 0.9697265625 1252869
0.1064453125 0.46923828125 0.9697265625 1252870
0.09619140625 0.470703125 0.96337890625 1253058
0.09619140625 0.470703125 0.96337890625 1253058
0.09619140625 0.470703125 0.96337890625 1253059
0.09619140625 0.470703125 0.96337890625 1253059
0.10107421875 0.46728515625 0.9697265625 1253161
0.10107421875 0.46728515625 0.9697265625 1253161
0.10107421875 0.46728515625 0.9697265625 1253162
0.10107421875 0.46728515625 0.9697265625 1253162
0.0986328125 0.4755859375 0.96240234375 1253264
0.0986328125 0.4755859375 0.96240234375 1253264
0.0986328125 0.4755859375 0.96240234375 1253265
0.0986328125 0.4755859375 0.96240234375 1253265
0.08544921875 0.46630859375 0.95849609375 1253369
0.08544921875 0.46630859375 0.95849609375 1253369
0.08544921875 0.46630859375 0.95849609375 1253369
0.08544921875 0.46630859375 0.95849609375 1253370
0.10107421875 0.4775390625 0.96826171875 1253546
0.10107421875 0.4775390625 0.96826171875 1253546
0.10107421875 0.4775390625 0.96826171875 1253547
0.10107421875 0.4775390625 0.96826171875 1253547
0.09716796875 0.4716796875 0.96337890625 1253658
0.09716796875 0.4716796875 0.96337890625 1253659
0.09716796875 0.4716796875 0.96337890625 1253659
0.09716796875 0.4716796875 0.96337890625 1253659
0.0986328125 0.46875 0.96728515625 1253761
0.0986328125 0.46875 0.96728515625 1253761
0.0986328125 0.46875 0.96728515625 1253762
0.0986328125 0.46875 0.96728515625 1253762
0.08984375 0.482421875 0.962890625 1253865
0.08984375 0.482421875 0.962890625 1253865
0.08984375 0.482421875 0.962890625 1253866
0.08984375 0.482421875 0.962890625 1253866
0.07763671875 0.48388671875 0.9501953125 1253968
0.07763671875 0.48388671875 0.9501953125 1253969
0.07763671875 0.48388671875 0.9501953125 1253969
0.07763671875 0.48388671875 0.9501953125 1253970
0.08642578125 0.48046875 0.96826171875 1254159
0.08642578125 0.48046875 0.96826171875 1254159
0.08642578125 0.48046875 0.96826171875 1254160
0.08642578125 0.48046875 0.96826171875 1254160
0.0927734375 0.484375 0.96337890625 1254261
0.0927734375 0.484375 0.96337890625 1254262
0.0927734375 0.484375 0.96337890625 1254263
0.0927734375 0.484375 0.96337890625 1254263
0.08984375 0.48486328125 0.9658203125 1254361
0.08984375 0.48486328125 0.9658203125 1254366
0.08984375 0.48486328125 0.9658203125 1254367
0.08984375 0.48486328125 0.9658203125 1254367
0.0830078125 0.48486328125 0.96240234375 1254468
0.0830078125 0.48486328125 0.96240234375 1254469
0.0830078125 0.48486328125 0.96240234375 1254469
0.0830078125 0.48486328125 0.96240234375 1254470
0.091796875 0.47412109375 0.96337890625 1254657
0.091796875 0.47412109375 0.96337890625 1254657
0.091796875 0.47412109375 0.96337890625 1254657
0.091796875 0.47412109375 0.96337890625 1254658
0.09033203125 0.482421875 0.96435546875 1254858
0.09033203125 0.482421875 0.96435546875 1254858
0.09033203125 0.482421875 0.96435546875 1254859
0.09033203125 0.482421875 0.96435546875 1254859
0.0888671875 0.47412109375 0.95703125 1254960
0.0888671875 0.47412109375 0.95703125 1254961
0.0888671875 0.47412109375 0.95703125 1254961
0.0888671875 0.47412109375 0.95703125 1254962
0.095703125 0.48046875 0.97119140625 1255062
0.095703125 0.48046875 0.97119140625 1255062
0.095703125 0.48046875 0.97119140625 1255063
0.095703125 0.48046875 0.97119140625 1255064
0.08837890625 0.4814453125 0.95849609375 1255165
0.08837890625 0.4814453125 0.95849609375 1255166
0.08837890625 0.4814453125 0.95849609375 1255166
0.08837890625 0.4814453125 0.95849609375 1255167
0.0869140625 0.4833984375 0.9521484375 1255270
0.0869140625 0.4833984375 0.9521484375 1255270
0.0869140625 0.4833984375 0.9521484375 1255271
0.0869140625 0.4833984375 0.9521484375 1255271
0.095703125 0.47216796875 0.9658203125 1255454
0.095703125 0.47216796875 0.9658203125 1255455
0.095703125 0.47216796875 0.9658203125 1255455
0.095703125 0.47216796875 0.9658203125 1255455
0.095703125 0.47998046875 0.96142578125 1255557
0.095703125 0.47998046875 0.96142578125 1255558
0.095703125 0.47998046875 0.96142578125 1255558
0.095703125 0.47998046875 0.96142578125 1255558
0.0927734375 0.48583984375 0.95654296875 1255673
0.0927734375 0.48583984375 0.95654296875 1255674
0.0927734375 0.48583984375 0.95654296875 1255675
0.0927734375 0.48583984375 0.95654296875 1255675
0.09521484375 0.4658203125 0.953125 1255863
0.09521484375 0.4658203125 0.953125 1255864
0.09521484375 0.4658203125 0.953125 1255864
0.09521484375 0.4658203125 0.953125 1255865
0.095703125 0.48583984375 0.966796875 1255967
0.095703125 0.48583984375 0.966796875 1255968
0.095703125 0.48583984375 0.966796875 1255968
0.095703125 0.48583984375 0.966796875 1255968
0.099609375 0.47509765625 0.9599609375 1256145
0.099609375 0.47509765625 0.9599609375 1256146
0.099609375 0.47509765625 0.9599609375 1256146
0.099609375 0.47509765625 0.9599609375 1256147
0.0947265625 0.4775390625 0.958984375 1256256
0.0947265625 0.4775390625 0.958984375 1256256
0.0947265625 0.4775390625 0.958984375 1256256
0.0947265625 0.4775390625 0.958984375 1256257
0.0966796875 0.47509765625 0.962890625 1256359
0.0966796875 0.47509765625 0.962890625 1256359
0.0966796875 0.47509765625 0.962890625 1256360
0.0966796875 0.47509765625 0.962890625 1256360
0.10595703125 0.4775390625 0.96484375 1256461
0.10595703125 0.4775390625 0.96484375 1256461
0.10595703125 0.4775390625 0.96484375 1256462
0.10595703125 0.4775390625 0.96484375 1256462
0.0986328125 0.478515625 0.95703125 1256564
0.0986328125 0.478515625 0.95703125 1256564
0.0986328125 0.478515625 0.95703125 1256565
0.0986328125 0.478515625 0.95703125 1256565
0.099609375 0.4775390625 0.9580078125 1256753
0.099609375 0.4775390625 0.9580078125 1256754
0.099609375 0.4775390625 0.9580078125 1256755
0.099609375 0.4775390625 0.9580078125 1256755
0.10302734375 0.47900390625 0.95751953125 1256857
0.10302734375 0.47900390625 0.95751953125 1256858
0.10302734375 0.47900390625 0.95751953125 1256858
0.10302734375 0.47900390625 0.95751953125 1256858
0.11181640625 0.4716796875 0.966796875 1256958
0.11181640625 0.4716796875 0.966796875 1256958
0.11181640625 0.4716796875 0.966796875 1256959
0.10595703125 0.48095703125 0.9658203125 1257044
0.0986328125 0.48388671875 0.95751953125 1257152
0.0986328125 0.48388671875 0.95751953125 1257152
0.0986328125 0.48388671875 0.95751953125 1257152
0.0986328125 0.48388671875 0.95751953125 1257153
0.10009765625 0.48095703125 0.95458984375 1257254
0.10009765625 0.48095703125 0.95458984375 1257255
0.10009765625 0.48095703125 0.95458984375 1257256
0.10009765625 0.48095703125 0.95458984375 1257256
0.0986328125 0.486328125 0.95654296875 1257358
0.0986328125 0.486328125 0.95654296875 1257358
0.0986328125 0.486328125 0.95654296875 1257359
0.0986328125 0.486328125 0.95654296875 1257359
0.1025390625 0.47607421875 0.96142578125 1257459
0.1025390625 0.47607421875 0.96142578125 1257460
0.1025390625 0.47607421875 0.96142578125 1257460
0.1025390625 0.47607421875 0.96142578125 1257461
0.1064453125 0.47705078125 0.958984375 1257563
0.1064453125 0.47705078125 0.958984375 1257564
0.1064453125 0.47705078125 0.958984375 1257564
0.1064453125 0.47705078125 0.958984375 1257564
0.09716796875 0.49365234375 0.96484375 1257752
0.09716796875 0.49365234375 0.96484375 1257753
0.09716796875 0.49365234375 0.96484375 1257753
0.09716796875 0.49365234375 0.96484375 1257753
0.08251953125 0.50732421875 0.96484375 1257855
0.08251953125 0.50732421875 0.96484375 1257855
0.08251953125 0.50732421875 0.96484375 1257856
0.08251953125 0.50732421875 0.96484375 1257857
0.0615234375 0.51708984375 0.95751953125 1257958
0.0615234375 0.51708984375 0.95751953125 1257958
0.0615234375 0.51708984375 0.95751953125 1257959
0.06396484375 0.466796875 0.95703125 1258060
0.06396484375 0.466796875 0.95703125 1258060
0.06396484375 0.466796875 0.95703125 1258061
0.06396484375 0.466796875 0.95703125 1258061
0.07177734375 0.396484375 0.953125 1258251
0.07177734375 0.396484375 0.953125 1258252
0.07177734375 0.396484375 0.953125 1258253
0.07177734375 0.396484375 0.953125 1258253
0.07958984375 0.41015625 0.9482421875 1258353
0.07958984375 0.41015625 0.9482421875 1258354
0.07958984375 0.41015625 0.9482421875 1258355
0.07958984375 0.41015625 0.9482421875 1258355
0.05322265625 0.44580078125 0.9296875 1258456
0.05322265625 0.44580078125 0.9296875 1258456
0.05322265625 0.44580078125 0.9296875 1258457
0.05322265625 0.44580078125 0.9296875 1258457
0.078125 0.5078125 0.9755859375 1258558
0.078125 0.5078125 0.9755859375 1258558
0.078125 0.5078125 0.9755859375 1258559
0.078125 0.5078125 0.9755859375 1258559
0.0146484375 0.59375 0.99267578125 1258660
0.0146484375 0.59375 0.99267578125 1258660
0.0146484375 0.59375 0.99267578125 1258661
0.0146484375 0.59375 0.99267578125 1258661
-0.705078125 0.66650390625 0.2841796875 1258849
-0.705078125 0.66650390625 0.2841796875 1258849
-0.705078125 0.66650390625 0.2841796875 1258850
-0.705078125 0.66650390625 0.2841796875 1258850
-0.9736328125 0.52294921875 -0.1650390625 1258953
-0.9736328125 0.52294921875 -0.1650390625 1258953
-0.9736328125 0.52294921875 -0.1650390625 1258953
-0.9736328125 0.52294921875 -0.1650390625 1258954
-0.9375 0.353515625 -0.2802734375 1259056
-0.9375 0.353515625 -0.2802734375 1259056
-0.9375 0.353515625 -0.2802734375 1259057
-0.88671875 0.26171875 -0.263671875 1259159
-0.88671875 0.26171875 -0.263671875 1259160
-0.88671875 0.26171875 -0.263671875 1259160
-0.88671875 0.26171875 -0.263671875 1259161
-0.826171875 0.12060546875 -0.41552734375 1259349
-0.826171875 0.12060546875 -0.41552734375 1259350
-0.826171875 0.12060546875 -0.41552734375 1259350
-0.826171875 0.12060546875 -0.41552734375 1259351
-0.79150390625 0.14453125 -0.392578125 1259453
-0.79150390625 0.14453125 -0.392578125 1259454
-0.79150390625 0.14453125 -0.392578125 1259455
-0.79150390625 0.14453125 -0.392578125 1259455
-0.81103515625 0.146484375 -0.419921875 1259555
-0.81103515625 0.146484375 -0.419921875 1259555
-0.81103515625 0.146484375 -0.419921875 1259555
-0.81103515625 0.146484375 -0.419921875 1259556
-0.6845703125 -0.07568359375 -0.47265625 1259659
-0.6845703125 -0.07568359375 -0.47265625 1259659
-0.6845703125 -0.07568359375 -0.47265625 1259660
-0.6845703125 -0.07568359375 -0.47265625 1259660
-0.9873046875 0.57666015625 -0.78955078125 1259761
-0.9873046875 0.57666015625 -0.78955078125 1259761
-0.9873046875 0.57666015625 -0.78955078125 1259762
-0.9873046875 0.57666015625 -0.78955078125 1259762
-0.8232421875 0.19091796875 -0.4765625 1259948
-0.8232421875 0.19091796875 -0.4765625 1259949
-0.8232421875 0.19091796875 -0.4765625 1259949
-0.8232421875 0.19091796875 -0.4765625 1259950
-0.94091796875 0.447265625 -0.3310546875 1260051
-0.94091796875 0.447265625 -0.3310546875 1260051
-0.94091796875 0.447265625 -0.3310546875 1260052
-0.94091796875 0.447265625 -0.3310546875 1260052
-0.81298828125 0.52099609375 0.11376953125 1260154
-0.81298828125 0.52099609375 0.11376953125 1260155
-0.81298828125 0.52099609375 0.11376953125 1260155
-0.81298828125 0.52099609375 0.11376953125 1260155
-0.20751953125 0.48828125 0.85205078125 1260351
-0.20751953125 0.48828125 0.85205078125 1260352
-0.20751953125 0.48828125 0.85205078125 1260352
-0.20751953125 0.48828125 0.85205078125 1260353
0.1240234375 0.36279296875 1.0185546875 1260452
0.1240234375 0.36279296875 1.0185546875 1260452
0.1240234375 0.36279296875 1.0185546875 1260453
0.1240234375 0.36279296875 1.0185546875 1260453
0.15087890625 0.39599609375 1.02197265625 1260554
0.15087890625 0.39599609375 1.02197265625 1260554
0.15087890625 0.39599609375 1.02197265625 1260555
0.15087890625 0.39599609375 1.02197265625 1260556
0.25732421875 0.32763671875 1.08203125 1260656
0.25732421875 0.32763671875 1.08203125 1260657
0.25732421875 0.32763671875 1.08203125 1260657
0.25732421875 0.32763671875 1.08203125 1260658
0.16455078125 0.125 0.9853515625 1260859
0.16455078125 0.125 0.9853515625 1260859
0.16455078125 0.125 0.9853515625 1260860
0.16455078125 0.125 0.9853515625 1260860
-0.00146484375 0.6328125 0.8935546875 1261046
-0.00146484375 0.6328125 0.8935546875 1261047
-0.00146484375 0.6328125 0.8935546875 1261048
-0.00146484375 0.6328125 0.8935546875 1261048
-0.1435546875 0.7041015625 0.8369140625 1261151
-0.1435546875 0.7041015625 0.8369140625 1261151
-0.1435546875 0.7041015625 0.8369140625 1261152
-0.1435546875 0.7041015625 0.8369140625 1261152
-0.31201171875 0.67333984375 0.77099609375 1261254
-0.31201171875 0.67333984375 0.77099609375 1261255
-0.31201171875 0.67333984375 0.77099609375 1261255
-0.357421875 0.66748046875 0.771484375 1261359
-0.357421875 0.66748046875 0.771484375 1261359
-0.357421875 0.66748046875 0.771484375 1261359
-0.357421875 0.66748046875 0.771484375 1261360
-0.369140625 0.67236328125 0.75439453125 1261548
-0.369140625 0.67236328125 0.75439453125 1261549
-0.369140625 0.67236328125 0.75439453125 1261549
-0.369140625 0.67236328125 0.75439453125 1261550
-0.3798828125 0.69970703125 0.73779296875 1261652
-0.3798828125 0.69970703125 0.73779296875 1261653
-0.3798828125 0.69970703125 0.73779296875 1261653
-0.3798828125 0.69970703125 0.73779296875 1261654
-0.34228515625 0.72607421875 0.7333984375 1261754
-0.34228515625 0.72607421875 0.7333984375 1261755
-0.34228515625 0.72607421875 0.7333984375 1261756
-0.34228515625 0.72607421875 0.7333984375 1261756
-0.27880859375 0.66748046875 0.78125 1261855
-0.27880859375 0.66748046875 0.78125 1261855
-0.27880859375 0.66748046875 0.78125 1261856
-0.27880859375 0.66748046875 0.78125 1261856
-0.01416015625 0.61279296875 0.904296875 1262046
-0.01416015625 0.61279296875 0.904296875 1262046
-0.01416015625 0.61279296875 0.904296875 1262047
-0.01416015625 0.61279296875 0.904296875 1262047
0.05810546875 0.53466796875 0.95849609375 1262150
0.05810546875 0.53466796875 0.95849609375 1262150
0.05810546875 0.53466796875 0.95849609375 1262151
0.05810546875 0.53466796875 0.95849609375 1262151
0.01513671875 0.54931640625 0.93310546875 1262251
0.01513671875 0.54931640625 0.93310546875 1262252
0.01513671875 0.54931640625 0.93310546875 1262252
0.01513671875 0.54931640625 0.93310546875 1262252
-0.0009765625 0.5068359375 0.91552734375 1262355
-0.0009765625 0.5068359375 0.91552734375 1262355
-0.0009765625 0.5068359375 0.91552734375 1262355
-0.0009765625 0.5068359375 0.91552734375 1262356
0.0263671875 0.49755859375 0.9462890625 1262544
0.0263671875 0.49755859375 0.9462890625 1262545
0.0263671875 0.49755859375 0.9462890625 1262545
0.0263671875 0.49755859375 0.9462890625 1262545
0.04541015625 0.4560546875 0.96826171875 1262649
0.04541015625 0.4560546875 0.96826171875 1262650
0.04541015625 0.4560546875 0.96826171875 1262650
0.04541015625 0.4560546875 0.96826171875 1262651
0.04541015625 0.48779296875 0.970703125 1262750
0.04541015625 0.48779296875 0.970703125 1262751
0.04541015625 0.48779296875 0.970703125 1262751
0.04541015625 0.48779296875 0.970703125 1262752
0.0615234375 0.453125 0.97900390625 1262852
0.0615234375 0.453125 0.97900390625 1262853
0.0615234375 0.453125 0.97900390625 1262853
0.0615234375 0.453125 0.97900390625 1262854
0.05908203125 0.4345703125 0.98388671875 1262954
0.05908203125 0.4345703125 0.98388671875 1262955
0.05908203125 0.4345703125 0.98388671875 1262955
0.05908203125 0.4345703125 0.98388671875 1262956
0.06787109375 0.45947265625 0.984375 1263143
0.06787109375 0.45947265625 0.984375 1263144
0.06787109375 0.45947265625 0.984375 1263144
0.06787109375 0.45947265625 0.984375 1263145
0.0732421875 0.44482421875 0.9892578125 1263245
0.0732421875 0.44482421875 0.9892578125 1263246
0.0732421875 0.44482421875 0.9892578125 1263246
0.0732421875 0.44482421875 0.9892578125 1263247
0.0732421875 0.4296875 1.00048828125 1263354
0.0732421875 0.4296875 1.00048828125 1263361
0.0732421875 0.4296875 1.00048828125 1263361
0.0732421875 0.4296875 1.00048828125 1263362
0.05126953125 0.42724609375 0.98095703125 1263544
0.05126953125 0.42724609375 0.98095703125 1263544
0.05126953125 0.42724609375 0.98095703125 1263545
0.05126953125 0.42724609375 0.98095703125 1263546
0.06787109375 0.42236328125 0.99755859375 1263645
0.06787109375 0.42236328125 0.99755859375 1263645
0.06787109375 0.42236328125 0.99755859375 1263646
0.06787109375 0.42236328125 0.99755859375 1263647
0.05029296875 0.416015625 0.98388671875 1263749
0.05029296875 0.416015625 0.98388671875 1263750
0.05029296875 0.416015625 0.98388671875 1263750
0.05029296875 0.416015625 0.98388671875 1263751
0.05126953125 0.42138671875 0.99072265625 1263853
0.05126953125 0.42138671875 0.99072265625 1263853
0.05126953125 0.42138671875 0.99072265625 1263854
0.05126953125 0.42138671875 0.99072265625 1263854
0.04296875 0.416015625 0.97509765625 1263955
0.04296875 0.416015625 0.97509765625 1263956
0.04296875 0.416015625 0.97509765625 1263956
0.04296875 0.416015625 0.97509765625 1263956
0.0595703125 0.40087890625 0.98779296875 1264142
0.0595703125 0.40087890625 0.98779296875 1264143
0.0595703125 0.40087890625 0.98779296875 1264143
0.0595703125 0.40087890625 0.98779296875 1264144
0.04931640625 0.40576171875 0.99365234375 1264247
0.04931640625 0.40576171875 0.99365234375 1264247
0.04931640625 0.40576171875 0.99365234375 1264248
0.04931640625 0.40576171875 0.99365234375 1264248
0.04541015625 0.41796875 0.98095703125 1264350
0.04541015625 0.41796875 0.98095703125 1264351
0.04541015625 0.41796875 0.98095703125 1264352
0.04541015625 0.41796875 0.98095703125 1264352
0.0556640625 0.4169921875 0.9990234375 1264450
0.033203125 0.4208984375 0.98486328125 1264554
0.033203125 0.4208984375 0.98486328125 1264554
0.033203125 0.4208984375 0.98486328125 1264555
0.033203125 0.4208984375 0.98486328125 1264555
0.03515625 0.4189453125 0.98193359375 1264744
0.03515625 0.4189453125 0.98193359375 1264745
0.03515625 0.4189453125 0.98193359375 1264745
0.03515625 0.4189453125 0.98193359375 1264746
0.04443359375 0.4384765625 0.99755859375 1264944
0.04443359375 0.4384765625 0.99755859375 1264944
0.04443359375 0.4384765625 0.99755859375 1264945
0.04443359375 0.4384765625 0.99755859375 1264945
0.033203125 0.4404296875 0.9873046875 1265047
0.033203125 0.4404296875 0.9873046875 1265048
0.033203125 0.4404296875 0.9873046875 1265048
0.033203125 0.4404296875 0.9873046875 1265049
0.0322265625 0.44873046875 0.98193359375 1265150
0.0322265625 0.44873046875 0.98193359375 1265150
0.0322265625 0.44873046875 0.98193359375 1265151
0.0322265625 0.44873046875 0.98193359375 1265151
0.0390625 0.44970703125 0.9853515625 1265342
0.0390625 0.44970703125 0.9853515625 1265343
0.0390625 0.44970703125 0.9853515625 1265343
0.0390625 0.44970703125 0.9853515625 1265344
0.0322265625 0.4462890625 0.9775390625 1265444
0.0322265625 0.4462890625 0.9775390625 1265444
0.0322265625 0.4462890625 0.9775390625 1265445
0.0322265625 0.4462890625 0.9775390625 1265445
0.03125 0.45458984375 0.97412109375 1265546
0.03125 0.45458984375 0.97412109375 1265547
0.03125 0.45458984375 0.97412109375 1265547
0.03125 0.45458984375 0.97412109375 1265548
0.0322265625 0.4580078125 0.9755859375 1265651
0.0322265625 0.4580078125 0.9755859375 1265652
0.0322265625 0.4580078125 0.9755859375 1265652
0.0322265625 0.4580078125 0.9755859375 1265653
0.0224609375 0.46142578125 0.970703125 1265842
0.0224609375 0.46142578125 0.970703125 1265843
0.0224609375 0.46142578125 0.970703125 1265843
0.0224609375 0.46142578125 0.970703125 1265843
0.02587890625 0.45361328125 0.9736328125 1265946
0.02587890625 0.45361328125 0.9736328125 1265946
0.02587890625 0.45361328125 0.9736328125 1265947
0.02587890625 0.45361328125 0.9736328125 1265947
0.02734375 0.45068359375 0.974609375 1266050
0.02734375 0.45068359375 0.974609375 1266050
0.02734375 0.45068359375 0.974609375 1266051
0.02734375 0.45068359375 0.974609375 1266051
0.02392578125 0.45947265625 0.9716796875 1266242
0.02392578125 0.45947265625 0.9716796875 1266242
0.02392578125 0.45947265625 0.9716796875 1266242
0.02392578125 0.45947265625 0.9716796875 1266243
0.033203125 0.45263671875 0.970703125 1266344
0.033203125 0.45263671875 0.970703125 1266344
0.033203125 0.45263671875 0.970703125 1266345
0.029296875 0.45458984375 0.96875 1266449
0.029296875 0.45458984375 0.96875 1266450
0.029296875 0.45458984375 0.96875 1266451
0.029296875 0.45458984375 0.96875 1266451
0.02783203125 0.4609375 0.97412109375 1266549
0.02783203125 0.4609375 0.97412109375 1266550
0.0302734375 0.455078125 0.97314453125 1266639
0.0302734375 0.455078125 0.97314453125 1266639
0.037109375 0.46533203125 0.9833984375 1266743
0.037109375 0.46533203125 0.9833984375 1266744
0.037109375 0.46533203125 0.9833984375 1266745
0.037109375 0.46533203125 0.9833984375 1266746
0.03076171875 0.46142578125 0.970703125 1266845
0.03076171875 0.46142578125 0.970703125 1266846
0.03076171875 0.46142578125 0.970703125 1266846
0.0322265625 0.46484375 0.96728515625 1266949
0.0322265625 0.46484375 0.96728515625 1266949
0.0322265625 0.46484375 0.96728515625 1266950
0.0322265625 0.46484375 0.96728515625 1266950
0.03369140625 0.46142578125 0.9716796875 1267050
0.03369140625 0.46142578125 0.9716796875 1267051
0.03369140625 0.46142578125 0.9716796875 1267051
0.03369140625 0.46142578125 0.9716796875 1267052
0.03564453125 0.4658203125 0.97216796875 1267237
0.03564453125 0.4658203125 0.97216796875 1267237
0.03564453125 0.4658203125 0.97216796875 1267238
0.03564453125 0.4658203125 0.97216796875 1267238
0.03515625 0.458984375 0.97265625 1267364
0.03515625 0.458984375 0.97265625 1267365
0.03515625 0.458984375 0.97265625 1267365
0.03515625 0.458984375 0.97265625 1267366
0.03759765625 0.45947265625 0.970703125 1267545
0.03759765625 0.45947265625 0.970703125 1267546
0.03759765625 0.45947265625 0.970703125 1267546
0.03759765625 0.45947265625 0.970703125 1267547
0.0283203125 0.458984375 0.96435546875 1267647
0.0283203125 0.458984375 0.96435546875 1267648
0.0283203125 0.458984375 0.96435546875 1267649
0.0283203125 0.458984375 0.96435546875 1267649
0.0419921875 0.4609375 0.97607421875 1267841
0.0419921875 0.4609375 0.97607421875 1267841
0.0419921875 0.4609375 0.97607421875 1267841
0.0419921875 0.4609375 0.97607421875 1267842
0.0419921875 0.462890625 0.97119140625 1267945
0.0419921875 0.462890625 0.97119140625 1267945
0.0419921875 0.462890625 0.97119140625 1267946
0.0419921875 0.462890625 0.97119140625 1267946
0.041015625 0.4638671875 0.96875 1268048
0.041015625 0.4638671875 0.96875 1268049
0.041015625 0.4638671875 0.96875 1268049
0.041015625 0.4638671875 0.96875 1268050
0.03857421875 0.458984375 0.9658203125 1268236
0.03857421875 0.458984375 0.9658203125 1268236
0.03857421875 0.458984375 0.9658203125 1268237
0.03857421875 0.458984375 0.9658203125 1268237
0.0380859375 0.45947265625 0.96728515625 1268338
0.0380859375 0.45947265625 0.96728515625 1268338
0.0380859375 0.45947265625 0.96728515625 1268339
0.0380859375 0.45947265625 0.96728515625 1268339
0.0419921875 0.46337890625 0.9716796875 1268440
0.0419921875 0.46337890625 0.9716796875 1268441
0.0419921875 0.46337890625 0.9716796875 1268441
0.0419921875 0.46337890625 0.9716796875 1268442
0.04248046875 0.4638671875 0.970703125 1268544
0.04248046875 0.4638671875 0.970703125 1268544
0.04248046875 0.4638671875 0.970703125 1268545
0.04248046875 0.4638671875 0.970703125 1268545
0.04345703125 0.46240234375 0.97119140625 1268646
0.04345703125 0.46240234375 0.97119140625 1268647
0.04345703125 0.46240234375 0.97119140625 1268648
0.04345703125 0.46240234375 0.97119140625 1268648
0.0576171875 0.45703125 0.9833984375 1268835
0.0576171875 0.45703125 0.9833984375 1268835
0.0576171875 0.45703125 0.9833984375 1268836
0.0576171875 0.45703125 0.9833984375 1268836
0.0537109375 0.46484375 0.978515625 1268939
0.0537109375 0.46484375 0.978515625 1268940
0.0537109375 0.46484375 0.978515625 1268940
0.0537109375 0.46484375 0.978515625 1268941
0.05615234375 0.45654296875 0.97119140625 1269145
0.05615234375 0.45654296875 0.97119140625 1269146
0.05615234375 0.45654296875 0.97119140625 1269146
0.05615234375 0.45654296875 0.97119140625 1269147
0.05126953125 0.45849609375 0.97412109375 1269337
0.05126953125 0.45849609375 0.97412109375 1269337
0.05126953125 0.45849609375 0.97412109375 1269338
0.05126953125 0.45849609375 0.97412109375 1269338
0.05126953125 0.453125 0.9697265625 1269440
0.05126953125 0.453125 0.9697265625 1269440
0.05126953125 0.453125 0.9697265625 1269440
0.05126953125 0.453125 0.9697265625 1269441
0.056640625 0.4521484375 0.97509765625 1269542
0.056640625 0.4521484375 0.97509765625 1269543
0.056640625 0.4521484375 0.97509765625 1269543
0.056640625 0.4521484375 0.97509765625 1269544
0.0517578125 0.46240234375 0.96923828125 1269645
0.0517578125 0.46240234375 0.96923828125 1269646
0.0517578125 0.46240234375 0.96923828125 1269647
0.0517578125 0.46240234375 0.96923828125 1269647
0.0537109375 0.453125 0.9814453125 1269821
0.0537109375 0.453125 0.9814453125 1269821
0.0537109375 0.453125 0.9814453125 1269822
0.0537109375 0.453125 0.9814453125 1269822
0.056640625 0.4541015625 0.97607421875 1269933
0.056640625 0.4541015625 0.97607421875 1269934
0.056640625 0.4541015625 0.97607421875 1269934
0.056640625 0.4541015625 0.97607421875 1269935
0.05029296875 0.45947265625 0.974609375 1270036
0.05029296875 0.45947265625 0.974609375 1270037
0.05029296875 0.45947265625 0.974609375 1270038
0.05029296875 0.45947265625 0.974609375 1270038
0.0537109375 0.4599609375 0.97021484375 1270139
0.0537109375 0.4599609375 0.97021484375 1270139
0.0537109375 0.4599609375 0.97021484375 1270140
0.0537109375 0.4599609375 0.97021484375 1270140
0.04736328125 0.455078125 0.96826171875 1270241
0.04736328125 0.455078125 0.96826171875 1270242
0.04736328125 0.455078125 0.96826171875 1270242
0.04736328125 0.455078125 0.96826171875 1270243
0.0517578125 0.462890625 0.97216796875 1270344
0.0517578125 0.462890625 0.97216796875 1270344
0.0517578125 0.462890625 0.97216796875 1270345
0.0517578125 0.462890625 0.97216796875 1270345
0.05224609375 0.46435546875 0.97802734375 1270532
0.05224609375 0.46435546875 0.97802734375 1270533
0.05224609375 0.46435546875 0.97802734375 1270533
0.05224609375 0.46435546875 0.97802734375 1270534
0.052734375 0.4609375 0.9697265625 1270635
0.052734375 0.4609375 0.9697265625 1270636
0.052734375 0.4609375 0.9697265625 1270636
0.052734375 0.4609375 0.9697265625 1270636
0.0478515625 0.474609375 0.974609375 1270739
0.0478515625 0.474609375 0.974609375 1270739
0.0478515625 0.474609375 0.974609375 1270739
0.0478515625 0.46630859375 0.970703125 1270841
0.0478515625 0.46630859375 0.970703125 1270841
0.0478515625 0.46630859375 0.970703125 1270842
0.0478515625 0.46630859375 0.970703125 1270842
0.04443359375 0.44921875 0.97314453125 1271034
0.04443359375 0.44921875 0.97314453125 1271034
0.04443359375 0.44921875 0.97314453125 1271034
0.04443359375 0.44921875 0.97314453125 1271035
0.0185546875 0.45654296875 0.953125 1271231
0.0185546875 0.45654296875 0.953125 1271232
0.0185546875 0.45654296875 0.953125 1271232
0.0185546875 0.45654296875 0.953125 1271233
0.0302734375 0.44677734375 0.9609375 1271334
0.0302734375 0.44677734375 0.9609375 1271335
0.0302734375 0.44677734375 0.9609375 1271335
0.0302734375 0.44677734375 0.9609375 1271335
0.02587890625 0.439453125 0.96044921875 1271437
0.02587890625 0.439453125 0.96044921875 1271438
0.02587890625 0.439453125 0.96044921875 1271438
0.048828125 0.39453125 0.9716796875 1271540
0.048828125 0.39453125 0.9716796875 1271541
0.048828125 0.39453125 0.9716796875 1271541
0.048828125 0.39453125 0.9716796875 1271542
-0.05029296875 0.56494140625 0.93505859375 1271719
-0.05029296875 0.56494140625 0.93505859375 1271719
-0.05029296875 0.56494140625 0.93505859375 1271720
-0.05029296875 0.56494140625 0.93505859375 1271720
-0.44873046875 0.71435546875 0.6298828125 1271829
-0.44873046875 0.71435546875 0.6298828125 1271829
-0.44873046875 0.71435546875 0.6298828125 1271830
-0.44873046875 0.71435546875 0.6298828125 1271830
-0.8671875 0.63623046875 0.1064453125 1271933
-0.8671875 0.63623046875 0.1064453125 1271933
-0.8671875 0.63623046875 0.1064453125 1271934
-0.8671875 0.63623046875 0.1064453125 1271934
-0.982421875 0.45068359375 -0.19482421875 1272036
-0.982421875 0.45068359375 -0.19482421875 1272036
-0.982421875 0.45068359375 -0.19482421875 1272037
-0.982421875 0.45068359375 -0.19482421875 1272038
-0.89453125 0.298828125 -0.2470703125 1272137
-0.89453125 0.298828125 -0.2470703125 1272137
-0.89453125 0.298828125 -0.2470703125 1272138
-0.89453125 0.298828125 -0.2470703125 1272138
-0.78759765625 0.20263671875 -0.2236328125 1272240
-0.78759765625 0.20263671875 -0.2236328125 1272241
-0.78759765625 0.20263671875 -0.2236328125 1272241
-0.78759765625 0.20263671875 -0.2236328125 1272241
-0.86767578125 0.189453125 -0.4697265625 1272430
-0.86767578125 0.189453125 -0.4697265625 1272431
-0.86767578125 0.189453125 -0.4697265625 1272431
-0.86767578125 0.189453125 -0.4697265625 1272432
-0.98828125 0.33837890625 -0.35888671875 1272534
-0.98828125 0.33837890625 -0.35888671875 1272535
-0.98828125 0.33837890625 -0.35888671875 1272535
-0.98828125 0.33837890625 -0.35888671875 1272535
-0.810546875 0.19287109375 -0.06787109375 1272635
-0.810546875 0.19287109375 -0.06787109375 1272635
-0.810546875 0.19287109375 -0.06787109375 1272636
-0.9521484375 0.3876953125 -0.05322265625 1272739
-0.9521484375 0.3876953125 -0.05322265625 1272740
-0.9521484375 0.3876953125 -0.05322265625 1272740
-0.9521484375 0.3876953125 -0.05322265625 1272741
-0.88818359375 0.3330078125 0.15185546875 1272929
-0.88818359375 0.3330078125 0.15185546875 1272930
-0.88818359375 0.3330078125 0.15185546875 1272931
-0.88818359375 0.3330078125 0.15185546875 1272931
