506 1581939
504 1581966
512 1581966
508 1581966
510 1581966
509 1581967
507 1581967
506 1581967
510 1581967
508 1581968
510 1581968
508 1581968
507 1581968
510 1581969
506 1581969
500 1581969
506 1581969
508 1581969
508 1581970
505 1581970
506 1581970
507 1581970
515 1581970
506 1581971
511 1581971
500 1581971
507 1581971
505 1581971
512 1581972
510 1581972
505 1581972
508 1581975
512 1581975
505 1581976
499 1581976
499 1581976
499 1581976
514 1581977
511 1581978
507 1581978
526 1581978
497 1581978
509 1581979
527 1581979
512 1581980
518 1581980
534 1581980
498 1581980
512 1581980
515 1581981
490 1581981
510 1581981
512 1581981
499 1581982
525 1581982
517 1581982
487 1581982
506 1581982
508 1581983
506 1581983
506 1581983
507 1581983
505 1581983
509 1581984
505 1581984
493 1581985
505 1581985
517 1582031
501 1582033
507 1582035
513 1582035
496 1582037
511 1582098
500 1582100
517 1582100
515 1582102
504 1582103
500 1582104
516 1582118
515 1582157
513 1582158
504 1582159
506 1582218
509 1582218
509 1582220
495 1582220
500 1582221
513 1582222
488 1582222
520 1582224
467 1582226
496 1582226
510 1582228
476 1582228
533 1582228
487 1582228
515 1582228
535 1582229
495 1582344
467 1582346
511 1582346
483 1582347
564 1582347
498 1582349
502 1582349
517 1582351
507 1582351
495 1582354
508 1582365
502 1582365
511 1582366
505 1582366
505 1582367
510 1582399
509 1582400
524 1582400
513 1582402
519 1582402
507 1582421
537 1582425
505 1582425
503 1582460
517 1582460
520 1582497
495 1582497
507 1582497
523 1582499
492 1582499
517 1582574
499 1582576
510 1582576
522 1582578
507 1582578
515 1582580
512 1582580
507 1582590
520 1582592
502 1582594
502 1582631
517 1582631
511 1582664
505 1582665
507 1582665
517 1582731
477 1582734
528 1582736
489 1582778
513 1582779
496 1582780
517 1582780
487 1582783
504 1582790
501 1582791
501 1582791
496 1582792
496 1582794
501 1582795
504 1582835
511 1582836
487 1582836
538 1582839
490 1582863
484 1582865
496 1582865
504 1582931
522 1582935
508 1582935
506 1582976
505 1582976
517 1582977
512 1582978
515 1582978
500 1582980
524 1582980
493 1583013
521 1583013
506 1583020
520 1583020
512 1583032
497 1583034
521 1583035
518 1583046
515 1583057
520 1583057
454 1583079
527 1583079
505 1583099
538 1583099
513 1583119
528 1583119
518 1583127
503 1583147
495 1583158
513 1583180
512 1583180
508 1583189
506 1583189
505 1583196
505 1583206
489 1583216
505 1583226
519 1583236
501 1583259
512 1583259
513 1583279
512 1583279
502 1583299
507 1583299
513 1583307
499 1583317
509 1583327
507 1583349
505 1583349
508 1583356
502 1583366
508 1583376
508 1583387
508 1583396
503 1583419
507 1583419
505 1583426
506 1583436
509 1583459
509 1583459
509 1583467
507 1583477
511 1583487
506 1583497
508 1583508
508 1583530
510 1583530
507 1583563
508 1583565
512 1583565
516 1583576
504 1583587
502 1583597
508 1583607
507 1583637
508 1583652
505 1583654
508 1583656
507 1583669
505 1583669
508 1583677
508 1583687
506 1583697
509 1583730
508 1583730
515 1583739
509 1583739
503 1583746
493 1583756
505 1583766
506 1583789
489 1583789
506 1583796
512 1583819
509 1583819
506 1583827
512 1583837
516 1583847
509 1583857
513 1583867
493 1583877
502 1583887
504 1583922
516 1583924
511 1583926
543 1583928
507 1583935
492 1583950
525 1583958
488 1583968
509 1584002
523 1584002
509 1584007
504 1584007
509 1584017
496 1584027
487 1584037
515 1584047
514 1584069
509 1584069
523 1584077
496 1584099
474 1584099
517 1584106
529 1584127
513 1584139
497 1584139
476 1584171
522 1584173
517 1584175
507 1584202
522 1584204
523 1584206
510 1584208
503 1584215
509 1584266
514 1584266
511 1584266
508 1584268
503 1584299
508 1584301
509 1584308
505 1584310
509 1584316
505 1584328
510 1584338
506 1584401
508 1584401
509 1584403
509 1584406
509 1584408
507 1584408
507 1584410
508 1584417
506 1584439
510 1584439
510 1584449
507 1584469
508 1584469
510 1584477
510 1584485
506 1584498
507 1584508
511 1584529
508 1584530
510 1584537
508 1584547
508 1584582
509 1584582
509 1584587
507 1584587
508 1584596
508 1584606
506 1584616
506 1584639
508 1584639
509 1584660
508 1584660
510 1584667
509 1584678
508 1584688
507 1584697
507 1584707
507 1584742
507 1584742
512 1584744
507 1584758
508 1584760
505 1584765
509 1584777
508 1584799
510 1584799
505 1584807
508 1584818
502 1584837
492 1584848
509 1584859
488 1584859
501 1584879
515 1584879
480 1584887
498 1584907
509 1584929
447 1584929
535 1584937
503 1584948
551 1584956
494 1584966
495 1584976
583 1584986
503 1584996
546 1585006
510 1585016
500 1585026
528 1585037
500 1585047
485 1585057
472 1585067
483 1585077
531 1585123
518 1585129
499 1585129
520 1585131
512 1585131
508 1585135
510 1585148
504 1585169
509 1585169
512 1585178
508 1585199
507 1585200
508 1585208
508 1585218
508 1585228
505 1585237
506 1585248
510 1585282
509 1585284
509 1585285
511 1585299
514 1585299
506 1585306
517 1585316
506 1585339
508 1585339
508 1585346
506 1585382
500 1585383
506 1585386
507 1585388
505 1585395
514 1585408
511 1585418
511 1585428
529 1585438
531 1585450
503 1585483
503 1585483
491 1585485
516 1585497
491 1585499
527 1585505
518 1585517
470 1585539
563 1585539
587 1585547
507 1585567
527 1585579
527 1585579
449 1585587
513 1585597
490 1585607
436 1585616
550 1585627
489 1585649
556 1585650
566 1585736
489 1585736
488 1585736
451 1585737
522 1585737
513 1585737
516 1585737
476 1585738
502 1585738
523 1585769
546 1585770
496 1585777
488 1585786
481 1585797
510 1585807
508 1585850
523 1585850
524 1585891
491 1585891
509 1585893
509 1585894
502 1585896
502 1585896
501 1585939
509 1585940
510 1585940
511 1585956
507 1585957
510 1585959
509 1585959
510 1586018
508 1586018
512 1586018
506 1586018
508 1586019
515 1586058
507 1586058
522 1586060
507 1586060
509 1586061
518 1586066
514 1586078
491 1586087
507 1586122
517 1586126
507 1586126
508 1586128
507 1586135
511 1586148
509 1586158
508 1586168
502 1586178
508 1586188
508 1586198
508 1586232
504 1586234
508 1586235
513 1586249
512 1586249
505 1586257
508 1586267
511 1586277
506 1586286
510 1586309
517 1586309
509 1586316
509 1586326
510 1586336
496 1586347
503 1586356
510 1586393
508 1586394
506 1586397
515 1586397
503 1586408
555 1586418
511 1586427
547 1586436
507 1586446
523 1586457
535 1586467
483 1586476
541 1586487
498 1586497
485 1586507
527 1586517
534 1586526
492 1586548
471 1586557
565 1586620
516 1586620
491 1586622
565 1586625
482 1586627
516 1586627
518 1586629
511 1586636
498 1586646
507 1586656
500 1586666
507 1586677
486 1586687
502 1586697
506 1586707
498 1586730
502 1586730
501 1586737
507 1586759
507 1586759
508 1586767
507 1586789
509 1586789
509 1586797
507 1586807
504 1586817
505 1586827
508 1586837
517 1586847
523 1586857
525 1586869
517 1586878
478 1586887
523 1586897
491 1586906
501 1586916
518 1586927
490 1586937
485 1586959
523 1586959
499 1586967
491 1586976
551 1586999
545 1586999
500 1587006
526 1587016
518 1587026
484 1587038
498 1587046
499 1587057
518 1587067
517 1587077
502 1587087
520 1587097
500 1587107
504 1587129
516 1587129
506 1587138
510 1587145
515 1587157
515 1587168
505 1587177
506 1587188
506 1587197
506 1587208
512 1587217
510 1587227
506 1587237
508 1587247
516 1587257
510 1587266
503 1587286
506 1587296
507 1587319
508 1587319
505 1587326
514 1587337
511 1587347
509 1587356
507 1587366
503 1587376
500 1587386
512 1587396
508 1587420
508 1587420
508 1587437
515 1587449
506 1587449
511 1587457
517 1587481
500 1587498
498 1587524
517 1587530
511 1587530
514 1587532
506 1587532
520 1587560
501 1587562
498 1587566
495 1587568
501 1587575
499 1587587
496 1587597
509 1587632
516 1587632
511 1587634
506 1587674
518 1587676
509 1587678
485 1587678
518 1587689
506 1587689
503 1587696
503 1587719
500 1587719
507 1587727
512 1587739
504 1587746
505 1587756
508 1587803
506 1587805
508 1587805
508 1587818
507 1587820
508 1587830
508 1587850
508 1587850
509 1587869
508 1587869
508 1587877
508 1587900
506 1587900
507 1587907
510 1587917
510 1587927
506 1587937
509 1587963
508 1587963
510 1587966
508 1588035
508 1588035
510 1588036
509 1588036
508 1588036
509 1588039
509 1588041
508 1588047
510 1588070
508 1588070
508 1588089
508 1588089
510 1588096
510 1588106
508 1588115
509 1588139
510 1588149
507 1588149
506 1588158
506 1588168
509 1588175
509 1588188
509 1588198
507 1588208
508 1588218
510 1588268
509 1588291
499 1588291
506 1588296
504 1588297
494 1588299
502 1588299
507 1588299
501 1588305
508 1588317
505 1588354
508 1588356
513 1588357
488 1588357
497 1588366
509 1588378
519 1588399
520 1588400
483 1588406
534 1588418
507 1588427
490 1588437
513 1588445
536 1588468
511 1588469
475 1588475
519 1588488
531 1588497
495 1588507
521 1588518
511 1588539
510 1588539
517 1588546
508 1588557
506 1588567
506 1588576
510 1588588
513 1588598
510 1588607
505 1588643
511 1588645
504 1588647
504 1588647
506 1588657
512 1588667
508 1588676
509 1588687
509 1588708
510 1588731
506 1588733
509 1588735
505 1588746
507 1588755
506 1588767
505 1588777
510 1588788
505 1588810
510 1588810
507 1588817
504 1588827
513 1588838
512 1588848
506 1588858
486 1588867
526 1588877
497 1588914
519 1588916
509 1588917
515 1588918
530 1588927
519 1588948
515 1588968
497 1588982
527 1588983
503 1588986
489 1589011
505 1589013
489 1589016
520 1589025
513 1589026
506 1589035
513 1589047
505 1589069
505 1589070
511 1589076
503 1589087
509 1589109
509 1589109
520 1589116
511 1589127
506 1589137
503 1589146
506 1589157
507 1589179
506 1589179
511 1589187
506 1589198
503 1589207
505 1589217
507 1589228
519 1589249
510 1589250
512 1589256
501 1589279
503 1589279
502 1589286
510 1589297
519 1589306
508 1589316
499 1589339
513 1589339
513 1589346
507 1589356
501 1589366
509 1589377
494 1589413
528 1589417
507 1589417
494 1589419
499 1589425
507 1589449
513 1589449
502 1589458
511 1589479
513 1589479
507 1589509
503 1589509
501 1589517
514 1589568
498 1589568
515 1589570
511 1589570
505 1589572
509 1589589
509 1589589
509 1589597
504 1589607
505 1589616
509 1589626
506 1589662
509 1589666
508 1589666
508 1589668
510 1589674
510 1589687
506 1589697
509 1589706
510 1589716
506 1589726
507 1589839
510 1589840
511 1589840
508 1589840
512 1589840
510 1589841
509 1589841
508 1589841
507 1589842
507 1589842
508 1589842
506 1589847
507 1589857
508 1589867
507 1589877
508 1589887
508 1589897
509 1589910
508 1589917
505 1589927
508 1589939
508 1589947
510 1589957
508 1589967
507 1589977
504 1590027
505 1590051
511 1590051
506 1590051
509 1590057
506 1590057
506 1590057
512 1590059
504 1590065
512 1590077
514 1590127
505 1590150
509 1590151
504 1590151
508 1590156
513 1590156
508 1590158
506 1590158
509 1590207
508 1590209
508 1590209
508 1590211
510 1590211
506 1590217
511 1590227
506 1590247
509 1590257
508 1590278
508 1590290
508 1590290
499 1590309
509 1590309
502 1590317
490 1590327
504 1590337
499 1590347
500 1590355
487 1590368
503 1590378
507 1590387
500 1590397
517 1590407
506 1590417
515 1590428
501 1590437
508 1590447
512 1590457
508 1590467
504 1590477
505 1590488
513 1590498
504 1590508
510 1590517
505 1590528
509 1590537
506 1590559
504 1590560
506 1590566
505 1590576
505 1590586
509 1590598
509 1590607
507 1590618
505 1590626
512 1590636
513 1590647
507 1590657
512 1590666
513 1590690
502 1590690
511 1590697
512 1590720
504 1590720
495 1590727
516 1590749
516 1590749
514 1590757
517 1590767
511 1590777
522 1590787
499 1590808
486 1590837
497 1590858
501 1590858
503 1590860
518 1590860
508 1590862
511 1590879
511 1590879
508 1590899
499 1590899
517 1590906
520 1590968
509 1590968
511 1590970
511 1590970
510 1590972
507 1590977
511 1590986
512 1590996
505 1591006
513 1591029
509 1591029
489 1591036
498 1591047
508 1591055
501 1591068
486 1591078
514 1591087
489 1591109
507 1591109
577 1591129
574 1591129
563 1591138
513 1591148
476 1591157
509 1591167
502 1591177
537 1591199
505 1591199
516 1591207
524 1591216
480 1591239
512 1591240
533 1591246
533 1591257
537 1591266
492 1591276
500 1591286
501 1591296
492 1591306
504 1591316
516 1591326
510 1591336
513 1591346
506 1591356
506 1591366
507 1591376
507 1591386
507 1591396
506 1591406
507 1591416
508 1591427
508 1591437
515 1591447
515 1591458
496 1591467
510 1591518
537 1591518
509 1591520
506 1591520
497 1591522
530 1591527
507 1591540
529 1591627
511 1591627
505 1591628
539 1591628
513 1591628
504 1591628
501 1591629
526 1591629
508 1591629
503 1591637
500 1591672
512 1591672
514 1591674
515 1591832
506 1591832
510 1591832
505 1591832
512 1591833
506 1591833
504 1591833
505 1591833
506 1591833
505 1591833
508 1591834
508 1591834
508 1591849
507 1591849
506 1591857
507 1591859
507 1591859
507 1591859
510 1591877
508 1591879
508 1591884
510 1591921
508 1591921
508 1591926
506 1591939
506 1591939
509 1591946
509 1591981
509 1591983
509 1591985
508 1591987
507 1591994
508 1592034
507 1592037
506 1592037
508 1592039
507 1592047
505 1592069
507 1592069
509 1592077
509 1592087
509 1592097
508 1592107
507 1592142
506 1592142
507 1592147
508 1592147
506 1592157
507 1592166
508 1592177
509 1592187
508 1592197
509 1592206
509 1592227
509 1592239
509 1592239
509 1592246
507 1592256
509 1592266
509 1592276
508 1592287
508 1592309
507 1592309
507 1592319
510 1592326
508 1592336
510 1592346
507 1592356
509 1592366
506 1592376
507 1592408
507 1592408
508 1592417
509 1592427
506 1592437
508 1592447
508 1592457
510 1592468
508 1592477
506 1592487
506 1592497
507 1592507
508 1592517
508 1592527
510 1592538
509 1592547
509 1592557
508 1592566
507 1592577
507 1592599
510 1592599
507 1592606
508 1592616
509 1592626
508 1592636
507 1592646
508 1592669
509 1592669
506 1592676
510 1592711
507 1592713
509 1592715
505 1592718
506 1592724
509 1592736
505 1592789
507 1592789
506 1592789
506 1592791
511 1592794
509 1592796
508 1592805
506 1592818
510 1592828
504 1592838
516 1592848
514 1592869
509 1592879
494 1592879
506 1592887
500 1592898
485 1592907
491 1592927
497 1592939
494 1592939
499 1592959
509 1592959
501 1592992
510 1592992
509 1592997
508 1592997
508 1593007
509 1593023
506 1593025
506 1593047
512 1593049
511 1593054
505 1593066
503 1593077
509 1593087
511 1593096
506 1593107
509 1593117
507 1593139
506 1593140
507 1593146
509 1593157
505 1593192
506 1593192
508 1593194
507 1593208
510 1593210
508 1593225
504 1593237
505 1593248
505 1593257
507 1593267
509 1593278
508 1593288
508 1593309
509 1593309
509 1593358
505 1593358
503 1593358
510 1593360
512 1593362
504 1593366
508 1593376
509 1593411
506 1593413
504 1593417
508 1593417
508 1593439
507 1593439
509 1593446
507 1593456
509 1593466
505 1593476
506 1593487
512 1593532
504 1593540
504 1593541
506 1593541
507 1593550
503 1593550
508 1593557
512 1593567
510 1593577
509 1593587
507 1593597
505 1593619
506 1593619
508 1593639
507 1593639
507 1593647
509 1593657
507 1593725
508 1593725
507 1593725
507 1593726
510 1593726
509 1593726
507 1593726
507 1593736
508 1593759
508 1593759
509 1593766
507 1593776
507 1593786
509 1593796
508 1593930
509 1593930
506 1593930
507 1593931
506 1593931
510 1593931
507 1593932
507 1593932
507 1593932
508 1593932
508 1593932
508 1593933
509 1593940
507 1593940
509 1593947
506 1593979
507 1593979
508 1593987
507 1593996
509 1594019
509 1594019
508 1594026
508 1594066
508 1594066
509 1594067
507 1594093
507 1594096
508 1594096
507 1594098
507 1594106
507 1594116
506 1594127
512 1594136
509 1594172
508 1594174
507 1594174
508 1594223
507 1594223
508 1594223
508 1594224
510 1594224
509 1594226
508 1594326
508 1594327
508 1594327
507 1594327
507 1594328
508 1594328
508 1594329
508 1594329
507 1594329
511 1594330
507 1594430
507 1594430
510 1594430
505 1594431
507 1594431
504 1594431
509 1594432
509 1594432
509 1594432
507 1594432
505 1594462
507 1594462
508 1594467
508 1594467
509 1594490
507 1594490
509 1594497
510 1594507
507 1594517
505 1594539
505 1594543
507 1594559
508 1594559
511 1594567
508 1594577
505 1594587
509 1594635
507 1594635
506 1594636
509 1594636
508 1594649
507 1594649
507 1594656
508 1594666
509 1594676
511 1594686
508 1594697
506 1594733
507 1594734
508 1594736
509 1594825
507 1594825
510 1594825
508 1594825
507 1594826
509 1594826
507 1594826
507 1594826
508 1594839
509 1594839
507 1594846
508 1594856
509 1594892
509 1594894
509 1594894
508 1594929
508 1594929
508 1595031
505 1595031
506 1595031
509 1595032
508 1595032
507 1595032
510 1595033
508 1595034
508 1595034
509 1595034
507 1595042
509 1595042
507 1595044
508 1595235
507 1595235
509 1595236
507 1595236
506 1595237
508 1595237
505 1595237
508 1595238
508 1595238
509 1595238
509 1595238
509 1595239
506 1595239
506 1595239
507 1595239
507 1595240
508 1595240
508 1595240
507 1595240
508 1595242
508 1595313
506 1595313
505 1595313
506 1595313
508 1595314
508 1595314
508 1595314
507 1595316
504 1595425
509 1595426
510 1595426
505 1595427
509 1595427
515 1595428
501 1595428
518 1595429
512 1595430
504 1595431
501 1595431
511 1595528
506 1595529
503 1595529
508 1595530
505 1595530
506 1595530
507 1595530
507 1595531
507 1595531
509 1595630
507 1595630
505 1595631
507 1595631
508 1595631
506 1595631
509 1595631
509 1595632
507 1595632
507 1595639
503 1595639
508 1595646
507 1595733
509 1595733
503 1595735
517 1595736
514 1595736
512 1595737
513 1595742
508 1595746
508 1595747
510 1595748
505 1595810
509 1595810
503 1595810
510 1595810
509 1595811
514 1595811
505 1595816
504 1595826
506 1595836
507 1595859
511 1595859
505 1595867
514 1595876
507 1595899
513 1595900
506 1595906
509 1595916
499 1595937
522 1595949
516 1595949
500 1595956
511 1595966
519 1595976
494 1595986
505 1595996
509 1596006
506 1596018
513 1596039
513 1596039
514 1596046
514 1596069
512 1596069
505 1596076
506 1596087
506 1596109
508 1596109
506 1596129
504 1596130
509 1596136
509 1596146
504 1596156
509 1596166
518 1596186
503 1596209
502 1596210
511 1596216
511 1596226
506 1596236
505 1596246
510 1596256
507 1596279
506 1596289
505 1596328
504 1596328
507 1596330
507 1596330
509 1596332
504 1596336
509 1596346
509 1596356
512 1596450
512 1596450
506 1596457
500 1596477
502 1596539
505 1596539
505 1596541
505 1596541
518 1596544
503 1596607
502 1596627
502 1596627
509 1596629
512 1596629
516 1597111
520 1597111
509 1597111
480 1597112
500 1597112
497 1597112
508 1597112
505 1597112
499 1597113
513 1597113
509 1597113
511 1597113
510 1597113
509 1597114
506 1597114
505 1597114
507 1597114
511 1597114
507 1597115
510 1597115
508 1597115
509 1597115
507 1597115
509 1597116
509 1597116
509 1597116
506 1597116
508 1597117
510 1597117
510 1597117
509 1597117
511 1597117
509 1597118
507 1597118
507 1597118
507 1597118
509 1597118
505 1597119
504 1597119
515 1597119
502 1597119
514 1597119
506 1597120
505 1597120
510 1597120
512 1597120
512 1597120
507 1597121
511 1597121
508 1597121
510 1597121
508 1597130
508 1597130
508 1597149
506 1597149
507 1597157
508 1597167
507 1597177
506 1597189
512 1597223
510 1597223
507 1597250
508 1597250
507 1597259
508 1597259
506 1597266
509 1597277
506 1597300
509 1597300
512 1597307
508 1597317
509 1597326
507 1597336
506 1597346
506 1597357
509 1597366
506 1597376
509 1597386
509 1597396
506 1597429
510 1597429
506 1597439
503 1597439
508 1597446
509 1597456
506 1597478
503 1597478
505 1597513
510 1597632
509 1597632
507 1597633
503 1597633
506 1597633
509 1597634
508 1597634
508 1597634
510 1597634
507 1597651
506 1597653
506 1597709
508 1597709
508 1597709
506 1597709
507 1597710
512 1597710
508 1597717
509 1597718
509 1597718
506 1597718
509 1597718
508 1597729
508 1597729
508 1597790
507 1597792
508 1597794
509 1597794
507 1597796
509 1597796
508 1597821
508 1597821
509 1597851
507 1597851
509 1597899
509 1597998
508 1598008
508 1598037
508 1598037
507 1598086
505 1598086
509 1598088
509 1598088
508 1598100
506 1598100
509 1598129
506 1598129
508 1598136
509 1598183
507 1598190
508 1598190
508 1598192
508 1598231
507 1598231
507 1598232
506 1598232
509 1598232
508 1598232
509 1598233
507 1598233
508 1598233
509 1598233
508 1598233
509 1598241
511 1598242
506 1598309
508 1598310
508 1598310
508 1598310
507 1598310
505 1598310
507 1598310
508 1598329
507 1598329
507 1598339
507 1598339
506 1598359
507 1598359
508 1598376
507 1598387
509 1598396
508 1598406
507 1598428
509 1598428
508 1598449
507 1598449
500 1598469
504 1598469
504 1598476
503 1598486
502 1598511
513 1598511
508 1598516
514 1598539
510 1598539
512 1598546
511 1598569
511 1598569
508 1598576
507 1598668
507 1598668
507 1598670
504 1598670
506 1598677
507 1598678
508 1598679
508 1598679
510 1598686
507 1598686
512 1598716
507 1598761
508 1598763
502 1598765
510 1598766
509 1598766
503 1598768
521 1598777
513 1598792
528 1598794
521 1598794
519 1598909
504 1598909
513 1598909
512 1598910
515 1598910
490 1598910
513 1598911
500 1598911
516 1598911
506 1598961
500 1598962
506 1598963
506 1598965
508 1598965
505 1599000
502 1599001
543 1599001
511 1599003
513 1599005
490 1599006
481 1599007
508 1599133
526 1599193
509 1599193
501 1599193
514 1599193
510 1599194
514 1599194
508 1599194
505 1599195
496 1599195
507 1599195
511 1599195
502 1599196
510 1599197
520 1599197
504 1599197
509 1599198
519 1599198
501 1599198
498 1599324
505 1599325
514 1599325
504 1599326
504 1599326
518 1599326
497 1599327
514 1599327
522 1599327
508 1599327
510 1599328
508 1599328
511 1599330
506 1599426
509 1599427
514 1599427
512 1599427
506 1599428
518 1599428
516 1599428
500 1599429
526 1599431
508 1599431
523 1599607
508 1599608
510 1599608
517 1599608
499 1599608
509 1599608
504 1599609
539 1599609
512 1599609
493 1599609
515 1599609
504 1599609
499 1599610
510 1599610
499 1599610
509 1599610
501 1599610
512 1599610
501 1599628
504 1599628
512 1599636
499 1599646
509 1599656
503 1599666
514 1599676
516 1599686
507 1599696
511 1599706
506 1599716
506 1599726
505 1599736
508 1599746
513 1599756
430 1599766
508 1599776
494 1599786
533 1599808
531 1599808
517 1599817
527 1599839
487 1599839
507 1599847
512 1599857
497 1599879
523 1599879
510 1599887
508 1599906
503 1599916
496 1599926
508 1599936
503 1599946
517 1599957
491 1599966
515 1599976
509 1599988
497 1600009
501 1600009
509 1600016
510 1600026
507 1600036
502 1600046
512 1600056
499 1600066
515 1600076
494 1600086
492 1600108
512 1600108
487 1600116
523 1600126
474 1600136
532 1600147
511 1600204
503 1600204
498 1600431
541 1600431
486 1600431
498 1600431
510 1600432
521 1600432
505 1600432
518 1600432
507 1600432
505 1600432
511 1600432
506 1600433
512 1600433
506 1600433
507 1600433
506 1600433
514 1600433
507 1600434
511 1600434
506 1600434
503 1600434
507 1600434
507 1600434
506 1600434
507 1600435
508 1600452
508 1600456
505 1600456
510 1600458
508 1600520
507 1600520
510 1600521
508 1600521
507 1600571
508 1600571
508 1600576
507 1600576
510 1600578
509 1600578
507 1600580
509 1600599
507 1600599
507 1600617
509 1600637
508 1600669
507 1600669
509 1600683
508 1600689
508 1600689
509 1600689
507 1600692
509 1600697
507 1600732
508 1600734
509 1600734
510 1600827
506 1600828
504 1600828
509 1600829
508 1600830
508 1600830
508 1600831
508 1600831
509 1600831
511 1600909
506 1600909
506 1600909
507 1600909
507 1600910
507 1600910
508 1600910
508 1600910
507 1600932
508 1600936
509 1600936
506 1600938
510 1601009
507 1601009
507 1601009
509 1601009
508 1601010
508 1601035
509 1601035
510 1601037
507 1601037
508 1601049
507 1601049
508 1601122
504 1601122
507 1601123
509 1601123
506 1601123
507 1601123
510 1601123
496 1601126
515 1601325
512 1601326
515 1601326
511 1601326
512 1601327
507 1601327
515 1601328
511 1601328
513 1601328
503 1601329
508 1601329
504 1601329
503 1601330
506 1601330
502 1601330
508 1601330
510 1601331
508 1601331
506 1601331
509 1601332
512 1601530
503 1601531
506 1601531
506 1601532
520 1601532
509 1601532
501 1601533
521 1601533
502 1601534
518 1601534
515 1601534
505 1601535
518 1601535
503 1601535
483 1601535
511 1601535
515 1601536
504 1601536
508 1601536
505 1601538
506 1601608
505 1601608
508 1601608
508 1601608
505 1601609
508 1601609
509 1601609
513 1601628
508 1601628
508 1601636
509 1601658
506 1601659
509 1601677
508 1601701
507 1601703
508 1601706
505 1601706
505 1601716
506 1601726
509 1601736
509 1601746
511 1601781
510 1601782
505 1601786
509 1601787
505 1601929
507 1601929
504 1601929
504 1601930
505 1601930
504 1601930
507 1601931
507 1601931
507 1601931
506 1601931
508 1601932
506 1601932
503 1601932
510 1601939
510 1601939
507 1601958
503 1601960
506 1602006
504 1602007
508 1602022
506 1602023
510 1602023
511 1602025
511 1602025
511 1602034
507 1602046
508 1602056
507 1602066
509 1602076
508 1602086
510 1602096
506 1602116
509 1602133
508 1602149
508 1602149
509 1602156
509 1602407
508 1602407
508 1602407
509 1602407
510 1602408
508 1602408
508 1602408
509 1602408
506 1602416
508 1602419
508 1602419
508 1602419
508 1602419
508 1602419
509 1602420
509 1602420
506 1602420
505 1602420
509 1602420
509 1602421
508 1602421
506 1602421
507 1602421
507 1602422
507 1602423
506 1602428
507 1602428
508 1602448
508 1602448
510 1602456
508 1602466
507 1602476
508 1602486
509 1602498
507 1602506
506 1602517
505 1602527
508 1602561
509 1602561
509 1602570
506 1602570
507 1602603
509 1602605
509 1602607
505 1602607
507 1602616
506 1602626
507 1602649
509 1602650
508 1602656
509 1602666
510 1602676
508 1602699
508 1602699
505 1602706
508 1602716
507 1602727
507 1602748
510 1602748
509 1602770
508 1602771
507 1602776
508 1602786
508 1602796
509 1602806
506 1602816
507 1602826
510 1602836
508 1602846
509 1602878
508 1602878
508 1602886
508 1602898
508 1602919
509 1602919
508 1602927
507 1602936
507 1602946
509 1602956
509 1602979
508 1602979
507 1602986
506 1602996
509 1603006
510 1603016
506 1603039
507 1603039
507 1603059
508 1603059
507 1603078
508 1603078
508 1603099
508 1603099
508 1603106
508 1603116
508 1603151
508 1603151
509 1603153
507 1603170
507 1603170
508 1603176
508 1603186
507 1603196
508 1603206
508 1603216
508 1603237
509 1603238
509 1603246
506 1603256
506 1603267
508 1603277
507 1603287
505 1603297
508 1603306
507 1603316
510 1603326
510 1603337
508 1603350
509 1603356
509 1603366
507 1603376
508 1603386
508 1603417
507 1603431
509 1603433
509 1603436
509 1603438
508 1603505
507 1603505
508 1603505
509 1603505
508 1603506
507 1603506
510 1603506
508 1603516
508 1603526
508 1603536
507 1603546
506 1603556
506 1603569
507 1603576
506 1603609
506 1603609
508 1603616
508 1603626
506 1603635
507 1603647
508 1603658
507 1603668
506 1603678
508 1603688
508 1603698
512 1603733
507 1603736
507 1603736
510 1603738
507 1603746
506 1603757
510 1603767
511 1603776
503 1603799
509 1603799
509 1603806
506 1603816
503 1603826
504 1603843
509 1603845
510 1603856
515 1603878
509 1603878
502 1603899
513 1603899
509 1603907
504 1603915
510 1603925
510 1603937
507 1603947
509 1603957
510 1603967
508 1603989
510 1603989
511 1603996
506 1604007
509 1604017
505 1604026
506 1604037
508 1604047
506 1604056
508 1604079
509 1604079
508 1604086
508 1604097
511 1604107
508 1604116
509 1604139
510 1604139
509 1604146
507 1604168
510 1604168
509 1604176
508 1604187
508 1604197
507 1604206
508 1604215
508 1604236
509 1604239
508 1604256
508 1604260
507 1604265
507 1604278
507 1604287
506 1604298
507 1604306
508 1604329
509 1604329
508 1604347
511 1604382
509 1604382
507 1604387
507 1604387
509 1604396
508 1604406
507 1604416
507 1604453
509 1604455
508 1604457
510 1604457
508 1604466
508 1604476
509 1604486
508 1604509
508 1604509
506 1604516
508 1604538
509 1604538
510 1604546
507 1604556
507 1604566
508 1604576
507 1604586
507 1604596
507 1604618
509 1604618
509 1604639
511 1604639
507 1604647
506 1604657
509 1604667
507 1604677
509 1604687
509 1604696
508 1604709
507 1604717
509 1604739
506 1604739
505 1604759
508 1604759
507 1604766
506 1604776
507 1604786
507 1604796
507 1604806
507 1604816
509 1604826
507 1604836
506 1604846
508 1604856
510 1604866
510 1604876
508 1604886
508 1604896
509 1604906
508 1604919
507 1604926
509 1604936
508 1604946
508 1604956
509 1604978
510 1604978
508 1604986
509 1604996
509 1605006
508 1605017
508 1605039
507 1605039
509 1605047
507 1605057
508 1605067
509 1605077
509 1605087
509 1605106
507 1605116
508 1605126
508 1605139
509 1605146
506 1605177
507 1605190
507 1605207
508 1605210
509 1605211
509 1605211
505 1605214
505 1605227
509 1605237
510 1605259
508 1605259
509 1605292
507 1605296
509 1605296
507 1605298
506 1605304
507 1605317
508 1605338
505 1605338
509 1605346
508 1605357
508 1605367
510 1605388
508 1605388
507 1605396
508 1605407
509 1605417
509 1605434
507 1605436
509 1605445
509 1605457
510 1605467
508 1605478
505 1605487
506 1605521
510 1605521
507 1605526
508 1605526
507 1605536
507 1605546
508 1605556
507 1605566
510 1605576
507 1605586
506 1605596
507 1605606
507 1605616
508 1605627
509 1605637
507 1605647
507 1605656
508 1605667
509 1605677
509 1605686
507 1605697
506 1605748
506 1605748
509 1605750
509 1605750
512 1605754
511 1605756
505 1605777
510 1605779
499 1605797
511 1605799
505 1605804
513 1605816
503 1605827
518 1605846
508 1605857
505 1605879
500 1605879
507 1605886
508 1605897
509 1605918
505 1605918
514 1605927
504 1605936
508 1605947
504 1605956
510 1605966
504 1605976
510 1605986
505 1605996
513 1606007
503 1606029
512 1606029
513 1606049
506 1606049
506 1606062
508 1606065
503 1606075
503 1606088
507 1606098
507 1606133
510 1606136
506 1606136
507 1606138
511 1606146
510 1606157
506 1606167
510 1606201
508 1606201
508 1606214
506 1606214
508 1606216
508 1606224
509 1606236
507 1606259
508 1606259
507 1606279
507 1606279
511 1606286
506 1606297
508 1606306
506 1606316
506 1606327
509 1606336
508 1606346
508 1606356
509 1606366
507 1606376
508 1606386
508 1606397
506 1606433
508 1606436
506 1606436
507 1606438
507 1606447
507 1606456
507 1606466
507 1606476
509 1606486
509 1606496
509 1606506
508 1606516
507 1606526
506 1606537
509 1606559
507 1606559
507 1606576
509 1606586
505 1606596
507 1606632
507 1606636
509 1606636
508 1606638
507 1606657
510 1606659
510 1606664
508 1606677
509 1606687
506 1606696
506 1606712
507 1606715
509 1606736
507 1606739
507 1606744
509 1606769
508 1606769
510 1606776
507 1606787
505 1606797
507 1606807
505 1606887
508 1606887
508 1606889
509 1606889
508 1606891
509 1606891
508 1606901
509 1606902
507 1606902
508 1606906
508 1606941
506 1606943
508 1606945
508 1606948
509 1606954
508 1606978
508 1606979
507 1606986
507 1606996
506 1607047
506 1607047
508 1607049
508 1607049
506 1607051
508 1607056
507 1607066
507 1607076
508 1607086
508 1607108
509 1607108
508 1607116
508 1607126
509 1607136
508 1607147
509 1607157
506 1607167
508 1607177
507 1607197
508 1607209
507 1607209
509 1607217
509 1607227
504 1607237
505 1607247
507 1607257
508 1607267
508 1607276
508 1607286
507 1607296
507 1607306
512 1607326
510 1607349
509 1607349
506 1607356
506 1607366
508 1607389
508 1607389
509 1607396
507 1607406
504 1607416
505 1607426
510 1607448
512 1607448
520 1607467
504 1607479
511 1607479
504 1607486
515 1607509
518 1607509
508 1607516
515 1607529
502 1607537
503 1607547
513 1607557
509 1607579
508 1607579
517 1607612
510 1607616
506 1607616
506 1607618
508 1607724
508 1607725
507 1607725
505 1607726
506 1607726
504 1607726
504 1607726
509 1607727
509 1607727
507 1607727
504 1607730
509 1607801
510 1607801
505 1607801
511 1607802
506 1607802
511 1607802
506 1607802
510 1607806
514 1607816
502 1607825
509 1607836
507 1607858
509 1607859
510 1607865
511 1607888
508 1607888
507 1607896
505 1607907
501 1607917
497 1607927
514 1607936
517 1607959
510 1607961
536 1607964
519 1607977
513 1607987
519 1607997
509 1608007
511 1608017
495 1608027
511 1608047
511 1608069
497 1608069
506 1608076
505 1608086
503 1608096
508 1608106
508 1608117
517 1608152
511 1608153
500 1608155
507 1608167
507 1608169
504 1608174
507 1608211
502 1608211
508 1608216
505 1608216
510 1608225
507 1608236
509 1608245
510 1608255
507 1608278
508 1608278
509 1608286
507 1608296
509 1608307
509 1608316
506 1608351
508 1608353
510 1608355
508 1608357
508 1608364
508 1608377
507 1608406
509 1608406
508 1608406
508 1608441
508 1608441
510 1608447
510 1608447
507 1608456
506 1608465
508 1608476
508 1608485
508 1608496
507 1608506
508 1608516
510 1608526
510 1608536
506 1608546
507 1608556
506 1608566
507 1608576
509 1608586
508 1608596
505 1608618
509 1608618
505 1608626
505 1608636
507 1608645
511 1608655
521 1608679
509 1608680
521 1608686
516 1608696
512 1608706
514 1608716
508 1608740
511 1608740
505 1608746
509 1608756
509 1608766
511 1608776
509 1608796
507 1608808
514 1608808
507 1608825
508 1608835
508 1608845
507 1608855
508 1608867
510 1608877
506 1608886
508 1608896
508 1608906
505 1608916
509 1608926
510 1608948
508 1608948
504 1608956
508 1608966
511 1608976
513 1608986
508 1609000
507 1609020
502 1609020
505 1609025
507 1609035
511 1609058
507 1609058
512 1609066
509 1609089
507 1609089
509 1609097
509 1609106
506 1609116
509 1609126
509 1609302
507 1609303
506 1609303
507 1609303
508 1609304
510 1609304
525 1609304
512 1609304
495 1609304
499 1609305
512 1609305
513 1609305
502 1609305
492 1609305
521 1609306
499 1609306
501 1609306
510 1609308
503 1609515
505 1609515
506 1609515
506 1609516
506 1609516
508 1609516
508 1609518
505 1609518
506 1609519
507 1609519
508 1609520
512 1609520
507 1609520
514 1609520
503 1609520
514 1609521
509 1609521
504 1609521
506 1609521
510 1609532
509 1609534
507 1609535
526 1609720
503 1609720
511 1609721
476 1609721
490 1609721
518 1609722
516 1609722
501 1609722
498 1609723
515 1609723
508 1609724
509 1609724
510 1609724
508 1609724
508 1609729
507 1609729
516 1609878
505 1609916
508 1609919
511 1609919
501 1609919
506 1609919
507 1609919
515 1609919
522 1609919
510 1609919
513 1609920
482 1609920
528 1609939
544 1609940
507 1609940
479 1609949
508 1609950
488 1609950
484 1609950
477 1610231
534 1610231
511 1610231
507 1610231
531 1610231
487 1610232
510 1610232
515 1610232
513 1610232
514 1610232
511 1610232
506 1610233
508 1610233
505 1610233
518 1610233
507 1610233
511 1610234
518 1610234
511 1610234
509 1610234
507 1610235
511 1610235
495 1610255
507 1610255
515 1610256
504 1610258
507 1610258
506 1610258
503 1610260
511 1610289
513 1610289
503 1610318
508 1610318
509 1610318
508 1610320
508 1610320
507 1610400
509 1610402
509 1610402
509 1610407
507 1610410
510 1610410
509 1610412
509 1610416
508 1610416
508 1610418
505 1610465
508 1610467
508 1610467
506 1610469
507 1610478
508 1610478
511 1610485
508 1610507
504 1610518
509 1610568
507 1610568
510 1610570
511 1610570
506 1610572
507 1610578
509 1610578
506 1610586
508 1610617
505 1610631
510 1610631
508 1610633
509 1610656
507 1610659
509 1610676
508 1610677
507 1610684
506 1610684
506 1610766
509 1610766
506 1610768
508 1610768
507 1610770
506 1610770
505 1610772
510 1610777
506 1610779
504 1610784
506 1610797
510 1610831
504 1610831
506 1610833
510 1610846
509 1610848
514 1610854
513 1610877
510 1610899
510 1610899
503 1610967
512 1610967
510 1610969
508 1610969
508 1611080
508 1611084
507 1611084
506 1611084
508 1611086
505 1611099
507 1611099
505 1611100
509 1611100
511 1611100
506 1611100
504 1611156
514 1611156
512 1611156
505 1611158
507 1611158
509 1611160
511 1611160
508 1611164
511 1611164
510 1611164
506 1611206
507 1611234
508 1611234
507 1611236
507 1611236
508 1611238
507 1611238
510 1611240
509 1611295
505 1611325
507 1611325
508 1611327
506 1611327
507 1611327
509 1611329
508 1611329
510 1611329
508 1611339
507 1611339
507 1611346
508 1611369
510 1611369
507 1611376
507 1611386
508 1611396
508 1611406
508 1611416
509 1611426
508 1611436
507 1611446
507 1611470
508 1611472
506 1611474
508 1611486
510 1611496
510 1611505
507 1611515
506 1611525
505 1611548
506 1611548
508 1611578
508 1611578
509 1611585
510 1611596
510 1611606
507 1611616
507 1611626
506 1611636
509 1611646
506 1611656
505 1611666
508 1611676
508 1611686
509 1611695
507 1611706
507 1611716
511 1611726
510 1611735
509 1611745
508 1611756
509 1611765
511 1611775
510 1611786
504 1611796
505 1611806
506 1611816
504 1611838
507 1611838
510 1611846
507 1611856
507 1611866
508 1611875
509 1611885
508 1611895
506 1611905
505 1611915
510 1611925
508 1611936
506 1611945
508 1611955
506 1611966
508 1611976
509 1611986
504 1611996
505 1612006
506 1612016
511 1612026
508 1612036
521 1612046
510 1612055
506 1612065
498 1612075
510 1612085
514 1612096
506 1612105
508 1612115
516 1612125
516 1612135
510 1612146
507 1612156
522 1612166
515 1612176
515 1612186
505 1612196
482 1612206
474 1612216
508 1612226
546 1612236
507 1612246
516 1612256
498 1612265
501 1612275
509 1612285
505 1612295
514 1612318
509 1612318
504 1612338
509 1612338
514 1612346
506 1612356
506 1612392
508 1612396
510 1612396
505 1612398
500 1612417
511 1612419
515 1612437
510 1612438
493 1612618
508 1612619
501 1612619
513 1612620
515 1612620
525 1612620
515 1612621
506 1612621
511 1612622
510 1612622
507 1612623
503 1612623
507 1612623
507 1612623
504 1612624
504 1612624
509 1612628
505 1612628
515 1612636
500 1612646
508 1612656
503 1612678
502 1612679
506 1612799
505 1612799
521 1612799
533 1612799
497 1612800
507 1612800
514 1612800
514 1612800
515 1612800
508 1612800
513 1612800
497 1612801
523 1612806
510 1612816
515 1612826
504 1612837
517 1612846
503 1612856
521 1612866
506 1612876
515 1612885
513 1612895
510 1612906
506 1612916
504 1612926
506 1612936
509 1612946
506 1612956
510 1612966
512 1612976
514 1612998
508 1612998
508 1613006
506 1613016
509 1613026
509 1613036
507 1613046
514 1613068
509 1613068
502 1613076
504 1613086
498 1613095
504 1613116
514 1613127
506 1613129
511 1613149
509 1613149
500 1613156
512 1613166
511 1613176
510 1613186
504 1613196
508 1613206
508 1613229
508 1613229
507 1613249
508 1613249
506 1613266
517 1613276
505 1613286
503 1613296
515 1613306
508 1613342
516 1613346
507 1613346
502 1613346
506 1613356
504 1613366
510 1613376
503 1613398
499 1613398
505 1613427
506 1613457
510 1613457
507 1613459
509 1613459
511 1613461
509 1613520
508 1613520
506 1613522
507 1613524
506 1613527
506 1613527
509 1613530
508 1613549
509 1613549
508 1613554
507 1613564
509 1613589
509 1613589
510 1613637
510 1613637
511 1613639
508 1613639
509 1613641
507 1613646
506 1613682
510 1613686
507 1613686
506 1613688
508 1613720
506 1613726
506 1613726
505 1613726
508 1613757
507 1613782
506 1613785
506 1613785
508 1613787
508 1613796
508 1613826
506 1613826
509 1613923
507 1613925
509 1613925
508 1613927
508 1613927
507 1613929
508 1613929
510 1613929
509 1613931
507 1613936
508 1613939
507 1613939
507 1613986
508 1613986
507 1613986
509 1613988
509 1613988
506 1614046
510 1614048
509 1614050
507 1614050
508 1614052
507 1614085
506 1614088
509 1614088
507 1614090
508 1614090
509 1614096
508 1614106
510 1614117
508 1614138
509 1614138
510 1614172
509 1614175
505 1614175
507 1614177
509 1614185
510 1614236
510 1614259
509 1614259
505 1614261
509 1614264
510 1614266
502 1614266
505 1614268
508 1614276
507 1614286
507 1614307
511 1614319
502 1614319
510 1614339
509 1614339
513 1614346
509 1614369
498 1614369
506 1614376
521 1614386
518 1614409
494 1614409
505 1614428
500 1614428
511 1614436
507 1614446
507 1614456
516 1614467
515 1614476
501 1614538
503 1614538
503 1614559
503 1614559
506 1614561
495 1614569
509 1614569
502 1614569
509 1614569
507 1614576
508 1614586
508 1614608
497 1614608
502 1614615
522 1614625
504 1614635
522 1614645
510 1614655
505 1614665
494 1614675
516 1614685
511 1614706
517 1614721
511 1614721
517 1614738
536 1614738
500 1614756
502 1614766
517 1614776
511 1614798
507 1614798
512 1614816
507 1614828
511 1614828
507 1614838
506 1614846
508 1614855
507 1614878
507 1614878
510 1614885
508 1614908
501 1614908
514 1614915
492 1614925
498 1614936
506 1614946
511 1614970
514 1614972
496 1614976
503 1614986
516 1614996
500 1615006
516 1615028
508 1615028
509 1615036
504 1615045
512 1615055
504 1615065
505 1615088
508 1615088
502 1615095
510 1615105
509 1615115
512 1615151
511 1615151
505 1615154
512 1615168
511 1615169
507 1615201
510 1615203
510 1615204
506 1615218
508 1615218
509 1615225
507 1615248
511 1615248
508 1615255
504 1615266
509 1615276
510 1615311
505 1615311
508 1615312
504 1615315
510 1615326
507 1615336
508 1615346
511 1615381
507 1615383
505 1615385
510 1615387
510 1615517
510 1615518
508 1615518
505 1615518
505 1615519
506 1615519
507 1615519
509 1615519
506 1615520
508 1615520
511 1615520
509 1615522
507 1615619
509 1615619
504 1615620
505 1615620
507 1615620
508 1615621
510 1615621
509 1615621
512 1615622
507 1615696
503 1615696
504 1615696
513 1615697
510 1615697
507 1615697
509 1615697
506 1615697
507 1615713
506 1615713
508 1615715
509 1615749
514 1615751
506 1615754
508 1615757
506 1615764
508 1615776
510 1615786
507 1615797
505 1615830
506 1615832
508 1615834
508 1615837
509 1615844
511 1615869
511 1615869
506 1615876
512 1615941
505 1615941
507 1616112
512 1616112
508 1616113
513 1616113
505 1616113
511 1616114
511 1616114
509 1616114
507 1616115
507 1616115
508 1616115
506 1616116
508 1616116
506 1616116
506 1616116
509 1616116
512 1616116
504 1616116
496 1616117
505 1616117
520 1616119
508 1616216
497 1616216
506 1616217
506 1616217
517 1616218
518 1616218
496 1616218
512 1616218
508 1616219
472 1616219
524 1616317
508 1616317
502 1616318
509 1616318
502 1616318
512 1616318
509 1616319
510 1616319
507 1616320
507 1616320
508 1616351
511 1616351
510 1616356
504 1616356
512 1616391
512 1616392
505 1616396
502 1616396
514 1616406
503 1616416
510 1616427
512 1616435
511 1616458
509 1616458
511 1616476
499 1616489
507 1616489
500 1616509
519 1616509
520 1616516
512 1616526
511 1616536
502 1616559
503 1616559
505 1616566
512 1616576
509 1616586
505 1616596
506 1616606
513 1616627
505 1616652
507 1616656
502 1616656
504 1616656
508 1616678
509 1616678
510 1616686
514 1616731
509 1616731
502 1616736
506 1616736
508 1616758
503 1616758
507 1616765
510 1616775
505 1616798
479 1616798
484 1616822
498 1616823
507 1616825
487 1616918
505 1616918
541 1616919
513 1616919
493 1616919
513 1616919
521 1616920
505 1616920
503 1616920
504 1616936
512 1616961
505 1616961
510 1616966
505 1616966
503 1616988
508 1616988
507 1617037
508 1617037
511 1617039
509 1617039
509 1617039
509 1617113
508 1617114
502 1617114
495 1617114
506 1617114
515 1617114
506 1617117
507 1617117
509 1617124
506 1617135
504 1617146
506 1617157
510 1617167
513 1617189
507 1617189
506 1617208
502 1617208
505 1617217
505 1617234
505 1617249
509 1617249
507 1617256
511 1617266
505 1617276
507 1617286
508 1617308
509 1617308
507 1617328
506 1617328
506 1617336
511 1617346
516 1617356
510 1617366
505 1617376
502 1617398
503 1617398
511 1617418
505 1617418
506 1617425
511 1617435
514 1617458
512 1617458
506 1617465
503 1617475
503 1617485
515 1617506
507 1617525
497 1617525
509 1617525
515 1617536
500 1617559
514 1617559
499 1617579
514 1617579
498 1617586
517 1617596
499 1617606
510 1617628
505 1617628
488 1617636
506 1617646
521 1617656
510 1617678
506 1617678
498 1617686
511 1617696
507 1617716
512 1617726
510 1617736
507 1617746
506 1617755
505 1617765
510 1617775
508 1617785
506 1617796
507 1617805
509 1617815
509 1617825
506 1617835
507 1617858
504 1617858
505 1617865
508 1617875
508 1617885
509 1617895
509 1617948
509 1617948
508 1617948
509 1617950
505 1617952
506 1617981
507 1617981
508 1617983
506 1617996
510 1617999
509 1618004
510 1618016
507 1618026
509 1618036
509 1618046
507 1618068
508 1618068
509 1618076
507 1618098
508 1618098
508 1618131
510 1618131
507 1618133
509 1618146
507 1618148
507 1618154
510 1618165
510 1618176
511 1618186
510 1618196
507 1618206
508 1618240
509 1618240
510 1618246
508 1618246
506 1618255
509 1618265
507 1618275
506 1618311
505 1618317
510 1618317
508 1618318
511 1618339
506 1618339
507 1618346
506 1618356
507 1618366
508 1618403
508 1618403
506 1618405
508 1618416
505 1618419
507 1618424
509 1618436
509 1618446
504 1618478
510 1618478
507 1618527
506 1618527
509 1618529
507 1618529
507 1618529
509 1618534
509 1618546
510 1618556
509 1619107
507 1619107
507 1619108
508 1619108
508 1619108
507 1619109
508 1619109
508 1619109
507 1619110
509 1619110
507 1619110
505 1619110
506 1619111
506 1619111
507 1619111
509 1619111
509 1619112
509 1619112
508 1619112
508 1619112
507 1619113
505 1619113
510 1619113
504 1619113
510 1619114
508 1619114
507 1619114
510 1619114
509 1619115
510 1619115
508 1619115
510 1619115
504 1619115
509 1619116
507 1619116
507 1619116
505 1619117
506 1619117
514 1619117
507 1619117
513 1619117
510 1619118
509 1619118
506 1619118
508 1619118
507 1619119
508 1619119
510 1619119
519 1619119
509 1619120
507 1619120
512 1619120
509 1619120
502 1619120
505 1619121
511 1619138
509 1619138
507 1619158
508 1619158
508 1619166
506 1619176
509 1619185
506 1619222
507 1619224
508 1619224
510 1619311
510 1619311
509 1619311
510 1619312
507 1619312
507 1619312
507 1619312
506 1619313
509 1619313
509 1619315
507 1619414
505 1619414
511 1619415
506 1619415
505 1619416
506 1619416
504 1619416
509 1619416
509 1619418
506 1619418
505 1619517
510 1619517
508 1619517
509 1619517
507 1619518
508 1619518
507 1619518
507 1619519
507 1619519
506 1619519
507 1619526
509 1619536
505 1619546
512 1619556
508 1619566
508 1619588
511 1619588
508 1619608
506 1619608
507 1619615
504 1619625
506 1619635
512 1619645
513 1619655
510 1619666
512 1619675
492 1619685
503 1619695
505 1619705
506 1619715
508 1619725
499 1619735
511 1619745
497 1619755
523 1619792
501 1619796
508 1619796
505 1619798
513 1619814
499 1619816
510 1619994
500 1619994
508 1619994
511 1619994
513 1619995
504 1619995
508 1619995
511 1619995
507 1619995
512 1619995
509 1619996
507 1619996
500 1619996
517 1619996
508 1619996
509 1619996
508 1619999
512 1620017
509 1620018
509 1620026
505 1620048
504 1620048
515 1620056
507 1620078
509 1620078
507 1620086
510 1620096
510 1620131
507 1620135
508 1620135
506 1620137
508 1620212
506 1620212
507 1620212
507 1620212
509 1620213
506 1620213
510 1620213
508 1620215
506 1620315
508 1620315
511 1620315
509 1620316
508 1620316
504 1620316
513 1620316
505 1620317
518 1620319
505 1620319
511 1620495
508 1620495
507 1620496
509 1620496
509 1620496
506 1620496
508 1620497
507 1620497
506 1620497
509 1620497
510 1620497
504 1620498
509 1620498
514 1620498
508 1620498
508 1620499
508 1620499
507 1620499
507 1620518
510 1620518
504 1620567
508 1620567
506 1620567
507 1620571
507 1620571
505 1620812
507 1620812
505 1620812
529 1620813
514 1620813
509 1620813
504 1620814
509 1620814
509 1620815
503 1620815
508 1620815
508 1620815
499 1620816
510 1620816
514 1620816
500 1620816
509 1620817
511 1620817
504 1620817
506 1620817
509 1620818
512 1620818
502 1620820
510 1620820
509 1620914
508 1620914
506 1620914
511 1620914
510 1620915
506 1620915
510 1620915
505 1620915
508 1620923
508 1620923
507 1620924
510 1620994
511 1620994
510 1620994
511 1620994
508 1620995
509 1620995
506 1620997
503 1621038
513 1621038
507 1621038
501 1621038
508 1621046
507 1621056
512 1621066
507 1621088
508 1621088
507 1621096
509 1621106
505 1621119
508 1621126
508 1621136
506 1621146
506 1621708
509 1621708
508 1621709
506 1621709
508 1621709
506 1621710
508 1621710
509 1621710
510 1621711
508 1621711
517 1621711
506 1621712
509 1621712
508 1621712
507 1621712
506 1621712
508 1621713
511 1621713
512 1621713
512 1621713
508 1621714
507 1621714
506 1621714
507 1621714
510 1621715
510 1621715
506 1621715
508 1621715
510 1621715
511 1621716
506 1621716
506 1621716
508 1621716
506 1621717
508 1621717
510 1621717
506 1621717
507 1621717
511 1621718
505 1621718
505 1621718
507 1621718
507 1621718
505 1621719
509 1621719
509 1621719
510 1621719
508 1621719
510 1621719
507 1621721
508 1621721
507 1621721
506 1621721
508 1621722
507 1621722
506 1621724
507 1621726
506 1621759
505 1621760
508 1621768
507 1621769
511 1621776
507 1621798
507 1621798
509 1621818
507 1621819
508 1621828
506 1621836
507 1621846
506 1621856
506 1621912
506 1621913
507 1621913
506 1621913
509 1621915
506 1622015
506 1622016
509 1622016
506 1622017
502 1622017
502 1622017
502 1622018
504 1622018
503 1622018
510 1622018
509 1622028
510 1622028
510 1622093
509 1622093
510 1622093
511 1622093
509 1622094
508 1622108
509 1622108
509 1622115
505 1622138
507 1622138
509 1622146
508 1622170
508 1622171
510 1622175
511 1622185
510 1622195
509 1622213
505 1622215
506 1622332
509 1622333
500 1622333
502 1622333
503 1622333
511 1622333
506 1622334
511 1622334
507 1622334
504 1622334
512 1622335
510 1622336
506 1622512
508 1622513
507 1622513
510 1622513
508 1622514
504 1622514
507 1622514
507 1622515
508 1622515
509 1622515
504 1622516
504 1622516
505 1622516
501 1622516
513 1622516
523 1622517
507 1622517
498 1622518
510 1622615
512 1622615
503 1622615
533 1622616
507 1622617
503 1622617
515 1622617
505 1622617
511 1622617
509 1622619
510 1622692
507 1622692
508 1622693
510 1622693
505 1622693
510 1622693
508 1622693
507 1622695
507 1622804
506 1622804
503 1622805
511 1622805
508 1622805
505 1622805
502 1622805
508 1622818
508 1622829
506 1622829
513 1622839
517 1622839
511 1622868
510 1622956
505 1623089
503 1623089
503 1623099
505 1623099
505 1623100
506 1623100
500 1623100
502 1623100
513 1623100
509 1623191
506 1623191
505 1623191
510 1623191
505 1623191
509 1623192
520 1623193
502 1623193
508 1623193
513 1623195
506 1623195
504 1623197
510 1623198
513 1623198
507 1623258
514 1623258
506 1623259
511 1623268
500 1623268
500 1623352
519 1623358
497 1623359
510 1623364
520 1623370
527 1623371
499 1623373
510 1623373
507 1623374
506 1623382
504 1623382
500 1623383
505 1623383
506 1623383
510 1623383
506 1623410
509 1623410
509 1623410
505 1623592
505 1623592
505 1623592
507 1623592
511 1623593
506 1623593
507 1623593
511 1623593
510 1623593
509 1623594
505 1623594
506 1623594
508 1623594
508 1623594
508 1623594
510 1623595
507 1623595
508 1623595
507 1623595
505 1623595
510 1623595
506 1623596
508 1623596
509 1623612
510 1623614
507 1623614
509 1623814
506 1623814
507 1623814
506 1623815
508 1623815
511 1623815
507 1623815
508 1623816
507 1623816
506 1623817
508 1623817
507 1623817
509 1623817
509 1623818
507 1623818
509 1623818
507 1623818
507 1623818
509 1623819
506 1623819
508 1623819
508 1623819
507 1623925
507 1623925
508 1623927
510 1623927
510 1623929
510 1623929
507 1623931
509 1623931
512 1623933
506 1623935
509 1623946
508 1624106
508 1624106
507 1624107
509 1624107
507 1624109
506 1624109
508 1624111
509 1624111
508 1624116
508 1624116
508 1624118
506 1624118
506 1624120
506 1624120
506 1624122
506 1624303
508 1624303
508 1624304
507 1624304
508 1624304
508 1624305
509 1624305
505 1624305
507 1624306
506 1624306
510 1624306
509 1624306
504 1624306
510 1624307
509 1624307
508 1624307
504 1624307
507 1624307
508 1624308
506 1624308
509 1624308
508 1624317
505 1624386
512 1624386
508 1624388
508 1624388
508 1624388
509 1624388
506 1624507
509 1624507
508 1624507
509 1624507
505 1624508
509 1624508
509 1624508
508 1624508
511 1624509
507 1624509
506 1624509
511 1624519
508 1624519
510 1624539
509 1624539
506 1624659
506 1624659
508 1624661
508 1624663
506 1624663
509 1624665
506 1624665
508 1624667
507 1624716
509 1624739
508 1624739
505 1624863
505 1624863
509 1624864
507 1624865
506 1624865
504 1624868
510 1624868
508 1624868
507 1624868
505 1624870
506 1624870
509 1624907
508 1624929
506 1624929
507 1624934
509 1625112
508 1625112
505 1625113
509 1625113
509 1625113
508 1625114
509 1625114
506 1625115
506 1625115
510 1625115
508 1625116
507 1625116
510 1625116
507 1625116
508 1625116
508 1625116
508 1625116
512 1625117
510 1625117
507 1625121
499 1625122
500 1625124
507 1625124
505 1625126
501 1625126
505 1625126
501 1625292
507 1625292
513 1625292
512 1625292
504 1625293
507 1625293
510 1625293
509 1625293
510 1625293
508 1625293
507 1625294
510 1625294
508 1625294
506 1625300
507 1625302
507 1625302
507 1625302
505 1625303
508 1625405
510 1625405
508 1625405
509 1625407
510 1625407
505 1625408
499 1625408
507 1625408
503 1625469
506 1625469
506 1625472
527 1625478
517 1625478
507 1625480
518 1625480
512 1625481
512 1625482
511 1625484
506 1625485
508 1625583
511 1625584
505 1625585
505 1625585
510 1625587
515 1625587
496 1625589
492 1625589
521 1625591
513 1625592
495 1625594
502 1625594
513 1625594
510 1625678
508 1625678
515 1625680
510 1625682
509 1625683
510 1625685
511 1625685
511 1625687
508 1625687
506 1625689
507 1625689
507 1625689
507 1625690
510 1625696
501 1625708
508 1625708
505 1625728
506 1625728
512 1625736
517 1625745
503 1625768
498 1625768
498 1625776
496 1625785
520 1625808
504 1625808
504 1625815
503 1625827
505 1625836
507 1625846
506 1625856
509 1625866
505 1625876
508 1625896
509 1625905
511 1625915
508 1625925
504 1625935
503 1625947
507 1625955
509 1625965
509 1625975
506 1626011
507 1626012
507 1626014
506 1626028
510 1626028
505 1626038
511 1626045
510 1626068
509 1626068
508 1626075
512 1626085
509 1626116
511 1626131
513 1626135
507 1626135
504 1626137
507 1626312
506 1626312
510 1626312
511 1626313
507 1626313
508 1626313
506 1626314
508 1626314
505 1626314
508 1626314
505 1626314
507 1626315
510 1626315
509 1626315
508 1626315
507 1626316
507 1626316
505 1626318
508 1626390
509 1626390
506 1626390
508 1626390
639 1626401
516 1626401
509 1626401
507 1626404
508 1626613
508 1626613
510 1626614
510 1626614
508 1626614
509 1626615
508 1626615
506 1626615
508 1626615
507 1626616
508 1626616
509 1626616
507 1626616
509 1626617
510 1626617
508 1626617
506 1626617
508 1626618
508 1626618
508 1626618
511 1626618
507 1626625
508 1626636
510 1626645
507 1626655
507 1626665
506 1626675
511 1626685
508 1626708
510 1626708
508 1626715
509 1626725
508 1626735
509 1626801
505 1626801
509 1626801
508 1626801
508 1626811
509 1626811
507 1626813
509 1627006
507 1627007
510 1627007
508 1627007
507 1627008
509 1627008
507 1627008
507 1627009
508 1627009
505 1627009
509 1627010
509 1627010
507 1627010
508 1627010
508 1627010
506 1627011
509 1627011
507 1627013
505 1627013
507 1627013
509 1627288
508 1627288
507 1627288
506 1627289
508 1627289
506 1627289
504 1627289
507 1627289
509 1627289
506 1627290
506 1627290
515 1627290
516 1627290
503 1627290
499 1627291
510 1627291
509 1627291
508 1627291
511 1627292
512 1627292
506 1627292
509 1627292
506 1627292
506 1627293
511 1627293
508 1627293
507 1627293
505 1627293
506 1627295
504 1627304
507 1627328
506 1627328
509 1627361
508 1627362
507 1627364
501 1627501
481 1627501
524 1627502
499 1627502
496 1627502
514 1627503
509 1627503
525 1627503
492 1627503
531 1627503
510 1627504
508 1627504
505 1627504
507 1627518
508 1627518
507 1627526
505 1627536
511 1627545
502 1627555
509 1627565
543 1627575
507 1627599
493 1627600
506 1627607
494 1627616
504 1627706
499 1627706
501 1627706
503 1627707
508 1627707
509 1627707
506 1627708
509 1627708
502 1627708
486 1627747
506 1627779
524 1627780
511 1627781
515 1627809
515 1627810
505 1627810
506 1627810
508 1627811
500 1627911
493 1627911
506 1627911
508 1627912
509 1627912
509 1627912
511 1627912
510 1627912
507 1627913
507 1627914
507 1627914
508 1627928
501 1627928
499 1627961
533 1627965
493 1627966
505 1627967
501 1627990
497 1627998
510 1627998
516 1628007
503 1628015
506 1628025
510 1628061
508 1628065
503 1628065
512 1628067
504 1628204
512 1628204
510 1628205
507 1628205
507 1628205
509 1628205
508 1628206
505 1628206
507 1628206
506 1628206
510 1628207
506 1628207
506 1628218
504 1628218
509 1628238
507 1628238
503 1628245
507 1628255
505 1628266
502 1628301
509 1628303
515 1628303
508 1628409
509 1628410
510 1628410
510 1628411
506 1628411
509 1628411
508 1628412
507 1628412
510 1628412
510 1628412
507 1628418
509 1628418
509 1628425
504 1628436
505 1628445
509 1628455
507 1628465
507 1628488
511 1628488
510 1628512
508 1628531
508 1628535
507 1628535
507 1628537
507 1628590
505 1628590
506 1628590
505 1628590
507 1628605
509 1628635
508 1628635
503 1628637
506 1628637
509 1628703
508 1628703
507 1628704
507 1628704
507 1628706
509 1628706
508 1628909
508 1628910
509 1628910
505 1628910
509 1628911
508 1628911
505 1628911
507 1628911
508 1628912
507 1628912
509 1628912
506 1628912
507 1628913
510 1628913
504 1628913
512 1628914
508 1628914
506 1628914
507 1628914
509 1628914
507 1628916
509 1628987
509 1628987
504 1628987
508 1628987
509 1628988
506 1628988
510 1629002
504 1629004
506 1629006
508 1629007
509 1629046
506 1629067
508 1629067
509 1629069
506 1629069
508 1629071
506 1629088
505 1629088
516 1629095
505 1629105
506 1629128
506 1629128
509 1629145
507 1629158
506 1629158
512 1629165
509 1629201
508 1629201
505 1629206
508 1629206
510 1629228
502 1629228
515 1629248
506 1629248
508 1629256
506 1629266
507 1629276
507 1629298
507 1629298
510 1629318
507 1629318
507 1629325
508 1629347
507 1629358
506 1629358
507 1629365
510 1629375
507 1629411
508 1629415
508 1629415
508 1629417
510 1630104
509 1630104
506 1630105
508 1630105
508 1630105
507 1630106
507 1630106
509 1630106
508 1630106
505 1630107
510 1630107
507 1630107
507 1630107
509 1630107
508 1630107
507 1630108
506 1630108
507 1630108
508 1630108
513 1630108
508 1630108
507 1630109
510 1630109
506 1630109
512 1630109
512 1630109
512 1630109
508 1630110
507 1630110
505 1630110
510 1630110
509 1630111
506 1630111
510 1630111
506 1630112
507 1630112
508 1630112
512 1630112
510 1630113
506 1630113
505 1630113
507 1630113
508 1630113
509 1630114
510 1630114
513 1630114
508 1630114
507 1630116
510 1630116
503 1630117
508 1630117
506 1630117
497 1630118
509 1630118
507 1630118
513 1630118
510 1630119
508 1630119
507 1630119
507 1630119
507 1630119
507 1630120
510 1630122
507 1630122
510 1630122
510 1630123
509 1630123
506 1630205
510 1630205
507 1630206
507 1630206
509 1630206
507 1630206
511 1630207
508 1630207
508 1630209
505 1630209
508 1630411
507 1630411
508 1630411
509 1630411
507 1630412
508 1630412
510 1630412
508 1630413
506 1630413
507 1630414
507 1630414
509 1630414
509 1630415
509 1630415
509 1630415
508 1630415
509 1630416
506 1630416
507 1630416
508 1630416
509 1630439
509 1630439
508 1630448
508 1630448
511 1630468
507 1630468
508 1630476
507 1630486
507 1630568
507 1630568
508 1630568
511 1630568
508 1630571
511 1630571
509 1630576
508 1630576
506 1630576
510 1630585
507 1630608
507 1630608
509 1630638
511 1630638
510 1630648
509 1630648
509 1630668
507 1630668
509 1630675
510 1630696
505 1630708
509 1630708
509 1630715
509 1630738
508 1630738
506 1630745
508 1630782
507 1630782
507 1630785
506 1630991
507 1630991
508 1630991
509 1630991
510 1630992
508 1630992
512 1630992
511 1630992
508 1630999
505 1631000
506 1631000
507 1631000
508 1631000
509 1631000
506 1631000
506 1631001
505 1631001
510 1631001
507 1631009
508 1631009
507 1631022
509 1631026
510 1631026
506 1631026
506 1631037
506 1631045
507 1631055
495 1631077
518 1631077
513 1631097
509 1631097
512 1631107
511 1631115
509 1631138
509 1631138
509 1631158
508 1631158
506 1631178
509 1631178
511 1631186
510 1631196
509 1631206
509 1631216
507 1631226
505 1631248
505 1631248
506 1631255
513 1631278
505 1631278
500 1631298
504 1631298
514 1631306
508 1631315
508 1631325
508 1631348
510 1631348
507 1631355
506 1631390
510 1631392
508 1631394
505 1631396
507 1631403
508 1631414
506 1631428
508 1631461
510 1631465
508 1631465
509 1631467
510 1631610
507 1631610
508 1631610
506 1631611
508 1631611
508 1631611
512 1631611
512 1631611
507 1631612
511 1631612
506 1631612
504 1631612
506 1631612
511 1631618
508 1631618
510 1631665
509 1631665
508 1631667
506 1631667
507 1631799
507 1631799
507 1631800
509 1631800
508 1631800
507 1631801
508 1631801
513 1631801
510 1631801
506 1631802
506 1631802
505 1631802
512 1631802
506 1631802
510 1631806
506 1631816
506 1631835
510 1631845
510 1631868
512 1631868
506 1631875
509 1631886
509 1631907
507 1631907
506 1631916
506 1632110
506 1632111
514 1632111
508 1632112
507 1632112
510 1632112
500 1632113
508 1632113
511 1632113
506 1632114
505 1632114
506 1632115
509 1632115
505 1632116
509 1632116
509 1632116
508 1632118
508 1632118
507 1632119
507 1632121
513 1632212
507 1632212
509 1632212
505 1632213
509 1632258
508 1632258
509 1632259
509 1632259
508 1632259
511 1632262
509 1632262
510 1632262
507 1632262
509 1632265
506 1632289
508 1632289
508 1632289
509 1632319
510 1632319
509 1632328
508 1632328
507 1632335
509 1632373
506 1632373
508 1632375
508 1632502
508 1632503
508 1632503
507 1632503
508 1632504
507 1632504
507 1632504
509 1632505
507 1632505
508 1632505
506 1632506
509 1632508
509 1632508
507 1632707
506 1632707
507 1632707
509 1632708
509 1632708
505 1632708
507 1632709
506 1632709
510 1632709
508 1632710
506 1632710
508 1632710
505 1632710
508 1632711
507 1632711
506 1632711
507 1632711
509 1632712
507 1632712
506 1632712
510 1632728
506 1632728
508 1632736
509 1632745
507 1632768
507 1632768
508 1632776
508 1632785
505 1632796
508 1632805
508 1632815
510 1632838
508 1632838
509 1632858
510 1632858
510 1632865
508 1632876
508 1632885
508 1632920
507 1632925
510 1632925
507 1632925
507 1632935
507 1632945
512 1632967
511 1632967
507 1632987
507 1632987
507 1632995
508 1633005
507 1633056
509 1633056
507 1633058
510 1633058
507 1633060
507 1633065
508 1633074
506 1633086
509 1633108
508 1633108
510 1633128
508 1633128
506 1633136
508 1633145
507 1633168
509 1633168
508 1633176
505 1633185
508 1633218
509 1633218
508 1633225
510 1633348
506 1633348
509 1633350
507 1633353
507 1633355
508 1633355
509 1633357
508 1633357
506 1633359
509 1633359
511 1633361
506 1633361
504 1633392
512 1633392
505 1633394
509 1633508
507 1633508
508 1633509
505 1633509
508 1633509
509 1633509
508 1633510
503 1633510
522 1633510
513 1633511
528 1633511
502 1633511
523 1633511
503 1633528
508 1633528
509 1633548
512 1633548
527 1633567
489 1633567
517 1633576
528 1633586
496 1633608
504 1633608
526 1633641
514 1633645
489 1633645
507 1633647
508 1633701
515 1633701
504 1633701
502 1633701
511 1633702
507 1633718
509 1633718
510 1633738
506 1633738
508 1633755
512 1633775
505 1633788
508 1633788
506 1633821
508 1633823
507 1633825
509 1633825
506 1633825
501 1633835
506 1633857
508 1633857
508 1633865
507 1633876
508 1633886
509 1633908
506 1633908
508 1633916
506 1633925
510 1633948
508 1633948
506 1633968
516 1633968
514 1633975
502 1633985
507 1634020
509 1634022
507 1634024
507 1634046
505 1634060
507 1634062
504 1634070
514 1634159
512 1634159
505 1634161
502 1634167
502 1634167
511 1634167
507 1634167
493 1634170
517 1634170
516 1634173
519 1634181
509 1634184
501 1634195
496 1634217
505 1634217
522 1634251
516 1634253
499 1634253
502 1634269
516 1634278
507 1634278
503 1634286
508 1634364
507 1634364
509 1634366
506 1634366
509 1634368
509 1634368
507 1634368
508 1634378
507 1634378
506 1634428
509 1634428
509 1634430
508 1634430
509 1634435
510 1634435
509 1634445
506 1634458
507 1634477
504 1634479
507 1634583
504 1634583
508 1634583
509 1634583
508 1634584
508 1634584
509 1634584
507 1634584
506 1634584
508 1634584
508 1634620
506 1634620
511 1634620
507 1634620
509 1634624
506 1634699
507 1634699
510 1634699
507 1634699
500 1634801
507 1634801
514 1634801
508 1634801
504 1634802
510 1634802
508 1634802
504 1634803
505 1634803
509 1634803
509 1634803
508 1634804
506 1634806
510 1634903
511 1634904
507 1634904
506 1634904
506 1634904
509 1634905
499 1634905
509 1634905
505 1634905
514 1635006
513 1635007
507 1635007
506 1635007
506 1635007
508 1635008
508 1635008
509 1635008
507 1635009
507 1635010
509 1635018
508 1635018
508 1635025
508 1635060
509 1635065
506 1635065
506 1635068
508 1635298
507 1635298
508 1635298
511 1635299
507 1635300
507 1635300
506 1635300
509 1635300
507 1635301
509 1635301
507 1635301
508 1635301
508 1635302
509 1635302
507 1635302
509 1635302
506 1635302
507 1635303
506 1635303
504 1635303
508 1635303
510 1635304
507 1635321
508 1635323
507 1635325
508 1635337
508 1635337
504 1635357
508 1635358
508 1635365
508 1635375
506 1635385
507 1635395
504 1635428
508 1635429
508 1635437
507 1635438
507 1635457
507 1635458
511 1635514
508 1635515
505 1635516
507 1635516
505 1635606
506 1635606
508 1635606
510 1635606
503 1635607
509 1635607
506 1635607
493 1635608
505 1635609
508 1635609
506 1635684
509 1635685
509 1635685
509 1635685
506 1635685
512 1635685
508 1635687
506 1635688
508 1635737
508 1635737
507 1635739
507 1635739
505 1635741
508 1635745
506 1635755
508 1635767
506 1635775
511 1636088
508 1636089
506 1636089
509 1636089
502 1636090
508 1636090
506 1636090
500 1636090
509 1636091
503 1636091
511 1636091
512 1636091
509 1636092
510 1636092
508 1636092
510 1636092
508 1636093
510 1636093
513 1636093
510 1636093
503 1636094
517 1636094
506 1636094
510 1636094
515 1636094
503 1636095
503 1636095
516 1636095
505 1636095
486 1636399
516 1636400
523 1636400
494 1636401
503 1636401
516 1636401
521 1636401
517 1636402
497 1636402
509 1636403
508 1636403
513 1636403
512 1636403
513 1636403
506 1636404
511 1636404
509 1636405
505 1636405
509 1636405
512 1636405
507 1636405
512 1636406
505 1636406
506 1636406
508 1636406
503 1636406
506 1636407
505 1636407
510 1636407
508 1636407
506 1636407
511 1636426
514 1636465
506 1636466
509 1636467
504 1636468
509 1636504
505 1636504
512 1636504
505 1636504
514 1636505
509 1636506
503 1636582
511 1636582
509 1636582
506 1636582
505 1636583
511 1636583
514 1636590
502 1636591
512 1636597
507 1636686
503 1636767
504 1636768
514 1636769
511 1636771
512 1636772
508 1636904
510 1636904
510 1636905
506 1636905
509 1636905
510 1636955
517 1637014
520 1637014
494 1637014
507 1637016
518 1637016
515 1637018
502 1637018
512 1637020
510 1637020
509 1637023
508 1637023
506 1637025
508 1637025
509 1637025
509 1637102
507 1637102
511 1637102
508 1637103
508 1637103
505 1637103
505 1637103
507 1637103
507 1637104
506 1637104
508 1637131
508 1637135
509 1637135
506 1637135
507 1637155
508 1637167
506 1637167
507 1637206
507 1637240
509 1637240
508 1637242
508 1637244
507 1637244
514 1637246
507 1637282
508 1637282
506 1637282
509 1637301
507 1637305
508 1637305
511 1637307
507 1637601
511 1637601
508 1637602
507 1637602
508 1637602
509 1637603
509 1637603
507 1637603
507 1637603
510 1637604
509 1637604
507 1637604
509 1637604
505 1637604
506 1637605
508 1637605
507 1637605
507 1637605
508 1637605
509 1637606
510 1637606
508 1637606
507 1637606
505 1637606
510 1637606
509 1637607
503 1637607
511 1637607
507 1637609
505 1637609
508 1637705
507 1637705
507 1637705
506 1637706
507 1637707
508 1637707
505 1637707
508 1637708
512 1637708
507 1637741
506 1637741
506 1637744
508 1637782
508 1637782
509 1637782
505 1637782
509 1637797
512 1637797
507 1637806
506 1637828
507 1637828
507 1637835
507 1637856
509 1637867
508 1637867
508 1637881
507 1637903
507 1637903
509 1637905
509 1637981
510 1637981
510 1637981
508 1637981
511 1637982
508 1637982
506 1637995
509 1638013
510 1638013
508 1638015
506 1638200
507 1638200
507 1638200
509 1638201
509 1638201
512 1638201
508 1638202
507 1638202
508 1638202
504 1638203
508 1638203
506 1638203
509 1638203
509 1638204
509 1638204
509 1638204
509 1638383
507 1638384
507 1638384
506 1638384
509 1638384
509 1638384
505 1638384
507 1638385
509 1638385
507 1638385
507 1638385
507 1638385
507 1638385
509 1638385
508 1638386
507 1638386
509 1638386
510 1638386
509 1638406
507 1638406
507 1638408
509 1638408
510 1638410
508 1638415
509 1638425
505 1638469
511 1638469
507 1638481
508 1638483
505 1638483
506 1639198
509 1639199
512 1639199
509 1639200
508 1639200
510 1639200
508 1639201
511 1639201
505 1639202
505 1639202
517 1639203
499 1639203
507 1639203
507 1639203
507 1639203
506 1639204
507 1639204
514 1639204
505 1639204
511 1639204
504 1639205
509 1639205
509 1639205
506 1639205
508 1639205
509 1639205
509 1639206
507 1639206
508 1639206
508 1639206
507 1639206
509 1639207
507 1639207
508 1639207
509 1639207
507 1639207
507 1639208
505 1639208
513 1639208
514 1639208
505 1639208
511 1639208
507 1639209
500 1639209
492 1639209
519 1639209
497 1639209
518 1639268
514 1639268
508 1639270
508 1639270
506 1639403
509 1639404
509 1639404
507 1639404
507 1639404
505 1639405
504 1639405
501 1639405
496 1639405
508 1639406
535 1639406
512 1639407
487 1639408
502 1639409
499 1639409
507 1639410
507 1639595
502 1639596
510 1639596
511 1639596
509 1639597
510 1639597
506 1639597
505 1639597
508 1639598
510 1639598
507 1639598
512 1639599
512 1639599
515 1639599
506 1639600
508 1639600
502 1639600
513 1639602
504 1639602
510 1639800
495 1639800
497 1639801
508 1639801
509 1639801
501 1639801
501 1639802
506 1639802
510 1639802
511 1639803
521 1639803
504 1639803
507 1639803
514 1639803
508 1639804
507 1639804
513 1639804
510 1639804
508 1639804
507 1639804
502 1639806
507 1639902
505 1639903
514 1639903
513 1639903
509 1639903
502 1639904
515 1639904
505 1639904
511 1639905
513 1639917
501 1639917
509 1639925
506 1640005
505 1640005
510 1640006
511 1640006
509 1640006
506 1640006
508 1640007
504 1640015
510 1640038
510 1640038
508 1640045
509 1640066
507 1640078
507 1640078
511 1640085
510 1640095
511 1640105
508 1640115
510 1640125
506 1640135
508 1640158
508 1640158
505 1640165
508 1640175
505 1640186
507 1640195
508 1640205
507 1640228
508 1640228
508 1640247
509 1640247
509 1640255
506 1640265
511 1640308
508 1640308
509 1640336
506 1640336
508 1640338
508 1640338
510 1640340
508 1640344
508 1640356
509 1640400
508 1640400
508 1640400
506 1640408
509 1640408
507 1640441
508 1640443
507 1640443
508 1640579
505 1640579
507 1640579
508 1640580
509 1640580
508 1640580
509 1640580
507 1640580
509 1640580
507 1640581
503 1640581
503 1640581
514 1640581
515 1640581
502 1640585
510 1640595
503 1640616
503 1640627
513 1640645
501 1640647
519 1640647
501 1640695
514 1640695
509 1640695
511 1640695
502 1640696
514 1640705
505 1640747
506 1640749
509 1640760
510 1640760
509 1640778
506 1640778
506 1640812
505 1640814
510 1640814
509 1640902
509 1640902
509 1640902
506 1640902
509 1640909
511 1640911
510 1640979
507 1640979
506 1640979
508 1640980
507 1640980
510 1640980
512 1640980
510 1640980
509 1640982
505 1640982
507 1640984
508 1640999
509 1640999
507 1641005
508 1641015
507 1641025
510 1641047
508 1641047
506 1641055
507 1641077
508 1641077
504 1641085
511 1641095
511 1641107
503 1641114
516 1641125
512 1641135
509 1641145
504 1641193
511 1641193
504 1641195
505 1641295
508 1641295
508 1641295
510 1641295
510 1641296
508 1641296
505 1641296
503 1641296
505 1641298
507 1641298
509 1641298
503 1641300
510 1641317
511 1641318
507 1641325
511 1641335
507 1641387
509 1641387
508 1641389
508 1641389
508 1641391
509 1641408
506 1641408
508 1641428
508 1641428
510 1641449
510 1641449
507 1641479
506 1641480
509 1641480
510 1641497
503 1641558
504 1641558
505 1641560
500 1641565
521 1641565
487 1641567
500 1641567
502 1641592
509 1641593
507 1641620
510 1641621
501 1641797
509 1641797
502 1641798
511 1641798
501 1641798
518 1641798
514 1641799
513 1641799
500 1641799
502 1641800
499 1641800
503 1641800
532 1641801
518 1641801
561 1641801
475 1641802
501 1641802
500 1641802
506 1641808
508 1641808
499 1641827
472 1641827
480 1641835
507 1641845
503 1641855
497 1641877
527 1641878
504 1641885
507 1642003
497 1642003
507 1642003
513 1642004
508 1642004
519 1642004
503 1642004
511 1642005
507 1642005
507 1642005
509 1642021
509 1642025
510 1642025
506 1642027
509 1642189
496 1642190
506 1642190
498 1642190
517 1642191
511 1642191
498 1642191
505 1642191
508 1642191
502 1642192
507 1642192
507 1642192
514 1642192
507 1642192
506 1642193
510 1642193
509 1642194
508 1642292
507 1642292
507 1642292
506 1642293
507 1642293
505 1642293
505 1642293
507 1642295
515 1642395
513 1642395
502 1642395
509 1642396
504 1642396
510 1642397
509 1642397
506 1642397
508 1642397
507 1642399
508 1642399
507 1642497
502 1642497
506 1642498
507 1642498
504 1642498
510 1642498
517 1642499
516 1642499
514 1642500
511 1642595
508 1642595
509 1642597
505 1642597
510 1642599
508 1642601
507 1642603
507 1642605
507 1642608
512 1642609
504 1642609
508 1642609
506 1642667
514 1642667
507 1642669
510 1642669
528 1642671
508 1642676
505 1642685
503 1642695
508 1642705
514 1642741
499 1642743
499 1642746
505 1642746
511 1642755
508 1642764
501 1642787
518 1642787
512 1642794
491 1642805
515 1642819
507 1643294
500 1643294
502 1643294
495 1643295
495 1643295
502 1643295
514 1643295
513 1643295
493 1643295
529 1643296
514 1643296
510 1643296
499 1643296
512 1643296
508 1643296
508 1643297
500 1643297
518 1643297
512 1643297
512 1643297
508 1643298
507 1643298
507 1643298
507 1643298
509 1643298
507 1643299
509 1643299
512 1643299
507 1643299
506 1643299
509 1643300
506 1643300
507 1643300
508 1643300
510 1643301
507 1643301
509 1643301
505 1643301
511 1643302
508 1643302
511 1643302
506 1643302
506 1643303
506 1643303
510 1643303
508 1643304
508 1643306
506 1643306
511 1643306
507 1643400
510 1643430
507 1643431
506 1643431
506 1643431
506 1643431
501 1643432
507 1643432
508 1643432
506 1643434
508 1643434
509 1643434
510 1643434
507 1643478
508 1643478
508 1643500
506 1643500
506 1643505
508 1643505
511 1643517
508 1643525
509 1643534
507 1643582
508 1643592
507 1643592
506 1643592
506 1643592
508 1643594
508 1643693
506 1643693
510 1643693
508 1643693
509 1643694
509 1643694
509 1643694
504 1643696
509 1643696
506 1643696
509 1643796
508 1643796
509 1643797
508 1643797
509 1643797
508 1643797
509 1643798
510 1643798
509 1643798
508 1643801
508 1644002
508 1644003
508 1644003
508 1644003
509 1644004
508 1644004
510 1644005
508 1644005
507 1644006
508 1644006
507 1644007
508 1644007
509 1644007
507 1644007
507 1644008
507 1644008
505 1644008
510 1644008
509 1644016
510 1644016
506 1644017
509 1644019
507 1644192
506 1644192
508 1644193
508 1644193
509 1644193
509 1644194
508 1644194
507 1644194
511 1644195
509 1644195
506 1644195
506 1644196
508 1644197
508 1644197
506 1644197
507 1644197
508 1644198
511 1644205
509 1644215
508 1644225
507 1644235
511 1644244
509 1644255
509 1644265
507 1644276
507 1644310
509 1644312
509 1644499
507 1644499
509 1644499
506 1644500
508 1644500
506 1644500
506 1644501
508 1644501
508 1644502
509 1644502
506 1644502
505 1644503
509 1644503
508 1644503
508 1644503
506 1644504
507 1644504
509 1644504
508 1644504
506 1644520
508 1644521
507 1644524
510 1644536
508 1644548
509 1644548
506 1644587
509 1644587
508 1644588
508 1644588
507 1644595
508 1644605
508 1644615
508 1644625
509 1644635
507 1644645
508 1644655
510 1644665
511 1644675
508 1644685
508 1644695
509 1644705
509 1644715
509 1644725
507 1644735
510 1644757
509 1644757
510 1644765
510 1644775
507 1644792
508 1644795
509 1644825
509 1644829
509 1644864
509 1644864
508 1644865
509 1644867
509 1644869
507 1644891
509 1644942
506 1644943
510 1644943
509 1644943
507 1644944
509 1644944
510 1644977
508 1644977
507 1644977
509 1645018
507 1645018
509 1645019
508 1645019
508 1645019
506 1645025
508 1645060
508 1645060
507 1645079
507 1645080
508 1645080
508 1645085
508 1645095
509 1645107
506 1645115
510 1645137
506 1645137
507 1645144
506 1645154
508 1645165
507 1645184
508 1645195
508 1645204
510 1645214
510 1645251
506 1645255
505 1645255
509 1645257
507 1645279
508 1645279
507 1645285
510 1645295
508 1645331
510 1645335
504 1645335
504 1645337
508 1645390
510 1645390
507 1645391
505 1645391
505 1645391
503 1645395
507 1645430
510 1645430
508 1645432
507 1645492
516 1645493
498 1645494
503 1645494
506 1645494
504 1645495
509 1645497
514 1645697
498 1645697
505 1645698
507 1645698
500 1645699
511 1645699
507 1645699
504 1645699
515 1645699
510 1645700
503 1645700
504 1645700
506 1645700
506 1645701
505 1645701
507 1645701
507 1645701
511 1645704
510 1645704
508 1645705
499 1645705
505 1645828
498 1645828
511 1645829
505 1645829
506 1645829
502 1645829
502 1645831
500 1645831
501 1645831
502 1645831
502 1645834
509 1645834
514 1645848
501 1645848
512 1645856
501 1645905
501 1645905
505 1645905
510 1645907
510 1646085
498 1646085
503 1646085
511 1646086
503 1646086
502 1646086
526 1646086
509 1646086
502 1646087
501 1646087
501 1646087
500 1646087
509 1646087
512 1646088
510 1646088
510 1646090
511 1646290
509 1646290
511 1646290
510 1646291
502 1646291
504 1646291
501 1646291
501 1646291
505 1646292
499 1646292
502 1646292
507 1646292
489 1646293
499 1646293
532 1646293
505 1646293
517 1646294
505 1646294
506 1646294
510 1646294
505 1646295
507 1646295
512 1646297
502 1646394
502 1646394
505 1646395
521 1646395
509 1646396
504 1646396
512 1646396
500 1646397
502 1646398
503 1646398
506 1646496
503 1646496
507 1646496
508 1646496
508 1646497
505 1646497
508 1646497
508 1646497
514 1646497
507 1646497
524 1646511
504 1646599
507 1646599
510 1646599
510 1646599
504 1646600
509 1646600
517 1646600
506 1646600
513 1646600
511 1646617
508 1646617
506 1646625
499 1646635
498 1646676
516 1646676
511 1646676
510 1646684
507 1646707
502 1646707
516 1646714
514 1646737
506 1646737
517 1646746
512 1646754
508 1646765
511 1646775
512 1646798
508 1646798
509 1646805
508 1646815
507 1646825
510 1646835
503 1646846
508 1646855
513 1646865
508 1646888
507 1646888
511 1646895
515 1647076
502 1647076
503 1647076
510 1647077
507 1647077
506 1647077
507 1647077
509 1647077
515 1647077
506 1647078
506 1647078
506 1647078
509 1647078
502 1647078
508 1647078
514 1647079
502 1647079
507 1647079
505 1647110
501 1647112
507 1647114
504 1647127
504 1647127
509 1647135
506 1647145
513 1647155
508 1647165
499 1647200
511 1647201
506 1647203
507 1647291
508 1647291
504 1647291
506 1647291
508 1647292
507 1647292
506 1647292
511 1647292
507 1647298
504 1647298
509 1647305
506 1647328
510 1647328
513 1647345
509 1647358
512 1647358
506 1647365
505 1647375
507 1647401
504 1647402
506 1647404
506 1647497
508 1647497
505 1647498
512 1647498
507 1647498
508 1647499
507 1647499
507 1647499
508 1647505
507 1647515
505 1647524
506 1647534
508 1647571
511 1647573
508 1647575
499 1647575
509 1647585
505 1647609
505 1647609
504 1647677
508 1647677
510 1647677
501 1647678
502 1647678
502 1647678
515 1647678
508 1647685
505 1647708
509 1647708
508 1647728
513 1647728
509 1647735
503 1647745
504 1647755
510 1647765
509 1647775
506 1647784
503 1647807
511 1647807
505 1647815
504 1647825
509 1647835
507 1647845
510 1647855
507 1647865
507 1647875
506 1647906
507 1647921
507 1647925
512 1647925
505 1647927
507 1647938
505 1647945
503 1647955
505 1647965
507 1647975
507 1647985
508 1648021
510 1648025
508 1648025
508 1648025
506 1648035
501 1648045
506 1648197
508 1648197
500 1648197
496 1648197
503 1648198
508 1648198
496 1648198
497 1648198
515 1648199
508 1648199
498 1648199
505 1648199
508 1648199
515 1648200
510 1648205
505 1648228
513 1648228
521 1648235
505 1648245
508 1648281
505 1648285
508 1648285
510 1648285
508 1648377
510 1648377
509 1648377
507 1648377
508 1648378
507 1648378
509 1648378
512 1648378
512 1648378
510 1648385
508 1648395
506 1648405
509 1648415
512 1648450
509 1648450
503 1648455
504 1648455
509 1648490
509 1648490
505 1648495
511 1648495
508 1648517
505 1648517
509 1648550
506 1648555
510 1648555
507 1648557
513 1648604
504 1648604
505 1648605
503 1648605
509 1648608
513 1648638
508 1648640
507 1648640
514 1648643
509 1648655
507 1648664
502 1648681
505 1648684
507 1648787
509 1648787
509 1648787
508 1648788
507 1648788
511 1648788
510 1648788
504 1648788
506 1648789
505 1648789
509 1648807
510 1648808
510 1648840
511 1648844
508 1648844
510 1648846
508 1648992
505 1648992
507 1648992
509 1648993
508 1648993
507 1648995
509 1648995
509 1648996
506 1648996
509 1648996
506 1648996
507 1648997
514 1648997
507 1648998
509 1649197
509 1649197
508 1649197
491 1649198
508 1649198
501 1649198
493 1649199
508 1649199
506 1649199
509 1649200
507 1649200
508 1649200
509 1649200
505 1649200
506 1649201
503 1649201
511 1649201
509 1649201
508 1649201
506 1649236
506 1649237
508 1649238
509 1649238
508 1649241
505 1649244
508 1649254
507 1649264
507 1649275
508 1649284
505 1649307
511 1649308
507 1649315
506 1649325
514 1649335
515 1649345
515 1649354
509 1649377
512 1649378
512 1649385
506 1649407
511 1649407
507 1649414
506 1649425
510 1649435
508 1649445
507 1649455
509 1649477
508 1649477
510 1649497
508 1649497
509 1649504
504 1649514
508 1649526
495 1649534
501 1649544
520 1649555
510 1649564
502 1649574
489 1649584
501 1649594
527 1649630
509 1649632
517 1649633
507 1649670
505 1649670
509 1649673
505 1649687
509 1649687
507 1649703
507 1649703
507 1649714
507 1649726
508 1649734
513 1649744
508 1649767
504 1649767
505 1649787
503 1649787
501 1649807
502 1649807
509 1649815
505 1649825
509 1649835
514 1649855
513 1649867
505 1649867
509 1649892
507 1649892
508 1649894
509 1649986
503 1649986
507 1649987
511 1649987
502 1650089
507 1650089
509 1650090
511 1650090
508 1650090
512 1650090
496 1650091
501 1650091
513 1650091
512 1650091
505 1650106
498 1650175
506 1650235
507 1650259
507 1650261
504 1650263
512 1650263
506 1650263
507 1650265
508 1650265
507 1650475
511 1650475
501 1650475
499 1650475
480 1650476
496 1650476
508 1650476
515 1650476
489 1650476
479 1650476
515 1650477
517 1650477
510 1650477
515 1650477
497 1650477
498 1650477
513 1650477
515 1650478
499 1650478
508 1650478
506 1650478
506 1650478
507 1650478
504 1650479
510 1650479
510 1650479
509 1650479
509 1650479
508 1650479
505 1650480
505 1650492
511 1650492
509 1650494
510 1650587
510 1650587
509 1650618
506 1650618
506 1650618
510 1650639
508 1650639
509 1650647
509 1650647
508 1650749
505 1650974
506 1650975
510 1650975
507 1650975
509 1650975
509 1650975
507 1650975
508 1650976
505 1650976
507 1650976
509 1650976
506 1650976
509 1650976
504 1650976
507 1650977
504 1650977
506 1650977
508 1650977
509 1650977
508 1650977
511 1650978
507 1650978
512 1650978
501 1650978
509 1650978
514 1650978
502 1650978
508 1650979
507 1650979
505 1650979
511 1650979
504 1650979
508 1650979
512 1650980
504 1650980
506 1650980
512 1650994
504 1650994
513 1650996
505 1650996
506 1651074
513 1651074
505 1651074
504 1651074
513 1651075
507 1651075
508 1651075
505 1651087
509 1651087
508 1651094
507 1651104
508 1651114
505 1651124
508 1651147
505 1651147
510 1651154
508 1651177
509 1651177
510 1651184
505 1651194
509 1651215
507 1651257
505 1651257
507 1651257
507 1651259
511 1651259
511 1651264
512 1651275
507 1651285
509 1651319
506 1651319
504 1651328
511 1651328
505 1651335
506 1651345
510 1651355
504 1651378
502 1651378
505 1651396
507 1651450
511 1651450
508 1651455
512 1651455
508 1651457
510 1651457
506 1651459
505 1651465
506 1651487
511 1651487
510 1651580
509 1651580
509 1651580
506 1651580
508 1651581
510 1651581
508 1651583
509 1651583
504 1652697
507 1652698
509 1652698
506 1652698
509 1652698
507 1652698
509 1652699
504 1652699
507 1652699
510 1652699
508 1652699
508 1652699
510 1652700
507 1652700
510 1652700
513 1652700
507 1652700
507 1652700
508 1652701
508 1652701
509 1652701
509 1652701
508 1652701
509 1652701
508 1652701
507 1652702
508 1652702
509 1652702
504 1652702
508 1652702
507 1652702
503 1652703
507 1652703
511 1652703
507 1652703
507 1652703
507 1652703
514 1652703
506 1652704
509 1652704
515 1652704
513 1652704
512 1652704
501 1652704
509 1652705
505 1652705
509 1652705
506 1652705
505 1652705
507 1652705
508 1652705
509 1652706
509 1652706
510 1652706
504 1652707
513 1652707
510 1652714
508 1652715
511 1652715
503 1652715
500 1652715
505 1652715
507 1652715
508 1652716
505 1652716
499 1652716
522 1652716
529 1652716
518 1652716
486 1652716
496 1652717
533 1652717
503 1652717
502 1652717
499 1652717
504 1652717
514 1652718
505 1652718
508 1652747
512 1652747
506 1652747
506 1652748
509 1652748
514 1652748
505 1652748
510 1652748
515 1652749
506 1652749
512 1652749
508 1652749
509 1652749
508 1652750
505 1652750
507 1652750
504 1652750
514 1652750
504 1652751
513 1652751
496 1652751
501 1652751
508 1652751
510 1652752
510 1652752
507 1652752
508 1652752
512 1652752
517 1652752
511 1652753
507 1652753
496 1652755
515 1652755
500 1652755
503 1652756
506 1652756
501 1652756
518 1652756
510 1652756
