509 1507895
510 1507897
514 1507897
510 1507909
508 1507941
505 1507944
509 1508058
505 1508121
508 1508123
511 1508129
507 1508129
509 1508223
500 1508226
512 1508228
522 1508228
523 1508230
513 1508230
499 1508232
505 1508232
498 1508233
508 1508233
514 1508233
505 1508233
502 1508233
522 1508233
498 1508233
475 1508234
457 1508234
512 1508234
513 1508234
518 1508234
489 1508235
518 1508235
533 1508235
507 1508235
498 1508235
519 1508235
510 1508237
501 1508237
516 1508237
503 1508237
498 1508237
515 1508237
495 1508261
501 1508262
504 1508262
509 1508262
512 1508262
504 1508263
506 1508263
501 1508263
509 1508263
496 1508263
498 1508264
506 1508264
518 1508264
502 1508264
514 1508264
506 1508264
516 1508265
510 1508265
517 1508310
494 1508310
508 1508312
512 1508312
496 1508314
510 1508314
505 1508318
502 1508320
506 1508320
510 1508322
504 1508322
518 1508322
507 1508324
508 1508324
496 1508325
505 1508362
505 1508364
501 1508365
502 1508368
502 1508370
510 1508370
513 1508372
501 1508378
511 1508388
511 1508439
503 1508459
508 1508462
511 1508462
512 1508462
506 1508464
505 1508467
502 1508490
510 1508494
498 1508497
504 1508534
499 1508537
492 1508539
471 1508539
487 1508547
508 1508557
504 1508568
504 1508590
492 1508593
517 1508597
515 1508633
500 1508637
504 1508639
533 1508639
509 1508648
507 1508657
498 1508668
493 1508690
517 1508692
529 1508698
513 1508733
492 1508737
512 1508739
502 1508739
513 1508760
492 1508762
500 1508780
552 1508784
469 1508798
492 1508841
524 1508844
481 1508917
494 1508920
489 1508920
496 1508922
507 1508922
498 1508925
507 1508927
501 1508931
508 1508934
508 1509001
511 1509003
515 1509003
506 1509007
509 1509009
511 1509009
507 1509011
503 1509011
509 1509013
508 1509013
517 1509017
505 1509027
508 1509038
502 1509048
508 1509057
504 1509093
508 1509095
508 1509098
508 1509102
507 1509120
501 1509123
499 1509140
511 1509142
513 1509160
520 1509162
491 1509168
500 1509178
512 1509188
505 1509198
507 1509220
515 1509224
497 1509228
503 1509259
511 1509274
515 1509277
500 1509277
507 1509291
507 1509294
511 1509298
506 1509307
512 1509319
509 1509353
514 1509357
509 1509360
506 1509360
502 1509367
504 1509378
512 1509387
508 1509398
509 1509408
502 1509418
509 1509464
510 1509469
506 1509472
508 1509472
510 1509474
510 1509476
511 1509487
512 1509509
519 1509512
502 1509518
506 1509540
515 1509543
478 1509547
536 1509558
476 1509568
527 1509578
506 1509588
492 1509618
508 1509633
501 1509637
510 1509639
506 1509639
514 1509647
508 1509657
508 1509667
506 1509677
510 1509688
513 1509697
500 1509720
517 1509730
498 1509730
516 1509737
500 1509748
509 1509758
505 1509767
511 1509790
509 1509792
509 1509838
504 1509841
507 1509841
510 1509842
411 1509845
505 1509848
510 1509857
518 1509868
511 1509877
508 1509888
509 1509898
510 1509920
505 1509923
503 1509927
506 1509938
505 1509948
501 1509958
508 1509980
521 1509984
505 1509987
494 1509998
507 1510007
516 1510017
505 1510027
508 1510037
506 1510070
505 1510074
508 1510090
504 1510094
505 1510098
504 1510107
510 1510117
508 1510128
492 1510138
499 1510148
509 1510158
509 1510168
504 1510190
510 1510192
497 1510198
499 1510208
498 1510218
501 1510227
508 1510238
513 1510248
500 1510258
504 1510268
500 1510278
497 1510287
500 1510310
505 1510312
511 1510319
516 1510327
498 1510379
509 1510381
510 1510381
508 1510383
508 1510383
507 1510388
507 1510398
511 1510408
501 1510418
512 1510428
510 1510438
522 1510448
508 1510469
519 1510481
499 1510483
504 1510488
513 1510498
511 1510508
504 1510518
511 1510528
510 1510539
508 1510571
510 1510575
511 1510578
510 1510591
506 1510594
508 1510610
512 1510612
504 1510629
508 1510668
501 1510692
515 1510695
498 1510697
519 1510697
527 1510700
504 1510700
479 1510762
494 1510764
513 1510766
500 1510767
501 1510768
492 1510768
515 1510794
511 1510796
494 1510798
498 1510810
511 1510812
507 1510859
508 1510891
510 1510893
512 1510894
510 1510894
511 1510895
511 1510897
509 1510930
507 1510934
508 1510972
510 1510984
506 1510984
508 1510984
509 1510984
506 1510985
504 1511028
506 1511079
508 1511081
511 1511081
512 1511081
511 1511083
507 1511084
509 1511086
525 1511086
525 1511089
502 1511172
511 1511175
518 1511177
523 1511177
505 1511179
510 1511179
509 1511181
510 1511181
505 1511181
510 1511182
510 1511249
502 1511251
501 1511252
504 1511252
498 1511254
498 1511254
515 1511256
498 1511257
522 1511311
487 1511314
518 1511314
524 1511319
497 1511321
474 1511321
504 1511321
511 1511324
514 1511353
525 1511356
519 1511356
525 1511454
481 1511456
500 1511458
537 1511458
516 1511460
505 1511460
522 1511462
519 1511462
535 1511462
521 1511470
525 1511473
512 1511478
487 1511500
524 1511502
516 1511507
512 1511517
490 1511528
512 1511538
510 1511547
494 1511570
524 1511572
506 1511577
504 1511612
512 1511616
504 1511618
511 1511622
509 1511628
509 1511638
507 1511648
510 1511670
510 1511672
507 1511678
506 1511688
511 1511697
509 1511707
510 1511761
508 1511761
504 1511761
509 1511762
511 1511762
508 1511780
510 1511782
508 1511787
508 1511798
508 1511807
509 1511819
508 1511827
510 1511837
507 1511847
504 1511857
509 1511867
504 1511877
508 1511887
512 1511897
512 1511920
503 1511922
510 1511939
507 1511943
506 1511959
510 1511964
505 1511967
506 1511977
508 1511987
511 1512022
510 1512024
510 1512028
506 1512030
508 1512050
507 1512054
507 1512057
504 1512067
502 1512077
517 1512088
516 1512097
508 1512107
509 1512130
512 1512134
507 1512137
504 1512147
505 1512157
505 1512167
507 1512177
508 1512188
509 1512198
506 1512220
504 1512222
504 1512227
507 1512249
505 1512253
509 1512257
507 1512267
504 1512287
510 1512328
514 1512330
505 1512330
506 1512332
509 1512337
507 1512347
512 1512357
506 1512380
507 1512383
509 1512387
510 1512422
505 1512424
506 1512428
508 1512430
508 1512438
509 1512448
513 1512457
502 1512479
504 1512483
510 1512487
503 1512510
505 1512512
503 1512517
504 1512537
509 1512550
507 1512552
519 1512557
508 1512593
502 1512595
515 1512598
512 1512601
506 1512620
510 1512623
513 1512627
510 1512637
506 1512647
508 1512658
505 1512667
510 1512703
505 1512704
514 1512708
504 1512710
514 1512717
501 1512727
503 1512737
512 1512747
517 1512757
501 1512767
506 1512777
503 1512799
520 1512803
516 1512807
514 1512817
498 1512839
493 1512841
516 1512847
489 1512857
498 1512867
494 1512889
506 1512891
511 1512897
515 1512907
503 1512917
502 1512927
500 1512964
520 1512967
502 1512970
504 1512970
505 1512978
509 1512988
507 1512997
507 1513007
506 1513028
509 1513050
509 1513053
505 1513057
507 1513079
506 1513081
510 1513087
509 1513097
510 1513108
507 1513117
511 1513127
508 1513147
508 1513160
510 1513161
506 1513167
509 1513177
506 1513187
509 1513198
510 1513207
509 1513217
510 1513227
510 1513237
509 1513272
509 1513276
507 1513278
507 1513280
509 1513287
509 1513337
503 1513339
508 1513339
510 1513341
506 1513362
506 1513365
508 1513368
505 1513371
506 1513377
510 1513388
519 1513398
498 1513407
513 1513417
513 1513427
507 1513450
505 1513453
503 1513457
507 1513467
506 1513478
510 1513488
510 1513497
508 1513507
509 1513517
506 1513540
509 1513543
511 1513547
507 1513557
509 1513567
508 1513602
510 1513605
510 1513631
508 1513635
505 1513640
509 1513642
508 1513648
511 1513658
503 1513668
508 1513688
508 1513711
510 1513714
511 1513720
505 1513722
508 1513727
507 1513737
510 1513760
506 1513764
514 1513767
506 1513790
512 1513793
504 1513839
510 1513841
506 1513841
516 1513842
516 1513842
487 1513901
503 1513904
492 1513922
516 1513924
520 1513927
511 1513929
498 1513929
505 1513931
519 1513931
508 1513937
508 1513947
497 1513958
508 1513967
507 1513990
506 1513993
499 1513997
528 1514007
501 1514017
491 1514040
490 1514042
509 1514060
521 1514062
516 1514067
489 1514090
500 1514093
502 1514110
501 1514112
505 1514118
510 1514127
509 1514179
506 1514181
512 1514181
504 1514183
506 1514183
507 1514188
507 1514224
509 1514228
507 1514230
510 1514231
508 1514238
508 1514273
511 1514277
508 1514279
506 1514279
508 1514298
508 1514310
507 1514312
509 1514318
508 1514327
509 1514337
510 1514347
507 1514357
505 1514367
507 1514378
509 1514387
508 1514397
509 1514407
508 1514417
507 1514439
510 1514442
508 1514447
508 1514457
508 1514467
505 1514478
510 1514487
507 1514497
509 1514543
507 1514545
509 1514547
508 1514551
507 1514558
506 1514567
507 1514577
506 1514587
509 1514610
506 1514612
508 1514658
512 1514661
508 1514661
507 1514661
505 1514664
506 1514666
507 1514677
509 1514700
510 1514702
508 1514707
510 1514717
509 1514727
509 1514737
509 1514747
508 1514757
508 1514768
508 1514777
509 1514800
510 1514803
509 1514832
509 1514835
509 1514838
507 1514840
506 1514847
508 1514870
507 1514872
510 1514877
508 1514887
509 1514910
509 1514913
506 1514917
510 1514927
508 1514937
508 1514947
510 1514967
508 1515010
507 1515014
509 1515028
510 1515031
508 1515031
503 1515033
506 1515033
509 1515036
506 1515047
507 1515070
507 1515073
509 1515077
509 1515105
509 1515105
503 1515108
508 1515117
509 1515128
507 1515137
506 1515147
505 1515157
507 1515167
508 1515177
507 1515201
507 1515204
510 1515207
508 1515227
508 1515250
508 1515253
505 1515282
511 1515284
508 1515288
509 1515291
506 1515298
508 1515308
508 1515317
505 1515340
508 1515343
507 1515347
503 1515357
507 1515380
505 1515383
515 1515387
504 1515410
505 1515412
509 1515417
509 1515439
509 1515441
508 1515447
510 1515457
510 1515480
507 1515482
507 1515487
509 1515497
506 1515507
506 1515517
511 1515527
510 1515550
507 1515553
509 1515558
507 1515568
506 1515577
510 1515587
508 1515609
507 1515611
508 1515617
506 1515627
510 1515637
510 1515647
505 1515657
507 1515667
509 1515690
504 1515692
506 1515697
513 1515720
508 1515723
510 1515728
508 1515737
509 1515747
502 1515769
509 1515773
504 1515777
506 1515787
508 1515797
510 1515808
510 1515817
507 1515827
504 1515837
508 1515847
507 1515858
508 1515868
510 1515878
507 1515888
509 1515922
510 1515925
505 1515927
509 1515940
504 1515942
505 1515960
512 1515964
507 1516002
507 1516004
510 1516007
503 1516012
510 1516018
512 1516027
508 1516037
511 1516048
507 1516057
510 1516080
505 1516083
507 1516087
510 1516097
507 1516120
504 1516123
505 1516127
508 1516137
508 1516147
509 1516157
506 1516167
509 1516177
508 1516187
509 1516224
509 1516227
507 1516230
506 1516230
504 1516237
508 1516247
508 1516257
508 1516267
507 1516290
508 1516292
508 1516297
506 1516319
506 1516323
507 1516340
506 1516343
509 1516347
508 1516369
507 1516373
508 1516390
508 1516393
506 1516397
508 1516407
508 1516417
508 1516427
511 1516449
508 1516454
505 1516457
506 1516480
506 1516484
507 1516487
506 1516497
509 1516507
509 1516517
510 1516527
508 1516550
506 1516552
509 1516569
509 1516578
512 1516590
507 1516594
506 1516597
507 1516607
507 1516617
509 1516627
509 1516649
511 1516652
512 1516669
509 1516671
509 1516690
508 1516694
509 1516710
507 1516712
506 1516728
512 1516737
506 1516760
506 1516762
514 1516767
516 1516777
508 1516787
505 1516797
511 1516820
502 1516823
507 1516827
507 1516862
507 1516865
509 1516868
505 1516872
506 1516877
517 1516887
510 1516897
507 1516933
516 1516935
512 1516939
503 1516963
502 1516965
503 1516968
518 1516972
507 1516978
506 1516987
505 1516997
499 1517007
522 1517030
508 1517033
505 1517037
507 1517047
502 1517069
506 1517074
509 1517077
507 1517087
508 1517097
509 1517120
510 1517121
509 1517128
510 1517137
510 1517148
512 1517157
507 1517167
503 1517190
505 1517192
502 1517210
493 1517212
506 1517218
535 1517228
501 1517237
490 1517260
494 1517263
506 1517268
517 1517290
500 1517292
517 1517297
507 1517307
511 1517317
502 1517327
506 1517337
522 1517347
520 1517358
499 1517367
511 1517388
511 1517400
507 1517404
513 1517407
505 1517417
507 1517427
510 1517437
507 1517447
508 1517457
513 1517467
512 1517487
504 1517510
505 1517512
508 1517517
505 1517527
511 1517537
511 1517547
503 1517557
507 1517593
515 1517601
509 1517601
510 1517602
504 1517607
499 1517617
515 1517627
501 1517638
506 1517673
503 1517675
508 1517677
514 1517690
508 1517693
515 1517697
505 1517720
506 1517723
508 1517727
506 1517737
504 1517773
505 1517777
503 1517779
508 1517780
504 1517787
517 1517797
507 1517807
511 1517817
508 1517827
498 1517863
520 1517867
508 1517869
508 1517869
503 1517877
510 1517887
510 1517897
512 1517907
508 1517917
497 1517927
509 1517937
499 1517960
510 1517963
508 1517967
513 1517977
504 1517987
507 1517997
507 1518007
507 1518017
508 1518040
504 1518042
506 1518060
511 1518066
505 1518068
504 1518078
512 1518100
509 1518102
509 1518107
512 1518118
505 1518140
507 1518144
513 1518147
511 1518183
506 1518184
508 1518188
506 1518190
508 1518198
510 1518207
506 1518240
509 1518242
512 1518247
510 1518257
509 1518267
506 1518277
508 1518287
509 1518297
510 1518308
504 1518317
510 1518340
506 1518343
512 1518347
513 1518358
503 1518367
514 1518377
508 1518400
517 1518403
508 1518407
507 1518417
519 1518427
513 1518437
511 1518447
505 1518457
509 1518467
499 1518477
514 1518508
502 1518523
490 1518524
501 1518528
507 1518530
519 1518537
503 1518547
513 1518557
492 1518567
508 1518619
529 1518621
523 1518622
505 1518622
507 1518624
505 1518627
508 1518637
501 1518647
507 1518668
506 1518693
510 1518695
504 1518697
507 1518710
508 1518712
508 1518717
510 1518727
506 1518737
511 1518747
503 1518757
508 1518767
513 1518777
510 1518800
511 1518801
510 1518807
507 1518829
508 1518833
505 1518837
509 1518847
509 1518869
507 1518874
510 1518877
511 1518888
511 1518909
510 1518913
507 1518917
509 1518953
503 1518956
503 1518956
509 1518967
503 1518977
504 1518987
507 1518997
498 1519007
504 1519017
502 1519040
509 1519043
505 1519060
507 1519063
505 1519080
506 1519090
507 1519090
508 1519097
502 1519108
520 1519117
511 1519140
519 1519142
525 1519172
512 1519175
488 1519177
542 1519188
508 1519199
491 1519204
508 1519300
514 1519302
504 1519328
510 1519382
504 1519385
509 1519386
480 1519388
461 1519388
552 1519388
506 1519390
516 1519390
505 1519392
509 1519437
507 1519440
507 1519440
503 1519441
508 1519441
517 1519441
516 1519445
503 1519455
501 1519455
506 1519462
502 1519464
500 1519466
502 1519468
522 1519468
488 1519490
531 1519492
497 1519499
515 1519503
506 1519547
508 1519569
507 1519571
501 1519571
510 1519573
509 1519573
506 1519589
507 1519591
508 1519608
508 1519634
505 1519637
510 1519640
506 1519662
504 1519666
518 1519668
509 1519668
521 1519690
493 1519694
506 1519749
520 1519751
517 1519751
511 1519753
515 1519753
512 1519788
514 1519790
517 1519790
503 1519792
519 1519792
504 1519809
519 1519813
505 1519830
499 1519833
508 1519863
507 1519866
508 1519866
507 1519908
513 1519946
510 1519948
509 1519948
513 1519950
508 1519950
511 1519952
507 1519952
506 1519960
512 1519962
503 1520048
513 1520050
505 1520050
510 1520052
509 1520052
510 1520054
508 1520057
514 1520059
503 1520059
509 1520110
507 1520114
502 1520139
508 1520139
502 1520141
505 1520142
514 1520143
527 1520143
510 1520221
493 1520223
513 1520225
494 1520226
505 1520227
518 1520227
505 1520229
509 1520229
504 1520232
512 1520240
505 1520242
512 1520258
500 1520309
507 1520312
508 1520312
503 1520312
508 1520316
506 1520342
506 1520344
514 1520346
508 1520381
514 1520382
504 1520471
512 1520474
500 1520483
523 1520487
498 1520489
510 1520490
514 1520491
513 1520491
510 1520493
512 1520495
503 1520497
510 1520497
511 1520500
508 1520523
510 1520525
509 1520528
507 1520581
511 1520583
507 1520583
509 1520586
510 1520588
507 1520588
510 1520597
505 1520598
508 1520608
507 1520643
507 1520645
508 1520649
504 1520672
514 1520692
507 1520693
507 1520693
520 1520693
519 1520697
513 1520718
499 1520729
524 1520740
504 1520744
510 1520747
516 1520770
507 1520773
500 1520801
509 1520803
514 1520820
513 1520822
506 1520830
504 1520832
515 1520837
504 1520847
487 1520870
488 1520873
529 1520878
502 1520900
482 1520903
503 1520947
497 1520950
521 1520950
508 1520950
512 1520973
507 1520975
508 1520977
504 1521040
513 1521042
508 1521060
507 1521062
509 1521062
509 1521064
506 1521066
498 1521082
501 1521085
499 1521088
497 1521112
508 1521114
502 1521116
502 1521116
514 1521154
528 1521156
485 1521158
494 1521187
515 1521189
517 1521189
511 1521192
506 1521248
508 1521272
493 1521274
509 1521278
502 1521280
509 1521280
518 1521282
492 1521283
505 1521311
504 1521314
506 1521338
501 1521350
505 1521352
504 1521358
507 1521455
507 1521460
512 1521463
505 1521463
517 1521466
509 1521506
512 1521507
515 1521509
511 1521510
515 1521510
506 1521510
501 1521512
507 1521512
514 1521514
513 1521522
510 1521524
508 1521526
501 1521528
506 1521528
510 1521550
500 1521554
509 1521578
503 1521592
509 1521595
513 1521599
506 1521623
506 1521626
516 1521626
516 1521798
496 1521798
509 1521891
502 1521894
508 1521897
508 1521900
508 1521900
531 1521900
500 1521903
509 1521903
509 1521903
512 1521904
505 1521906
507 1521914
504 1521917
518 1521922
512 1521925
517 1521928
501 1521940
504 1521942
503 1521947
519 1521957
509 1521967
507 1522002
506 1522004
509 1522008
506 1522011
508 1522017
512 1522027
512 1522037
511 1522056
508 1522060
508 1522067
506 1522077
510 1522099
517 1522104
511 1522107
507 1522129
509 1522133
506 1522137
508 1522147
506 1522157
505 1522168
510 1522177
514 1522198
506 1522209
503 1522211
505 1522217
514 1522227
514 1522236
506 1522246
506 1522282
508 1522291
504 1522291
511 1522291
511 1522298
501 1522307
508 1522317
509 1522327
501 1522337
504 1522372
508 1522375
509 1522376
506 1522389
506 1522392
509 1522397
510 1522407
504 1522417
507 1522427
505 1522437
508 1522447
507 1522457
511 1522467
507 1522477
509 1522486
506 1522497
501 1522506
502 1522517
505 1522527
512 1522537
506 1522547
510 1522599
504 1522611
508 1522611
507 1522611
514 1522611
502 1522612
511 1522627
506 1522637
509 1522660
494 1522664
506 1522667
501 1522677
512 1522687
506 1522710
508 1522712
508 1522717
513 1522739
509 1522743
508 1522760
513 1522764
509 1522780
506 1522783
507 1522787
507 1522797
504 1522807
511 1522856
510 1522859
514 1522859
507 1522862
506 1522870
514 1522873
506 1522877
507 1522887
511 1522897
510 1522907
507 1522950
506 1522950
507 1522950
514 1522953
505 1522960
507 1522967
510 1522977
513 1522987
502 1522997
504 1523018
501 1523030
506 1523032
512 1523050
510 1523052
511 1523057
493 1523067
529 1523077
504 1523135
503 1523137
503 1523137
502 1523159
504 1523161
486 1523161
506 1523163
511 1523166
501 1523168
510 1523177
504 1523200
511 1523201
510 1523207
506 1523230
510 1523232
507 1523263
509 1523267
508 1523269
513 1523269
508 1523277
502 1523310
510 1523312
505 1523317
535 1523340
496 1523344
527 1523347
525 1523358
506 1523378
512 1523390
508 1523392
507 1523454
511 1523460
506 1523460
509 1523461
508 1523462
508 1523464
508 1523469
506 1523469
508 1523546
513 1523548
508 1523548
510 1523550
506 1523550
507 1523552
510 1523552
506 1523595
510 1523598
508 1523598
509 1523627
506 1523629
512 1523630
510 1523632
505 1523640
505 1523641
510 1523645
507 1523660
505 1523663
509 1523710
504 1523713
504 1523730
508 1523731
508 1523732
504 1523733
511 1523736
506 1523764
506 1523766
503 1523768
507 1523790
505 1523793
499 1523837
505 1523837
507 1523839
512 1523839
508 1523842
506 1523863
501 1523865
507 1523867
510 1523890
509 1523892
504 1523940
507 1523942
511 1523942
511 1523944
509 1523946
507 1523963
508 1523965
507 1523969
508 1523992
509 1523996
505 1523998
509 1523999
509 1524032
510 1524034
509 1524036
507 1524061
508 1524063
508 1524070
505 1524071
509 1524077
504 1524100
507 1524102
505 1524107
508 1524117
508 1524127
507 1524173
508 1524177
507 1524179
509 1524180
509 1524227
510 1524228
505 1524229
506 1524230
506 1524282
505 1524285
498 1524287
500 1524287
512 1524288
510 1524291
511 1524312
506 1524314
502 1524318
506 1524322
507 1524327
508 1524378
515 1524381
515 1524381
507 1524381
513 1524385
509 1524399
508 1524401
504 1524407
508 1524442
500 1524447
514 1524449
507 1524449
512 1524457
507 1524468
508 1524477
504 1524529
504 1524531
513 1524531
508 1524531
506 1524535
510 1524538
509 1524547
504 1524583
507 1524585
508 1524589
510 1524612
507 1524614
512 1524616
507 1524627
509 1524639
509 1524641
507 1524646
519 1524657
510 1524667
510 1524689
509 1524693
508 1524697
506 1524707
504 1524717
510 1524740
508 1524742
509 1524747
506 1524767
507 1524789
510 1524793
506 1524797
507 1524807
505 1524829
508 1524833
507 1524836
508 1524860
507 1524864
506 1524867
508 1524878
507 1524900
509 1524903
508 1524933
510 1524937
510 1524939
512 1524939
506 1524947
507 1524957
509 1524980
511 1524983
505 1524999
507 1525003
507 1525007
510 1525017
509 1525027
507 1525038
512 1525047
508 1525068
510 1525080
508 1525082
506 1525099
507 1525101
508 1525106
508 1525117
513 1525127
509 1525137
511 1525159
506 1525163
506 1525179
505 1525181
504 1525187
505 1525197
506 1525220
511 1525222
514 1525227
508 1525237
504 1525273
511 1525277
505 1525279
507 1525279
510 1525287
509 1525297
505 1525307
505 1525329
507 1525331
509 1525337
505 1525346
509 1525368
507 1525379
508 1525383
508 1525387
507 1525397
505 1525407
507 1525417
510 1525468
510 1525471
506 1525471
508 1525473
512 1525473
509 1525477
512 1525487
508 1525497
509 1525507
510 1525517
510 1525527
507 1525537
510 1525547
507 1525557
504 1525567
509 1525577
508 1525587
511 1525610
508 1525614
507 1525630
509 1525633
508 1525647
507 1525658
509 1525680
506 1525682
510 1525720
507 1525724
505 1525738
509 1525747
506 1525770
509 1525772
509 1525772
508 1525774
509 1525774
509 1525778
507 1525799
509 1525810
509 1525813
507 1525817
514 1525827
508 1525850
507 1525853
511 1525857
508 1525867
506 1525877
505 1525900
506 1525903
505 1525932
506 1525934
511 1525937
508 1525941
502 1525947
497 1525957
505 1525967
512 1525977
505 1525999
505 1526001
515 1526020
509 1526024
510 1526027
506 1526037
514 1526047
509 1526070
506 1526072
509 1526090
508 1526093
507 1526097
508 1526107
508 1526117
509 1526126
512 1526137
511 1526147
506 1526182
508 1526184
513 1526186
512 1526212
504 1526214
508 1526217
502 1526220
507 1526226
510 1526237
507 1526247
508 1526257
509 1526267
508 1526289
510 1526293
509 1526296
513 1526307
507 1526317
512 1526327
511 1526336
504 1526347
507 1526357
508 1526390
508 1526392
508 1526397
507 1526407
509 1526417
509 1526427
505 1526450
504 1526454
512 1526457
507 1526479
510 1526483
506 1526486
509 1526497
508 1526507
508 1526517
506 1526552
505 1526556
503 1526556
505 1526569
508 1526573
505 1526577
506 1526586
508 1526596
507 1526607
506 1526617
511 1526652
508 1526654
510 1526657
510 1526659
510 1526667
509 1526677
509 1526698
510 1526709
508 1526713
505 1526717
505 1526740
506 1526743
512 1526747
519 1526756
510 1526767
501 1526777
501 1526787
502 1526797
504 1526807
503 1526817
505 1526827
508 1526850
509 1526853
505 1526857
505 1526867
509 1526877
510 1526887
508 1526897
507 1526919
504 1526924
496 1526927
509 1526950
512 1526953
493 1526957
508 1526967
501 1526977
513 1526987
511 1526997
501 1527019
514 1527023
503 1527027
510 1527049
505 1527052
512 1527057
516 1527067
509 1527089
504 1527091
507 1527109
506 1527111
510 1527116
512 1527127
504 1527147
506 1527158
507 1527179
509 1527182
505 1527187
506 1527209
506 1527211
510 1527216
508 1527226
507 1527237
508 1527247
512 1527257
508 1527279
508 1527283
505 1527312
508 1527314
507 1527317
509 1527321
509 1527327
510 1527337
510 1527347
507 1527357
507 1527390
506 1527393
513 1527399
510 1527403
505 1527407
507 1527417
508 1527427
504 1527436
508 1527446
507 1527457
512 1527479
512 1527483
510 1527487
507 1527497
506 1527507
506 1527517
504 1527527
507 1527538
510 1527560
513 1527563
515 1527567
507 1527589
513 1527593
499 1527597
510 1527607
511 1527617
507 1527640
508 1527643
503 1527659
508 1527663
506 1527666
508 1527676
506 1527687
508 1527696
509 1527707
511 1527716
508 1527727
507 1527763
508 1527767
507 1527769
507 1527769
508 1527790
508 1527793
505 1527809
512 1527811
511 1527817
507 1527827
505 1527837
508 1527847
507 1527857
509 1527877
507 1527887
510 1527897
508 1527907
509 1527958
508 1527981
507 1527983
508 1527986
506 1527989
506 1527989
507 1527989
509 1527991
508 1527996
508 1528032
508 1528035
506 1528035
507 1528049
507 1528054
507 1528057
508 1528067
508 1528077
505 1528087
511 1528097
506 1528107
506 1528129
508 1528131
506 1528137
507 1528173
507 1528177
508 1528179
509 1528179
510 1528187
506 1528197
507 1528207
508 1528230
507 1528233
506 1528237
508 1528247
505 1528257
507 1528279
505 1528283
509 1528299
509 1528301
508 1528307
509 1528317
507 1528327
507 1528337
509 1528346
510 1528357
509 1528367
509 1528377
506 1528387
508 1528397
508 1528420
508 1528423
509 1528440
508 1528442
509 1528447
508 1528457
510 1528467
508 1528490
508 1528506
509 1528506
512 1528520
507 1528523
507 1528527
507 1528537
510 1528547
508 1528556
507 1528566
507 1528612
509 1528617
508 1528621
507 1528622
511 1528627
508 1528637
510 1528660
509 1528663
509 1528667
506 1528703
507 1528707
507 1528709
508 1528709
508 1528717
509 1528727
509 1528738
506 1528760
510 1528762
504 1528767
506 1528802
511 1528804
509 1528808
509 1528812
506 1528817
509 1528827
507 1528837
504 1528847
503 1528870
506 1528873
507 1528877
513 1528887
508 1528897
513 1528907
514 1528917
512 1528927
505 1528937
510 1528947
508 1528969
508 1528972
509 1528977
509 1528987
510 1528997
511 1529007
507 1529017
509 1529083
507 1529087
506 1529089
506 1529089
509 1529091
507 1529091
509 1529094
505 1529097
509 1529107
508 1529143
507 1529147
505 1529149
507 1529149
509 1529169
507 1529171
507 1529177
509 1529187
509 1529196
508 1529207
507 1529216
511 1529227
508 1529237
505 1529247
507 1529257
507 1529267
506 1529277
508 1529287
504 1529296
509 1529307
508 1529339
496 1529341
503 1529346
507 1529357
513 1529367
505 1529376
506 1529400
509 1529403
506 1529461
506 1529463
507 1529463
506 1529467
503 1529469
516 1529469
505 1529471
507 1529519
510 1529521
512 1529521
504 1529532
509 1529532
502 1529532
504 1529537
501 1529547
512 1529557
508 1529566
501 1529576
543 1529586
508 1529597
503 1529607
497 1529617
511 1529627
504 1529637
515 1529647
504 1529657
511 1529666
506 1529677
519 1529687
509 1529697
509 1529707
506 1529717
510 1529727
506 1529737
496 1529747
507 1529757
510 1529766
509 1529776
505 1529799
511 1529801
509 1529807
512 1529817
502 1529826
510 1529837
509 1529846
510 1529883
507 1529885
507 1529888
511 1529913
510 1529917
508 1529919
507 1529919
511 1529927
496 1529937
507 1529947
509 1529957
510 1529967
506 1529976
508 1529987
509 1530009
508 1530012
506 1530016
507 1530027
507 1530037
506 1530047
507 1530057
505 1530079
508 1530081
508 1530096
508 1530106
508 1530116
509 1530127
506 1530150
505 1530152
513 1530169
509 1530172
508 1530177
507 1530187
506 1530197
508 1530207
509 1530217
509 1530240
508 1530243
509 1530247
507 1530257
507 1530267
508 1530277
505 1530287
508 1530310
507 1530312
507 1530317
509 1530327
498 1530367
501 1530388
502 1530390
507 1530391
509 1530393
509 1530393
507 1530397
508 1530407
510 1530417
508 1530427
506 1530437
506 1530447
508 1530457
506 1530467
509 1530477
508 1530500
503 1530502
506 1530507
507 1530517
506 1530527
510 1530537
507 1530548
509 1530557
506 1530567
507 1530577
506 1530587
511 1530597
518 1530619
512 1530623
510 1530627
503 1530637
514 1530647
504 1530657
515 1530667
512 1530677
504 1530687
504 1530697
499 1530707
506 1530717
512 1530727
509 1530737
510 1530747
507 1530757
503 1530767
513 1530777
500 1530787
507 1530797
504 1530807
509 1530817
497 1530827
499 1530847
500 1530857
520 1530867
499 1530889
527 1530891
512 1530922
512 1530924
496 1530927
508 1530929
520 1530937
501 1530959
508 1530962
513 1530977
506 1531002
503 1531004
503 1531006
506 1531019
505 1531022
508 1531027
507 1531037
509 1531047
509 1531057
508 1531093
505 1531097
507 1531099
505 1531099
504 1531120
513 1531123
513 1531127
510 1531137
504 1531147
510 1531157
508 1531193
511 1531197
507 1531199
508 1531199
510 1531207
506 1531217
507 1531227
514 1531237
504 1531259
512 1531261
508 1531277
504 1531289
510 1531293
513 1531297
509 1531307
513 1531317
512 1531327
511 1531337
510 1531347
505 1531357
516 1531380
507 1531382
503 1531387
508 1531397
507 1531420
518 1531422
506 1531427
509 1531463
510 1531467
508 1531469
505 1531469
508 1531482
512 1531497
518 1531507
521 1531530
508 1531533
504 1531537
509 1531547
534 1531570
490 1531572
511 1531588
503 1531608
500 1531638
501 1531640
516 1531640
503 1531642
502 1531660
506 1531664
507 1531668
506 1532006
510 1532007
512 1532009
511 1532009
508 1532009
509 1532011
510 1532011
510 1532013
505 1532013
509 1532015
506 1532017
506 1532017
508 1532019
510 1532038
507 1532038
510 1532054
509 1532067
511 1532077
515 1532078
510 1532078
514 1532078
507 1532079
505 1532081
503 1532081
517 1532158
506 1532160
506 1532160
507 1532162
508 1532162
508 1532164
508 1532164
512 1532167
509 1532219
508 1532221
510 1532222
505 1532222
508 1532226
506 1532238
507 1532249
508 1532253
504 1532257
520 1532279
511 1532281
504 1532286
507 1532310
509 1532312
506 1532317
510 1532327
509 1532349
500 1532351
511 1532357
509 1532406
504 1532408
510 1532408
508 1532410
507 1532419
509 1532421
507 1532426
511 1532450
507 1532453
508 1532483
510 1532485
510 1532487
509 1532499
512 1532501
507 1532519
506 1532523
503 1532527
503 1532549
508 1532551
512 1532557
510 1532579
508 1532583
507 1532587
510 1532609
507 1532614
508 1532617
505 1532653
508 1532657
509 1532659
507 1532659
509 1532692
506 1532696
506 1532699
505 1532699
509 1532733
507 1532735
509 1532737
506 1532750
507 1532752
507 1532770
506 1532772
509 1532777
510 1532787
503 1532797
504 1532807
512 1532817
511 1532827
506 1532858
506 1532868
509 1532880
509 1532883
505 1532887
509 1532897
505 1532932
509 1532934
510 1532936
508 1532949
508 1532953
508 1532970
509 1532972
507 1532989
508 1532991
517 1533070
508 1533072
514 1533078
508 1533106
508 1533109
510 1533109
508 1533110
509 1533184
507 1533186
510 1533188
507 1533188
506 1533190
502 1533190
511 1533192
508 1533193
507 1533196
522 1533196
508 1533218
506 1533268
507 1533269
507 1533298
507 1533340
507 1533342
507 1533346
508 1533348
509 1533348
508 1533350
507 1533351
506 1533354
510 1533389
508 1533391
506 1533392
508 1533395
509 1533397
504 1533418
506 1533420
514 1533420
505 1533422
501 1533425
507 1533428
503 1533430
501 1533430
511 1533432
512 1533439
510 1533441
511 1533530
502 1533532
507 1533556
507 1533558
506 1533558
508 1533558
508 1533560
506 1533560
507 1533560
506 1533648
509 1533650
508 1533651
508 1533652
509 1533652
509 1533654
507 1533656
509 1533657
507 1533728
507 1533747
507 1533747
512 1533749
513 1533750
510 1533750
503 1533807
510 1533863
497 1533865
507 1533867
503 1533867
514 1533869
502 1533869
502 1533871
503 1533871
504 1533871
505 1533871
503 1533922
509 1533922
505 1533924
503 1533926
517 1533926
499 1533928
511 1533928
509 1533929
522 1533929
520 1533950
490 1533952
511 1533952
501 1533954
515 1533963
511 1533967
512 1533969
508 1533969
509 1533971
509 1534002
507 1534004
509 1534007
507 1534009
510 1534093
507 1534149
509 1534149
506 1534149
509 1534149
506 1534149
508 1534150
512 1534160
496 1534160
503 1534160
520 1534160
539 1534162
502 1534163
493 1534167
513 1534171
514 1534189
510 1534191
507 1534222
500 1534224
511 1534227
511 1534229
510 1534262
506 1534264
508 1534267
508 1534271
505 1534277
507 1534287
507 1534297
508 1534307
511 1534317
510 1534353
505 1534357
508 1534358
506 1534359
504 1534367
510 1534377
509 1534387
504 1534397
508 1534420
507 1534422
509 1534427
503 1534437
506 1534447
508 1534457
511 1534467
503 1534477
505 1534487
508 1534497
508 1534507
505 1534516
507 1534527
507 1534537
509 1534547
508 1534557
508 1534567
505 1534577
511 1534587
510 1534608
511 1534619
508 1534623
507 1534627
506 1534636
507 1534647
506 1534657
507 1534738
508 1534740
510 1534740
509 1534742
510 1534742
507 1534745
514 1534747
507 1534749
510 1534749
504 1534757
498 1534779
511 1534783
513 1534787
506 1534797
505 1534807
503 1534817
510 1534827
510 1534837
507 1534847
511 1534857
509 1534867
508 1534902
506 1534905
504 1534908
507 1534910
506 1534917
510 1534927
507 1534937
503 1534947
507 1534957
491 1534967
514 1534989
503 1534993
508 1534997
507 1535006
508 1535016
509 1535027
507 1535037
508 1535047
510 1535057
507 1535092
508 1535094
509 1535097
507 1535101
510 1535106
506 1535116
510 1535127
511 1535137
511 1535172
505 1535174
507 1535177
514 1535181
507 1535186
502 1535196
507 1535206
510 1535216
509 1535226
508 1535248
508 1535281
510 1535283
508 1535286
509 1535299
508 1535302
507 1535307
507 1535316
507 1535339
506 1535342
510 1535361
508 1535363
507 1535378
509 1535383
508 1535387
507 1535397
508 1535407
508 1535429
509 1535431
509 1535437
506 1535459
513 1535463
515 1535467
502 1535477
508 1535487
510 1535509
506 1535513
506 1535517
509 1535527
509 1535537
507 1535559
504 1535563
508 1535567
508 1535576
506 1535599
507 1535601
506 1535607
509 1535616
506 1535627
506 1535637
507 1535647
509 1535669
508 1535673
509 1535689
508 1535691
508 1535748
509 1535750
508 1535750
506 1535752
505 1535752
508 1535773
508 1535777
509 1535779
507 1535779
508 1535808
509 1535851
510 1535853
507 1535855
507 1535855
508 1535858
508 1535858
509 1535867
508 1535913
508 1535915
509 1535918
509 1535951
509 1535953
507 1535956
505 1535956
510 1535956
506 1535960
508 1535968
507 1535979
506 1535982
509 1536023
507 1536025
506 1536027
508 1536039
507 1536042
508 1536058
507 1536069
508 1536072
507 1536118
510 1536120
510 1536128
506 1536131
506 1536131
506 1536178
507 1536234
507 1536238
508 1536239
506 1536240
507 1536242
506 1536242
505 1536244
509 1536246
508 1536246
506 1536248
507 1536248
508 1536270
507 1536274
504 1536292
504 1536294
503 1536297
513 1536299
525 1536307
509 1536317
499 1536327
508 1536337
493 1536358
506 1536369
503 1536371
518 1536377
508 1536386
506 1536396
502 1536407
507 1536417
504 1536427
510 1536437
508 1536459
512 1536461
507 1536479
505 1536481
508 1536487
510 1536497
508 1536507
508 1536529
511 1536534
508 1536537
511 1536547
507 1536569
510 1536581
501 1536581
509 1536587
511 1536597
511 1536607
508 1536617
512 1536637
511 1536649
506 1536651
507 1536657
508 1536667
509 1536677
506 1536686
508 1536697
510 1536707
510 1536739
508 1536741
509 1536747
511 1536757
508 1536767
507 1536789
512 1536791
513 1536797
510 1536807
502 1536842
509 1536845
507 1536847
511 1536851
501 1536857
510 1536867
510 1536877
509 1536887
507 1536909
508 1536913
509 1536917
509 1536939
505 1536943
505 1536947
508 1536968
507 1536979
507 1536981
509 1536987
508 1536997
508 1537007
511 1537017
505 1537052
506 1537056
510 1537058
510 1537060
511 1537066
508 1537077
509 1537099
511 1537103
508 1537107
506 1537116
504 1537127
505 1537137
507 1537147
511 1537169
510 1537171
508 1537180
507 1537186
508 1537209
502 1537211
503 1537217
508 1537227
509 1537237
509 1537247
508 1537257
507 1537290
507 1537292
510 1537300
507 1537301
506 1537307
509 1537316
510 1537327
506 1537337
506 1537346
505 1537379
511 1537383
508 1537389
505 1537392
511 1537396
504 1537407
512 1537417
513 1537427
506 1537437
509 1537446
507 1537469
510 1537472
509 1537489
507 1537492
509 1537497
511 1537507
509 1537517
511 1537537
510 1537547
508 1537557
510 1537566
510 1537576
508 1537586
507 1537596
507 1537607
505 1537617
509 1537626
511 1537637
509 1537647
510 1537669
509 1537673
509 1537677
505 1537700
505 1537703
508 1537707
509 1537716
507 1537739
503 1537741
507 1537759
507 1537763
508 1537766
504 1537776
510 1537786
506 1537796
509 1537806
510 1537817
509 1537839
500 1537843
516 1537847
507 1537856
503 1537867
505 1537877
508 1537887
507 1537896
508 1537929
508 1537934
510 1537951
510 1537954
506 1537957
505 1537961
509 1537966
509 1537976
505 1537999
504 1538001
507 1538007
506 1538017
513 1538026
513 1538037
509 1538047
506 1538082
512 1538086
509 1538088
510 1538088
519 1538109
515 1538112
508 1538116
498 1538127
507 1538137
521 1538147
525 1538156
503 1538179
485 1538182
538 1538186
499 1538199
515 1538207
515 1538217
520 1538239
508 1538241
517 1538247
508 1538256
517 1538290
514 1538293
512 1538307
501 1538319
514 1538322
508 1538327
515 1538337
508 1538346
507 1538357
512 1538390
496 1538392
482 1538428
493 1538431
503 1538431
492 1538431
523 1538433
518 1538436
521 1538446
516 1538469
512 1538473
503 1538477
507 1538487
512 1538497
510 1538506
508 1538516
502 1538527
504 1538536
505 1538547
517 1538556
534 1538579
494 1538582
509 1538586
517 1538596
508 1538607
509 1538617
508 1538627
511 1538657
505 1538677
504 1538698
522 1538701
507 1538701
489 1538702
467 1538710
505 1538712
509 1538717
503 1538727
509 1538749
491 1538751
532 1538757
515 1538767
517 1538777
510 1538787
509 1538797
522 1538807
518 1538817
507 1538827
483 1538836
511 1538872
506 1538873
508 1538877
504 1538880
510 1538887
507 1538897
505 1538907
506 1538916
507 1538926
510 1538936
498 1538946
497 1538956
509 1538966
519 1538986
517 1538999
514 1539004
504 1539016
502 1539026
508 1539063
512 1539065
509 1539068
506 1539079
506 1539082
509 1539086
509 1539097
514 1539132
510 1539134
509 1539136
508 1539162
505 1539166
514 1539168
506 1539168
504 1539176
507 1539187
508 1539196
506 1539207
511 1539229
508 1539232
507 1539247
511 1539259
504 1539262
508 1539267
510 1539289
513 1539292
507 1539296
525 1539307
513 1539317
527 1539340
519 1539342
514 1539347
507 1539356
521 1539366
509 1539389
511 1539392
511 1539396
505 1539419
502 1539422
512 1539426
509 1539437
508 1539447
503 1539457
503 1539466
506 1539476
507 1539499
509 1539504
509 1539532
504 1539534
496 1539537
514 1539541
521 1539547
508 1539556
510 1539579
514 1539582
504 1539597
503 1539609
506 1539612
511 1539629
505 1539632
498 1539637
508 1539647
501 1539657
506 1539667
501 1539689
509 1539691
510 1539696
510 1539707
509 1539717
503 1539737
501 1539747
508 1539757
513 1539767
517 1539789
500 1539793
511 1539796
508 1539806
511 1539816
507 1539826
507 1539837
511 1539846
510 1539856
513 1539891
504 1539893
507 1539899
506 1539902
503 1539906
512 1539916
514 1539926
504 1539936
506 1539946
500 1539957
511 1539967
505 1539977
503 1539987
509 1539996
514 1540006
502 1540016
500 1540026
522 1540062
515 1540064
502 1540073
520 1540093
511 1540096
505 1540099
504 1540099
523 1540107
523 1540128
518 1540139
514 1540142
505 1540160
512 1540162
508 1540167
507 1540177
506 1540186
514 1540197
507 1540207
504 1540216
513 1540227
510 1540236
517 1540246
510 1540269
507 1540272
508 1540276
505 1540286
508 1540296
508 1540306
506 1540317
503 1540338
510 1540349
515 1540353
506 1540357
497 1540367
511 1540377
508 1540387
502 1540396
508 1540448
510 1540451
512 1540451
517 1540451
505 1540453
509 1540456
502 1540466
508 1540499
509 1540501
518 1540507
509 1540529
510 1540532
521 1540536
514 1540547
502 1540557
507 1540567
502 1540577
499 1540599
532 1540601
509 1540619
511 1540623
469 1540627
496 1540637
500 1540647
515 1540657
489 1540679
506 1540684
497 1540687
488 1540697
497 1540706
500 1540717
501 1540726
506 1540736
505 1540747
508 1540756
509 1540779
510 1540781
510 1540813
502 1540816
515 1540818
508 1540818
488 1540827
502 1540837
504 1540847
503 1540857
515 1540879
511 1540881
503 1540886
503 1540922
506 1540926
514 1540929
516 1540929
513 1540937
524 1540946
511 1540957
496 1540966
494 1540981
523 1540986
533 1540996
513 1541006
493 1541016
501 1541026
515 1541037
503 1541047
503 1541068
520 1541072
502 1541076
508 1541086
506 1541096
504 1541106
508 1541117
503 1541127
505 1541137
508 1541147
509 1541157
507 1541167
508 1541189
506 1541191
506 1541196
507 1541206
512 1541216
508 1541226
511 1541236
508 1541256
505 1541266
506 1541277
505 1541287
511 1541297
506 1541307
504 1541317
504 1541339
506 1541341
509 1541347
507 1541383
507 1541387
511 1541389
507 1541389
507 1541396
509 1541407
509 1541417
506 1541427
509 1541436
508 1541447
506 1541456
510 1541466
505 1541476
507 1541487
508 1541496
508 1541506
508 1541517
506 1541569
508 1541571
510 1541571
508 1541571
510 1541575
508 1541589
509 1541591
506 1541597
509 1541619
506 1541623
511 1541653
505 1541656
505 1541658
507 1541658
501 1541680
507 1541683
507 1541687
508 1541696
515 1541707
502 1541729
511 1541732
506 1541749
508 1541751
511 1541756
509 1541766
507 1541776
496 1541786
508 1541796
519 1541806
491 1541817
527 1541827
500 1541837
510 1541847
510 1541857
477 1541867
509 1541876
529 1541886
494 1541896
501 1541907
543 1541916
516 1541927
492 1541937
491 1541947
501 1541957
504 1541967
519 1541987
514 1541997
512 1542007
503 1542017
513 1542027
490 1542037
500 1542047
501 1542057
508 1542067
503 1542077
509 1542099
508 1542102
515 1542106
513 1542116
516 1542127
505 1542137
517 1542147
508 1542157
498 1542193
508 1542196
520 1542199
495 1542199
514 1542207
511 1542216
505 1542227
510 1542237
517 1542247
509 1542257
507 1542267
501 1542289
506 1542291
503 1542296
496 1542306
514 1542316
501 1542327
500 1542337
506 1542347
514 1542357
511 1542379
512 1542381
506 1542387
507 1542397
509 1542407
506 1542416
519 1542426
501 1542462
520 1542466
499 1542468
494 1542468
472 1542476
499 1542487
536 1542496
529 1542506
488 1542516
511 1542526
500 1542547
499 1542559
500 1542563
497 1542566
502 1542576
500 1542587
498 1542596
493 1542606
506 1542616
533 1542627
518 1542649
522 1542651
513 1542657
517 1542667
515 1542677
517 1542687
504 1542697
509 1542707
497 1542726
508 1542736
509 1542747
492 1542756
533 1542779
506 1542782
506 1542786
486 1542796
514 1542819
501 1542821
503 1542826
514 1542837
511 1542847
506 1542857
515 1542866
509 1542876
506 1542886
517 1542896
503 1542906
511 1542917
505 1542927
505 1542937
506 1542947
508 1542957
507 1542967
511 1542977
506 1542986
508 1542997
508 1543019
510 1543022
502 1543026
508 1543036
510 1543046
514 1543069
506 1543073
509 1543079
514 1543086
509 1543096
502 1543107
536 1543117
495 1543127
505 1543137
492 1543147
541 1543157
490 1543167
504 1543177
516 1543187
507 1543196
486 1543206
508 1543216
509 1543226
493 1543236
472 1543246
505 1543256
516 1543266
486 1543276
506 1543312
492 1543314
479 1543317
508 1543321
518 1543327
489 1543336
501 1543347
511 1543377
503 1543391
496 1543394
518 1543397
483 1543399
516 1543406
518 1543416
511 1543426
503 1543436
510 1543456
496 1543469
523 1543473
503 1543499
502 1543501
513 1543507
512 1543517
499 1543526
505 1543536
500 1543546
500 1543557
501 1543566
494 1543576
502 1543587
487 1543596
503 1543606
519 1543616
489 1543627
501 1543636
509 1543647
514 1543657
511 1543666
517 1543676
510 1543686
520 1543696
526 1543706
501 1543716
479 1543726
502 1543736
506 1543759
514 1543761
509 1543766
504 1543777
506 1543799
505 1543803
512 1543807
528 1543817
507 1543839
506 1543841
485 1543877
491 1543898
515 1543900
515 1543900
516 1543902
495 1543902
504 1543907
510 1543917
522 1543953
511 1543955
496 1543957
500 1543969
514 1543971
506 1543978
513 1543986
517 1544009
505 1544011
511 1544017
497 1544052
508 1544054
510 1544057
510 1544060
516 1544067
503 1544077
514 1544087
508 1544097
495 1544106
516 1544116
505 1544139
499 1544142
515 1544146
518 1544156
512 1544179
519 1544181
504 1544199
515 1544203
509 1544229
506 1544231
510 1544249
505 1544251
505 1544257
511 1544267
511 1544277
514 1544287
513 1544310
505 1544313
505 1544317
518 1544326
500 1544336
511 1544361
525 1544363
502 1544447
507 1544517
514 1544566
519 1544568
502 1544569
524 1544570
552 1544570
467 1544572
520 1544573
512 1544574
504 1544576
529 1544576
535 1544578
488 1544578
504 1544580
496 1544580
509 1544618
533 1544620
518 1544621
511 1544622
496 1544623
519 1544623
513 1544627
508 1544662
512 1544664
507 1544667
505 1544679
508 1544681
506 1544686
507 1544696
509 1544706
503 1544716
515 1544726
497 1544736
506 1544747
506 1544756
507 1544766
519 1544778
526 1544786
528 1544796
506 1544806
506 1544817
495 1544827
507 1544837
502 1544846
514 1544856
503 1544892
506 1544895
508 1544897
504 1544899
517 1544906
517 1544917
508 1544927
514 1544960
498 1544964
519 1544979
499 1544982
501 1544986
505 1544997
505 1545006
514 1545016
508 1545026
512 1545036
517 1545046
500 1545069
511 1545072
513 1545076
510 1545086
507 1545096
505 1545106
507 1545116
514 1545150
513 1545153
502 1545159
502 1545162
507 1545166
518 1545176
499 1545186
502 1545196
508 1545205
511 1545217
509 1545226
507 1545249
507 1545251
506 1545256
513 1545266
517 1545276
500 1545286
501 1545296
510 1545306
511 1545329
520 1545332
486 1545349
487 1545365
512 1545365
508 1545367
518 1545376
492 1545386
498 1545396
497 1545406
508 1545416
511 1545439
499 1545442
505 1545446
501 1545456
513 1545479
506 1545482
512 1545486
493 1545497
491 1545506
495 1545516
510 1545526
524 1545536
509 1545546
519 1545556
501 1545567
495 1545577
509 1545587
501 1545597
511 1545607
498 1545629
520 1545631
472 1545637
505 1545646
497 1545656
508 1545666
497 1545689
490 1545692
510 1545706
515 1545716
509 1545726
511 1545736
509 1545759
506 1545763
503 1545766
505 1545789
509 1545792
508 1545796
507 1545806
505 1545816
505 1545826
511 1545836
500 1545846
511 1545856
509 1545866
504 1545888
510 1545890
498 1545897
500 1545906
511 1545916
507 1545926
495 1545936
510 1545946
505 1545956
506 1545967
507 1545977
513 1545986
499 1545997
502 1546007
517 1546017
499 1546027
530 1546036
523 1546046
515 1546056
503 1546091
517 1546096
528 1546098
513 1546098
513 1546106
506 1546116
507 1546139
495 1546145
522 1546159
514 1546163
506 1546166
519 1546188
506 1546191
500 1546196
503 1546207
503 1546216
507 1546226
512 1546237
509 1546247
507 1546257
510 1546267
508 1546289
508 1546291
508 1546297
508 1546306
505 1546317
505 1546326
509 1546363
506 1546369
512 1546372
498 1546372
516 1546377
509 1546386
513 1546396
507 1546406
508 1546429
511 1546433
505 1546447
509 1546457
503 1546466
505 1546476
521 1546499
513 1546501
501 1546506
486 1546516
437 1546526
568 1546536
499 1546572
516 1546589
467 1546589
527 1546590
517 1546590
502 1546596
510 1546646
519 1546648
502 1546648
504 1546650
558 1546710
524 1546714
512 1546786
511 1546788
493 1546788
499 1546790
494 1546790
512 1546791
503 1546794
497 1546804
492 1546806
527 1546806
494 1546806
513 1546852
490 1546854
517 1546856
499 1546856
516 1546858
522 1546858
502 1546876
512 1546878
497 1546878
519 1546880
499 1546897
544 1546907
517 1546938
569 1546940
481 1546940
500 1546942
517 1546942
536 1546946
494 1546957
537 1546966
500 1546976
515 1546999
508 1547001
496 1547017
508 1547026
499 1547036
519 1547047
506 1547056
505 1547079
503 1547081
502 1547086
494 1547096
498 1547107
521 1547117
508 1547127
509 1547137
503 1547146
516 1547156
522 1547166
512 1547188
511 1547199
500 1547202
510 1547207
514 1547217
509 1547226
508 1547236
510 1547259
507 1547261
511 1547308
503 1547310
510 1547310
503 1547312
509 1547313
510 1547317
505 1547327
512 1547337
506 1547346
507 1547357
510 1547369
509 1547377
508 1547399
509 1547403
510 1547407
509 1547417
508 1547427
505 1547437
505 1547447
508 1547456
508 1547479
511 1547483
513 1547487
509 1547497
513 1547507
509 1547517
505 1547527
507 1547537
509 1547559
507 1547561
509 1547567
508 1547577
508 1547587
509 1547597
507 1547607
507 1547630
508 1547633
508 1547637
507 1547657
508 1547669
510 1547671
507 1547677
507 1547687
509 1547697
507 1547707
506 1547717
509 1547737
504 1547749
507 1547753
509 1547756
507 1547779
525 1547781
518 1547786
515 1547796
506 1547807
509 1547817
508 1547826
509 1547836
510 1547846
505 1547856
512 1547868
510 1547876
508 1547886
508 1547896
510 1547906
511 1547916
509 1547937
510 1547955
509 1547957
512 1547967
509 1547976
507 1548012
509 1548016
507 1548018
508 1548018
506 1548026
507 1548036
506 1548046
509 1548056
509 1548079
509 1548081
507 1548119
499 1548123
508 1548132
511 1548136
508 1548139
498 1548139
491 1548147
481 1548157
501 1548166
507 1548176
459 1548199
514 1548201
469 1548206
501 1548229
489 1548233
477 1548236
567 1548246
473 1548282
594 1548285
559 1548285
479 1548299
472 1548301
488 1548306
441 1548316
515 1548326
527 1548348
509 1548350
523 1548380
491 1548385
506 1548409
498 1548413
504 1548422
500 1548426
503 1548428
510 1548428
503 1548446
506 1548478
505 1548486
510 1548530
508 1548533
507 1548533
508 1548536
509 1548536
504 1548536
509 1548547
510 1548589
507 1548592
503 1548630
506 1548632
507 1548632
513 1548634
510 1548636
512 1548653
508 1548655
509 1548658
507 1548693
501 1548699
507 1548701
502 1548701
508 1548701
507 1548703
490 1548719
520 1548722
503 1548738
511 1548776
473 1548778
498 1548778
570 1548780
511 1548789
520 1548791
510 1548796
478 1548818
512 1548822
534 1548839
456 1548843
495 1548848
557 1548869
500 1548873
549 1548876
537 1548887
470 1548922
496 1548925
507 1548925
488 1548951
530 1548954
494 1548956
509 1548958
506 1548966
513 1548976
525 1548986
515 1548997
535 1549019
529 1549022
499 1549051
507 1549053
497 1549057
499 1549060
504 1549079
496 1549083
503 1549086
509 1549096
501 1549119
508 1549123
504 1549126
508 1549149
508 1549151
503 1549156
509 1549166
512 1549176
504 1549186
505 1549196
508 1549231
507 1549234
509 1549238
506 1549249
508 1549251
508 1549268
518 1549270
501 1549276
498 1549286
538 1549309
507 1549311
519 1549316
533 1549326
513 1549336
502 1549347
519 1549357
510 1549376
508 1549402
515 1549403
509 1549405
507 1549417
503 1549426
507 1549436
509 1549446
506 1549469
509 1549471
505 1549476
505 1549486
507 1549496
505 1549506
506 1549516
514 1549526
504 1549536
509 1549547
509 1549556
509 1549579
506 1549581
509 1549587
508 1549597
500 1549606
506 1549616
505 1549626
513 1549636
507 1549646
513 1549656
506 1549690
510 1549694
509 1549699
506 1549702
505 1549706
510 1549716
516 1549726
533 1549761
484 1549763
492 1549765
517 1549792
492 1549796
492 1549798
527 1549801
517 1549806
509 1549816
523 1549826
482 1549849
514 1549853
444 1549856
505 1549877
534 1549889
491 1549894
559 1549896
448 1549907
497 1549916
458 1549926
517 1549936
492 1549971
491 1549973
521 1549977
509 1549981
511 1549987
508 1549997
503 1550007
505 1550017
503 1550026
507 1550036
510 1550046
512 1550056
509 1550066
508 1550076
504 1550086
505 1550096
510 1550106
509 1550126
504 1550139
506 1550141
506 1550156
507 1550166
508 1550176
496 1550186
498 1550196
503 1550206
511 1550216
504 1550226
483 1550261
510 1550263
513 1550267
534 1550270
535 1550276
519 1550286
520 1550297
511 1550306
519 1550327
505 1550338
493 1550342
495 1550360
500 1550381
504 1550381
500 1550381
517 1550387
501 1550396
511 1550407
505 1550416
518 1550427
505 1550436
509 1550447
515 1550456
510 1550466
507 1550476
510 1550486
507 1550496
504 1550506
512 1550516
507 1550526
510 1550536
509 1550546
510 1550569
505 1550573
512 1550576
507 1550598
508 1550602
507 1550606
510 1550628
509 1550632
509 1550636
510 1550646
507 1550656
508 1550666
509 1550676
511 1550686
506 1550696
505 1550706
508 1550716
505 1550726
501 1550736
514 1550746
515 1550756
495 1550766
511 1550788
509 1550793
510 1550796
522 1550806
522 1550816
487 1550826
503 1550836
485 1550846
505 1550856
507 1550866
505 1550876
511 1550896
505 1550906
504 1550916
490 1550926
528 1550936
500 1550946
519 1551010
505 1551012
476 1551012
490 1551016
508 1551018
531 1551018
505 1551020
525 1551026
523 1551036
512 1551046
511 1551059
507 1551066
506 1551076
503 1551087
508 1551096
505 1551106
507 1551116
510 1551138
509 1551143
509 1551146
510 1551169
508 1551172
508 1551176
508 1551186
507 1551196
509 1551206
509 1551216
509 1551239
509 1551241
507 1551258
508 1551260
509 1551265
515 1551276
500 1551286
514 1551296
509 1551306
505 1551316
507 1551338
506 1551342
508 1551372
507 1551376
500 1551379
508 1551380
512 1551396
496 1551406
503 1551419
506 1551422
502 1551426
511 1551436
508 1551446
508 1551456
506 1551466
506 1551476
506 1551486
508 1551496
508 1551506
505 1551541
510 1551544
508 1551547
506 1551550
507 1551556
505 1551579
506 1551582
510 1551586
508 1551609
507 1551612
508 1551639
509 1551641
506 1551646
506 1551656
509 1551666
510 1551676
510 1551699
510 1551702
513 1551706
506 1551716
505 1551726
510 1551736
501 1551746
500 1551756
506 1551765
549 1551776
489 1551812
486 1551816
518 1551819
490 1551819
534 1551826
527 1551836
530 1551846
569 1551869
515 1551872
506 1551876
518 1551886
498 1551896
511 1551906
502 1551916
503 1551926
510 1551936
509 1551947
499 1551956
505 1551966
504 1551976
498 1551986
504 1551996
499 1552006
513 1552016
506 1552026
509 1552048
509 1552052
506 1552095
501 1552098
509 1552098
506 1552101
509 1552109
510 1552112
505 1552116
510 1552127
507 1552137
507 1552146
509 1552198
508 1552200
509 1552200
508 1552202
509 1552202
511 1552206
505 1552229
513 1552231
508 1552236
505 1552246
513 1552282
510 1552286
506 1552288
518 1552288
507 1552296
535 1552306
507 1552316
516 1552326
503 1552349
502 1552352
515 1552356
496 1552366
510 1552386
489 1552396
501 1552406
508 1552416
515 1552426
504 1552436
509 1552446
511 1552479
501 1552482
512 1552488
508 1552490
506 1552496
511 1552505
510 1552516
506 1552539
511 1552541
505 1552546
509 1552569
506 1552571
507 1552577
503 1552586
508 1552621
510 1552623
507 1552627
507 1552668
513 1552670
506 1552670
510 1552672
503 1552672
504 1552676
508 1552686
509 1552696
513 1552719
510 1552721
502 1552751
497 1552753
516 1552757
507 1552769
510 1552771
522 1552776
516 1552786
536 1552797
500 1552818
511 1552822
494 1552839
512 1552841
502 1552846
500 1552856
515 1552866
527 1552875
512 1552886
515 1552921
511 1552924
501 1552925
509 1552951
495 1552954
506 1552957
508 1552959
511 1552976
511 1552986
508 1553021
510 1553023
510 1553026
506 1553030
507 1553036
510 1553059
507 1553061
509 1553078
507 1553082
509 1553086
506 1553095
507 1553116
508 1553129
507 1553131
509 1553136
508 1553146
506 1553198
506 1553200
510 1553200
506 1553202
507 1553202
507 1553231
508 1553234
507 1553236
509 1553240
508 1553247
508 1553255
510 1553277
509 1553288
510 1553292
506 1553296
507 1553318
508 1553320
509 1553327
509 1553348
509 1553352
511 1553369
510 1553372
508 1553376
508 1553387
510 1553406
507 1553407
509 1553416
508 1553426
509 1553449
509 1553451
509 1553455
509 1553466
508 1553489
508 1553491
508 1553496
508 1553506
511 1553516
507 1553526
507 1553588
508 1553590
506 1553590
506 1553592
510 1553592
508 1553598
511 1553600
511 1553606
508 1553628
509 1553632
512 1553636
510 1553659
508 1553661
512 1553666
510 1553676
501 1553686
506 1553696
506 1553706
507 1553729
508 1553731
506 1553748
504 1553751
510 1553756
505 1553766
513 1553776
510 1553786
508 1553796
513 1553881
512 1553883
509 1553889
507 1553892
502 1553893
512 1553895
503 1553897
502 1553899
496 1553899
515 1553932
519 1553934
503 1553937
514 1553978
511 1553980
516 1553981
508 1553981
505 1553983
500 1553999
508 1554001
508 1554006
511 1554027
507 1554073
506 1554079
504 1554082
506 1554082
506 1554084
510 1554107
508 1554156
507 1554159
508 1554159
507 1554160
505 1554162
509 1554162
506 1554164
507 1554166
509 1554178
508 1554180
509 1554185
503 1554247
511 1554250
503 1554250
515 1554250
498 1554253
521 1554308
501 1554311
511 1554311
517 1554311
492 1554315
506 1554348
518 1554348
500 1554350
494 1554350
507 1554352
496 1554352
506 1554356
504 1554366
522 1554376
499 1554387
496 1554407
512 1554427
503 1554442
513 1554446
500 1554448
515 1554448
497 1554456
520 1554466
508 1554476
517 1554512
527 1554516
509 1554518
505 1554518
510 1554526
509 1554536
509 1554546
512 1554556
499 1554566
527 1554576
515 1554599
495 1554601
505 1554616
507 1554626
451 1554636
578 1554671
563 1554676
489 1554678
456 1554678
452 1554686
482 1554696
566 1554706
490 1554716
495 1554726
534 1554735
507 1554746
521 1554780
504 1554783
510 1554801
515 1554806
505 1554808
493 1554808
500 1554816
513 1554838
510 1554840
488 1554845
483 1554869
489 1554871
504 1554876
510 1554886
508 1554896
510 1554931
511 1554935
511 1554935
510 1554947
508 1554971
501 1554973
507 1554976
507 1554978
509 1554986
511 1554996
509 1555005
506 1555015
515 1555025
505 1555035
497 1555058
506 1555060
549 1555065
504 1555077
498 1555087
465 1555096
513 1555106
506 1555129
498 1555132
499 1555149
515 1555152
467 1555156
490 1555177
528 1555189
512 1555192
474 1555196
528 1555260
517 1555263
518 1555266
509 1555268
504 1555268
519 1555270
506 1555270
510 1555276
507 1555286
506 1555308
508 1555312
511 1555316
507 1555336
506 1555346
508 1555356
505 1555366
508 1555376
509 1555386
509 1555396
509 1555406
505 1555416
510 1555426
508 1555436
508 1555446
508 1555456
506 1555466
508 1555476
508 1555486
509 1555508
508 1555512
505 1555516
508 1555526
508 1555536
509 1555546
507 1555569
509 1555571
509 1555575
513 1555610
509 1555613
509 1555619
506 1555622
512 1555626
507 1555636
508 1555646
508 1555668
508 1555673
508 1555677
508 1555698
506 1555702
505 1555706
506 1555716
506 1555726
509 1555762
505 1555766
508 1555768
509 1555768
511 1555787
508 1555811
506 1555814
505 1555817
506 1555820
507 1555826
506 1555836
509 1555846
502 1555856
506 1555866
508 1555876
507 1555886
505 1555896
506 1555906
508 1555916
507 1555926
505 1555936
509 1555946
508 1555968
505 1555972
506 1555976
507 1555986
507 1556028
508 1556028
508 1556029
509 1556029
508 1556048
507 1556052
506 1556056
506 1556066
505 1556076
508 1556096
508 1556106
509 1556115
508 1556152
511 1556154
509 1556156
509 1556177
509 1556187
506 1556201
508 1556203
510 1556207
511 1556208
509 1556216
508 1556226
510 1556236
508 1556246
507 1556256
507 1556266
507 1556277
508 1556286
507 1556296
508 1556306
507 1556316
509 1556339
509 1556341
503 1556346
512 1556356
510 1556366
501 1556376
494 1556386
506 1556396
505 1556406
506 1556416
510 1556452
509 1556456
506 1556458
505 1556459
511 1556479
507 1556482
509 1556486
506 1556496
509 1556517
509 1556529
507 1556531
505 1556536
506 1556546
506 1556556
505 1556566
509 1556576
506 1556586
509 1556622
512 1556626
508 1556628
506 1556629
510 1556636
511 1556646
509 1556656
515 1556666
510 1556689
510 1556691
510 1556696
509 1556760
510 1556763
507 1556763
511 1556767
506 1556769
509 1556769
507 1556776
508 1556777
510 1556786
508 1556796
507 1556806
508 1556816
510 1556826
507 1556846
507 1556856
513 1556866
510 1556876
495 1556899
508 1556902
501 1556906
497 1556916
514 1556926
514 1556936
529 1556946
518 1556956
501 1556992
504 1556996
512 1556998
508 1556998
509 1557006
511 1557016
505 1557026
507 1557036
507 1557046
508 1557057
507 1557108
507 1557110
508 1557110
506 1557112
504 1557115
505 1557117
509 1557126
504 1557136
504 1557146
504 1557156
510 1557166
506 1557202
508 1557204
505 1557207
508 1557218
506 1557220
512 1557226
505 1557236
508 1557272
506 1557276
505 1557278
509 1557278
509 1557286
505 1557296
507 1557306
512 1557316
502 1557326
504 1557337
511 1557346
511 1557356
506 1557379
500 1557381
519 1557396
515 1557407
506 1557449
509 1557453
525 1557459
502 1557463
513 1557483
507 1557485
506 1557486
507 1557515
510 1557517
506 1557517
510 1557520
500 1557581
519 1557582
508 1557584
521 1557586
529 1557586
491 1557588
501 1557611
525 1557613
510 1557615
503 1557641
504 1557643
501 1557645
521 1557666
495 1557681
500 1557683
498 1557684
501 1557699
510 1557702
517 1557706
504 1557741
517 1557743
518 1557745
502 1557771
509 1557773
502 1557775
507 1557798
515 1557800
506 1557885
546 1557885
508 1557887
505 1557887
501 1557889
507 1557889
514 1557889
508 1557892
510 1557948
507 1557950
511 1557950
508 1557952
506 1557952
508 1557978
512 1557981
510 1557981
507 1557981
507 1557983
502 1558053
507 1558056
512 1558057
510 1558057
503 1558059
517 1558059
509 1558061
511 1558062
507 1558083
506 1558083
513 1558085
507 1558146
508 1558219
515 1558221
508 1558289
510 1558291
506 1558291
507 1558293
508 1558295
507 1558295
509 1558297
509 1558297
506 1558299
509 1558299
509 1558312
506 1558316
507 1558318
506 1558318
507 1558318
508 1558326
509 1558399
507 1558401
508 1558401
508 1558403
509 1558409
509 1558411
508 1558411
509 1558416
507 1558426
509 1558436
506 1558498
507 1558501
510 1558501
508 1558501
510 1558504
508 1558509
511 1558512
508 1558516
508 1558628
507 1558630
508 1558630
510 1558632
509 1558632
510 1558634
506 1558636
509 1558636
509 1558688
507 1558689
508 1558691
508 1558691
509 1558694
509 1558694
508 1558887
506 1558936
505 1558974
507 1558977
510 1558977
508 1558978
506 1558980
509 1558980
510 1558987
508 1559078
510 1559081
509 1559081
508 1559081
507 1559086
510 1559086
508 1559086
506 1559087
505 1559106
510 1559106
513 1559109
507 1559109
504 1559109
508 1559111
511 1559112
504 1559112
509 1559114
505 1559116
506 1559117
509 1559119
510 1559119
507 1559150
508 1559174
508 1559175
507 1559175
509 1559175
507 1559175
506 1559176
505 1559176
508 1559201
508 1559201
510 1559221
511 1559223
508 1559226
505 1559251
507 1559253
506 1559260
508 1559261
508 1559269
507 1559330
507 1559332
508 1559334
509 1559337
507 1559339
507 1559342
508 1559345
506 1559347
510 1559380
511 1559384
507 1559418
510 1559419
511 1559420
500 1559421
512 1559421
508 1559426
514 1559436
507 1559446
507 1559456
504 1559466
509 1559476
509 1559486
513 1559509
505 1559510
508 1559516
513 1559526
504 1559536
518 1559572
505 1559576
509 1559578
516 1559578
503 1559586
508 1559596
510 1559606
507 1559616
507 1559626
508 1559636
507 1559646
513 1559669
504 1559671
507 1559676
508 1559686
505 1559696
517 1559706
512 1559716
501 1559738
509 1559741
530 1559758
502 1559770
491 1559770
502 1559776
513 1559796
503 1559806
506 1559816
512 1559826
507 1559836
507 1559846
506 1559881
512 1559883
496 1559887
517 1559890
504 1559896
510 1559906
502 1559916
507 1559926
505 1559949
486 1559951
504 1559956
501 1559966
498 1559976
508 1559986
518 1559996
504 1560006
505 1560016
504 1560036
509 1560049
512 1560058
508 1560059
511 1560066
509 1560076
509 1560086
502 1560096
500 1560106
507 1560116
516 1560138
511 1560141
510 1560146
496 1560156
510 1560166
517 1560176
509 1560186
512 1560229
506 1560233
502 1560255
508 1560257
510 1560257
512 1560259
501 1560268
506 1560270
504 1560276
511 1560297
508 1560321
507 1560325
506 1560327
512 1560327
497 1560336
502 1560346
505 1560356
508 1560366
508 1560376
504 1560386
509 1560408
489 1560410
515 1560416
513 1560426
502 1560436
503 1560459
510 1560462
505 1560466
510 1560476
514 1560512
512 1560516
514 1560518
509 1560518
506 1560526
508 1560546
507 1560556
503 1560579
512 1560582
509 1560586
512 1560596
507 1560605
511 1560615
508 1560639
505 1560641
508 1560646
508 1560656
507 1560666
508 1560676
509 1560686
511 1560696
508 1560706
506 1560716
506 1560726
511 1560736
507 1560746
508 1560756
508 1560766
509 1560802
511 1560806
509 1560808
506 1560808
508 1560816
509 1560826
512 1560836
504 1560846
508 1560882
507 1560886
504 1560889
510 1560889
508 1560896
507 1560906
507 1560916
512 1560926
511 1560949
507 1560951
509 1560956
506 1560966
507 1560975
513 1560986
506 1560996
504 1561006
505 1561016
507 1561026
505 1561107
508 1561109
507 1561109
509 1561111
509 1561111
510 1561121
506 1561121
504 1561121
507 1561129
504 1561132
509 1561136
509 1561145
507 1561168
506 1561172
507 1561176
509 1561276
507 1561377
505 1561420
507 1561422
508 1561422
509 1561424
506 1561427
511 1561476
507 1561518
506 1561522
508 1561563
506 1561565
507 1561567
506 1561567
507 1561569
508 1561569
511 1561570
506 1561597
509 1561600
508 1561600
507 1561602
505 1561637
508 1561717
508 1561810
508 1561813
508 1561816
508 1561816
504 1561817
509 1561819
505 1561819
505 1561819
506 1561822
508 1561822
506 1561822
506 1561824
507 1561826
506 1561826
505 1561828
507 1561839
505 1561839
507 1561839
510 1561839
511 1561840
508 1561843
507 1561843
505 1561872
508 1561875
506 1561875
509 1561877
511 1561877
509 1561879
508 1561879
507 1561881
508 1561881
510 1561886
509 1561897
508 1561920
509 1561922
508 1561922
511 1561926
507 1561928
507 1561928
508 1561930
508 1561935
506 1561972
507 1561974
508 1561974
509 1561989
508 1561992
510 1562008
507 1562012
508 1562016
508 1562035
510 1562072
510 1562074
507 1562077
507 1562088
506 1562092
509 1562096
508 1562106
505 1562116
509 1562126
505 1562136
509 1562172
507 1562176
508 1562178
508 1562178
508 1562186
507 1562209
508 1562211
508 1562216
508 1562226
507 1562236
503 1562272
505 1562276
508 1562278
509 1562278
504 1562286
501 1562296
516 1562306
518 1562316
537 1562382
523 1562386
493 1562388
503 1562389
484 1562390
497 1562391
520 1562393
513 1562396
507 1562406
503 1562416
504 1562426
506 1562461
509 1562461
507 1562469
507 1562472
507 1562476
507 1562486
507 1562496
504 1562530
511 1562535
505 1562539
509 1562543
513 1562572
509 1562576
511 1562578
506 1562578
511 1562586
506 1562596
510 1562606
510 1562638
513 1562643
506 1562658
510 1562660
508 1562666
505 1562676
508 1562686
506 1562696
508 1562718
508 1562729
509 1562752
510 1562756
508 1562757
506 1562758
505 1562766
509 1562776
505 1562798
508 1562802
512 1562847
510 1562849
507 1562849
507 1562852
503 1562852
502 1562856
507 1562869
503 1562889
507 1562891
510 1562896
506 1562906
509 1562916
509 1562926
510 1562936
507 1562946
507 1562956
507 1562966
509 1562976
509 1562986
514 1562996
518 1563006
501 1563016
526 1563026
517 1563036
505 1563046
515 1563056
506 1563079
505 1563083
516 1563086
483 1563096
443 1563106
496 1563116
513 1563126
483 1563136
492 1563173
500 1563175
521 1563177
501 1563217
505 1563230
513 1563230
509 1563232
506 1563233
508 1563233
510 1563236
505 1563246
509 1563281
512 1563283
506 1563286
506 1563290
510 1563309
507 1563310
507 1563316
506 1563326
507 1563336
508 1563347
508 1563356
502 1563391
507 1563393
508 1563396
507 1563400
505 1563405
507 1563416
503 1563426
507 1563447
508 1563458
505 1563460
507 1563466
513 1563476
507 1563486
507 1563496
509 1563516
509 1563538
505 1563540
505 1563545
507 1563566
506 1563578
509 1563583
508 1563585
508 1563595
506 1563605
508 1563616
507 1563652
505 1563656
506 1563659
506 1563659
508 1563678
506 1563682
505 1563686
508 1563696
507 1563706
508 1563716
506 1563739
510 1563741
508 1563746
509 1563756
508 1563766
507 1563776
510 1563786
506 1563796
506 1563806
507 1563815
508 1563867
506 1563870
507 1563870
513 1563870
505 1563872
508 1563876
505 1563886
508 1563895
506 1563918
509 1563920
507 1563926
510 1563948
508 1563950
505 1563955
507 1563979
506 1563982
507 1563986
508 1564009
508 1564012
505 1564016
508 1564026
509 1564035
507 1564046
507 1564056
508 1564066
508 1564076
508 1564086
510 1564122
507 1564126
508 1564128
509 1564128
509 1564136
507 1564146
509 1564181
507 1564185
507 1564188
508 1564188
510 1564208
508 1564212
509 1564216
509 1564226
508 1564236
507 1564246
507 1564266
508 1564276
507 1564286
507 1564322
507 1564326
507 1564328
510 1564328
507 1564336
508 1564359
509 1564361
507 1564391
506 1564393
507 1564396
508 1564400
508 1564418
509 1564422
507 1564426
506 1564436
508 1564445
507 1564455
507 1564465
508 1564476
511 1564486
507 1564508
509 1564510
509 1564528
508 1564532
506 1564536
507 1564546
508 1564582
508 1564584
508 1564587
509 1564599
508 1564602
509 1564606
504 1564616
506 1564626
510 1564668
507 1564672
509 1564682
507 1564686
509 1564688
509 1564688
511 1564696
504 1564718
508 1564722
509 1564726
510 1564775
509 1564777
508 1564777
506 1564779
509 1564788
510 1564790
508 1564796
508 1564806
506 1564827
508 1564838
509 1564841
509 1564858
509 1564862
507 1564876
510 1564885
509 1564896
508 1564906
510 1564916
507 1564926
510 1564961
507 1564965
511 1564968
505 1564968
509 1564976
507 1564999
508 1565002
507 1565018
507 1565021
510 1565025
507 1565060
506 1565064
509 1565067
512 1565067
507 1565075
507 1565085
507 1565095
506 1565105
509 1565116
506 1565126
507 1565148
509 1565152
510 1565156
506 1565166
510 1565188
508 1565192
507 1565196
509 1565206
512 1565228
510 1565232
507 1565236
509 1565246
509 1565256
506 1565278
507 1565281
508 1565297
508 1565309
508 1565313
508 1565316
508 1565326
507 1565336
509 1565358
507 1565362
507 1565366
507 1565376
508 1565386
507 1565396
508 1565430
508 1565433
507 1565436
509 1565440
507 1565446
506 1565455
505 1565466
507 1565517
509 1565519
507 1565519
508 1565521
508 1565522
507 1565525
508 1565535
508 1565559
507 1565563
509 1565566
507 1565587
509 1565598
509 1565602
510 1565617
515 1565629
511 1565632
510 1565636
501 1565671
512 1565673
509 1565675
506 1565702
508 1565706
510 1565716
510 1565716
507 1565729
506 1565732
509 1565772
507 1565776
511 1565778
508 1565778
507 1565798
510 1565801
513 1565806
504 1565826
505 1565838
504 1565842
509 1565886
510 1565889
505 1565889
503 1565890
516 1565912
516 1565914
509 1565918
514 1565928
495 1565931
506 1565937
517 1565958
494 1565963
519 1565966
487 1565976
494 1565998
517 1566002
504 1566017
504 1566041
503 1566043
510 1566045
509 1566072
505 1566075
515 1566078
507 1566078
506 1566097
502 1566108
507 1566112
508 1566116
507 1566139
508 1566142
509 1566146
509 1566156
503 1566166
508 1566176
507 1566199
507 1566202
505 1566206
507 1566238
510 1566242
507 1566271
508 1566274
509 1566276
510 1566278
507 1566312
506 1566316
504 1566318
506 1566318
508 1566325
508 1566336
509 1566346
509 1566355
509 1566366
508 1566376
507 1566398
507 1566402
510 1566418
506 1566420
509 1566426
505 1566477
509 1566479
509 1566479
508 1566481
507 1566481
506 1566486
509 1566496
507 1566519
509 1566522
508 1566526
509 1566536
511 1566546
511 1566608
510 1566611
507 1566611
508 1566611
509 1566615
508 1566630
508 1566632
507 1566636
509 1566694
508 1566694
507 1566694
508 1566695
508 1566695
508 1566706
509 1566717
507 1566731
507 1566733
510 1566736
511 1566738
508 1566746
506 1566756
507 1566779
505 1566782
508 1566821
510 1566823
508 1566825
509 1566838
509 1566842
503 1566845
505 1566916
507 1566957
509 1566959
511 1566959
509 1566961
506 1566963
504 1566963
512 1566973
510 1566976
507 1566977
506 1566979
507 1566979
508 1566979
506 1566981
509 1566985
509 1566995
509 1567005
511 1567015
507 1567038
506 1567043
508 1567045
508 1567055
508 1567065
508 1567075
508 1567086
507 1567095
507 1567118
507 1567120
506 1567125
508 1567148
509 1567150
509 1567169
508 1567172
512 1567176
510 1567186
507 1567208
503 1567210
513 1567216
506 1567269
518 1567272
508 1567282
484 1567286
520 1567287
500 1567287
518 1567308
508 1567310
483 1567341
498 1567343
499 1567346
503 1567371
513 1567373
507 1567377
512 1567380
524 1567388
506 1567396
513 1567406
504 1567416
510 1567450
500 1567453
534 1567455
498 1567468
490 1567470
497 1567476
512 1567486
506 1567496
521 1567518
509 1567521
511 1567549
512 1567553
506 1567556
505 1567581
506 1567586
510 1567588
511 1567588
506 1567645
505 1567648
508 1567648
506 1567648
514 1567687
504 1567689
526 1567697
508 1567699
524 1567699
510 1567758
518 1567760
510 1567760
515 1567762
489 1567765
517 1567833
513 1567843
504 1567849
502 1567851
510 1567851
504 1567853
506 1567856
506 1567858
510 1567858
501 1567858
510 1567860
516 1567860
511 1567862
513 1567865
504 1567876
507 1567887
500 1567908
514 1567911
507 1567915
511 1567926
506 1567948
502 1567951
506 1567955
511 1567988
500 1567990
510 1568008
512 1568010
500 1568016
513 1568026
510 1568036
507 1568047
507 1568056
509 1568065
510 1568076
505 1568086
508 1568137
493 1568139
520 1568139
498 1568140
520 1568142
500 1568158
501 1568161
499 1568176
486 1568188
503 1568192
521 1568196
515 1568206
498 1568216
510 1568226
514 1568236
511 1568258
504 1568261
517 1568289
496 1568293
507 1568297
485 1568322
477 1568325
496 1568328
497 1568328
523 1568348
505 1568350
503 1568356
519 1568405
507 1568407
512 1568407
515 1568410
512 1568418
492 1568420
510 1568425
503 1568435
508 1568488
504 1568490
505 1568490
508 1568492
505 1568495
509 1568497
506 1568528
506 1568531
506 1568575
508 1568577
514 1568577
514 1568580
510 1568588
515 1568590
502 1568595
507 1568631
503 1568633
501 1568637
515 1568641
506 1568671
507 1568673
506 1568675
514 1568701
514 1568703
524 1568707
498 1568726
537 1568736
513 1568756
522 1568766
514 1568800
509 1568802
488 1568802
532 1568806
515 1568808
508 1568808
512 1568810
511 1568816
506 1568826
512 1568836
512 1568856
504 1568893
522 1568901
514 1568903
516 1568905
505 1568908
509 1568918
503 1568922
515 1568938
511 1568942
503 1568956
521 1568966
505 1568991
507 1568993
493 1568997
544 1569000
523 1569038
496 1569042
515 1569058
521 1569062
501 1569068
483 1569071
509 1569071
499 1569075
499 1569085
507 1569129
491 1569131
515 1569141
522 1569143
502 1569145
519 1569171
510 1569173
510 1569176
510 1569178
503 1569212
510 1569216
508 1569218
509 1569218
510 1569292
508 1569295
510 1569295
509 1569297
508 1569297
508 1569299
507 1569299
506 1569319
509 1569323
508 1569341
508 1569344
514 1569348
504 1569359
505 1569361
493 1569377
502 1569427
504 1569456
503 1569476
507 1569538
510 1569540
508 1569540
506 1569543
510 1569547
506 1569550
507 1569550
507 1569550
506 1569552
507 1569558
506 1569560
511 1569560
507 1569562
509 1569564
506 1569565
505 1569607
510 1569609
507 1569610
506 1569610
508 1569613
509 1569637
509 1569659
509 1569663
507 1569667
503 1569682
514 1569684
512 1569686
517 1569698
499 1569702
499 1569706
510 1569739
509 1569744
508 1569748
509 1569752
508 1569768
509 1569770
509 1569776
509 1569798
509 1569800
512 1569806
510 1569839
504 1569841
500 1569846
492 1569846
520 1569881
494 1569885
489 1569887
491 1569887
490 1569908
510 1569910
598 1569928
506 1569930
512 1569990
580 1569992
480 1569992
542 1569995
404 1569995
550 1569997
532 1570017
504 1570029
517 1570034
486 1570046
534 1570062
500 1570063
514 1570066
531 1570076
483 1570089
509 1570091
494 1570096
509 1570106
502 1570116
499 1570180
506 1570182
510 1570184
511 1570186
500 1570186
499 1570188
507 1570196
512 1570255
507 1570257
507 1570258
513 1570259
512 1570267
513 1570281
506 1570282
503 1570284
503 1570346
500 1570360
508 1570362
507 1570367
510 1570399
515 1570403
517 1570446
510 1570448
517 1570448
501 1570450
516 1570451
511 1570451
532 1570453
509 1570457
460 1570457
542 1570459
495 1570460
582 1570461
473 1570465
508 1570501
514 1570503
423 1570505
555 1570532
494 1570536
536 1570537
593 1570549
477 1570549
521 1570600
386 1570602
558 1570627
534 1570724
468 1570739
540 1570742
506 1570742
501 1570744
559 1570744
495 1570747
495 1570747
556 1570747
491 1570749
509 1570749
547 1570761
506 1570761
513 1570761
549 1570761
511 1570762
500 1570799
528 1570801
502 1570803
503 1570804
510 1570806
508 1570806
507 1570820
511 1570826
506 1570836
506 1570870
507 1570874
506 1570875
508 1570899
507 1570899
508 1570899
508 1570905
511 1570915
507 1570926
507 1570946
506 1570957
508 1570961
510 1570965
507 1570988
510 1570992
508 1570995
510 1571005
509 1571028
508 1571030
508 1571060
509 1571063
507 1571065
507 1571075
508 1571086
507 1571111
508 1571131
508 1571131
507 1571131
507 1571131
509 1571160
508 1571163
507 1571167
508 1571170
507 1571176
509 1571186
508 1571196
508 1571231
507 1571233
507 1571236
507 1571239
509 1571258
506 1571260
507 1571265
508 1571275
513 1571298
507 1571302
509 1571305
504 1571326
507 1571338
509 1571340
509 1571358
508 1571362
508 1571405
509 1571407
505 1571407
510 1571409
495 1571416
484 1571426
472 1571438
474 1571443
493 1571446
526 1571456
533 1571466
503 1571475
573 1571486
498 1571495
464 1571518
468 1571523
583 1571525
525 1571536
504 1571571
553 1571574
504 1571574
498 1571588
501 1571592
530 1571596
520 1571616
502 1571625
510 1571648
504 1571650
510 1571655
506 1571665
508 1571675
512 1571685
505 1571705
510 1571717
507 1571722
507 1571725
507 1571735
508 1571745
511 1571755
508 1571766
502 1571776
504 1571785
513 1571796
505 1571806
503 1571816
506 1571826
514 1571836
509 1571871
509 1571875
506 1571878
501 1571878
500 1571886
525 1571896
481 1571906
508 1571928
487 1571932
528 1571936
470 1571971
502 1571974
496 1571974
515 1571988
492 1571990
512 1571996
477 1572006
540 1572029
479 1572032
487 1572048
540 1572052
486 1572056
506 1572092
497 1572096
528 1572098
498 1572098
526 1572105
502 1572116
513 1572125
504 1572161
