511 1656680
511 1656717
-2987 1656717
506 1656718
507 1656718
507 1656718
513 1656718
504 1656719
514 1656719
504 1656719
489 1656719
503 1656719
501 1656720
508 1656720
506 1656720
495 1656721
506 1656721
494 1656721
521 1656722
501 1656722
514 1656722
511 1656722
520 1656723
497 1656723
519 1656723
506 1656723
514 1656723
501 1656724
512 1656724
501 1656724
501 1656724
512 1656726
513 1656726
511 1656726
504 1656726
509 1656726
511 1656726
508 1656727
521 1656727
508 1656727
512 1656727
503 1656727
523 1656727
512 1656728
493 1656728
497 1656728
496 1656728
513 1656728
519 1656728
504 1656729
495 1656729
502 1656729
505 1656729
510 1656729
511 1656730
511 1656730
517 1656730
499 1656730
518 1656730
507 1656730
507 1656730
509 1656731
509 1656731
508 1656731
508 1656753
509 1656753
508 1656756
509 1656756
509 1656758
510 1656758
506 1656764
510 1656808
506 1656824
507 1656824
509 1656837
509 1656847
509 1656847
506 1656847
508 1656855
508 1656918
509 1656918
508 1656918
509 1656926
507 1656936
507 1656945
510 1656966
507 1656967
507 1656998
512 1656998
505 1657025
506 1657025
508 1657027
508 1657027
509 1657034
507 1657074
507 1657137
509 1657137
507 1657139
505 1657140
509 1657143
512 1657143
511 1657144
508 1657147
507 1657226
507 1657226
507 1657237
507 1657237
508 1657240
510 1657240
507 1657240
511 1657241
508 1657241
510 1657254
507 1657297
510 1657297
504 1657307
522 1657308
505 1657327
495 1657328
522 1657407
502 1657407
507 1657409
494 1657410
518 1657417
507 1657418
503 1657418
512 1657420
512 1657421
503 1657423
509 1657423
508 1657425
508 1657425
509 1657446
508 1657446
505 1657494
506 1657494
507 1657496
510 1657496
507 1657557
507 1657557
504 1657559
509 1657559
504 1657560
509 1657563
502 1657595
506 1657596
511 1657596
507 1657596
506 1657596
504 1657607
505 1657607
509 1657613
505 1657655
509 1657687
509 1657688
508 1657690
503 1657691
507 1657693
500 1657694
508 1657718
509 1657720
509 1657724
515 1657749
515 1657752
515 1657753
504 1657755
506 1657763
524 1657775
530 1657783
505 1657817
497 1657817
507 1657843
508 1657860
515 1657863
505 1657864
508 1657866
511 1657873
504 1657966
510 1657966
508 1657968
509 1657968
507 1657970
508 1657972
510 1657973
506 1657973
508 1657991
508 1657991
508 1658024
508 1658026
510 1658027
506 1658027
508 1658048
509 1658050
509 1658054
510 1658133
511 1658133
510 1658135
507 1658135
510 1658135
509 1658138
505 1658138
509 1658150
509 1658150
509 1658155
506 1658155
507 1658216
506 1658218
508 1658345
508 1658345
508 1658347
507 1658347
510 1658347
506 1658349
507 1658360
507 1658360
510 1658360
507 1658361
509 1658361
509 1658415
509 1658415
509 1658417
508 1658417
507 1658419
508 1658419
508 1658421
508 1658421
508 1658423
508 1658423
505 1658425
508 1658425
510 1658467
507 1658467
506 1658467
509 1658492
508 1658493
508 1658493
507 1658493
509 1658497
507 1658497
511 1658546
509 1658546
510 1658602
509 1658605
507 1658605
508 1658607
509 1658607
508 1658631
509 1658632
511 1658632
509 1658641
505 1658647
507 1658647
508 1658657
507 1658657
508 1658704
509 1658707
506 1658707
508 1658709
507 1658709
505 1658714
505 1658725
505 1658733
508 1658757
506 1658757
509 1658763
512 1658801
506 1658808
502 1658809
505 1658809
505 1658827
503 1658827
505 1658843
511 1658857
508 1658857
504 1658875
513 1658877
506 1658896
503 1658896
509 1658929
509 1658931
511 1658931
506 1658959
510 1658962
510 1658964
509 1658964
509 1658997
505 1658997
506 1659005
508 1659067
508 1659070
508 1659070
509 1659076
507 1659076
509 1659076
509 1659078
510 1659078
506 1659110
508 1659110
509 1659113
507 1659125
509 1659135
515 1659172
514 1659174
509 1659176
509 1659176
508 1659214
507 1659236
508 1659236
511 1659238
509 1659238
507 1659240
508 1659247
511 1659247
509 1659265
511 1659298
506 1659301
507 1659303
509 1659328
508 1659330
507 1659336
507 1659336
510 1659344
508 1659365
508 1659367
508 1659400
506 1659400
508 1659406
509 1659406
508 1659426
506 1659428
509 1659447
508 1659447
506 1659467
507 1659467
510 1659499
506 1659504
508 1659504
508 1659504
509 1659527
509 1659530
508 1659548
508 1659548
507 1659567
508 1659567
509 1659598
509 1659604
508 1659604
507 1659606
510 1659687
506 1659687
510 1659687
508 1659689
509 1659707
510 1659707
507 1659707
507 1659713
510 1659713
506 1659717
509 1659717
507 1659734
506 1659768
508 1659768
506 1659803
508 1659805
507 1659806
509 1659806
511 1659815
508 1659818
507 1659818
506 1659836
509 1659867
510 1659867
507 1659907
508 1659907
507 1659948
509 1659949
509 1659989
506 1659992
507 1659994
507 1659995
507 1659997
508 1659997
509 1659998
508 1659998
509 1659999
507 1660009
509 1660009
511 1660082
500 1660084
507 1660085
509 1660085
507 1660087
504 1660088
500 1660090
507 1660097
503 1660097
518 1660105
511 1660140
508 1660143
509 1660143
509 1660169
505 1660174
509 1660174
508 1660177
508 1660209
504 1660211
508 1660212
510 1660253
506 1660254
510 1660255
509 1660255
508 1660266
510 1660266
510 1660353
509 1660353
510 1660355
509 1660355
507 1660357
506 1660358
504 1660358
513 1660358
516 1660376
520 1660378
500 1660414
524 1660414
525 1660414
493 1660416
508 1660440
502 1660444
512 1660444
501 1660446
499 1660454
512 1660462
508 1660487
509 1660488
508 1660503
505 1660544
483 1660544
470 1660546
515 1660547
492 1660557
490 1660557
520 1660574
507 1660584
495 1660609
501 1660611
515 1660613
507 1660716
509 1660718
509 1660718
508 1660720
506 1660721
506 1660723
507 1660724
510 1660724
509 1660749
508 1660749
508 1660751
512 1660753
510 1660817
501 1660818
491 1660820
515 1660822
521 1660823
493 1660919
479 1660921
501 1660925
495 1660925
520 1660933
502 1660933
501 1660933
522 1660934
504 1660934
505 1660935
506 1660935
510 1660937
506 1660937
509 1660938
510 1660940
505 1660943
504 1660964
510 1660975
511 1660977
507 1660995
507 1661005
507 1661005
511 1661013
503 1661024
503 1661033
508 1661057
509 1661057
502 1661063
507 1661074
505 1661083
503 1661094
503 1661103
508 1661114
507 1661148
507 1661150
510 1661155
508 1661155
506 1661173
508 1661185
504 1661188
508 1661195
509 1661217
506 1661217
508 1661222
508 1661234
507 1661242
508 1661254
506 1661262
506 1661274
509 1661283
506 1661295
512 1661329
503 1661335
503 1661335
506 1661335
509 1661343
509 1661355
508 1661363
512 1661375
508 1661383
508 1661395
505 1661416
505 1661418
504 1661425
510 1661435
506 1661443
509 1661455
511 1661463
508 1661475
512 1661483
510 1661494
506 1661512
504 1661524
511 1661532
508 1661544
504 1661552
473 1661564
508 1661573
506 1661597
505 1661597
507 1661602
505 1661627
507 1661627
506 1661633
507 1661645
507 1661653
507 1661665
510 1661673
509 1661685
507 1661693
506 1661705
509 1661713
509 1661737
508 1661737
510 1661743
509 1661765
507 1661804
492 1661807
509 1661807
508 1661809
509 1661809
507 1661812
508 1661824
508 1661833
510 1661844
510 1661853
508 1661864
507 1661873
509 1661897
510 1661897
507 1661902
508 1661914
507 1661922
509 1661934
508 1661942
507 1661954
505 1661974
508 1661977
506 1661984
506 1662006
511 1662016
509 1662018
508 1662025
512 1662035
504 1662055
509 1662058
502 1662065
509 1662075
507 1662095
515 1662097
508 1662105
499 1662115
514 1662123
503 1662135
512 1662169
515 1662174
502 1662174
519 1662176
505 1662185
507 1662192
507 1662204
509 1662213
501 1662237
508 1662237
510 1662255
506 1662257
506 1662287
510 1662287
509 1662294
508 1662302
507 1662314
510 1662335
507 1662337
505 1662358
510 1662359
504 1662364
510 1662399
510 1662405
510 1662405
512 1662405
516 1662439
505 1662445
508 1662445
502 1662445
507 1662465
507 1662468
503 1662475
513 1662485
505 1662493
514 1662517
506 1662517
510 1662536
506 1662538
510 1662545
507 1662555
508 1662563
508 1662575
509 1662589
509 1662607
506 1662607
507 1662613
505 1662625
507 1662633
507 1662645
510 1662653
505 1662665
511 1662672
511 1662697
508 1662697
508 1662756
503 1662758
508 1662760
507 1662762
509 1662765
506 1662765
508 1662767
509 1662772
508 1662795
505 1662835
509 1662837
510 1662837
509 1662839
504 1662839
505 1662843
504 1662854
508 1662924
510 1662934
506 1662957
506 1662959
508 1662962
510 1662962
510 1662963
505 1662970
496 1663006
511 1663006
481 1663008
500 1663008
530 1663011
517 1663016
502 1663016
523 1663022
505 1663034
510 1663043
509 1663054
508 1663063
503 1663116
503 1663116
506 1663118
507 1663118
506 1663120
509 1663137
507 1663137
512 1663144
510 1663189
501 1663192
511 1663192
509 1663208
509 1663210
505 1663215
511 1663215
507 1663224
507 1663245
506 1663247
505 1663255
512 1663300
512 1663303
508 1663314
509 1663315
504 1663316
511 1663324
508 1663334
510 1663343
510 1663354
507 1663375
507 1663377
507 1663384
508 1663385
508 1663394
504 1663403
507 1663427
508 1663428
509 1663433
504 1663444
507 1663453
502 1663477
508 1663477
505 1663483
505 1663494
507 1663503
516 1663514
505 1663543
504 1663560
509 1663563
508 1663563
506 1663590
506 1663593
508 1663594
509 1663596
509 1663603
510 1663685
508 1663685
508 1663686
509 1663686
507 1663688
507 1663689
511 1663693
506 1663694
508 1663696
508 1663702
507 1663714
506 1663758
508 1663759
504 1663761
508 1663775
510 1663777
508 1663785
504 1663807
509 1663807
508 1663813
508 1663825
508 1663833
508 1663844
508 1663853
509 1663864
508 1663885
507 1663887
510 1663894
507 1663917
506 1663917
506 1663923
508 1663934
509 1663943
509 1663954
505 1663963
507 1663974
508 1663983
509 1663994
506 1664003
509 1664014
506 1664022
508 1664035
508 1664043
510 1664055
508 1664073
510 1664114
508 1664114
507 1664116
507 1664116
509 1664125
508 1664133
510 1664147
508 1664147
509 1664152
507 1664164
509 1664173
507 1664184
508 1664205
507 1664207
507 1664214
506 1664224
507 1664232
507 1664244
509 1664252
508 1664264
506 1664297
508 1664299
502 1664305
514 1664306
508 1664314
506 1664322
505 1664346
510 1664346
507 1664378
505 1664380
503 1664382
510 1664395
508 1664398
509 1664405
508 1664415
508 1664423
508 1664447
509 1664447
507 1664489
505 1664495
508 1664495
509 1664495
508 1664502
509 1664514
508 1664522
508 1664534
510 1664542
509 1664554
506 1664562
504 1664574
508 1664582
509 1664601
508 1664603
507 1664614
509 1664623
511 1664644
508 1664655
508 1664657
506 1664664
508 1664686
509 1664690
507 1664692
509 1664704
508 1664752
509 1664755
509 1664755
506 1664757
506 1664764
510 1664776
507 1664776
509 1664782
507 1664795
508 1664803
508 1664815
509 1664823
507 1664835
506 1664855
509 1664857
507 1664866
506 1664875
505 1664895
506 1664897
508 1664906
507 1664939
507 1664941
506 1664945
510 1664945
507 1664953
510 1664964
510 1664973
508 1664984
507 1664992
509 1665004
507 1665025
508 1665029
506 1665033
507 1665044
510 1665053
508 1665065
507 1665083
508 1665098
510 1665098
510 1665103
506 1665115
508 1665123
504 1665135
508 1665143
511 1665155
508 1665163
508 1665175
510 1665183
511 1665194
508 1665203
508 1665214
509 1665223
507 1665244
507 1665253
509 1665264
510 1665273
509 1665285
510 1665293
509 1665317
506 1665317
509 1665335
506 1665337
508 1665352
509 1665353
509 1665364
509 1665372
509 1665438
507 1665440
506 1665444
504 1665446
508 1665446
508 1665446
508 1665448
507 1665455
511 1665475
507 1665478
506 1665497
505 1665497
506 1665505
507 1665513
509 1665525
506 1665533
507 1665544
509 1665552
508 1665606
506 1665606
508 1665606
507 1665608
507 1665608
508 1665615
508 1665624
508 1665634
506 1665643
510 1665655
507 1665663
507 1665687
507 1665687
506 1665692
510 1665704
509 1665712
510 1665724
508 1665733
508 1665770
510 1665770
507 1665773
508 1665776
509 1665797
512 1665797
509 1665804
508 1665825
507 1665827
509 1665859
511 1665859
507 1665865
507 1665865
510 1665872
508 1665884
508 1665893
508 1665905
508 1665913
509 1665937
510 1665937
507 1665943
507 1665965
508 1665975
506 1665977
509 1665994
509 1666004
509 1666013
508 1666035
508 1666045
509 1666047
509 1666067
508 1666067
505 1666074
516 1666083
506 1666094
505 1666102
506 1666115
510 1666135
506 1666138
506 1666145
509 1666154
508 1666163
507 1666174
510 1666182
509 1666257
510 1666257
510 1666280
508 1666283
508 1666283
507 1666285
506 1666285
507 1666291
510 1666291
508 1666311
507 1666313
509 1666315
507 1666315
506 1666350
506 1666350
509 1666352
507 1666367
507 1666367
508 1666375
508 1666395
506 1666397
507 1666429
509 1666430
508 1666435
508 1666435
508 1666442
507 1666465
506 1666475
508 1666478
508 1666497
508 1666497
507 1666504
509 1666527
507 1666547
509 1666547
508 1666547
504 1666595
507 1666595
509 1666595
508 1666595
509 1666606
507 1666606
509 1666612
507 1666649
507 1666649
508 1666651
508 1666664
508 1666714
508 1666716
507 1666718
505 1666718
506 1666720
506 1666725
506 1666733
508 1666744
507 1666766
509 1666768
508 1666806
508 1666826
506 1666826
508 1666826
508 1666829
507 1666829
507 1666834
507 1666842
510 1666867
511 1666867
509 1666872
505 1666896
507 1666896
509 1666902
509 1666914
509 1666922
508 1666946
510 1666946
509 1666978
508 1666980
506 1666985
509 1666985
507 1666995
507 1667003
506 1667015
509 1667022
507 1667048
509 1667048
510 1667053
509 1667090
507 1667092
505 1667095
508 1667095
505 1667104
506 1667114
510 1667123
513 1667147
509 1667147
508 1667152
508 1667164
510 1667184
507 1667187
508 1667194
507 1667204
507 1667212
510 1667224
511 1667245
507 1667247
506 1667274
505 1667274
505 1667274
507 1667284
509 1667293
509 1667305
507 1667324
510 1667358
507 1667358
506 1667368
506 1667370
507 1667375
509 1667375
508 1667397
507 1667397
508 1667428
507 1667430
508 1667432
506 1667443
507 1667454
508 1667463
507 1667474
509 1667507
508 1667510
509 1667515
509 1667516
509 1667550
505 1667552
506 1667554
507 1667556
506 1667562
508 1667585
507 1667634
507 1667637
507 1667637
511 1667639
509 1667642
508 1667647
512 1667647
507 1667653
510 1667664
508 1667673
511 1667685
507 1667693
507 1667705
509 1667738
504 1667740
508 1667745
508 1667745
509 1667755
508 1667777
508 1667778
512 1667795
506 1667813
506 1667829
505 1667829
513 1667832
509 1667835
507 1667844
507 1667854
508 1667862
519 1667900
513 1667903
508 1667905
506 1667905
513 1667927
502 1667927
502 1667947
511 1667947
513 1667952
505 1667964
515 1667985
496 1667987
508 1668007
514 1668007
508 1668014
507 1668022
510 1668034
509 1668106
508 1668108
503 1668110
508 1668113
505 1668115
509 1668115
513 1668117
509 1668133
506 1668146
505 1668146
508 1668152
508 1668164
510 1668172
505 1668184
508 1668192
507 1668204
510 1668212
509 1668225
507 1668245
509 1668247
508 1668254
508 1668277
508 1668277
507 1668282
509 1668294
507 1668315
505 1668317
506 1668325
508 1668386
508 1668386
510 1668386
506 1668388
506 1668392
507 1668395
508 1668397
506 1668404
507 1668423
504 1668434
507 1668452
507 1668469
506 1668469
507 1668473
506 1668475
507 1668484
509 1668494
508 1668502
509 1668539
508 1668542
512 1668544
509 1668544
507 1668566
507 1668566
507 1668587
508 1668587
509 1668592
507 1668604
509 1668612
511 1668624
510 1668632
506 1668644
506 1668652
512 1668664
508 1668672
505 1668684
511 1668692
511 1668704
508 1668712
509 1668738
506 1668738
506 1668743
509 1668755
509 1668763
509 1668787
508 1668787
509 1668795
508 1668804
507 1668813
510 1668824
511 1668832
507 1668844
505 1668852
506 1668864
509 1668872
505 1668884
508 1668892
509 1668927
508 1668927
506 1668932
501 1668944
513 1668952
510 1668964
505 1668972
506 1668997
508 1668997
510 1669002
508 1669014
505 1669022
509 1669034
506 1669042
509 1669054
509 1669062
512 1669086
507 1669086
514 1669093
507 1669105
504 1669113
506 1669124
508 1669133
506 1669145
509 1669152
510 1669217
509 1669217
511 1669217
509 1669219
510 1669222
506 1669228
508 1669228
508 1669235
508 1669243
511 1669254
507 1669277
508 1669316
506 1669316
508 1669316
508 1669318
508 1669320
509 1669324
510 1669334
509 1669342
509 1669407
508 1669407
507 1669409
502 1669412
510 1669417
506 1669417
506 1669419
506 1669424
510 1669434
508 1669443
510 1669464
507 1669475
507 1669478
506 1669484
508 1669494
510 1669502
510 1669514
512 1669546
503 1669549
504 1669584
513 1669584
505 1669586
505 1669586
503 1669595
504 1669604
497 1669612
499 1669624
514 1669633
508 1669657
511 1669657
509 1669662
506 1669674
506 1669683
506 1669694
504 1669703
505 1669714
502 1669723
499 1669747
496 1669747
505 1669754
493 1669764
500 1669785
495 1669787
501 1669795
512 1669804
532 1669812
498 1669837
518 1669837
504 1669843
499 1669854
508 1669875
513 1669877
505 1669885
506 1669894
511 1669903
508 1669914
507 1669922
507 1669934
510 1669943
506 1669967
508 1669967
507 1669972
508 1669984
504 1670005
508 1670007
512 1670015
509 1670050
525 1670053
513 1670055
504 1670055
511 1670064
505 1670105
504 1670122
508 1670124
508 1670124
509 1670126
506 1670149
505 1670154
507 1670154
506 1670156
512 1670164
508 1670172
504 1670184
511 1670192
510 1670204
505 1670212
510 1670224
507 1670233
508 1670244
507 1670253
507 1670264
508 1670299
511 1670326
507 1670326
509 1670326
499 1670326
501 1670326
518 1670334
508 1670344
509 1670353
510 1670377
509 1670377
508 1670395
510 1670397
507 1670404
508 1670414
509 1670423
509 1670444
506 1670465
505 1670467
504 1670475
509 1670484
514 1670493
509 1670504
506 1670513
511 1670524
522 1670533
505 1670544
514 1670565
503 1670568
499 1670575
506 1670584
521 1670606
494 1670608
514 1670614
503 1670637
504 1670637
517 1670669
510 1670674
512 1670675
509 1670676
506 1670697
505 1670697
504 1670703
497 1670714
516 1670723
515 1670734
507 1670743
501 1670754
510 1670763
521 1670784
515 1670795
510 1670797
501 1670805
508 1670814
514 1670823
505 1670847
516 1670847
509 1670853
511 1670864
508 1670873
511 1670884
510 1670893
500 1670904
507 1670913
508 1670937
508 1670938
513 1670955
508 1670957
506 1670965
507 1670985
504 1670993
507 1671075
509 1671075
514 1671077
509 1671077
504 1671079
513 1671081
514 1671089
518 1671090
510 1671096
512 1671096
508 1671142
498 1671144
505 1671145
503 1671145
508 1671163
512 1671244
503 1671245
516 1671246
522 1671246
511 1671283
513 1671283
495 1671285
510 1671285
515 1671287
514 1671288
522 1671288
502 1671288
497 1671333
512 1671384
507 1671384
509 1671386
502 1671386
508 1671410
510 1671413
511 1671414
502 1671446
511 1671446
511 1671448
501 1671448
506 1671448
508 1671467
510 1671467
496 1671467
499 1671467
520 1671494
508 1671513
502 1671513
503 1671515
507 1671515
498 1671538
504 1671538
510 1671538
508 1671542
506 1671545
509 1671545
504 1671616
511 1671648
507 1671648
506 1671650
506 1671652
509 1671654
509 1671654
506 1671655
509 1671662
506 1671662
508 1671665
508 1671700
509 1671704
510 1671704
508 1671706
506 1671727
505 1671727
506 1671784
504 1671787
508 1671787
508 1671789
506 1671794
506 1671797
509 1671797
505 1671804
504 1671814
508 1671835
506 1671837
509 1671844
507 1671887
507 1671887
508 1671888
509 1671894
509 1671896
503 1671903
509 1671913
509 1671933
510 1671945
509 1671989
510 1671992
506 1671992
507 1672010
508 1672015
508 1672015
507 1672015
506 1672015
508 1672037
507 1672041
507 1672065
507 1672068
508 1672076
508 1672076
507 1672105
508 1672136
507 1672138
508 1672154
507 1672154
507 1672154
510 1672156
508 1672167
509 1672168
506 1672175
505 1672182
509 1672207
504 1672207
503 1672212
503 1672254
512 1672266
505 1672272
510 1672278
510 1672280
506 1672282
511 1672305
509 1672307
510 1672314
507 1672314
509 1672367
509 1672367
506 1672384
508 1672386
506 1672386
506 1672388
505 1672388
509 1672419
506 1672421
507 1672423
507 1672435
509 1672437
506 1672457
505 1672457
506 1672479
508 1672479
508 1672482
507 1672505
512 1672515
507 1672517
509 1672538
506 1672538
507 1672544
507 1672552
507 1672615
508 1672615
507 1672618
509 1672618
511 1672618
510 1672624
512 1672644
511 1672647
508 1672654
510 1672689
507 1672689
508 1672691
507 1672706
508 1672706
506 1672712
507 1672723
508 1672744
507 1672747
508 1672754
508 1672777
509 1672777
510 1672808
507 1672814
508 1672814
509 1672817
508 1672824
508 1672845
507 1672847
508 1672854
509 1672918
508 1672920
507 1672924
508 1672924
508 1672932
508 1672933
508 1672933
508 1672959
507 1672960
510 1672962
509 1673003
510 1673003
508 1673005
510 1673005
507 1673014
506 1673024
511 1673045
505 1673047
510 1673058
502 1673075
514 1673077
506 1673082
506 1673093
505 1673095
503 1673115
500 1673117
506 1673162
507 1673162
511 1673162
508 1673199
505 1673200
508 1673200
507 1673200
509 1673200
508 1673228
506 1673230
508 1673232
504 1673258
510 1673262
508 1673262
510 1673275
510 1673277
508 1673284
508 1673294
513 1673315
507 1673317
513 1673365
511 1673397
502 1673397
518 1673400
502 1673400
510 1673402
498 1673403
515 1673468
500 1673470
503 1673471
497 1673473
504 1673473
504 1673474
507 1673545
504 1673545
509 1673547
509 1673547
510 1673548
500 1673550
525 1673551
527 1673644
341 1673705
504 1673705
510 1673707
506 1673707
504 1673709
507 1673710
511 1673715
509 1673717
506 1673718
506 1673721
509 1673749
509 1673750
506 1673754
507 1673754
509 1673762
515 1673774
494 1673782
501 1673806
530 1673806
535 1673812
521 1673823
488 1673832
511 1673843
518 1673852
509 1673863
512 1673898
510 1673904
509 1673904
510 1673905
512 1673914
508 1673935
508 1673937
509 1673944
510 1673954
510 1673962
516 1673973
510 1673982
509 1673993
507 1674002
509 1674014
509 1674022
508 1674034
506 1674044
505 1674054
508 1674062
503 1674074
508 1674108
506 1674110
510 1674120
505 1674125
515 1674127
503 1674133
507 1674179
504 1674180
505 1674184
510 1674184
507 1674192
509 1674204
507 1674212
506 1674224
505 1674232
507 1674244
506 1674263
509 1674289
510 1674289
506 1674292
511 1674295
506 1674304
505 1674314
507 1674322
510 1674334
510 1674342
509 1674379
510 1674379
507 1674382
508 1674384
509 1674394
530 1674404
502 1674412
514 1674424
505 1674432
507 1674444
529 1674452
509 1674489
508 1674489
507 1674492
504 1674495
506 1674504
511 1674514
508 1674550
509 1674553
504 1674553
504 1674566
508 1674567
505 1674574
506 1674582
505 1674594
508 1674602
507 1674613
507 1674622
509 1674633
506 1674642
507 1674653
510 1674662
508 1674674
506 1674682
507 1674694
506 1674702
507 1674727
507 1674727
508 1674732
506 1674756
510 1674756
506 1674762
506 1674778
506 1674782
508 1674794
512 1674815
508 1674817
507 1674845
507 1674859
510 1674859
509 1674863
506 1674865
505 1674884
508 1674894
510 1674902
505 1674914
508 1674922
510 1674934
510 1674942
510 1674953
509 1674962
505 1674974
509 1674982
507 1675048
506 1675050
509 1675052
508 1675054
511 1675054
509 1675056
510 1675079
508 1675079
510 1675084
507 1675109
507 1675111
509 1675114
508 1675114
508 1675124
509 1675133
506 1675141
507 1675153
507 1675162
508 1675173
509 1675195
507 1675197
506 1675217
507 1675217
509 1675249
507 1675251
507 1675254
506 1675254
508 1675263
508 1675272
508 1675284
507 1675292
509 1675329
507 1675347
506 1675347
505 1675347
508 1675348
508 1675354
507 1675362
508 1675374
512 1675382
509 1675401
509 1675403
508 1675414
507 1675435
506 1675437
510 1675457
506 1675457
509 1675489
509 1675489
511 1675491
508 1675507
510 1675507
507 1675512
507 1675524
510 1675532
507 1675557
506 1675557
509 1675562
507 1675575
506 1675582
508 1675594
508 1675614
506 1675616
507 1675646
506 1675646
509 1675666
507 1675666
508 1675672
509 1675696
508 1675696
506 1675701
506 1675714
507 1675722
507 1675734
508 1675742
507 1675753
508 1675762
505 1675773
511 1675782
507 1675794
509 1675802
507 1675814
507 1675822
506 1675883
508 1675884
505 1675884
508 1675884
509 1675884
507 1675884
508 1675893
507 1675916
505 1675916
503 1675922
505 1675958
512 1675960
509 1675963
488 1675977
502 1675978
505 1675984
481 1675993
504 1676004
514 1676024
512 1676053
521 1676053
520 1676055
496 1676064
513 1676075
490 1676077
510 1676084
503 1676093
502 1676126
501 1676128
475 1676137
495 1676137
496 1676144
496 1676153
517 1676164
495 1676193
519 1676209
487 1676209
514 1676211
502 1676226
499 1676226
513 1676232
497 1676244
491 1676252
509 1676264
517 1676298
509 1676300
508 1676302
515 1676328
519 1676334
513 1676334
511 1676336
511 1676356
507 1676356
507 1676385
508 1676386
507 1676405
502 1676424
497 1676438
495 1676440
499 1676444
497 1676469
504 1676471
506 1676471
514 1676500
505 1676503
507 1676504
501 1676506
505 1676512
512 1676524
507 1676532
507 1676544
509 1676553
514 1676589
504 1676592
508 1676594
517 1676595
501 1676603
509 1676614
515 1676623
505 1676634
503 1676655
512 1676657
507 1676665
502 1676674
512 1676695
507 1676696
505 1676704
505 1676715
511 1676722
511 1676734
504 1676742
499 1676795
498 1676795
520 1676797
524 1676797
500 1676799
509 1676803
505 1676832
501 1676833
509 1676833
504 1676842
513 1676854
501 1676875
510 1676884
509 1676885
508 1676906
509 1676906
509 1676913
508 1676922
506 1676967
507 1676968
507 1676979
508 1676980
507 1676982
511 1676995
508 1676997
502 1677004
508 1677027
514 1677027
510 1677042
500 1677100
505 1677102
505 1677102
500 1677102
507 1677105
502 1677105
508 1677114
515 1677136
507 1677136
512 1677168
514 1677174
510 1677174
511 1677176
512 1677184
503 1677192
507 1677204
508 1677224
509 1677227
509 1677234
508 1677244
507 1677265
508 1677267
512 1677274
503 1677284
513 1677292
509 1677358
509 1677358
505 1677361
501 1677363
507 1677365
509 1677365
508 1677367
509 1677386
509 1677386
507 1677432
507 1677459
507 1677462
510 1677464
505 1677464
509 1677466
509 1677466
505 1677468
506 1677473
507 1677481
508 1677493
511 1677544
508 1677546
508 1677546
508 1677548
508 1677553
506 1677555
506 1677564
507 1677574
508 1677589
508 1677594
508 1677603
506 1677614
508 1677622
509 1677634
507 1677642
503 1677667
505 1677667
511 1677697
509 1677699
511 1677701
511 1677714
514 1677717
503 1677724
509 1677734
504 1677768
511 1677774
515 1677774
507 1677774
507 1677804
506 1677807
507 1677814
508 1677824
508 1677832
508 1677857
506 1677857
510 1677863
508 1677905
506 1677924
510 1677927
508 1677927
507 1677929
508 1677931
508 1677933
507 1677944
507 1677954
508 1677988
507 1677994
508 1677994
507 1677996
509 1678004
509 1678012
506 1678024
508 1678057
508 1678059
508 1678061
508 1678087
507 1678089
508 1678095
509 1678095
508 1678104
508 1678112
505 1678136
507 1678136
507 1678142
508 1678154
507 1678162
509 1678174
510 1678182
505 1678194
505 1678203
505 1678240
505 1678242
507 1678242
503 1678298
508 1678298
510 1678300
506 1678304
507 1678304
509 1678309
510 1678309
508 1678314
509 1678335
508 1678337
510 1678344
513 1678354
511 1678362
506 1678374
503 1678382
510 1678406
509 1678406
508 1678412
512 1678436
507 1678436
507 1678467
506 1678469
509 1678474
507 1678474
508 1678495
507 1678504
507 1678507
509 1678526
508 1678526
509 1678534
503 1678543
511 1678554
506 1678562
502 1678574
505 1678582
507 1678604
508 1678625
511 1678627
509 1678661
507 1678663
510 1678665
510 1678665
506 1678683
507 1678709
506 1678711
505 1678711
508 1678726
509 1678726
506 1678732
508 1678744
511 1678752
507 1678765
506 1678773
507 1678797
507 1678797
509 1678802
506 1678839
509 1678841
508 1678844
512 1678844
509 1678854
505 1678864
507 1678908
508 1678912
508 1678912
506 1678927
507 1678929
509 1678934
509 1678934
508 1678944
508 1678952
510 1678976
509 1678976
509 1678982
508 1678994
507 1679002
508 1679014
506 1679022
507 1679034
506 1679042
507 1679079
509 1679081
506 1679081
507 1679096
507 1679096
510 1679101
512 1679114
514 1679122
509 1679134
507 1679154
509 1679156
507 1679195
511 1679216
508 1679216
511 1679218
510 1679218
514 1679220
505 1679225
507 1679232
510 1679244
511 1679252
503 1679264
512 1679272
506 1679284
508 1679292
513 1679304
510 1679312
500 1679324
505 1679332
518 1679354
513 1679383
509 1679399
509 1679399
505 1679402
509 1679405
507 1679425
507 1679436
509 1679436
507 1679468
507 1679470
509 1679472
509 1679485
504 1679487
505 1679494
506 1679503
506 1679514
506 1679524
506 1679554
506 1679557
507 1679566
515 1679566
503 1679573
510 1679582
507 1679594
507 1679613
504 1679673
512 1679673
500 1679673
496 1679675
505 1679675
508 1679675
508 1679678
509 1679697
507 1679697
503 1679717
509 1679717
500 1679722
495 1679734
505 1679755
499 1679757
519 1679764
501 1679774
520 1679782
501 1679807
512 1679807
501 1679825
509 1679827
508 1679837
518 1679856
525 1679856
510 1679862
517 1679886
539 1679886
541 1679918
479 1679920
468 1679922
532 1679948
518 1679950
529 1679955
508 1679955
503 1679964
505 1679980
511 1680025
513 1680025
518 1680027
497 1680027
509 1680029
510 1680033
510 1680043
496 1680052
504 1680064
515 1680072
505 1680093
506 1680102
517 1680114
513 1680123
505 1680134
510 1680142
507 1680154
508 1680162
501 1680195
507 1680223
511 1680226
509 1680226
514 1680228
510 1680228
521 1680232
504 1680244
502 1680252
504 1680264
503 1680272
510 1680284
503 1680305
506 1680307
507 1680314
508 1680324
508 1680332
508 1680356
509 1680356
506 1680362
508 1680386
506 1680386
515 1680392
505 1680404
503 1680412
508 1680423
506 1680459
507 1680476
506 1680477
511 1680477
507 1680477
507 1680484
503 1680636
507 1680637
506 1680637
512 1680637
510 1680637
504 1680637
512 1680641
505 1680641
516 1680641
509 1680641
507 1680641
511 1680641
509 1680642
504 1680642
507 1680642
500 1680644
505 1680654
512 1680664
507 1680672
509 1680684
507 1680692
516 1680703
512 1680711
504 1680723
508 1680731
508 1680744
501 1680765
516 1680767
518 1680774
501 1680792
510 1680793
510 1680802
511 1680814
510 1680832
499 1680844
509 1680852
512 1680864
512 1680885
504 1680887
511 1680894
491 1680904
496 1680912
529 1680936
518 1680936
504 1680968
510 1681004
505 1681004
507 1681004
510 1681004
509 1681004
507 1681004
505 1681014
502 1681024
507 1681032
499 1681056
513 1681056
507 1681062
524 1681074
508 1681082
496 1681106
505 1681106
509 1681112
513 1681124
511 1681144
507 1681146
508 1681154
505 1681164
509 1681172
509 1681183
507 1681192
507 1681204
513 1681224
510 1681227
508 1681233
502 1681243
508 1681251
514 1681263
510 1681285
505 1681287
507 1681294
511 1681317
510 1681317
505 1681322
509 1681334
508 1681342
508 1681354
507 1681362
511 1681374
504 1681423
505 1681425
508 1681427
508 1681427
504 1681427
512 1681431
510 1681443
507 1681452
506 1681488
510 1681491
509 1681501
510 1681501
509 1681503
507 1681511
507 1681523
508 1681531
502 1681544
504 1681552
509 1681587
493 1681587
513 1681617
507 1681620
503 1681625
510 1681625
506 1681634
510 1681642
507 1681654
508 1681674
507 1681677
510 1681684
508 1681706
513 1681706
525 1681722
511 1681736
505 1681736
509 1681742
503 1681766
507 1681766
508 1681772
506 1681784
509 1681792
510 1681804
507 1681812
513 1681836
510 1681836
507 1681854
510 1681856
510 1681863
504 1681873
521 1681881
496 1681893
507 1681902
516 1681913
508 1681922
510 1681960
505 1681962
505 1681964
508 1681964
505 1681986
509 1681986
506 1681994
508 1682002
511 1682014
506 1682075
509 1682077
506 1682085
509 1682085
508 1682085
501 1682085
508 1682085
511 1682092
507 1682104
507 1682125
508 1682127
509 1682159
509 1682159
507 1682165
509 1682165
508 1682172
510 1682184
507 1682205
508 1682208
507 1682239
508 1682239
506 1682242
507 1682256
508 1682256
508 1682276
509 1682276
505 1682346
507 1682348
511 1682350
509 1682352
507 1682352
506 1682352
505 1682364
509 1682374
509 1682377
509 1682384
508 1682393
506 1682414
513 1682417
510 1682449
503 1682453
506 1682453
511 1682458
510 1682463
507 1682543
511 1682546
505 1682546
516 1682546
506 1682554
501 1682554
509 1682556
504 1682556
500 1682556
511 1682576
500 1682576
511 1682584
505 1682605
511 1682607
508 1682626
513 1682626
506 1682646
505 1682646
504 1682652
502 1682676
505 1682676
508 1682694
509 1682697
507 1682729
504 1682733
509 1682733
506 1682735
509 1682744
508 1682751
505 1682803
503 1682803
507 1682805
512 1682806
510 1682828
512 1682830
509 1682835
510 1682835
511 1682842
506 1682853
508 1682862
512 1682874
509 1682895
509 1682897
508 1682904
508 1682926
510 1682926
506 1682968
510 1682979
507 1682979
510 1683016
507 1683018
510 1683020
512 1683021
510 1683023
498 1683023
500 1683052
509 1683052
503 1683054
498 1683066
513 1683094
512 1683108
505 1683113
505 1683113
507 1683115
510 1683123
509 1683132
509 1683144
506 1683164
506 1683189
509 1683192
510 1683194
506 1683194
508 1683203
510 1683213
508 1683222
508 1683234
509 1683243
507 1683254
508 1683273
508 1683286
509 1683286
512 1683292
507 1683303
511 1683312
506 1683323
510 1683332
510 1683344
510 1683352
509 1683388
508 1683391
510 1683394
510 1683394
507 1683404
505 1683414
507 1683422
509 1683433
507 1683442
509 1683454
508 1683462
509 1683473
507 1683482
510 1683493
506 1683502
509 1683538
508 1683541
498 1683541
513 1683556
505 1683556
523 1683562
514 1683574
502 1683595
495 1683597
512 1683616
504 1683617
505 1683623
516 1683632
498 1683643
508 1683652
508 1683663
508 1683672
508 1683694
507 1683745
507 1683747
510 1683748
511 1683750
507 1683751
510 1683770
508 1683770
507 1683772
510 1683786
499 1683786
507 1683803
512 1683812
507 1683824
506 1683832
510 1683856
506 1683856
504 1683862
509 1683905
503 1683924
512 1683926
508 1683926
510 1683928
507 1683928
509 1683932
509 1683944
509 1683992
509 1683994
509 1683994
513 1683996
509 1684005
510 1684007
500 1684015
501 1684024
511 1684032
504 1684044
509 1684052
502 1684075
505 1684114
509 1684116
503 1684116
500 1684118
514 1684118
510 1684122
513 1684133
509 1684155
512 1684157
508 1684165
510 1684173
505 1684182
512 1684206
495 1684206
499 1684212
533 1684290
514 1684291
493 1684291
495 1684329
504 1684330
521 1684332
507 1684333
517 1684335
510 1684335
507 1684347
512 1684347
505 1684383
500 1684414
508 1684488
508 1684491
507 1684491
507 1684493
508 1684494
509 1684496
510 1684516
508 1684516
506 1684576
505 1684595
507 1684597
509 1684597
508 1684599
508 1684601
510 1684648
510 1684650
-1195 1684664
508 1684665
507 1684665
509 1684667
507 1684667
508 1684667
506 1684669
509 1684671
511 1684673
507 1684700
505 1684702
508 1684702
511 1684702
509 1684768
507 1684768
506 1684770
507 1684772
507 1684772
507 1684774
513 1684798
504 1684823
511 1684823
506 1684852
509 1684898
510 1684898
508 1684898
507 1684901
506 1684901
506 1684924
510 1684926
510 1684928
510 1684973
508 1684973
507 1684976
507 1684976
507 1684976
509 1684977
508 1684977
507 1684977
509 1684977
510 1685037
508 1685037
510 1685039
506 1685041
511 1685043
510 1685043
504 1685092
510 1685137
513 1685137
513 1685137
505 1685139
506 1685141
501 1685143
510 1685143
504 1685145
501 1685145
510 1685240
510 1685242
509 1685242
510 1685265
506 1685265
505 1685274
508 1685274
508 1685274
504 1685275
504 1685325
509 1685327
508 1685329
505 1685353
509 1685353
507 1685354
511 1685354
22012 1685451
509 1685473
510 1685473
507 1685474
508 1685474
505 1685474
511 1685474
509 1685474
507 1685474
507 1685475
508 1685475
510 1685506
508 1685508
506 1685530
508 1685531
507 1685531
507 1685531
508 1685531
509 1685531
506 1685534
507 1685537
510 1685572
509 1685573
508 1685573
508 1685586
510 1685586
507 1685591
507 1685604
508 1685682
510 1685715
508 1685715
505 1685717
507 1685717
510 1685717
509 1685719
505 1685721
509 1685723
507 1685778
507 1685793
510 1685793
507 1685793
506 1685794
508 1685794
506 1685794
508 1685794
507 1685808
508 1685810
509 1685812
510 1685834
507 1685875
505 1685875
509 1685877
509 1685877
507 1685879
510 1685896
507 1685896
507 1685904
509 1685981
507 1685982
506 1685984
508 1685984
510 1685997
508 1686008
508 1686008
508 1686009
512 1686009
512 1686037
508 1686037
509 1686053
505 1686080
514 1686080
515 1686082
505 1686264
510 1686477
507 1686478
516 1686511
505 1686513
516 1686513
502 1686514
505 1686523
511 1686523
513 1686524
504 1686524
506 1686620
508 1686622
511 1686622
506 1686623
506 1686625
507 1686625
508 1686625
509 1686631
508 1686631
508 1686632
509 1686632
509 1686643
511 1686777
517 1686777
512 1686778
534 1686783
491 1686783
497 1686783
508 1686784
500 1686784
516 1686785
512 1686785
504 1686795
22012 1686795
506 1686795
503 1686796
503 1686796
504 1686796
525 1686803
511 1686814
513 1686822
507 1686858
518 1686860
507 1686864
508 1686864
520 1686872
506 1686883
503 1686892
503 1686904
509 1686912
511 1686924
505 1686932
508 1686954
509 1686965
511 1686966
509 1686974
508 1686984
508 1686992
510 1687003
504 1687025
509 1687026
510 1687034
509 1687043
508 1687052
509 1687076
509 1687076
494 1687082
507 1687094
508 1687115
512 1687117
495 1687124
509 1687159
508 1687162
516 1687164
518 1687165
507 1687172
509 1687183
514 1687192
511 1687229
507 1687232
505 1687235
504 1687235
507 1687243
509 1687253
508 1687262
508 1687273
500 1687294
557 1687297
470 1687316
428 1687316
514 1687323
507 1687333
506 1687344
508 1687352
510 1687364
506 1687372
511 1687383
509 1687392
507 1687416
506 1687416
507 1687421
507 1687433
506 1687441
505 1687454
508 1687462
511 1687474
504 1687495
508 1687497
506 1687515
502 1687524
506 1687532
507 1687544
507 1687562
507 1687589
508 1687589
511 1687592
506 1687595
505 1687603
506 1687614
505 1687622
507 1687633
507 1687642
505 1687654
510 1687687
507 1687689
507 1687691
507 1687704
508 1687706
506 1687713
509 1687723
506 1687731
507 1687743
509 1687764
508 1687766
506 1687774
509 1687782
505 1687794
504 1687814
505 1687816
508 1687823
508 1687833
508 1687854
510 1687856
507 1687874
507 1687916
506 1687916
508 1687918
508 1687918
509 1687922
508 1687935
505 1687937
509 1687981
507 1687986
505 1687986
507 1687988
510 1687988
506 1687994
507 1688002
508 1688014
508 1688022
509 1688034
511 1688063
506 1688079
507 1688079
508 1688082
509 1688085
508 1688094
508 1688104
510 1688113
509 1688124
509 1688132
508 1688167
508 1688167
509 1688175
509 1688177
507 1688184
509 1688194
508 1688202
507 1688214
507 1688234
507 1688236
505 1688254
509 1688263
506 1688271
509 1688283
508 1688304
508 1688306
509 1688313
508 1688336
508 1688336
506 1688341
507 1688366
508 1688366
509 1688372
508 1688384
507 1688392
508 1688404
508 1688412
508 1688449
506 1688452
505 1688454
507 1688456
507 1688463
510 1688474
509 1688482
510 1688548
509 1688553
510 1688555
506 1688555
507 1688557
510 1688557
508 1688559
507 1688564
509 1688572
508 1688584
508 1688592
510 1688604
507 1688622
507 1688636
508 1688636
510 1688641
507 1688653
508 1688674
509 1688677
508 1688684
509 1688706
508 1688706
507 1688713
508 1688736
505 1688736
507 1688742
507 1688753
507 1688806
509 1688807
511 1688826
508 1688826
508 1688828
506 1688828
508 1688830
509 1688832
506 1688843
509 1688852
508 1688864
508 1688872
507 1688896
507 1688896
510 1688902
506 1688913
511 1688922
508 1688933
507 1688943
510 1688954
495 1688963
510 1688994
520 1689003
506 1689016
516 1689017
504 1689022
503 1689046
504 1689046
510 1689052
501 1689063
512 1689072
508 1689084
504 1689092
509 1689103
509 1689112
506 1689134
508 1689145
513 1689146
510 1689176
507 1689189
509 1689191
517 1689193
512 1689195
502 1689202
514 1689214
510 1689222
507 1689233
509 1689242
503 1689253
504 1689262
508 1689273
506 1689282
510 1689293
511 1689314
495 1689316
509 1689336
514 1689336
507 1689343
510 1689352
509 1689364
504 1689372
516 1689383
501 1689393
504 1689404
504 1689412
509 1689423
512 1689432
507 1689444
505 1689465
504 1689466
509 1689474
512 1689483
501 1689492
502 1689503
501 1689524
508 1689526
509 1689534
508 1689543
506 1689552
511 1689564
509 1689576
508 1689584
510 1689604
509 1689607
510 1689615
502 1689623
505 1689632
503 1689644
508 1689652
510 1689663
508 1689682
506 1689695
506 1689695
508 1689714
507 1689716
507 1689723
508 1689756
506 1689756
508 1689762
505 1689773
512 1689782
503 1689794
505 1689814
508 1689816
507 1689849
506 1689849
510 1689854
507 1689854
512 1689862
509 1689873
508 1689882
509 1689894
509 1689902
507 1689914
504 1689922
509 1689945
505 1689945
508 1689952
508 1689964
509 1689972
508 1689994
510 1690013
507 1690029
506 1690029
507 1690031
507 1690046
510 1690046
508 1690052
507 1690064
509 1690072
507 1690095
507 1690095
505 1690114
508 1690116
509 1690123
509 1690133
509 1690142
501 1690153
508 1690174
510 1690176
509 1690196
508 1690196
507 1690203
509 1690212
506 1690223
508 1690231
507 1690243
507 1690272
511 1690285
508 1690298
510 1690304
508 1690304
507 1690304
504 1690312
504 1690324
506 1690332
507 1690355
508 1690364
508 1690367
506 1690373
505 1690409
511 1690411
510 1690413
508 1690415
511 1690421
507 1690433
509 1690441
510 1690465
506 1690465
508 1690471
507 1690493
508 1690514
510 1690517
509 1690525
509 1690577
508 1690577
511 1690585
509 1690587
504 1690598
507 1690598
507 1690604
505 1690604
507 1690611
508 1690636
509 1690636
509 1690667
507 1690670
507 1690674
507 1690674
507 1690684
507 1690692
506 1690704
508 1690712
508 1690723
510 1690731
506 1690744
507 1690752
507 1690764
507 1690785
511 1690787
508 1690795
510 1690804
508 1690812
510 1690850
508 1690852
508 1690854
506 1690854
510 1690863
505 1690887
508 1690887
509 1690891
506 1690945
508 1690945
508 1690950
508 1690950
505 1690950
509 1690953
506 1690963
509 1690973
509 1690994
508 1690996
507 1691044
510 1691044
505 1691046
507 1691046
507 1691054
507 1691054
507 1691064
505 1691071
508 1691095
511 1691105
507 1691107
507 1691115
506 1691124
506 1691132
506 1691145
509 1691152
507 1691164
507 1691182
508 1691223
510 1691223
507 1691225
509 1691225
507 1691234
506 1691254
507 1691257
509 1691263
507 1691274
509 1691308
511 1691313
508 1691313
507 1691315
506 1691323
509 1691331
506 1691343
507 1691352
509 1691388
507 1691391
510 1691393
508 1691395
509 1691414
507 1691416
508 1691423
503 1691433
510 1691441
509 1691453
508 1691461
509 1691500
509 1691502
510 1691504
507 1691506
512 1691524
508 1691527
505 1691534
507 1691569
500 1691569
511 1691572
509 1691575
505 1691584
508 1691594
505 1691609
510 1691613
506 1691622
510 1691633
507 1691654
506 1691657
508 1691705
502 1691715
519 1691715
512 1691717
493 1691717
493 1691717
479 1691723
523 1691733
509 1691742
497 1691765
507 1691772
500 1691785
498 1691792
521 1691807
502 1691807
514 1691825
506 1691827
507 1691865
529 1691885
485 1691885
527 1691887
485 1691887
505 1691889
513 1691893
513 1691903
504 1691924
486 1691927
497 1691944
499 1691979
502 1691981
512 1691984
512 1691984
505 1691993
511 1692003
508 1692024
510 1692026
515 1692059
516 1692059
507 1692071
494 1692071
512 1692073
512 1692084
510 1692092
496 1692104
503 1692112
517 1692124
517 1692144
511 1692146
506 1692154
504 1692164
524 1692172
519 1692184
511 1692192
504 1692204
507 1692232
506 1692249
504 1692251
503 1692251
501 1692266
494 1692266
494 1692298
507 1692300
509 1692302
504 1692314
506 1692316
515 1692326
503 1692333
507 1692341
510 1692353
506 1692362
509 1692386
503 1692386
508 1692391
512 1692403
500 1692411
505 1692423
511 1692432
507 1692443
505 1692451
509 1692463
508 1692492
502 1692509
507 1692511
509 1692513
511 1692515
506 1692522
505 1692534
508 1692542
510 1692554
510 1692562
511 1692608
511 1692608
511 1692617
509 1692619
506 1692624
510 1692624
509 1692634
512 1692642
508 1692653
504 1692684
507 1692687
516 1692706
509 1692707
508 1692713
511 1692722
510 1692734
510 1692742
512 1692754
506 1692787
506 1692791
510 1692791
511 1692804
502 1692807
504 1692813
505 1692824
509 1692832
509 1692844
506 1692877
509 1692883
516 1692883
507 1692885
506 1692906
505 1692906
506 1692911
509 1692936
511 1692936
503 1692941
509 1692953
511 1692961
505 1692999
505 1693007
505 1693007
505 1693007
508 1693013
505 1693021
508 1693033
508 1693054
506 1693056
507 1693063
508 1693086
507 1693086
506 1693092
504 1693104
506 1693112
509 1693124
504 1693158
514 1693161
511 1693163
509 1693173
503 1693199
510 1693199
508 1693203
507 1693205
507 1693226
510 1693226
510 1693259
508 1693262
508 1693264
505 1693264
512 1693299
510 1693303
509 1693303
510 1693305
507 1693326
511 1693326
509 1693358
508 1693361
507 1693363
508 1693374
509 1693376
507 1693385
510 1693443
505 1693443
508 1693445
510 1693445
507 1693456
505 1693456
510 1693461
507 1693473
505 1693482
509 1693493
507 1693528
506 1693534
511 1693534
505 1693534
506 1693542
507 1693554
508 1693562
507 1693599
509 1693601
508 1693604
509 1693604
509 1693613
508 1693623
505 1693632
507 1693655
509 1693655
508 1693661
508 1693673
508 1693681
510 1693736
509 1693736
508 1693736
504 1693738
507 1693738
511 1693744
515 1693752
518 1693776
517 1693776
484 1693782
498 1693806
501 1693806
500 1693812
518 1693824
519 1693832
513 1693844
509 1693852
511 1693890
503 1693892
505 1693895
508 1693895
506 1693916
504 1693917
508 1693923
507 1693932
511 1693943
506 1693964
508 1693967
510 1693999
509 1694003
507 1694003
507 1694011
508 1694012
509 1694023
507 1694062
506 1694083
513 1694083
506 1694086
507 1694086
501 1694096
506 1694096
506 1694101
517 1694114
505 1694160
522 1694162
510 1694162
509 1694192
505 1694192
506 1694194
506 1694194
509 1694203
506 1694213
506 1694246
506 1694250
506 1694253
510 1694266
509 1694266
509 1694271
508 1694283
509 1694292
505 1694304
505 1694312
506 1694324
504 1694332
509 1694344
507 1694365
507 1694367
506 1694374
507 1694384
506 1694392
508 1694404
506 1694412
507 1694436
506 1694436
509 1694467
510 1694482
508 1694483
506 1694483
509 1694483
509 1694492
507 1694517
508 1694517
507 1694535
506 1694537
509 1694544
506 1694554
505 1694562
509 1694574
508 1694582
506 1694606
507 1694606
507 1694611
507 1694636
510 1694636
508 1694654
505 1694656
505 1694664
507 1694673
509 1694681
509 1694693
508 1694715
508 1694717
510 1694732
508 1694732
508 1694744
507 1694752
510 1694764
510 1694772
512 1694825
513 1694825
510 1694827
502 1694827
497 1694829
520 1694833
516 1694844
497 1694852
509 1694864
511 1694872
504 1694884
509 1694892
510 1694903
506 1694922
509 1694933
508 1694941
506 1694953
509 1694975
509 1694975
508 1695009
507 1695011
506 1695013
511 1695015
510 1695021
507 1695033
510 1695041
504 1695054
510 1695062
503 1695074
510 1695082
507 1695119
511 1695122
503 1695124
514 1695124
510 1695217
513 1695217
512 1695219
512 1695221
510 1695221
509 1695225
508 1695226
507 1695226
508 1695226
507 1695236
509 1695236
509 1695241
508 1695279
507 1695281
507 1695281
508 1695296
509 1695296
506 1695305
507 1695326
508 1695326
507 1695331
506 1695343
508 1695362
508 1695375
518 1695375
510 1695393
514 1695396
511 1695404
501 1695414
485 1695432
531 1695458
481 1695460
512 1695463
496 1695463
522 1695475
500 1695483
504 1695491
511 1695503
505 1695532
508 1695565
506 1695565
509 1695567
507 1695567
509 1695568
510 1695573
514 1695582
507 1695593
502 1695601
495 1695613
498 1695661
498 1695663
504 1695665
515 1695665
523 1695684
524 1695686
519 1695693
514 1695703
510 1695711
503 1695723
503 1695731
507 1695743
512 1695752
510 1695763
507 1695771
505 1695796
502 1695796
511 1695812
507 1695838
507 1695840
507 1695841
504 1695856
503 1695856
509 1695862
510 1695914
509 1695914
507 1695931
510 1695931
506 1695931
509 1695949
506 1695952
509 1695954
508 1695955
508 1695962
508 1695973
504 1696008
510 1696013
508 1696013
507 1696015
506 1696036
505 1696036
517 1696042
512 1696066
507 1696066
516 1696076
510 1696083
508 1696092
506 1696115
507 1696115
511 1696122
514 1696133
512 1696142
510 1696164
506 1696174
508 1696176
504 1696183
511 1696218
509 1696221
507 1696224
509 1696224
514 1696232
502 1696243
515 1696264
504 1696266
507 1696295
504 1696296
516 1696303
505 1696312
507 1696323
509 1696332
507 1696356
502 1696356
512 1696362
506 1696427
505 1696427
512 1696429
511 1696433
507 1696433
509 1696435
505 1696435
500 1696468
512 1696469
505 1696471
509 1696485
510 1696485
524 1696506
506 1696506
508 1696536
507 1696538
505 1696544
508 1696544
516 1696595
517 1696595
490 1696597
515 1696597
527 1696599
508 1696616
498 1696616
507 1696623
519 1696632
500 1696668
503 1696671
508 1696672
502 1696674
511 1696682
509 1696718
506 1696719
508 1696723
508 1696723
505 1696731
509 1696743
509 1696752
508 1696763
510 1696778
507 1696783
507 1696792
508 1696803
505 1696812
510 1696836
509 1696836
503 1696854
499 1696856
516 1696863
504 1696873
512 1696881
492 1696893
517 1696902
513 1696913
506 1696963
497 1696965
517 1696965
502 1696967
515 1696967
486 1696998
495 1697001
515 1697001
505 1697027
510 1697029
505 1697033
501 1697060
503 1697062
513 1697064
511 1697064
510 1697094
506 1697147
515 1697149
509 1697150
508 1697152
515 1697152
511 1697153
508 1697164
507 1697216
502 1697220
510 1697275
504 1697276
506 1697277
528 1697277
498 1697281
485 1697283
533 1697294
540 1697339
493 1697340
501 1697342
505 1697342
499 1697343
510 1697345
517 1697345
503 1697346
517 1697346
513 1697358
508 1697365
509 1697365
504 1697446
509 1697448
507 1697456
505 1697456
507 1697457
508 1697457
507 1697459
505 1697461
506 1697461
507 1697553
508 1697555
507 1697557
508 1697557
509 1697557
510 1697559
507 1697561
507 1697581
507 1697583
508 1697583
507 1697585
508 1697585
510 1697608
510 1697610
510 1697612
508 1697624
507 1697627
506 1697644
509 1697703
508 1697743
508 1697745
510 1697745
509 1697747
511 1697749
510 1697749
508 1697751
507 1697751
510 1697751
510 1697782
508 1697782
506 1697783
510 1697785
514 1697795
506 1697795
503 1697803
512 1697821
508 1697833
507 1697912
511 1697915
510 1697915
508 1697917
510 1697917
508 1697919
507 1697923
508 1697923
510 1697925
497 1697944
505 1698010
501 1698012
510 1698012
521 1698014
502 1698014
501 1698018
508 1698018
516 1698023
502 1698034
507 1698036
510 1698078
514 1698078
505 1698080
512 1698095
509 1698095
505 1698095
508 1698103
506 1698111
507 1698170
509 1698172
505 1698174
509 1698176
515 1698195
505 1698197
507 1698297
515 1698297
507 1698299
502 1698303
508 1698303
509 1698313
508 1698313
506 1698313
507 1698314
508 1698314
504 1698320
511 1698323
507 1698323
508 1698323
511 1698344
515 1698346
513 1698365
508 1698374
511 1698376
500 1698376
512 1698381
511 1698405
513 1698405
514 1698411
510 1698449
508 1698451
507 1698451
506 1698464
509 1698473
508 1698476
507 1698523
507 1698523
504 1698525
507 1698525
508 1698536
511 1698536
508 1698544
502 1698562
506 1698625
510 1698625
506 1698636
506 1698636
508 1698636
509 1698636
511 1698637
509 1698643
501 1698676
510 1698679
508 1698681
509 1698743
508 1698746
507 1698746
510 1698748
508 1698750
512 1698776
509 1698776
506 1698776
508 1698872
510 1698937
515 1698940
506 1698940
512 1698942
491 1698942
506 1698943
505 1698945
500 1698945
492 1698953
506 1699023
510 1699023
509 1699023
508 1699025
512 1699173
510 1699198
505 1699199
506 1699201
507 1699202
508 1699204
507 1699204
508 1699205
512 1699222
510 1699222
512 1699224
503 1699224
508 1699295
509 1699295
508 1699297
510 1699297
509 1699320
509 1699321
510 1699321
509 1699323
510 1699323
512 1699325
513 1699325
506 1699406
509 1699406
506 1699408
511 1699408
509 1699408
509 1699408
507 1699410
509 1699411
511 1699413
510 1699413
504 1699415
509 1699416
507 1699417
507 1699495
507 1699495
511 1699497
503 1699497
506 1699499
505 1699499
506 1699606
506 1699606
511 1699608
511 1699611
493 1699611
503 1699612
504 1699613
513 1699614
497 1699615
498 1699615
511 1699617
512 1699617
502 1699624
492 1699674
491 1699676
525 1699676
521 1699676
480 1699678
493 1699679
501 1699684
515 1699684
506 1699687
505 1699687
503 1699687
504 1699701
503 1699702
506 1699702
507 1699702
506 1699704
512 1699712
507 1699735
508 1699736
508 1699741
506 1699753
505 1699761
511 1699773
506 1699781
510 1699793
507 1699801
505 1699813
523 1699821
491 1699845
486 1699845
491 1699852
511 1699863
508 1699872
503 1699883
506 1699904
505 1699906
509 1699913
510 1699923
506 1699931
507 1699943
506 1699952
510 1699963
508 1699971
512 1699983
505 1700004
507 1700006
511 1700026
508 1700027
508 1700040
511 1700042
507 1700053
507 1700088
514 1700093
507 1700094
538 1700095
515 1700105
497 1700113
507 1700123
504 1700143
510 1700152
532 1700169
504 1700172
493 1700183
497 1700192
504 1700203
504 1700212
507 1700223
512 1700231
508 1700243
512 1700251
510 1700263
497 1700271
484 1700283
653 1700291
499 1700304
497 1700312
538 1700324
532 1700333
508 1700363
501 1700364
511 1700375
511 1700375
511 1700381
507 1700393
464 1700401
511 1700413
505 1700421
508 1700434
509 1700441
513 1700454
521 1700463
530 1700486
513 1700486
523 1700492
516 1700504
507 1700511
510 1700536
506 1700536
510 1700554
508 1700557
506 1700563
510 1700586
511 1700586
510 1700591
508 1700605
505 1700636
505 1700639
496 1700641
504 1700654
507 1700656
509 1700663
508 1700684
509 1700694
510 1700696
509 1700715
506 1700715
506 1700735
511 1700735
512 1700741
505 1700753
515 1700761
503 1700773
504 1700781
508 1700833
512 1700833
511 1700835
506 1700835
505 1700846
525 1700846
498 1700864
511 1700866
503 1700873
509 1700906
509 1700906
504 1700924
532 1700926
517 1700933
511 1700943
504 1700951
521 1700963
499 1700971
507 1700984
512 1700992
510 1701028
521 1701028
512 1701031
507 1701034
511 1701043
506 1701054
507 1701062
508 1701074
509 1701082
510 1701108
506 1701108
510 1701111
509 1701123
507 1701132
507 1701143
506 1701152
506 1701184
511 1701213
509 1701215
503 1701215
510 1701217
508 1701217
509 1701221
512 1701233
508 1701241
508 1701254
509 1701274
509 1701276
510 1701296
503 1701296
505 1701316
510 1701316
520 1701321
504 1701333
515 1701342
507 1701353
500 1701375
517 1701375
503 1701395
509 1701395
508 1701401
512 1701413
512 1701421
507 1701434
506 1701442
508 1701454
506 1701475
508 1701477
508 1701484
506 1701494
507 1701502
512 1701514
509 1701522
510 1701534
508 1701542
507 1701554
512 1701574
506 1701576
505 1701591
514 1701593
516 1701604
500 1701623
499 1701632
495 1701643
515 1701652
504 1701675
500 1701675
526 1701684
521 1701694
496 1701702
513 1701714
497 1701722
503 1701734
505 1701742
506 1701754
521 1701774
504 1701777
509 1701784
514 1701793
487 1701802
514 1701813
500 1701822
505 1701846
501 1701846
499 1701852
502 1701863
502 1701872
510 1701883
508 1701892
498 1701903
512 1701912
513 1701923
508 1701955
512 1701957
510 1701972
504 1701987
516 1701987
507 1701989
505 1701994
514 1702003
501 1702012
516 1702023
507 1702032
507 1702043
524 1702052
503 1702063
497 1702072
514 1702083
506 1702092
503 1702129
507 1702130
508 1702131
513 1702145
491 1702146
500 1702151
509 1702163
509 1702171
498 1702183
503 1702192
494 1702215
517 1702215
490 1702221
508 1702233
504 1702241
506 1702253
513 1702261
504 1702288
512 1702294
510 1702296
510 1702315
511 1702316
509 1702323
508 1702331
508 1702355
512 1702356
509 1702393
507 1702403
505 1702433
501 1702435
507 1702436
507 1702436
503 1702438
497 1702443
504 1702452
501 1702463
505 1702471
502 1702483
514 1702504
510 1702506
526 1702513
505 1702523
509 1702531
507 1702543
509 1702564
507 1702566
510 1702599
506 1702603
507 1702603
502 1702605
504 1702613
511 1702622
500 1702633
508 1702654
500 1702656
511 1702663
505 1702699
509 1702701
511 1702703
510 1702704
511 1702711
505 1702723
497 1702732
506 1702784
515 1702806
511 1702807
511 1702809
506 1702812
502 1702835
509 1702835
510 1702836
507 1702836
509 1702836
507 1702843
508 1702873
506 1702875
514 1702875
494 1702883
479 1702891
534 1702904
501 1702911
507 1702923
516 1702931
463 1702969
497 1702971
515 1702973
506 1702973
489 1702983
508 1702992
510 1703003
509 1703011
508 1703023
505 1703032
507 1703043
511 1703052
510 1703063
505 1703072
508 1703083
508 1703091
507 1703113
502 1703122
502 1703146
510 1703146
516 1703164
515 1703166
511 1703180
516 1703182
512 1703194
505 1703216
501 1703216
508 1703247
510 1703253
516 1703253
502 1703255
505 1703263
512 1703271
520 1703296
516 1703296
501 1703301
516 1703313
496 1703321
481 1703346
489 1703346
514 1703351
510 1703363
508 1703371
509 1703408
506 1703408
505 1703410
507 1703439
505 1703441
510 1703443
508 1703445
508 1703451
509 1703463
503 1703471
508 1703483
503 1703491
507 1703515
503 1703515
502 1703521
505 1703534
514 1703542
518 1703566
501 1703566
507 1703584
518 1703587
507 1703618
512 1703623
520 1703623
504 1703625
504 1703633
506 1703641
506 1703695
512 1703695
507 1703695
500 1703697
515 1703697
507 1703714
510 1703723
504 1703744
511 1703745
504 1703745
505 1703752
495 1703776
498 1703776
509 1703782
508 1703793
510 1703802
505 1703813
508 1703822
509 1703833
508 1703852
508 1703876
510 1703876
506 1703881
510 1703893
510 1703901
510 1703913
508 1703921
510 1703933
509 1703983
505 1703986
506 1703986
507 1703988
507 1703995
507 1703996
506 1704003
509 1704012
508 1704056
505 1704056
505 1704082
509 1704084
509 1704084
506 1704093
511 1704112
510 1704114
515 1704116
507 1704116
509 1704121
505 1704145
507 1704145
509 1704151
509 1704163
504 1704171
507 1704183
506 1704192
507 1704203
508 1704236
504 1704238
501 1704243
517 1704243
510 1704252
491 1704261
515 1704273
526 1704281
478 1704305
519 1704305
537 1704324
529 1704326
526 1704333
526 1704355
524 1704355
512 1704361
508 1704372
509 1704393
508 1704396
509 1704403
508 1704424
511 1704434
505 1704437
509 1704454
508 1704466
509 1704466
508 1704473
511 1704484
507 1704546
506 1704548
509 1704553
506 1704553
508 1704553
503 1704556
509 1704556
509 1704573
509 1704583
509 1704604
504 1704606
508 1704639
508 1704643
508 1704643
509 1704645
509 1704653
508 1704672
508 1704684
506 1704691
504 1704704
508 1704731
506 1704752
505 1704752
509 1704754
506 1704754
509 1704765
507 1704765
507 1704771
510 1704825
505 1704825
510 1704827
511 1704827
508 1704829
509 1704833
506 1704844
508 1704851
508 1704876
508 1704876
508 1704881
506 1704906
508 1704906
507 1704911
506 1704948
508 1704950
510 1704950
509 1704974
505 1705015
510 1705017
508 1705019
505 1705021
507 1705023
507 1705025
506 1705025
509 1705031
509 1705063
509 1705092
508 1705095
507 1705095
510 1705097
506 1705097
509 1705101
507 1705112
508 1705152
510 1705173
507 1705173
504 1705175
507 1705176
507 1705219
508 1705219
508 1705219
509 1705219
508 1705219
510 1705234
508 1705236
509 1705243
510 1705253
507 1705261
510 1705286
507 1705286
510 1705291
507 1705303
509 1705378
506 1705379
506 1705411
507 1705411
509 1705411
509 1705411
508 1705411
506 1705412
505 1705414
509 1705471
507 1705471
506 1705471
508 1705471
504 1705471
509 1705471
507 1705490
510 1705493
512 1705493
511 1705503
508 1705539
506 1705542
505 1705542
507 1705544
506 1705553
507 1705573
506 1705584
508 1705585
510 1705613
513 1705667
511 1705676
511 1705676
510 1705678
504 1705678
509 1705683
507 1705683
509 1705697
505 1705697
509 1705698
509 1705716
510 1705716
504 1705734
504 1705736
507 1705743
508 1705753
506 1705799
508 1705801
510 1705801
505 1705819
509 1705822
510 1705824
504 1705824
501 1705844
507 1705846
513 1705853
515 1705875
507 1705875
527 1705881
499 1705893
512 1705901
498 1705954
510 1705954
515 1705956
502 1705956
510 1705958
504 1705965
509 1705992
508 1706009
517 1706009
511 1706011
512 1706024
507 1706032
508 1706056
505 1706057
511 1706061
513 1706085
509 1706085
498 1706091
509 1706103
516 1706124
490 1706126
524 1706133
487 1706143
511 1706172
520 1706217
502 1706217
512 1706220
504 1706222
511 1706231
503 1706231
508 1706231
509 1706233
507 1706243
509 1706276
505 1706279
506 1706281
509 1706294
509 1706296
502 1706303
504 1706313
520 1706321
521 1706333
495 1706341
496 1706353
498 1706386
515 1706388
509 1706393
506 1706393
510 1706402
510 1706412
511 1706423
506 1706444
506 1706446
508 1706453
507 1706488
504 1706490
513 1706493
512 1706495
522 1706501
516 1706526
521 1706526
491 1706531
525 1706543
507 1706551
503 1706589
506 1706591
509 1706593
506 1706595
511 1706601
511 1706665
505 1706665
503 1706667
503 1706667
506 1706669
507 1706674
507 1706684
511 1706702
511 1706719
507 1706719
511 1706721
502 1706747
507 1706749
516 1706749
507 1706764
510 1706774
509 1706776
507 1706796
510 1706796
510 1706813
508 1706821
508 1706846
513 1706846
508 1706851
508 1706863
509 1706871
507 1706896
508 1706896
505 1706924
505 1706926
512 1706950
506 1706952
504 1706954
509 1706954
507 1706961
507 1706973
507 1707049
507 1707057
507 1707057
509 1707060
510 1707067
510 1707067
510 1707067
507 1707067
506 1707067
505 1707073
510 1707095
505 1707095
508 1707101
509 1707140
507 1707142
511 1707142
509 1707145
508 1707163
505 1707183
507 1707192
514 1707237
510 1707237
501 1707239
522 1707242
508 1707244
508 1707244
499 1707246
496 1707265
505 1707266
504 1707272
506 1707284
504 1707291
514 1707316
496 1707316
498 1707322
511 1707333
511 1707341
518 1707364
506 1707374
507 1707376
508 1707383
514 1707442
508 1707442
510 1707444
510 1707444
506 1707497
512 1707497
510 1707497
508 1707497
506 1707500
506 1707510
506 1707510
504 1707524
497 1707526
506 1707533
506 1707586
506 1707586
513 1707603
507 1707606
513 1707606
513 1707612
505 1707612
501 1707624
508 1707644
510 1707646
506 1707683
506 1707683
502 1707685
507 1707685
502 1707700
509 1707700
507 1707704
508 1707724
506 1707726
504 1707733
507 1707756
508 1707756
508 1707788
506 1707793
507 1707793
501 1707795
510 1707804
507 1707824
514 1707826
508 1707833
508 1707843
508 1707876
507 1707878
505 1707883
508 1707883
509 1707893
510 1707901
509 1707913
508 1707921
509 1707933
508 1707941
501 1707966
504 1707966
506 1707971
500 1707983
511 1707991
508 1708013
502 1708082
509 1708084
509 1708084
506 1708086
508 1708086
516 1708088
508 1708090
503 1708092
506 1708121
505 1708139
510 1708141
505 1708141
510 1708157
508 1708159
510 1708163
509 1708163
510 1708171
506 1708182
511 1708202
506 1708216
510 1708216
502 1708221
505 1708233
508 1708242
506 1708253
509 1708260
510 1708272
504 1708281
503 1708328
512 1708331
507 1708333
506 1708335
504 1708342
506 1708353
508 1708374
502 1708376
502 1708385
515 1708391
515 1708403
519 1708423
494 1708426
508 1708444
511 1708453
506 1708474
510 1708477
506 1708514
508 1708514
508 1708516
505 1708516
512 1708518
508 1708520
508 1708533
505 1708542
508 1708565
508 1708565
507 1708623
506 1708625
507 1708625
508 1708627
506 1708630
508 1708632
507 1708645
506 1708645
509 1708652
510 1708661
509 1708683
507 1708706
507 1708713
506 1708713
510 1708715
504 1708748
506 1708750
509 1708750
511 1708764
507 1708787
506 1708793
507 1708793
507 1708795
511 1708816
509 1708816
507 1708834
509 1708835
509 1708844
509 1708875
503 1708875
506 1708877
507 1708882
509 1708891
510 1708936
511 1708936
507 1708947
508 1708949
512 1708951
512 1708993
505 1708995
507 1708995
512 1708997
509 1709000
509 1709001
508 1709013
507 1709035
509 1709044
522 1709064
512 1709065
511 1709073
517 1709083
509 1709091
499 1709103
507 1709111
506 1709135
508 1709135
510 1709152
509 1709165
506 1709165
506 1709171
505 1709183
509 1709217
505 1709221
508 1709221
511 1709234
508 1709236
508 1709243
510 1709265
507 1709265
508 1709271
505 1709283
507 1709291
509 1709315
508 1709315
504 1709332
516 1709353
512 1709383
508 1709384
511 1709386
501 1709386
505 1709387
502 1709392
509 1709412
513 1709436
503 1709436
508 1709444
507 1709445
508 1709454
509 1709462
507 1709471
508 1709482
509 1709504
509 1709506
506 1709513
507 1709523
505 1709544
508 1709546
519 1709554
517 1709573
489 1709584
510 1709585
525 1709596
499 1709602
512 1709622
503 1709646
500 1709646
499 1709651
520 1709666
505 1709666
513 1709671
508 1709683
504 1709691
507 1709703
510 1709711
509 1709723
511 1709755
508 1709757
508 1709765
505 1709765
511 1709783
503 1709804
506 1709805
511 1709813
508 1709823
506 1709832
507 1709855
509 1709856
505 1709916
509 1709917
509 1709919
506 1709922
505 1709923
507 1709925
509 1709925
507 1709932
509 1709943
507 1709976
505 1709978
506 1709983
504 1709983
508 1710005
506 1710006
507 1710011
508 1710102
508 1710102
507 1710104
503 1710104
509 1710106
500 1710106
493 1710121
516 1710121
506 1710123
499 1710123
512 1710286
513 1710294
510 1710295
510 1710296
505 1710296
508 1710297
492 1710444
515 1710444
515 1710446
513 1710446
514 1710448
518 1710450
497 1710454
511 1710454
511 1710456
504 1710456
513 1710457
509 1710459
507 1710535
508 1710535
506 1710537
510 1710539
509 1710541
509 1710559
507 1710561
507 1710561
509 1710670
509 1710672
507 1710672
509 1710674
509 1710674
511 1710676
506 1710676
507 1710678
512 1710678
510 1710680
508 1710702
506 1710702
507 1710702
507 1710704
503 1710704
503 1710704
504 1710724
513 1710763
507 1710763
506 1710765
503 1710765
504 1710767
516 1710769
506 1710771
508 1710771
507 1710864
508 1710893
508 1710946
507 1710946
509 1711022
509 1711057
508 1711057
507 1711059
508 1711060
508 1711060
506 1711062
509 1711062
508 1711073
508 1711073
509 1711073
504 1711121
506 1711123
509 1711123
504 1711125
505 1711153
508 1711156
509 1711156
510 1711158
505 1711158
508 1711160
504 1711162
508 1711162
510 1711170
514 1711216
510 1711216
509 1711228
509 1711228
505 1711232
509 1711307
504 1711307
509 1711362
511 1711364
511 1711366
507 1711366
506 1711369
509 1711369
504 1711369
506 1711371
508 1711371
505 1711387
507 1711387
509 1711387
511 1711387
506 1711387
506 1711419
508 1711421
506 1711421
512 1711422
509 1711424
507 1711424
511 1711424
507 1711436
506 1711436
509 1711437
509 1711437
509 1711437
507 1711485
508 1711485
510 1711510
508 1711513
510 1711513
509 1711515
508 1711515
510 1711527
507 1711527
507 1711536
507 1711537
506 1711611
509 1711613
507 1711615
507 1711615
510 1711615
509 1711615
511 1711618
508 1711618
508 1711671
505 1711681
512 1711683
509 1711683
506 1711685
509 1711685
507 1711687
509 1711706
507 1711706
508 1711764
510 1711766
510 1711776
510 1711776
506 1711853
509 1711892
509 1711893
510 1711895
507 1711895
507 1711896
506 1711897
513 1711899
507 1711900
506 1711902
507 1711962
508 1711988
507 1711988
508 1711990
508 1711991
508 1711994
510 1711994
509 1712107
508 1712113
507 1712113
508 1712146
504 1712148
506 1712150
511 1712152
509 1712152
510 1712154
509 1712154
507 1712154
506 1712154
508 1712156
502 1712249
510 1712251
507 1712252
510 1712346
500 1712346
517 1712348
501 1712348
508 1712351
503 1712393
507 1712517
499 1712521
510 1712521
509 1712523
510 1712523
509 1712524
507 1712525
504 1712525
510 1712535
505 1712536
506 1712536
508 1712739
510 1712741
510 1712741
506 1712816
505 1712816
510 1712818
507 1712820
509 1712820
503 1712820
511 1712821
507 1712862
507 1712889
504 1712892
506 1712892
500 1712892
514 1712892
495 1712892
507 1712892
500 1712893
504 1712893
511 1712895
507 1712895
505 1712895
510 1712895
509 1712896
509 1712896
504 1712896
521 1712909
526 1712909
484 1712909
499 1712910
527 1712910
514 1712910
516 1712910
509 1712910
511 1712911
500 1712911
505 1712911
505 1712911
511 1712961
507 1712961
502 1712961
507 1712962
506 1712962
504 1712962
510 1712962
505 1712964
509 1712964
507 1712964
503 1712964
509 1712964
515 1712965
506 1712965
484 1712965
511 1712965
526 1712967
527 1712967
505 1712970
495 1712971
506 1712995
517 1712995
509 1712996
507 1712997
514 1713001
503 1713003
498 1713003
501 1713011
506 1713011
502 1713011
510 1713022
508 1713022
508 1713024
500 1713024
504 1713049
510 1713051
507 1713053
507 1713054
506 1713061
515 1713073
498 1713081
506 1713093
514 1713101
496 1713114
513 1713121
505 1713132
499 1713141
508 1713165
507 1713165
512 1713171
505 1713183
508 1713191
511 1713203
504 1713211
506 1713223
509 1713231
507 1713243
507 1713252
506 1713262
511 1713270
510 1713282
507 1713290
513 1713315
507 1713315
510 1713321
503 1713333
505 1713341
511 1713353
495 1713361
537 1713386
508 1713386
510 1713391
493 1713403
510 1713411
515 1713423
520 1713431
514 1713443
502 1713451
514 1713463
510 1713483
501 1713486
510 1713504
507 1713513
505 1713521
507 1713533
504 1713541
509 1713553
510 1713561
510 1713573
508 1713594
507 1713596
508 1713603
506 1713615
510 1713621
508 1713633
509 1713641
506 1713653
507 1713662
511 1713673
509 1713681
507 1713693
507 1713701
511 1713713
511 1713721
511 1713733
509 1713741
505 1713752
507 1713773
511 1713776
510 1713782
507 1713793
494 1713800
511 1713812
507 1713821
514 1713832
497 1713841
508 1713877
513 1713879
509 1713882
504 1713882
511 1713892
506 1713903
508 1713912
509 1713923
506 1713931
509 1713943
516 1713975
507 1713978
507 1713983
509 1713984
507 1713992
511 1714001
510 1714058
511 1714058
508 1714058
506 1714058
507 1714076
506 1714076
506 1714088
506 1714088
509 1714091
510 1714103
508 1714124
508 1714126
510 1714133
511 1714141
509 1714154
509 1714163
507 1714171
510 1714183
506 1714191
506 1714213
510 1714221
507 1714245
505 1714245
509 1714263
507 1714265
511 1714274
508 1714282
508 1714303
510 1714305
509 1714313
510 1714348
509 1714348
508 1714351
505 1714353
507 1714362
507 1714372
507 1714380
507 1714417
506 1714420
509 1714421
510 1714448
507 1714450
505 1714462
508 1714462
508 1714473
506 1714476
506 1714483
508 1714493
508 1714512
510 1714526
507 1714526
506 1714544
508 1714546
506 1714553
508 1714575
507 1714575
510 1714581
509 1714593
511 1714601
506 1714625
509 1714625
508 1714631
508 1714643
506 1714651
507 1714663
504 1714671
510 1714683
510 1714691
507 1714702
507 1714723
507 1714726
509 1714732
508 1714742
509 1714775
508 1714778
508 1714780
507 1714806
508 1714809
506 1714814
506 1714815
509 1714822
507 1714832
508 1714842
507 1714851
507 1714862
508 1714884
507 1714886
510 1714893
507 1714903
509 1714911
507 1714923
508 1714931
506 1714943
509 1714951
508 1714963
504 1714971
514 1714992
505 1715001
508 1715012
507 1715021
518 1715032
496 1715054
511 1715056
503 1715063
517 1715073
496 1715106
511 1715109
510 1715113
512 1715115
513 1715123
509 1715145
507 1715145
505 1715177
510 1715182
505 1715182
505 1715184
509 1715192
502 1715214
504 1715216
506 1715223
506 1715233
511 1715252
508 1715265
506 1715266
503 1715271
511 1715283
504 1715291
507 1715302
505 1715312
509 1715322
508 1715341
509 1715355
511 1715355
505 1715361
507 1715372
507 1715382
510 1715392
505 1715401
507 1715412
507 1715422
507 1715433
510 1715451
503 1715465
508 1715465
510 1715471
515 1715482
508 1715491
511 1715502
508 1715523
504 1715525
515 1715533
498 1715542
504 1715551
505 1715562
510 1715571
510 1715583
511 1715591
510 1715603
507 1715611
509 1715622
507 1715631
504 1715643
509 1715652
507 1715671
508 1715674
508 1715724
509 1715724
506 1715726
508 1715726
506 1715728
505 1715742
507 1715753
510 1715761
507 1715773
507 1715781
508 1715793
507 1715801
509 1715825
507 1715825
505 1715841
507 1715855
510 1715855
509 1715861
507 1715895
508 1715895
509 1715916
507 1715918
511 1715922
510 1715935
510 1715935
509 1715941
509 1715953
506 1715961
508 1715973
507 1715981
509 1716005
511 1716005
508 1716011
507 1716023
509 1716031
508 1716043
509 1716051
505 1716147
510 1716147
507 1716149
507 1716154
506 1716154
507 1716154
507 1716167
503 1716168
506 1716168
507 1716168
508 1716234
507 1716234
508 1716236
506 1716236
502 1716236
506 1716238
507 1716243
508 1716243
510 1716245
506 1716265
507 1716265
511 1716272
509 1716281
506 1716303
503 1716313
508 1716316
510 1716322
514 1716353
509 1716365
508 1716368
513 1716373
508 1716373
507 1716382
508 1716403
509 1716405
506 1716412
506 1716424
508 1716457
508 1716461
507 1716461
507 1716471
507 1716483
510 1716537
509 1716540
506 1716542
506 1716562
508 1716564
508 1716566
511 1716566
505 1716568
507 1716573
505 1716593
506 1716596
509 1716603
505 1716613
509 1716633
507 1716636
507 1716675
507 1716675
515 1716688
514 1716690
509 1716693
506 1716693
510 1716702
520 1716712
504 1716720
497 1716732
502 1716753
511 1716757
516 1716763
501 1716780
514 1716782
507 1716793
515 1716813
506 1716816
509 1716823
507 1716833
510 1716841
507 1716853
505 1716886
509 1716893
506 1716893
504 1716893
508 1716912
504 1716925
503 1716925
509 1716941
508 1716968
502 1716970
497 1716973
519 1716973
514 1716983
507 1717019
504 1717021
512 1717022
520 1717045
501 1717045
507 1717066
500 1717068
511 1717070
506 1717095
509 1717098
511 1717103
507 1717103
499 1717112
523 1717120
504 1717159
516 1717161
503 1717163
503 1717165
520 1717171
511 1717183
498 1717201
515 1717213
512 1717221
507 1717233
507 1717241
506 1717253
502 1717261
506 1717298
512 1717300
503 1717303
504 1717303
503 1717312
509 1717323
506 1717331
513 1717342
511 1717361
509 1717375
508 1717375
508 1717393
507 1717396
505 1717402
506 1717412
510 1717421
508 1717432
506 1717468
509 1717470
507 1717472
509 1717496
514 1717503
512 1717503
503 1717503
509 1717511
506 1717523
508 1717531
508 1717543
513 1717561
505 1717604
506 1717604
507 1717606
507 1717606
507 1717606
508 1717615
503 1717621
502 1717687
503 1717687
513 1717690
510 1717693
506 1717693
507 1717701
506 1717702
507 1717702
511 1717723
510 1717725
512 1717733
508 1717795
508 1717795
512 1717798
508 1717798
509 1717799
503 1717805
509 1717805
509 1717822
507 1717836
510 1717836
506 1717854
509 1717856
506 1717875
503 1717875
511 1717883
507 1717903
511 1717906
507 1717913
510 1717958
508 1717960
508 1717967
510 1717975
510 1717975
506 1717981
506 1718004
510 1718051
508 1718086
507 1718086
508 1718101
510 1718156
508 1718156
506 1718197
510 1718199
507 1718201
510 1718201
507 1718203
511 1718203
510 1718281
511 1718298
504 1718301
506 1718301
509 1718303
506 1718303
511 1718305
508 1718305
509 1718307
511 1718322
509 1718322
509 1718322
506 1718322
507 1718322
511 1718322
506 1718459
509 1718461
508 1718461
507 1718547
511 1718556
509 1718556
512 1718556
510 1718556
508 1718556
505 1718557
508 1718557
508 1718557
508 1718557
512 1718559
508 1718582
506 1718629
506 1718631
508 1718631
506 1718745
515 1718745
507 1718745
499 1718747
510 1718749
501 1718764
503 1718764
505 1718764
511 1718860
508 1718862
505 1718862
505 1718885
508 1718886
505 1718886
508 1718886
507 1718887
508 1718887
512 1718887
509 1718887
509 1718887
511 1718888
506 1718888
507 1718888
508 1718888
508 1718912
509 1718914
507 1718914
510 1718916
506 1718916
509 1718916
509 1718918
509 1718920
510 1718920
508 1718930
512 1718930
512 1718935
511 1718935
512 1718967
506 1718969
504 1718975
507 1718975
514 1718978
506 1718978
506 1718980
507 1718982
502 1718993
512 1718995
513 1719003
505 1719064
505 1719064
508 1719066
507 1719066
509 1719077
505 1719077
506 1719077
512 1719095
495 1719095
506 1719102
498 1719123
500 1719125
504 1719132
502 1719156
514 1719156
507 1719174
502 1719176
509 1719197
508 1719197
508 1719224
507 1719236
515 1719239
505 1719241
510 1719251
511 1719273
502 1719300
509 1719303
505 1719303
503 1719305
510 1719324
506 1719327
510 1719374
509 1719374
507 1719376
512 1719376
504 1719472
509 1719472
515 1719472
514 1719474
500 1719568
510 1719570
504 1719570
512 1719603
506 1719653
512 1719653
502 1719655
506 1719655
509 1719657
508 1719659
515 1719662
509 1719662
510 1719665
503 1719665
508 1719667
514 1719802
503 1719880
503 1719880
502 1719882
507 1720066
506 1720067
504 1720082
501 1720233
511 1720313
506 1720316
505 1720316
506 1720318
510 1720318
504 1720374
512 1720376
510 1720427
509 1720427
506 1720429
509 1720431
506 1720431
507 1720433
508 1720433
508 1720440
509 1720440
507 1720441
506 1720441
505 1720486
507 1720486
510 1720486
507 1720486
510 1720487
508 1720487
508 1720487
506 1720487
510 1720489
507 1720489
506 1720489
508 1720489
507 1720489
507 1720489
509 1720490
506 1720492
508 1720492
509 1720492
509 1720492
508 1720492
507 1720492
508 1720493
-683 1720564
508 1720565
509 1720565
510 1720567
508 1720614
506 1720657
506 1720659
506 1720666
510 1720679
510 1720681
509 1720681
506 1720694
509 1720780
506 1720782
507 1720785
507 1720785
509 1720787
512 1720788
506 1720805
505 1720805
507 1720805
507 1720805
508 1720806
509 1720806
504 1720806
504 1720806
506 1720808
508 1720808
511 1720814
510 1720814
507 1720858
515 1720860
505 1720860
509 1720878
508 1720880
507 1720880
513 1720976
506 1720976
510 1720976
506 1720976
509 1720976
513 1720977
508 1721014
511 1721016
506 1721046
512 1721046
502 1721048
505 1721050
510 1721060
506 1721060
508 1721061
511 1721061
503 1721061
509 1721083
509 1721103
509 1721103
508 1721103
508 1721106
509 1721115
509 1721123
507 1721131
508 1721163
509 1721205
508 1721229
508 1721243
506 1721243
509 1721243
508 1721246
512 1721246
506 1721246
509 1721248
507 1721267
509 1721295
507 1721296
510 1721296
507 1721296
508 1721297
508 1721297
507 1721334
506 1721337
506 1721379
509 1721380
505 1721382
518 1721414
509 1721446
509 1721446
511 1721487
503 1721491
513 1721491
504 1721575
507 1721577
510 1721577
507 1721653
506 1721673
512 1721676
511 1721676
511 1721676
505 1721680
509 1721680
505 1721690
508 1721690
511 1721690
509 1721693
512 1721693
504 1721706
506 1721706
507 1721708
511 1721710
507 1721710
509 1721724
510 1721774
504 1721774
513 1721774
507 1721776
497 1721776
510 1721778
506 1721780
511 1721782
508 1721782
509 1721784
508 1721784
510 1721805
508 1721805
511 1721807
500 1721807
506 1721807
503 1721815
514 1721815
497 1721817
501 1721823
524 1721853
508 1721866
496 1721868
507 1721870
507 1721882
522 1721895
502 1721895
513 1721913
500 1721915
502 1722046
528 1722047
530 1722048
507 1722050
512 1722051
512 1722051
495 1722068
507 1722068
507 1722068
513 1722068
505 1722069
503 1722069
512 1722085
507 1722085
504 1722098
507 1722100
507 1722100
516 1722100
500 1722115
512 1722169
514 1722170
507 1722172
526 1722236
502 1722238
512 1722239
502 1722241
515 1722242
498 1722243
520 1722264
513 1722273
506 1722322
509 1722341
506 1722341
505 1722341
502 1722413
508 1722415
504 1722415
522 1722417
492 1722419
513 1722420
484 1722420
511 1722422
85 1722522
508 1722523
510 1722524
510 1722524
518 1722528
505 1722537
511 1722540
508 1722540
511 1722542
515 1722542
506 1722542
511 1722544
507 1722544
511 1722557
508 1722557
520 1722557
492 1722557
517 1722563
507 1722605
511 1722608
520 1722609
516 1722611
513 1722611
507 1722614
519 1722669
520 1722671
502 1722672
514 1722716
500 1722716
505 1722718
503 1722719
522 1722721
488 1722765
529 1722765
503 1722780
515 1722782
523 1722782
503 1722824
503 1722824
508 1722825
512 1722826
499 1722826
524 1722839
491 1722840
510 1722840
498 1722840
509 1722842
502 1722842
532 1722853
505 1722862
525 1722871
507 1722883
506 1722932
509 1722946
500 1722947
511 1722971
519 1723036
510 1723036
500 1723091
505 1723093
509 1723094
488 1723094
503 1723096
507 1723096
502 1723099
510 1723122
503 1723133
507 1723142
517 1723209
515 1723210
502 1723210
512 1723211
511 1723212
520 1723212
504 1723214
514 1723253
512 1723255
507 1723256
500 1723258
508 1723260
526 1723260
500 1723261
490 1723263
515 1723263
498 1723264
523 1723264
505 1723266
519 1723266
510 1723339
514 1723341
510 1723341
532 1723354
510 1723363
501 1723434
495 1723436
505 1723711
516 1723711
513 1723711
511 1723730
526 1723730
516 1723732
517 1723773
518 1723821
500 1723823
511 1723823
520 1723825
504 1723898
505 1723901
507 1723901
503 1723996
522 1723996
516 1723996
473 1723996
518 1723998
495 1724000
506 1724000
515 1724006
502 1724007
506 1724007
499 1724079
508 1724079
503 1724079
503 1724079
511 1724080
507 1724080
506 1724082
508 1724082
505 1724082
504 1724082
505 1724083
509 1724083
509 1724083
512 1724083
511 1724083
507 1724084
506 1724084
505 1724084
506 1724086
507 1724086
508 1724112
507 1724112
509 1724112
508 1724112
510 1724112
508 1724113
509 1724115
507 1724123
506 1724124
506 1724124
509 1724124
505 1724124
514 1724125
503 1724125
506 1724125
507 1724142
505 1724142
507 1724142
506 1724142
513 1724143
514 1724143
511 1724176
501 1724176
494 1724192
513 1724193
530 1724246
500 1724246
509 1724286
504 1724286
514 1724287
516 1724289
505 1724291
510 1724291
508 1724293
505 1724293
508 1724293
507 1724296
501 1724296
517 1724296
510 1724396
509 1724396
505 1724396
506 1724398
498 1724400
516 1724409
512 1724410
503 1724410
506 1724410
511 1724410
508 1724410
510 1724410
506 1724457
512 1724457
503 1724460
516 1724472
505 1724472
498 1724474
544 1724474
511 1724476
482 1724476
536 1724478
491 1724480
507 1724480
538 1724482
475 1724534
525 1724534
527 1724534
508 1724536
525 1724536
497 1724538
521 1724540
506 1724540
520 1724542
508 1724583
509 1724583
503 1724656
493 1724662
525 1724715
501 1724715
509 1724717
499 1724719
508 1724727
503 1724732
512 1724759
505 1724761
493 1724761
512 1724763
514 1724763
521 1724766
497 1724766
507 1724766
509 1724774
505 1724774
507 1724774
507 1724824
506 1724824
505 1724826
506 1724826
509 1724828
507 1724828
510 1724830
506 1724830
505 1724832
510 1724849
509 1724854
505 1724854
