508 1303880
508 1304158
508 1304159
508 1304159
507 1304159
508 1304160
507 1304160
505 1304161
507 1304161
513 1304162
511 1304162
511 1304162
506 1304163
509 1304163
507 1304164
508 1304164
506 1304165
506 1304165
506 1304166
510 1304166
515 1304166
508 1304167
509 1304167
507 1304168
507 1304168
509 1304168
507 1304169
511 1304169
509 1304169
509 1304170
509 1304170
507 1304170
510 1304171
507 1304171
506 1304171
507 1304172
508 1304172
506 1304173
507 1304173
508 1304173
507 1304174
508 1304174
507 1304175
506 1304175
509 1304175
505 1304176
507 1304177
509 1304177
505 1304177
509 1304178
507 1304178
508 1304179
507 1304179
505 1304180
508 1304180
507 1304181
507 1304181
507 1304181
509 1304182
509 1304182
512 1304183
507 1304183
514 1304184
501 1304184
514 1304186
507 1304187
508 1304187
503 1304188
505 1304188
509 1304188
506 1304189
509 1304189
510 1304190
509 1304190
507 1304190
504 1304191
-1538 1304191
509 1305666
512 1305688
510 1305691
504 1305707
508 1305710
509 1305715
512 1305725
508 1305736
506 1305746
505 1305756
507 1305766
511 1305775
505 1305785
501 1305806
507 1305818
506 1305821
509 1305825
508 1305835
512 1305845
509 1305855
509 1305866
509 1305875
509 1305885
508 1305895
507 1305918
508 1305920
508 1305925
507 1305935
511 1305967
509 1305970
507 1306015
507 1306018
506 1306018
508 1306019
509 1306028
509 1306031
511 1306035
509 1306058
507 1306061
508 1306065
508 1306075
508 1306098
507 1306101
508 1306106
506 1306128
508 1306131
509 1306148
508 1306151
509 1306180
509 1306185
507 1306187
510 1306187
510 1306195
509 1306216
509 1306227
510 1306230
508 1306236
511 1306246
508 1306256
508 1306276
508 1306286
508 1306298
506 1306301
507 1306305
507 1306315
508 1306338
507 1306340
506 1306358
510 1306361
498 1306378
513 1306381
501 1306396
538 1306408
509 1306410
502 1306454
523 1306457
513 1306458
505 1306461
515 1306467
509 1306470
503 1306487
504 1306490
511 1306496
513 1306516
511 1306538
511 1306541
505 1306546
502 1306555
511 1306566
505 1306588
498 1306591
507 1306637
514 1306639
510 1306640
506 1306642
505 1306643
506 1306686
510 1306688
507 1306688
520 1306692
506 1306698
504 1306701
530 1306731
488 1306733
516 1306735
524 1306748
500 1306752
506 1306768
506 1306771
505 1306816
511 1306847
502 1306849
518 1306849
511 1306852
500 1306852
514 1306852
510 1306858
511 1306860
506 1306938
503 1306941
512 1306980
511 1306983
513 1306988
506 1306990
509 1306990
503 1306993
498 1306994
503 1306996
505 1306996
507 1306999
508 1306999
508 1307005
505 1307026
505 1307144
507 1307147
510 1307148
506 1307171
507 1307176
510 1307177
511 1307177
506 1307177
504 1307178
505 1307178
509 1307179
507 1307179
508 1307179
508 1307180
511 1307269
511 1307272
509 1307272
516 1307286
506 1307322
506 1307324
507 1307327
507 1307398
508 1307400
504 1307400
508 1307402
509 1307403
504 1307405
507 1307407
502 1307407
507 1307527
507 1307529
510 1307530
505 1307530
510 1307532
514 1307536
507 1307537
510 1307539
512 1307539
508 1307541
22010 1307542
507 1307542
508 1307545
511 1307547
509 1307548
504 1307556
507 1307578
505 1307581
514 1307585
505 1307595
511 1307606
510 1307628
499 1307631
509 1307635
505 1307658
505 1307660
512 1307678
512 1307681
515 1307686
509 1307695
506 1307705
510 1307715
505 1307725
508 1307735
509 1307745
506 1307755
509 1307766
508 1307776
509 1307785
507 1307796
509 1307805
508 1307815
508 1307826
507 1307835
506 1307845
506 1307856
507 1307865
507 1307888
509 1307890
507 1307895
508 1307905
510 1307916
508 1307926
506 1307936
507 1307945
506 1307955
508 1307976
508 1307986
506 1307996
507 1308005
508 1308015
504 1308025
506 1308036
503 1308045
510 1308056
502 1308066
504 1308076
514 1308098
515 1308100
512 1308118
506 1308124
498 1308148
508 1308151
504 1308158
513 1308161
506 1308165
508 1308188
509 1308191
507 1308196
509 1308206
505 1308228
511 1308231
507 1308235
513 1308245
509 1308256
506 1308265
503 1308275
511 1308285
518 1308296
509 1308305
504 1308315
508 1308325
507 1308336
510 1308346
513 1308356
512 1308366
521 1308375
504 1308385
501 1308395
495 1308405
510 1308440
505 1308442
513 1308445
505 1308448
509 1308455
503 1308465
519 1308475
509 1308486
508 1308495
506 1308516
508 1308528
509 1308531
505 1308535
507 1308545
510 1308555
512 1308565
506 1308587
505 1308590
508 1308595
510 1308630
508 1308632
504 1308635
503 1308638
508 1308645
511 1308655
508 1308665
507 1308675
509 1308686
510 1308695
508 1308705
507 1308715
505 1308725
507 1308735
508 1308745
508 1308755
509 1308765
509 1308775
509 1308785
511 1308795
506 1308805
508 1308828
510 1308831
508 1308836
512 1308845
502 1308855
509 1308865
506 1308876
509 1308885
510 1308895
505 1308905
511 1308915
504 1308925
513 1308945
502 1308955
499 1308965
503 1308988
508 1308991
498 1308995
505 1309005
512 1309015
502 1309037
508 1309040
508 1309058
504 1309064
508 1309067
505 1309076
507 1309085
510 1309096
507 1309106
508 1309128
511 1309131
510 1309136
509 1309145
508 1309168
506 1309170
507 1309175
507 1309185
509 1309195
506 1309205
508 1309215
507 1309238
508 1309241
508 1309258
509 1309261
508 1309265
508 1309275
509 1309286
504 1309295
507 1309305
507 1309328
506 1309331
510 1309335
509 1309345
507 1309355
505 1309365
507 1309375
511 1309398
509 1309401
509 1309405
511 1309441
504 1309445
506 1309447
504 1309447
509 1309468
507 1309471
509 1309475
510 1309485
507 1309495
506 1309505
507 1309515
508 1309525
508 1309535
507 1309545
508 1309555
508 1309565
508 1309575
509 1309598
505 1309601
507 1309606
506 1309641
508 1309645
508 1309648
509 1309648
506 1309665
506 1309667
510 1309695
508 1309713
504 1309714
509 1309717
509 1309725
512 1309735
507 1309745
508 1309755
513 1309765
510 1309775
507 1309785
504 1309795
501 1309860
508 1309862
510 1309862
509 1309866
505 1309869
508 1309869
510 1309870
505 1309875
503 1309885
498 1309908
506 1309911
509 1309928
508 1309930
502 1309935
516 1309945
505 1309968
507 1309970
509 1309975
504 1309986
499 1310008
509 1310011
506 1310015
500 1310025
503 1310035
515 1310045
517 1310055
506 1310065
507 1310075
518 1310085
515 1310095
508 1310105
504 1310115
512 1310138
507 1310141
511 1310146
510 1310155
507 1310166
509 1310175
506 1310185
507 1310195
508 1310206
508 1310216
507 1310236
506 1310248
508 1310251
502 1310256
492 1310266
489 1310276
507 1310285
501 1310296
473 1310306
510 1310316
503 1310326
537 1310336
484 1310346
532 1310355
519 1310365
521 1310375
482 1310385
507 1310395
515 1310405
540 1310416
502 1310448
505 1310451
514 1310455
511 1310466
502 1310476
508 1310486
507 1310496
506 1310505
509 1310515
510 1310525
504 1310536
505 1310546
506 1310556
505 1310578
513 1310581
505 1310585
503 1310608
502 1310611
489 1310615
481 1310626
510 1310636
509 1310645
505 1310668
513 1310671
513 1310675
508 1310685
508 1310696
504 1310717
505 1310746
508 1310749
504 1310749
506 1310753
506 1310768
499 1310771
513 1310788
504 1310791
508 1310821
509 1310825
508 1310827
510 1310828
512 1310835
497 1310845
493 1310855
500 1310866
506 1310875
508 1310885
510 1310895
509 1310906
513 1310915
507 1310925
509 1310948
506 1310951
503 1310955
504 1310966
507 1310975
513 1310986
503 1310996
507 1311005
510 1311015
513 1311026
515 1311036
512 1311046
510 1311056
508 1311066
508 1311076
509 1311086
505 1311096
509 1311106
510 1311116
513 1311125
509 1311138
507 1311146
502 1311165
513 1311175
510 1311185
509 1311196
511 1311206
506 1311216
509 1311225
509 1311235
510 1311245
509 1311255
508 1311265
506 1311276
506 1311286
506 1311295
506 1311305
509 1311315
506 1311326
507 1311336
507 1311346
508 1311355
506 1311365
507 1311375
508 1311385
507 1311395
509 1311405
510 1311415
508 1311425
511 1311435
510 1311445
507 1311456
505 1311465
505 1311476
508 1311486
508 1311496
508 1311506
508 1311515
508 1311525
508 1311535
509 1311545
507 1311555
506 1311565
509 1311575
507 1311585
507 1311595
505 1311606
508 1311616
507 1311626
510 1311636
507 1311658
507 1311660
508 1311665
509 1311676
506 1311685
509 1311695
508 1311705
510 1311715
510 1311725
508 1311735
509 1311745
509 1311756
507 1311766
508 1311775
507 1311785
508 1311795
508 1311805
510 1311815
509 1311825
507 1311835
507 1311845
509 1311855
508 1311865
509 1311885
509 1311896
507 1311906
509 1311915
508 1311925
507 1311935
509 1311945
509 1311955
508 1311965
507 1311975
508 1311985
508 1311995
509 1312005
508 1312027
505 1312030
508 1312035
508 1312045
509 1312055
507 1312065
507 1312075
508 1312085
510 1312095
506 1312106
508 1312116
506 1312126
508 1312135
510 1312145
508 1312155
508 1312165
508 1312175
508 1312185
509 1312195
507 1312205
506 1312215
509 1312225
507 1312243
508 1312247
508 1312255
509 1312265
508 1312275
509 1312285
508 1312296
507 1312305
505 1312315
507 1312325
506 1312335
508 1312345
508 1312355
507 1312365
508 1312375
507 1312385
506 1312395
508 1312405
507 1312427
508 1312430
510 1312435
507 1312458
509 1312461
511 1312465
507 1312475
507 1312485
508 1312495
506 1312505
508 1312515
507 1312534
509 1312540
508 1312545
507 1312555
508 1312565
506 1312575
508 1312585
507 1312595
508 1312605
509 1312616
507 1312626
509 1312636
510 1312668
510 1312671
506 1312675
508 1312685
510 1312695
509 1312705
509 1312715
508 1312725
509 1312735
508 1312745
508 1312755
505 1312765
508 1312775
508 1312785
509 1312795
501 1312805
506 1312815
521 1312825
497 1312835
514 1312888
497 1312889
487 1312889
513 1312890
516 1312890
502 1312895
506 1312906
508 1312915
513 1312925
513 1312935
500 1312945
505 1312955
510 1312965
510 1312975
506 1312985
511 1312995
510 1313005
502 1313015
510 1313038
510 1313040
501 1313057
511 1313060
509 1313065
508 1313075
507 1313086
508 1313108
505 1313111
505 1313115
506 1313125
506 1313135
511 1313145
507 1313155
507 1313165
509 1313175
508 1313185
508 1313195
506 1313205
504 1313215
503 1313225
506 1313235
507 1313245
510 1313267
507 1313270
507 1313275
509 1313285
509 1313295
508 1313306
509 1313315
508 1313326
509 1313335
508 1313345
508 1313355
508 1313365
508 1313375
508 1313395
509 1313405
507 1313415
508 1313425
508 1313435
509 1313445
508 1313455
506 1313465
508 1313475
511 1313485
510 1313495
500 1313505
504 1313515
508 1313525
518 1313536
508 1313546
507 1313568
506 1313571
505 1313576
507 1313585
508 1313595
508 1313605
506 1313615
509 1313625
507 1313635
510 1313645
514 1313655
506 1313665
515 1313675
506 1313686
504 1313695
506 1313705
504 1313715
511 1313725
507 1313735
509 1313745
506 1313755
510 1313778
508 1313780
509 1313785
505 1313795
509 1313817
509 1313838
508 1313839
510 1313842
508 1313846
512 1313855
510 1313865
506 1313875
508 1313897
509 1313900
508 1313905
509 1313915
508 1313925
507 1313947
507 1313950
507 1313955
510 1313965
507 1313975
508 1313985
508 1313994
508 1314005
508 1314015
507 1314025
505 1314035
510 1314045
508 1314055
508 1314065
508 1314075
507 1314085
506 1314095
510 1314105
504 1314115
511 1314135
507 1314145
506 1314168
503 1314170
509 1314175
508 1314185
510 1314195
507 1314205
509 1314215
507 1314225
510 1314235
507 1314245
506 1314255
506 1314265
508 1314275
508 1314285
507 1314295
506 1314305
507 1314316
509 1314337
506 1314338
508 1314358
508 1314361
509 1314365
507 1314375
508 1314385
507 1314395
508 1314405
509 1314415
509 1314437
507 1314441
507 1314445
508 1314467
508 1314470
507 1314475
508 1314485
508 1314495
510 1314505
509 1314515
507 1314525
507 1314534
507 1314545
508 1314556
507 1314566
507 1314575
508 1314585
509 1314608
509 1314611
507 1314615
506 1314625
507 1314635
507 1314645
509 1314655
507 1314691
506 1314695
507 1314697
509 1314697
507 1314705
506 1314727
507 1314730
508 1314735
509 1314746
507 1314755
507 1314765
508 1314775
509 1314785
507 1314795
507 1314805
508 1314815
506 1314835
508 1314861
509 1314863
509 1314869
507 1314875
510 1314885
509 1314895
509 1314905
506 1314915
513 1314925
513 1314961
503 1314964
513 1314966
505 1314978
527 1314981
506 1314985
512 1314995
504 1315005
513 1315039
504 1315041
502 1315060
504 1315064
507 1315066
510 1315069
509 1315086
510 1315097
507 1315100
509 1315131
506 1315135
510 1315137
511 1315137
511 1315145
513 1315155
506 1315185
508 1315214
505 1315216
509 1315216
506 1315220
507 1315267
506 1315269
511 1315269
508 1315272
509 1315272
506 1315277
511 1315280
505 1315285
507 1315295
508 1315328
505 1315331
509 1315335
508 1315345
509 1315355
504 1315365
510 1315388
506 1315390
508 1315395
508 1315405
505 1315425
508 1315465
510 1315467
511 1315467
505 1315468
507 1315471
509 1315478
507 1315481
516 1315485
514 1315496
511 1315518
509 1315521
514 1315525
508 1315536
504 1315545
514 1315555
510 1315565
506 1315575
508 1315585
508 1315595
505 1315605
505 1315616
507 1315635
514 1315658
510 1315661
505 1315665
495 1315698
506 1315701
506 1315707
508 1315710
521 1315727
499 1315730
505 1315747
505 1315750
514 1315755
507 1315777
514 1315780
507 1315797
513 1315801
500 1315806
512 1315855
513 1315857
519 1315858
500 1315861
496 1315867
504 1315870
514 1315901
510 1315903
513 1315906
489 1315936
522 1315955
510 1315957
507 1315957
504 1315961
509 1315967
504 1315970
508 1315987
510 1315990
510 1315995
509 1316005
506 1316015
506 1316025
506 1316035
504 1316045
506 1316055
506 1316065
511 1316111
510 1316114
509 1316120
510 1316126
512 1316150
506 1316152
511 1316156
510 1316158
509 1316165
508 1316175
507 1316185
504 1316195
505 1316205
512 1316215
514 1316225
508 1316234
506 1316246
505 1316255
513 1316266
502 1316275
511 1316298
504 1316301
504 1316305
511 1316328
511 1316331
503 1316335
511 1316358
511 1316361
506 1316365
509 1316375
508 1316385
503 1316395
506 1316405
509 1316427
507 1316438
511 1316441
508 1316445
508 1316455
510 1316466
503 1316475
507 1316485
499 1316495
506 1316505
508 1316515
508 1316535
509 1316535
507 1316545
510 1316568
510 1316571
507 1316575
507 1316585
508 1316595
510 1316605
513 1316615
504 1316625
508 1316635
505 1316645
511 1316655
509 1316678
507 1316681
507 1316685
510 1316695
503 1316705
510 1316715
508 1316738
508 1316741
511 1316746
503 1316755
501 1316765
507 1316775
504 1316785
507 1316795
501 1316805
509 1316815
511 1316825
508 1316847
507 1316850
509 1316855
508 1316865
508 1316875
506 1316885
507 1316895
507 1316905
507 1316915
515 1316925
503 1316935
512 1316945
510 1316956
507 1316966
506 1316988
517 1316991
501 1316995
501 1317005
511 1317015
514 1317038
501 1317041
521 1317045
509 1317055
506 1317066
498 1317075
506 1317095
507 1317105
511 1317115
512 1317125
506 1317135
497 1317146
524 1317155
519 1317165
486 1317175
519 1317185
520 1317195
497 1317205
504 1317215
502 1317225
509 1317235
517 1317245
510 1317255
510 1317266
506 1317275
507 1317285
505 1317295
511 1317317
507 1317320
505 1317325
502 1317335
508 1317345
500 1317355
506 1317366
513 1317375
513 1317386
506 1317395
504 1317405
500 1317415
506 1317425
505 1317435
505 1317445
494 1317455
508 1317465
511 1317475
512 1317498
523 1317501
508 1317505
501 1317516
508 1317525
511 1317535
508 1317546
509 1317555
507 1317565
509 1317576
509 1317586
510 1317595
503 1317605
509 1317616
513 1317625
515 1317635
510 1317645
506 1317655
506 1317665
508 1317688
501 1317690
504 1317695
520 1317705
506 1317715
508 1317725
517 1317735
508 1317757
512 1317760
507 1317777
507 1317781
507 1317798
507 1317801
507 1317805
508 1317825
508 1317838
510 1317841
509 1317845
508 1317865
507 1317875
507 1317898
509 1317901
508 1317918
509 1317921
507 1317925
509 1317935
509 1317945
505 1317955
507 1317965
506 1317988
507 1317990
506 1317995
506 1318005
507 1318015
507 1318025
502 1318061
507 1318065
508 1318067
507 1318067
509 1318075
519 1318085
509 1318095
508 1318105
507 1318125
507 1318151
510 1318155
507 1318158
504 1318158
517 1318165
505 1318175
507 1318198
513 1318201
516 1318205
507 1318215
505 1318225
511 1318243
518 1318245
500 1318266
500 1318278
507 1318281
514 1318285
510 1318306
511 1318318
512 1318321
506 1318325
505 1318335
507 1318358
508 1318361
511 1318365
500 1318375
518 1318385
508 1318408
501 1318426
503 1318441
503 1318445
513 1318447
519 1318448
504 1318456
508 1318466
513 1318475
508 1318485
506 1318495
497 1318518
508 1318521
515 1318525
510 1318535
517 1318545
510 1318568
506 1318571
504 1318587
508 1318590
509 1318617
508 1318620
509 1318638
506 1318640
505 1318657
509 1318660
506 1318665
504 1318675
510 1318684
511 1318694
509 1318704
506 1318726
509 1318750
508 1318753
508 1318756
506 1318762
509 1318765
506 1318775
512 1318798
512 1318801
504 1318819
502 1318819
507 1318825
511 1318835
510 1318845
507 1318855
504 1318865
507 1318875
507 1318885
507 1318895
504 1318917
507 1318920
503 1318925
508 1318934
507 1318957
510 1318960
507 1318965
504 1318975
514 1318985
500 1318994
509 1319005
510 1319028
503 1319030
510 1319035
505 1319045
508 1319055
504 1319065
511 1319075
508 1319097
506 1319100
506 1319118
505 1319121
504 1319125
511 1319139
508 1319145
509 1319168
506 1319171
511 1319175
513 1319185
504 1319195
506 1319205
507 1319215
510 1319226
510 1319235
515 1319257
506 1319260
505 1319277
508 1319280
521 1319285
504 1319295
517 1319316
506 1319324
514 1319335
509 1319345
509 1319356
510 1319365
510 1319375
509 1319385
510 1319395
507 1319405
509 1319415
507 1319425
507 1319435
505 1319445
507 1319455
508 1319465
509 1319475
508 1319485
509 1319495
510 1319505
509 1319515
508 1319525
507 1319535
506 1319557
506 1319560
510 1319565
508 1319575
508 1319584
508 1319594
506 1319604
509 1319628
508 1319631
509 1319635
506 1319645
507 1319668
506 1319670
507 1319675
507 1319695
508 1319707
508 1319710
508 1319715
506 1319725
506 1319735
508 1319745
507 1319768
508 1319770
506 1319775
508 1319785
509 1319795
509 1319805
508 1319815
509 1319837
506 1319840
508 1319857
507 1319860
508 1319864
508 1319875
507 1319885
509 1319895
507 1319905
508 1319925
508 1319937
508 1319940
508 1319944
507 1319955
508 1319978
509 1319981
509 1319995
507 1320005
506 1320015
507 1320025
508 1320035
509 1320045
508 1320067
508 1320070
508 1320087
509 1320090
507 1320095
507 1320106
507 1320115
509 1320125
508 1320135
507 1320158
509 1320160
507 1320165
509 1320175
509 1320185
507 1320195
507 1320205
510 1320215
507 1320250
508 1320252
507 1320254
501 1320268
508 1320271
509 1320275
507 1320285
507 1320308
508 1320311
509 1320327
502 1320330
507 1320335
511 1320357
508 1320360
511 1320365
506 1320375
508 1320385
507 1320395
506 1320405
508 1320415
508 1320425
510 1320435
508 1320445
511 1320455
508 1320465
504 1320475
508 1320485
506 1320508
507 1320511
508 1320515
507 1320534
508 1320537
510 1320545
508 1320555
506 1320565
507 1320575
507 1320585
508 1320595
509 1320605
507 1320615
507 1320625
509 1320635
509 1320645
507 1320655
507 1320665
508 1320675
508 1320685
508 1320695
507 1320705
508 1320715
509 1320725
509 1320735
507 1320745
507 1320755
509 1320765
507 1320775
508 1320785
509 1320795
508 1320805
508 1320825
508 1320835
507 1320845
506 1320855
507 1320865
508 1320875
508 1320885
510 1320895
509 1320905
508 1320915
509 1320938
507 1320940
506 1320945
507 1320955
508 1320965
506 1320975
506 1321005
508 1321020
508 1321024
511 1321026
508 1321028
508 1321035
504 1321045
506 1321055
507 1321065
504 1321100
507 1321102
508 1321106
510 1321108
504 1321115
501 1321138
502 1321141
501 1321145
500 1321155
509 1321165
503 1321175
502 1321185
509 1321195
507 1321205
504 1321215
498 1321225
506 1321235
508 1321245
510 1321255
506 1321265
509 1321275
510 1321285
507 1321295
506 1321305
501 1321315
513 1321325
493 1321335
507 1321345
510 1321355
505 1321365
514 1321375
509 1321385
504 1321395
508 1321405
506 1321426
503 1321437
506 1321440
509 1321445
507 1321455
510 1321465
508 1321487
507 1321490
507 1321495
504 1321505
507 1321515
513 1321525
513 1321545
507 1321567
506 1321570
509 1321575
507 1321584
509 1321594
507 1321605
514 1321614
512 1321624
510 1321634
503 1321645
504 1321655
509 1321665
510 1321674
505 1321684
509 1321708
508 1321710
508 1321715
507 1321725
511 1321760
506 1321763
512 1321764
514 1321778
508 1321780
506 1321805
508 1321859
506 1321863
505 1321865
511 1321865
510 1321866
506 1321868
506 1321895
505 1322244
508 1322247
507 1322247
503 1322306
505 1322416
510 1322419
509 1322419
507 1322420
511 1322422
509 1322425
502 1322425
513 1322426
497 1322426
508 1322535
508 1322627
507 1322630
506 1322630
508 1322633
511 1322635
507 1322635
509 1322636
505 1322638
507 1322751
506 1322754
509 1322755
507 1322755
510 1322756
511 1322757
507 1322758
507 1322774
507 1322775
508 1322775
507 1322776
510 1322776
507 1322777
507 1322778
508 1322781
506 1322781
508 1322782
510 1322782
508 1322783
508 1322783
506 1322784
508 1322784
509 1322784
508 1322815
509 1322816
507 1322816
508 1322817
508 1322817
507 1322817
507 1322906
508 1322906
513 1322907
508 1322907
508 1322908
508 1322994
510 1322997
504 1322997
510 1322998
509 1323000
508 1323000
508 1323001
510 1323001
511 1323002
508 1323002
509 1323003
512 1323003
507 1323003
507 1323004
507 1323004
507 1323005
513 1323005
509 1323006
507 1323058
505 1323059
503 1323060
497 1323061
503 1323063
509 1323063
510 1323082
513 1323082
508 1323086
509 1323087
511 1323087
506 1323088
512 1323088
509 1323089
512 1323116
511 1323117
512 1323117
508 1323117
508 1323135
508 1323224
506 1323227
509 1323227
508 1323230
507 1323230
505 1323231
508 1323231
508 1323232
510 1323232
509 1323233
511 1323233
513 1323233
510 1323234
509 1323236
514 1323237
541 1323237
508 1323238
509 1323238
504 1323239
505 1323276
509 1323279
510 1323279
509 1323281
511 1323282
503 1323282
516 1323284
519 1323303
512 1323304
503 1323434
504 1323436
512 1323437
507 1323437
508 1323439
508 1323440
506 1323440
506 1323441
507 1323441
510 1323441
514 1323442
518 1323442
506 1323443
505 1323447
510 1323485
508 1323529
504 1323529
492 1323533
512 1323534
508 1323534
507 1323555
507 1323556
508 1323556
504 1323556
512 1323557
503 1323557
510 1323595
508 1323597
508 1323597
505 1323621
507 1323645
504 1323646
507 1323646
512 1323646
505 1323647
509 1323647
508 1323647
512 1323648
509 1323648
507 1323649
506 1323649
505 1323650
510 1323650
504 1323664
506 1323664
506 1323664
507 1323703
507 1323704
509 1323705
509 1323705
513 1323705
507 1323706
508 1323706
507 1323706
507 1323707
507 1323811
515 1323812
509 1323812
511 1323879
509 1323882
509 1323886
509 1323886
508 1323887
510 1323887
507 1323889
515 1323890
512 1323890
513 1323938
515 1323940
492 1323940
509 1323943
505 1323944
508 1324021
507 1324077
512 1324077
507 1324078
504 1324078
505 1324079
516 1324079
506 1324080
504 1324080
503 1324080
505 1324081
513 1324081
499 1324106
516 1324109
511 1324109
512 1324111
508 1324112
517 1324114
510 1324114
506 1324116
510 1324117
511 1324117
512 1324147
510 1324148
508 1324149
507 1324154
495 1324155
512 1324155
499 1324156
502 1324156
505 1324161
496 1324162
507 1324219
500 1324222
496 1324222
494 1324241
503 1324242
500 1324242
492 1324254
507 1324256
503 1324256
514 1324307
515 1324309
499 1324309
511 1324312
498 1324312
512 1324317
545 1324320
534 1324346
480 1324370
538 1324372
489 1324374
546 1324385
503 1324451
518 1324457
499 1324460
510 1324460
507 1324463
509 1324463
503 1324466
517 1324466
503 1324515
500 1324517
528 1324517
508 1324518
507 1324581
514 1324584
504 1324584
504 1324590
505 1324648
508 1324649
507 1324649
512 1324650
504 1324650
505 1324651
507 1324651
507 1324654
508 1324654
506 1324658
503 1324667
513 1324668
509 1324670
514 1324687
507 1324690
509 1324736
504 1324844
509 1324846
507 1324846
515 1324849
508 1324849
519 1324850
506 1324852
512 1324862
507 1324885
506 1324885
506 1324886
507 1324886
510 1324887
508 1324887
506 1324890
507 1324890
503 1324891
516 1324891
506 1324898
503 1324900
506 1324957
507 1324960
508 1324960
501 1324961
504 1324963
501 1324994
510 1324997
502 1324997
512 1324998
504 1325048
516 1325068
506 1325069
509 1325069
506 1325070
507 1325070
509 1325071
509 1325117
509 1325119
509 1325119
508 1325121
508 1325127
508 1325128
513 1325130
505 1325186
517 1325189
504 1325189
503 1325190
507 1325192
515 1325194
510 1325266
500 1325358
512 1325361
508 1325408
508 1325414
508 1325426
509 1325475
509 1325504
507 1325506
511 1325506
505 1325507
510 1325615
514 1325688
501 1325691
514 1325693
508 1325735
509 1325755
509 1325755
505 1325756
506 1325757
508 1325757
511 1325757
509 1325758
511 1325758
507 1325759
507 1325759
507 1325759
507 1325760
509 1325760
521 1325760
519 1325761
519 1325761
489 1325764
517 1325764
517 1325764
502 1325765
500 1325765
514 1325766
510 1325768
509 1325768
515 1325768
491 1325774
486 1325784
508 1325794
509 1325841
504 1325848
510 1325848
516 1325851
509 1325851
506 1325854
509 1325874
509 1325926
508 1325929
514 1325930
507 1325933
505 1325933
503 1325936
507 1325945
503 1325955
512 1325976
504 1325988
511 1325991
503 1326006
510 1326017
509 1326020
507 1326025
506 1326035
504 1326057
505 1326060
506 1326065
504 1326075
508 1326097
509 1326100
511 1326130
509 1326133
509 1326139
509 1326156
504 1326186
506 1326188
507 1326188
507 1326191
508 1326192
512 1326207
508 1326210
509 1326227
509 1326230
505 1326247
509 1326250
505 1326255
507 1326278
506 1326280
508 1326298
508 1326300
512 1326305
508 1326315
508 1326325
505 1326335
512 1326345
509 1326355
513 1326365
511 1326387
502 1326390
500 1326395
513 1326405
510 1326426
508 1326437
509 1326440
511 1326445
506 1326455
506 1326465
512 1326475
510 1326485
506 1326495
506 1326505
505 1326515
510 1326524
514 1326534
495 1326544
504 1326554
516 1326564
501 1326574
519 1326584
513 1326594
509 1326604
510 1326614
506 1326635
506 1326658
508 1326660
508 1326665
515 1326687
507 1326690
505 1326695
508 1326705
512 1326725
505 1326737
505 1326740
502 1326757
507 1326760
503 1326765
508 1326775
506 1326785
522 1326795
513 1326805
510 1326815
495 1326855
514 1326875
504 1326877
509 1326877
497 1326897
507 1326898
511 1326898
505 1326899
506 1326904
505 1326915
512 1326924
513 1326934
510 1326944
503 1326954
513 1326964
513 1326987
510 1326990
500 1326995
511 1327005
507 1327015
506 1327025
506 1327035
505 1327045
517 1327055
500 1327065
508 1327075
509 1327085
508 1327095
505 1327105
517 1327115
512 1327125
509 1327135
520 1327168
508 1327171
514 1327177
511 1327180
508 1327197
506 1327200
506 1327205
501 1327215
509 1327225
514 1327235
501 1327245
506 1327255
508 1327265
510 1327275
518 1327284
509 1327294
507 1327304
508 1327314
502 1327324
506 1327334
507 1327344
514 1327354
503 1327364
509 1327375
511 1327385
496 1327395
516 1327405
512 1327415
505 1327425
505 1327435
486 1327445
519 1327455
494 1327465
484 1327487
486 1327490
513 1327495
523 1327515
506 1327525
501 1327535
509 1327557
502 1327560
511 1327565
508 1327575
520 1327585
515 1327595
497 1327605
502 1327627
513 1327630
494 1327634
521 1327644
511 1327655
508 1327664
509 1327674
503 1327684
510 1327694
513 1327704
505 1327714
505 1327724
505 1327760
504 1327764
512 1327766
519 1327768
520 1327775
512 1327797
515 1327800
495 1327805
523 1327815
508 1327825
515 1327835
566 1327857
454 1327860
559 1327865
510 1327875
500 1327884
509 1327894
499 1327905
499 1327915
516 1327925
494 1327935
500 1327945
537 1327954
493 1327965
548 1327975
484 1327985
512 1327995
505 1328004
493 1328014
503 1328037
497 1328040
525 1328057
524 1328060
525 1328064
514 1328074
490 1328084
506 1328094
545 1328104
516 1328128
505 1328131
502 1328145
511 1328155
504 1328165
516 1328175
508 1328196
503 1328208
509 1328210
505 1328227
505 1328230
523 1328235
501 1328257
506 1328260
514 1328265
508 1328275
505 1328285
512 1328295
505 1328305
502 1328315
495 1328337
508 1328340
502 1328344
515 1328355
512 1328377
499 1328380
509 1328385
506 1328407
511 1328410
510 1328414
506 1328437
505 1328440
518 1328444
505 1328454
509 1328465
517 1328475
523 1328485
500 1328495
517 1328505
522 1328515
521 1328524
509 1328535
505 1328545
512 1328567
507 1328570
512 1328574
503 1328585
504 1328594
519 1328605
513 1328615
508 1328651
497 1328654
507 1328658
518 1328658
518 1328665
507 1328675
508 1328685
509 1328695
511 1328705
509 1328727
508 1328730
502 1328735
501 1328745
508 1328767
507 1328770
520 1328775
506 1328785
506 1328795
504 1328815
508 1328815
496 1328825
505 1328847
506 1328850
504 1328855
508 1328864
506 1328874
516 1328884
500 1328894
508 1328917
518 1328920
522 1328937
538 1328940
507 1328960
513 1328960
508 1328977
505 1328980
512 1328994
513 1329017
511 1329019
507 1329024
499 1329035
496 1329045
513 1329055
467 1329065
515 1329075
500 1329085
524 1329095
505 1329105
500 1329115
504 1329125
501 1329135
503 1329145
511 1329155
515 1329167
512 1329174
506 1329184
509 1329207
516 1329210
508 1329215
512 1329224
508 1329276
507 1329278
510 1329278
510 1329281
511 1329282
509 1329285
505 1329294
508 1329305
511 1329315
505 1329324
507 1329335
509 1329344
508 1329355
511 1329364
508 1329374
503 1329397
505 1329400
508 1329405
506 1329415
508 1329425
510 1329461
509 1329465
507 1329467
508 1329467
506 1329475
507 1329485
510 1329495
506 1329516
491 1329527
506 1329530
522 1329547
515 1329550
504 1329555
513 1329565
499 1329587
506 1329590
506 1329605
504 1329617
505 1329620
507 1329624
507 1329635
512 1329654
508 1329664
503 1329674
510 1329684
513 1329694
509 1329704
511 1329714
508 1329724
512 1329734
505 1329744
520 1329766
505 1329769
510 1329775
507 1329785
526 1329795
508 1329846
517 1329849
482 1329849
527 1329853
501 1329853
506 1329856
503 1329865
512 1329939
555 1329941
487 1329942
511 1329944
406 1329946
516 1329946
492 1330019
489 1330021
506 1330025
513 1330027
488 1330028
509 1330030
508 1330031
506 1330031
508 1330033
504 1330035
506 1330038
516 1330070
511 1330073
506 1330075
507 1330087
506 1330090
501 1330095
523 1330115
501 1330137
514 1330140
517 1330145
503 1330155
522 1330177
512 1330180
514 1330185
518 1330207
509 1330210
509 1330215
508 1330238
504 1330241
499 1330257
505 1330260
507 1330265
494 1330275
497 1330285
533 1330295
514 1330305
522 1330315
500 1330366
516 1330368
510 1330369
507 1330371
509 1330371
508 1330374
509 1330384
508 1330394
510 1330416
504 1330448
505 1330450
510 1330460
510 1330462
510 1330465
503 1330468
501 1330475
492 1330484
501 1330507
498 1330510
507 1330515
507 1330525
488 1330535
491 1330545
508 1330555
499 1330577
532 1330580
496 1330585
499 1330595
491 1330605
509 1330615
508 1330624
515 1330635
521 1330644
511 1330667
509 1330670
501 1330675
509 1330685
508 1330695
506 1330705
503 1330715
502 1330725
508 1330735
509 1330745
507 1330755
506 1330777
510 1330780
501 1330785
508 1330795
508 1330830
511 1330832
511 1330835
510 1330838
508 1330845
511 1330854
510 1330865
506 1330875
512 1330885
505 1330895
511 1330905
510 1330915
510 1330925
505 1330947
504 1330950
508 1330967
511 1330970
507 1330975
503 1330985
509 1330995
502 1331017
504 1331020
503 1331025
507 1331047
499 1331050
511 1331068
506 1331070
506 1331085
499 1331095
507 1331105
496 1331115
503 1331125
489 1331135
505 1331145
508 1331155
482 1331166
497 1331175
514 1331184
511 1331194
501 1331204
508 1331227
510 1331230
511 1331236
513 1331270
507 1331272
509 1331275
510 1331278
509 1331285
507 1331295
507 1331305
505 1331315
508 1331325
508 1331335
506 1331345
508 1331367
507 1331370
510 1331374
509 1331384
510 1331394
519 1331404
527 1331414
491 1331424
503 1331435
500 1331445
511 1331467
507 1331470
494 1331475
519 1331485
503 1331507
486 1331510
501 1331515
505 1331525
532 1331535
472 1331545
425 1331555
477 1331565
522 1331575
517 1331585
510 1331594
514 1331605
510 1331614
508 1331624
515 1331634
505 1331655
504 1331655
506 1331664
509 1331674
510 1331684
506 1331695
507 1331705
509 1331714
508 1331724
509 1331734
507 1331744
507 1331754
509 1331765
509 1331775
507 1331785
507 1331795
507 1331805
509 1331815
507 1331825
508 1331836
509 1331845
510 1331867
508 1331870
509 1331874
506 1331884
508 1331894
507 1331905
507 1331914
508 1331924
508 1331944
510 1331954
508 1331965
510 1331974
509 1331984
508 1331994
512 1332004
496 1332014
503 1332024
510 1332034
517 1332052
507 1332064
501 1332077
499 1332079
517 1332084
498 1332094
500 1332104
508 1332114
507 1332124
502 1332134
505 1332145
506 1332155
515 1332165
507 1332175
510 1332185
510 1332207
507 1332210
509 1332215
507 1332225
507 1332235
511 1332244
506 1332258
508 1332277
507 1332280
510 1332284
507 1332294
508 1332305
507 1332314
509 1332324
507 1332334
510 1332345
506 1332354
507 1332364
505 1332374
506 1332384
510 1332394
504 1332404
508 1332414
510 1332424
510 1332446
501 1332446
507 1332454
510 1332464
511 1332474
514 1332484
514 1332494
512 1332504
507 1332515
511 1332525
505 1332535
503 1332546
509 1332555
509 1332565
509 1332575
517 1332585
505 1332607
511 1332610
508 1332615
504 1332625
509 1332635
512 1332644
507 1332654
514 1332674
507 1332685
509 1332694
508 1332704
508 1332714
508 1332724
508 1332747
508 1332749
506 1332754
511 1332764
509 1332774
509 1332785
509 1332794
508 1332804
507 1332814
507 1332824
507 1332834
510 1332844
508 1332854
508 1332876
510 1332879
507 1332884
509 1332895
507 1332905
507 1332915
507 1332925
510 1332935
507 1332958
507 1332959
509 1332964
506 1332975
508 1332984
510 1332994
508 1333004
507 1333015
508 1333024
508 1333034
508 1333044
509 1333055
508 1333065
509 1333075
510 1333085
507 1333095
507 1333105
506 1333115
507 1333125
507 1333135
508 1333145
509 1333155
508 1333165
510 1333174
508 1333185
506 1333194
505 1333204
508 1333215
508 1333224
507 1333234
509 1333245
506 1333255
509 1333265
508 1333275
507 1333285
507 1333295
509 1333317
509 1333320
507 1333325
508 1333335
508 1333345
509 1333355
508 1333365
506 1333374
509 1333385
511 1333394
506 1333404
506 1333427
505 1333430
507 1333435
509 1333445
508 1333464
507 1333485
509 1333494
506 1333504
505 1333515
509 1333525
507 1333526
506 1333535
511 1333557
506 1333560
512 1333565
502 1333575
504 1333585
504 1333595
508 1333605
507 1333615
507 1333624
507 1333647
511 1333651
514 1333654
510 1333665
510 1333687
506 1333690
509 1333694
509 1333705
509 1333715
508 1333725
505 1333735
506 1333745
506 1333755
508 1333765
509 1333775
505 1333785
513 1333795
504 1333805
505 1333815
511 1333825
511 1333835
513 1333844
512 1333854
505 1333864
521 1333887
515 1333890
505 1333894
516 1333904
507 1333914
507 1333925
507 1333935
509 1333945
508 1333955
506 1333965
509 1333975
508 1333985
508 1333995
506 1334005
509 1334015
507 1334024
506 1334034
507 1334044
509 1334055
508 1334077
509 1334080
508 1334084
509 1334095
508 1334105
508 1334115
507 1334125
508 1334147
508 1334154
508 1334157
508 1334166
508 1334175
508 1334185
509 1334195
508 1334215
507 1334237
506 1334250
508 1334251
508 1334254
509 1334264
507 1334301
508 1334305
509 1334307
508 1334307
507 1334315
507 1334337
508 1334340
507 1334357
509 1334360
509 1334365
508 1334375
510 1334385
510 1334395
507 1334405
507 1334415
510 1334425
509 1334434
507 1334444
506 1334454
510 1334464
507 1334474
509 1334484
508 1334495
507 1334505
507 1334515
508 1334525
507 1334535
507 1334545
508 1334555
507 1334565
509 1334575
507 1334585
507 1334595
506 1334605
506 1334615
506 1334624
508 1334634
506 1334644
508 1334654
510 1334700
505 1334701
506 1334701
507 1334701
507 1334715
507 1334727
508 1334730
509 1334734
509 1334750
510 1334754
507 1334764
507 1334774
506 1334784
506 1334794
508 1334804
508 1334814
510 1334824
508 1334834
507 1334844
509 1334854
508 1334864
508 1334874
508 1334885
507 1334895
508 1334905
509 1334925
510 1334947
509 1334950
509 1334955
508 1334964
507 1334975
509 1334985
508 1334994
507 1335005
507 1335015
509 1335025
509 1335034
509 1335044
508 1335054
508 1335064
509 1335074
510 1335097
507 1335100
507 1335104
509 1335127
510 1335130
509 1335134
507 1335144
508 1335167
507 1335170
509 1335174
507 1335184
508 1335194
507 1335204
508 1335214
509 1335224
508 1335247
506 1335249
507 1335267
508 1335270
509 1335275
508 1335285
507 1335307
508 1335310
508 1335315
506 1335325
507 1335347
506 1335350
508 1335354
508 1335364
509 1335375
508 1335384
509 1335394
510 1335404
507 1335415
505 1335437
508 1335440
507 1335445
509 1335454
507 1335464
508 1335474
509 1335484
509 1335494
507 1335504
506 1335514
507 1335524
508 1335534
507 1335544
507 1335554
508 1335564
508 1335574
509 1335584
508 1335594
507 1335604
507 1335614
508 1335624
508 1335660
507 1335661
508 1335665
509 1335675
508 1335685
508 1335695
508 1335705
507 1335715
508 1335724
509 1335734
508 1335745
509 1335755
508 1335764
509 1335775
509 1335785
507 1335794
508 1335817
508 1335820
507 1335849
509 1335853
508 1335855
509 1335857
508 1335864
507 1335875
507 1335884
507 1335894
508 1335904
508 1335914
508 1335924
508 1335934
508 1335944
508 1335954
510 1335964
507 1335974
506 1335997
507 1335999
508 1336005
507 1336015
508 1336024
508 1336034
508 1336044
509 1336054
508 1336064
508 1336074
506 1336084
508 1336094
508 1336104
508 1336114
505 1336125
508 1336134
509 1336144
508 1336160
507 1336165
507 1336175
508 1336185
507 1336195
508 1336205
508 1336215
509 1336225
509 1336234
509 1336257
505 1336260
507 1336265
509 1336274
506 1336297
509 1336300
508 1336304
508 1336314
507 1336325
510 1336335
508 1336345
506 1336355
507 1336365
507 1336375
507 1336385
508 1336405
511 1336415
508 1336437
507 1336440
505 1336445
508 1336455
512 1336477
506 1336480
508 1336484
513 1336494
510 1336531
514 1336535
503 1336537
506 1336537
500 1336545
507 1336555
509 1336565
506 1336575
508 1336585
508 1336607
509 1336610
509 1336615
507 1336625
507 1336635
508 1336645
507 1336655
506 1336665
505 1336675
507 1336685
511 1336707
511 1336710
512 1336714
508 1336724
510 1336735
509 1336757
507 1336760
510 1336764
506 1336774
508 1336784
511 1336807
504 1336810
510 1336815
504 1336825
509 1336835
508 1336845
510 1336862
503 1336877
507 1336880
507 1336885
505 1336895
508 1336905
502 1336914
513 1336925
500 1336934
512 1336944
504 1336955
512 1336964
505 1336974
513 1337010
510 1337013
505 1337015
506 1337018
510 1337025
508 1337035
509 1337045
507 1337055
507 1337065
514 1337074
510 1337085
511 1337107
501 1337110
505 1337114
508 1337124
506 1337134
508 1337154
509 1337165
510 1337174
501 1337185
508 1337195
509 1337205
507 1337215
507 1337225
506 1337235
507 1337244
509 1337255
512 1337265
511 1337274
506 1337284
507 1337294
509 1337329
506 1337332
508 1337336
513 1337338
512 1337345
507 1337355
512 1337365
508 1337375
504 1337385
507 1337395
508 1337405
504 1337414
509 1337424
508 1337434
512 1337444
508 1337462
509 1337465
506 1337474
509 1337485
507 1337494
510 1337530
505 1337532
496 1337536
507 1337547
504 1337550
506 1337568
506 1337570
507 1337586
510 1337589
508 1337594
511 1337604
509 1337626
507 1337629
508 1337634
506 1337644
507 1337654
507 1337664
510 1337674
508 1337684
507 1337694
508 1337704
508 1337715
507 1337725
510 1337735
507 1337757
514 1337760
507 1337764
510 1337774
509 1337784
507 1337795
512 1337804
506 1337814
497 1337824
511 1337834
504 1337844
508 1337854
518 1337864
510 1337874
513 1337894
508 1337917
509 1337920
506 1337924
509 1337934
508 1337944
514 1337954
509 1337964
504 1337974
508 1337984
510 1337994
511 1338004
511 1338014
508 1338024
506 1338034
509 1338044
507 1338054
507 1338064
508 1338074
508 1338085
507 1338095
509 1338105
509 1338127
510 1338130
509 1338147
506 1338150
506 1338155
507 1338177
508 1338180
508 1338185
509 1338194
506 1338204
507 1338215
507 1338255
505 1338257
507 1338257
509 1338262
505 1338264
508 1338274
509 1338284
508 1338294
508 1338304
505 1338314
509 1338324
509 1338334
507 1338349
508 1338354
508 1338364
511 1338374
507 1338384
506 1338394
507 1338404
508 1338414
508 1338424
509 1338434
506 1338444
507 1338454
509 1338465
507 1338475
508 1338485
506 1338495
510 1338505
508 1338515
505 1338525
509 1338535
509 1338544
508 1338554
507 1338565
507 1338574
507 1338584
508 1338594
508 1338604
508 1338615
508 1338625
508 1338657
510 1338660
510 1338664
507 1338675
507 1338684
509 1338694
510 1338704
510 1338714
510 1338724
505 1338734
508 1338744
511 1338754
508 1338764
506 1338774
507 1338784
508 1338794
509 1338804
509 1338814
510 1338824
508 1338834
508 1338845
507 1338855
506 1338877
508 1338880
508 1338885
507 1338895
508 1338905
508 1338914
509 1338925
508 1338934
508 1338945
508 1338954
508 1338964
509 1338974
507 1338984
505 1338994
508 1339004
508 1339014
508 1339024
510 1339034
508 1339044
506 1339054
509 1339077
510 1339079
507 1339084
507 1339094
507 1339104
510 1339114
512 1339150
504 1339154
508 1339156
509 1339156
510 1339164
507 1339174
509 1339184
508 1339194
509 1339204
507 1339215
507 1339237
507 1339240
507 1339244
508 1339254
506 1339265
508 1339274
508 1339285
510 1339295
509 1339304
507 1339314
507 1339337
507 1339340
508 1339358
507 1339358
509 1339364
509 1339384
502 1339394
511 1339404
506 1339414
508 1339424
512 1339434
509 1339444
502 1339454
511 1339464
513 1339474
515 1339484
510 1339494
513 1339504
506 1339514
504 1339524
508 1339546
507 1339549
507 1339554
506 1339564
509 1339574
510 1339584
508 1339595
507 1339605
508 1339615
508 1339625
507 1339635
507 1339645
508 1339655
506 1339664
506 1339674
508 1339684
506 1339694
507 1339704
509 1339714
508 1339724
510 1339747
508 1339750
509 1339754
509 1339777
508 1339780
507 1339784
507 1339794
506 1339804
508 1339814
509 1339824
508 1339834
508 1339844
507 1339854
509 1339864
509 1339874
508 1339884
508 1339906
506 1339909
507 1339914
508 1339949
508 1339951
509 1339954
507 1339957
508 1339965
508 1339975
508 1340001
508 1340004
507 1340010
509 1340015
509 1340024
508 1340034
510 1340045
509 1340054
509 1340064
507 1340074
508 1340084
508 1340094
508 1340104
508 1340149
509 1340153
509 1340155
509 1340158
509 1340164
506 1340174
509 1340184
510 1340206
508 1340209
508 1340214
509 1340224
508 1340234
507 1340257
507 1340257
507 1340264
507 1340286
508 1340289
508 1340294
508 1340304
507 1340314
509 1340324
507 1340334
508 1340345
507 1340358
506 1340365
507 1340375
507 1340385
506 1340395
507 1340417
508 1340420
510 1340424
506 1340434
507 1340444
508 1340454
507 1340464
510 1340474
509 1340484
506 1340494
511 1340504
506 1340514
507 1340524
507 1340534
506 1340544
508 1340554
506 1340576
510 1340579
511 1340584
506 1340594
512 1340604
510 1340627
505 1340629
509 1340634
508 1340644
506 1340654
507 1340664
508 1340674
507 1340684
510 1340694
509 1340704
509 1340714
508 1340725
505 1340747
512 1340750
493 1340755
517 1340765
503 1340787
525 1340790
502 1340794
503 1340804
504 1340815
510 1340825
512 1340834
507 1340844
512 1340854
502 1340874
509 1340884
508 1340894
510 1340904
507 1340914
508 1340924
507 1340960
508 1340964
508 1340966
508 1340966
509 1340974
509 1340984
505 1340994
505 1341004
509 1341026
505 1341029
509 1341034
507 1341069
509 1341071
510 1341074
510 1341077
508 1341084
506 1341095
511 1341117
509 1341120
505 1341124
495 1341135
517 1341145
525 1341155
508 1341165
513 1341175
502 1341184
508 1341194
512 1341204
510 1341214
510 1341237
507 1341240
509 1341244
509 1341267
513 1341270
508 1341274
507 1341284
506 1341295
506 1341304
508 1341314
508 1341324
508 1341334
507 1341344
508 1341354
506 1341364
511 1341374
508 1341384
503 1341394
512 1341404
509 1341414
500 1341424
509 1341434
510 1341444
510 1341480
508 1341484
508 1341487
513 1341488
514 1341494
509 1341504
509 1341514
508 1341549
507 1341550
509 1341554
507 1341564
508 1341575
508 1341584
507 1341594
508 1341604
504 1341614
508 1341624
509 1341634
507 1341651
507 1341654
506 1341690
507 1341694
509 1341697
509 1341697
508 1341704
509 1341714
510 1341724
506 1341734
505 1341756
507 1341759
507 1341764
508 1341774
506 1341810
509 1341814
512 1341816
510 1341816
511 1341824
506 1341834
506 1341845
510 1341855
510 1341864
506 1341875
506 1341884
508 1341895
507 1341904
508 1341914
508 1341925
508 1341934
508 1341944
508 1341954
507 1341964
506 1341974
509 1341984
509 1341994
508 1342004
509 1342014
507 1342024
508 1342034
508 1342044
509 1342054
508 1342064
506 1342074
509 1342084
509 1342094
509 1342104
508 1342114
508 1342124
507 1342134
509 1342156
508 1342159
508 1342164
511 1342174
508 1342184
508 1342194
507 1342216
505 1342219
508 1342225
506 1342235
506 1342245
512 1342255
506 1342265
505 1342274
504 1342285
506 1342294
507 1342305
508 1342314
508 1342324
510 1342370
507 1342374
509 1342377
511 1342378
509 1342384
507 1342394
508 1342404
509 1342414
507 1342424
508 1342434
507 1342444
508 1342454
508 1342464
507 1342474
508 1342484
507 1342494
509 1342504
508 1342514
508 1342536
507 1342539
508 1342544
509 1342553
510 1342564
508 1342574
508 1342584
505 1342594
506 1342605
509 1342615
509 1342637
504 1342640
507 1342657
510 1342660
513 1342664
514 1342675
502 1342684
502 1342694
506 1342717
510 1342721
501 1342724
508 1342734
506 1342744
506 1342754
508 1342777
507 1342783
504 1342790
509 1342794
510 1342804
510 1342814
512 1342824
508 1342834
509 1342844
504 1342866
510 1342869
511 1342874
506 1342884
507 1342894
510 1342904
509 1342914
512 1342924
512 1342934
508 1342954
510 1342966
509 1342969
515 1342974
512 1342984
508 1342994
509 1343004
508 1343015
506 1343025
506 1343035
508 1343044
510 1343079
509 1343081
511 1343084
508 1343094
506 1343104
504 1343114
508 1343124
504 1343134
509 1343144
509 1343167
506 1343170
506 1343176
508 1343185
506 1343195
506 1343205
506 1343215
509 1343237
512 1343240
512 1343244
506 1343254
501 1343264
509 1343287
511 1343290
510 1343306
500 1343309
512 1343314
504 1343324
505 1343334
504 1343344
510 1343367
508 1343370
507 1343375
507 1343397
509 1343400
508 1343404
503 1343414
513 1343424
510 1343434
508 1343457
507 1343458
513 1343464
507 1343474
507 1343484
515 1343504
507 1343517
498 1343520
505 1343524
509 1343534
505 1343545
508 1343561
506 1343577
510 1343580
508 1343585
514 1343607
508 1343610
508 1343614
511 1343624
514 1343634
498 1343644
492 1343654
498 1343664
512 1343674
509 1343684
493 1343694
493 1343704
514 1343740
504 1343742
502 1343745
504 1343748
506 1343777
510 1343780
499 1343787
510 1343790
505 1343794
494 1343817
507 1343819
507 1343835
500 1343844
509 1343854
513 1343877
513 1343880
510 1343884
510 1343907
512 1343909
510 1343915
512 1343924
508 1343934
503 1343945
510 1343954
508 1343964
509 1343974
512 1343984
511 1343995
508 1344004
508 1344014
506 1344024
507 1344034
515 1344044
505 1344054
501 1344064
511 1344074
504 1344084
506 1344094
505 1344104
503 1344127
510 1344130
510 1344135
508 1344157
510 1344160
510 1344164
511 1344174
507 1344184
511 1344194
508 1344204
510 1344214
507 1344224
510 1344234
507 1344244
508 1344254
508 1344264
510 1344275
510 1344285
511 1344295
506 1344317
507 1344327
512 1344327
509 1344386
505 1344395
509 1344395
508 1344396
506 1344396
505 1344397
510 1344399
500 1344461
504 1344461
490 1344462
513 1344462
508 1344463
507 1344471
497 1344472
515 1344480
506 1344530
518 1344546
511 1344568
509 1344569
505 1344570
507 1344571
503 1344571
506 1344574
506 1344577
512 1344592
509 1344594
513 1344614
506 1344627
506 1344629
505 1344647
508 1344650
508 1344654
509 1344664
507 1344674
508 1344684
510 1344694
508 1344704
509 1344714
507 1344724
508 1344734
511 1344744
509 1344766
500 1344769
506 1344774
514 1344784
505 1344794
505 1344804
505 1344813
502 1344824
506 1344834
506 1344858
509 1344860
508 1344877
507 1344879
512 1344884
507 1344894
506 1344904
509 1344914
507 1344924
509 1344934
512 1344944
505 1344954
511 1344964
508 1344974
504 1344984
504 1344995
507 1345004
510 1345014
515 1345024
504 1345034
506 1345044
507 1345062
513 1345064
507 1345074
507 1345084
500 1345094
510 1345104
508 1345114
508 1345124
512 1345134
508 1345144
512 1345154
531 1345163
506 1345186
504 1345189
513 1345195
504 1345204
507 1345227
510 1345230
514 1345234
522 1345244
505 1345254
511 1345265
510 1345274
509 1345284
504 1345295
509 1345304
510 1345337
510 1345340
509 1345344
508 1345366
506 1345369
503 1345374
509 1345384
512 1345406
509 1345409
510 1345414
505 1345424
508 1345434
501 1345456
508 1345459
506 1345464
502 1345474
509 1345484
513 1345494
502 1345504
512 1345526
504 1345529
509 1345534
510 1345543
504 1345560
509 1345563
505 1345574
504 1345584
511 1345595
508 1345605
507 1345614
512 1345624
509 1345634
507 1345644
511 1345662
508 1345665
505 1345674
507 1345684
509 1345694
508 1345704
508 1345714
510 1345724
507 1345734
503 1345765
508 1345765
506 1345766
513 1345774
508 1345784
511 1345794
512 1345804
507 1345814
506 1345824
507 1345888
510 1345888
507 1345889
510 1345889
509 1345890
508 1345890
510 1345893
507 1345904
509 1345914
507 1345924
507 1345933
508 1345945
507 1345954
506 1345964
510 1345974
508 1345985
509 1345994
507 1346004
509 1346014
511 1346024
507 1346034
511 1346044
508 1346065
509 1346074
509 1346085
507 1346094
510 1346104
507 1346114
505 1346124
507 1346134
508 1346144
517 1346154
523 1346164
530 1346174
510 1346197
497 1346200
497 1346204
510 1346214
501 1346224
510 1346235
502 1346244
556 1346254
492 1346265
502 1346274
567 1346297
538 1346300
490 1346306
506 1346314
520 1346324
507 1346334
506 1346344
508 1346354
509 1346364
506 1346374
509 1346384
507 1346394
506 1346404
503 1346440
509 1346444
509 1346446
511 1346447
509 1346454
506 1346477
506 1346480
501 1346484
504 1346494
515 1346504
504 1346514
510 1346524
504 1346534
501 1346544
507 1346554
507 1346564
506 1346575
507 1346584
508 1346594
510 1346604
505 1346614
506 1346637
510 1346640
508 1346644
506 1346654
507 1346677
509 1346679
507 1346684
509 1346694
508 1346704
506 1346714
510 1346724
514 1346734
509 1346744
510 1346767
509 1346770
509 1346774
510 1346807
508 1346810
506 1346814
506 1346824
511 1346859
507 1346864
505 1346866
509 1346867
511 1346874
518 1346884
520 1346894
503 1346904
504 1346914
510 1346924
508 1346934
504 1346944
507 1346962
498 1346964
504 1346974
508 1346984
511 1347007
516 1347010
513 1347014
503 1347025
499 1347036
509 1347044
498 1347054
505 1347064
507 1347074
510 1347084
506 1347094
505 1347104
493 1347114
504 1347124
509 1347134
495 1347144
496 1347154
496 1347164
495 1347175
503 1347184
502 1347194
512 1347205
497 1347214
512 1347224
504 1347234
504 1347244
505 1347254
511 1347264
499 1347274
508 1347284
509 1347294
494 1347304
511 1347315
519 1347324
506 1347334
508 1347344
511 1347354
506 1347364
506 1347374
509 1347385
509 1347394
505 1347404
509 1347415
507 1347424
507 1347460
504 1347464
504 1347466
505 1347467
510 1347474
507 1347484
507 1347494
509 1347504
511 1347514
509 1347524
505 1347534
506 1347554
515 1347589
517 1347591
522 1347595
505 1347598
524 1347604
516 1347613
523 1347624
522 1347634
497 1347643
524 1347664
515 1347670
523 1347674
512 1347684
506 1347694
509 1347704
509 1347714
506 1347724
507 1347734
508 1347744
510 1347754
499 1347764
510 1347774
498 1347784
508 1347794
487 1347804
518 1347814
509 1347824
535 1347834
505 1347844
487 1347854
515 1347864
504 1347884
510 1347885
518 1347894
502 1347904
508 1347914
521 1347924
504 1347934
506 1347944
511 1347954
509 1347964
502 1347974
513 1347984
508 1347994
507 1348004
508 1348013
503 1348023
514 1348034
514 1348044
497 1348054
515 1348064
507 1348074
506 1348084
510 1348094
502 1348104
500 1348114
511 1348125
514 1348135
501 1348144
502 1348154
508 1348164
508 1348174
514 1348184
509 1348194
505 1348204
516 1348214
506 1348224
502 1348265
501 1348265
504 1348266
509 1348274
512 1348284
496 1348294
507 1348304
510 1348314
485 1348324
514 1348334
514 1348344
505 1348366
520 1348369
502 1348374
513 1348384
511 1348394
506 1348405
507 1348414
523 1348424
506 1348434
507 1348444
506 1348454
504 1348464
503 1348474
510 1348484
524 1348494
509 1348504
503 1348514
505 1348524
511 1348534
521 1348544
511 1348554
508 1348564
508 1348574
509 1348584
509 1348594
510 1348604
510 1348614
502 1348624
506 1348634
502 1348644
508 1348666
493 1348669
506 1348674
508 1348684
513 1348694
512 1348704
510 1348714
513 1348724
511 1348734
506 1348744
506 1348753
507 1348763
504 1348773
506 1348784
506 1348795
523 1348805
507 1348814
523 1348824
501 1348834
507 1348844
510 1348854
508 1348864
507 1348874
507 1348884
507 1348894
514 1348904
500 1348914
509 1348924
515 1348934
499 1348944
504 1348954
507 1348964
508 1348975
499 1348984
502 1348994
507 1349029
508 1349031
512 1349033
506 1349044
508 1349054
509 1349064
508 1349074
504 1349084
507 1349094
508 1349104
507 1349114
506 1349124
509 1349134
508 1349144
509 1349154
509 1349164
508 1349175
506 1349185
507 1349194
509 1349205
507 1349227
509 1349230
509 1349234
509 1349244
509 1349267
508 1349269
504 1349274
511 1349284
507 1349294
510 1349304
510 1349314
509 1349324
510 1349334
509 1349344
508 1349354
508 1349364
508 1349374
511 1349384
509 1349394
511 1349404
509 1349414
510 1349424
508 1349434
506 1349486
505 1349488
513 1349489
505 1349490
504 1349491
509 1349494
505 1349504
505 1349514
514 1349525
507 1349534
510 1349545
508 1349568
505 1349569
510 1349574
508 1349584
500 1349594
509 1349617
513 1349620
502 1349624
501 1349634
505 1349670
512 1349674
518 1349676
506 1349677
509 1349684
510 1349694
507 1349704
509 1349715
508 1349724
508 1349734
509 1349744
506 1349754
505 1349774
506 1349784
509 1349794
510 1349804
503 1349827
507 1349830
503 1349834
512 1349844
509 1349854
505 1349877
506 1349879
507 1349897
505 1349900
508 1349904
510 1349944
509 1349947
507 1349947
511 1349951
505 1349954
507 1349964
505 1349974
509 1349984
514 1349994
506 1350004
512 1350025
510 1350037
514 1350040
507 1350057
511 1350060
508 1350064
507 1350074
503 1350097
506 1350100
509 1350104
507 1350114
505 1350124
506 1350134
515 1350144
504 1350166
508 1350167
508 1350174
503 1350184
511 1350194
500 1350204
501 1350214
503 1350237
511 1350240
501 1350245
496 1350267
504 1350269
514 1350274
511 1350284
499 1350294
508 1350304
510 1350314
508 1350324
511 1350334
508 1350344
508 1350354
508 1350364
500 1350374
512 1350385
513 1350394
504 1350404
497 1350414
498 1350424
511 1350434
508 1350444
510 1350480
507 1350484
509 1350486
503 1350487
508 1350494
513 1350513
506 1350536
513 1350539
508 1350544
507 1350553
504 1350564
507 1350574
510 1350583
508 1350594
505 1350604
512 1350614
516 1350624
507 1350634
510 1350644
519 1350654
501 1350664
506 1350674
511 1350684
507 1350694
509 1350704
511 1350714
504 1350724
512 1350734
505 1350744
507 1350754
511 1350764
505 1350774
507 1350784
527 1350794
523 1350804
499 1350814
504 1350824
501 1350834
515 1350844
527 1350866
504 1350869
507 1350874
505 1350884
496 1350894
505 1350904
516 1350914
503 1350924
508 1350934
506 1350943
510 1350954
506 1350964
488 1350974
506 1350984
504 1350994
515 1351004
513 1351014
509 1351024
504 1351034
512 1351044
512 1351054
506 1351077
507 1351080
505 1351084
508 1351094
509 1351104
509 1351114
507 1351124
509 1351134
505 1351144
508 1351154
507 1351164
506 1351174
510 1351184
511 1351194
507 1351204
509 1351213
505 1351223
504 1351234
507 1351254
510 1351264
506 1351274
508 1351284
510 1351294
509 1351304
505 1351314
507 1351324
509 1351334
509 1351344
508 1351354
505 1351364
509 1351374
510 1351384
508 1351394
507 1351404
507 1351414
509 1351424
508 1351434
509 1351444
508 1351467
508 1351473
512 1351476
508 1351484
503 1351494
508 1351504
508 1351514
509 1351524
508 1351534
505 1351544
508 1351554
510 1351564
508 1351574
508 1351584
508 1351594
509 1351604
509 1351614
506 1351624
509 1351634
508 1351644
511 1351654
507 1351664
507 1351674
508 1351684
509 1351694
507 1351703
507 1351714
511 1351724
508 1351734
507 1351744
510 1351766
508 1351769
507 1351774
506 1351784
508 1351794
510 1351804
507 1351814
508 1351824
508 1351846
509 1351849
510 1351854
509 1351864
504 1351874
507 1351884
508 1351894
507 1351904
508 1351914
507 1351924
509 1351934
507 1351944
507 1351954
508 1351964
507 1351974
508 1351984
510 1352003
509 1352013
506 1352023
509 1352034
508 1352044
507 1352054
507 1352064
507 1352073
509 1352084
508 1352094
505 1352104
510 1352114
510 1352124
509 1352134
508 1352144
508 1352167
509 1352170
506 1352174
508 1352184
507 1352194
505 1352204
509 1352214
505 1352224
506 1352234
507 1352244
509 1352254
507 1352289
508 1352291
508 1352294
505 1352297
509 1352304
510 1352314
508 1352324
507 1352334
508 1352344
503 1352354
505 1352364
508 1352376
509 1352384
508 1352393
508 1352404
504 1352414
508 1352423
509 1352434
511 1352443
506 1352453
506 1352463
507 1352487
507 1352490
512 1352494
502 1352504
508 1352514
507 1352524
513 1352534
509 1352544
508 1352554
506 1352564
516 1352574
511 1352584
501 1352594
513 1352604
495 1352614
489 1352624
512 1352646
507 1352649
504 1352654
525 1352664
526 1352674
507 1352696
503 1352699
502 1352704
519 1352714
511 1352724
498 1352733
499 1352754
512 1352763
518 1352773
515 1352783
506 1352793
510 1352804
514 1352813
509 1352823
506 1352833
509 1352843
505 1352854
509 1352889
514 1352893
505 1352895
502 1352898
508 1352904
509 1352914
507 1352924
509 1352934
508 1352944
506 1352954
508 1352964
510 1352974
504 1352984
508 1352994
506 1353004
503 1353026
506 1353029
511 1353034
511 1353044
506 1353054
507 1353064
504 1353086
506 1353089
506 1353094
508 1353104
508 1353114
509 1353123
509 1353133
508 1353144
510 1353154
501 1353163
507 1353173
508 1353196
508 1353199
505 1353203
507 1353214
510 1353224
510 1353234
504 1353244
507 1353254
508 1353264
506 1353274
508 1353297
505 1353300
511 1353304
506 1353314
511 1353324
509 1353334
509 1353344
505 1353355
504 1353364
508 1353381
505 1353396
507 1353399
506 1353404
510 1353414
506 1353424
510 1353434
510 1353444
508 1353454
508 1353464
506 1353484
507 1353494
510 1353503
509 1353513
509 1353524
508 1353534
506 1353544
507 1353553
508 1353563
509 1353573
508 1353583
508 1353593
508 1353604
509 1353614
508 1353624
507 1353634
507 1353644
507 1353666
506 1353669
509 1353674
508 1353684
509 1353694
509 1353704
507 1353714
507 1353724
508 1353734
506 1353744
507 1353754
507 1353773
508 1353776
508 1353784
509 1353794
506 1353804
508 1353814
508 1353824
507 1353833
507 1353844
507 1353854
509 1353863
510 1353874
506 1353894
508 1353906
507 1353909
508 1353913
510 1353923
509 1353933
508 1353944
507 1353953
507 1353963
509 1353974
508 1353984
507 1353994
508 1354004
509 1354014
506 1354024
508 1354034
508 1354057
508 1354059
508 1354064
509 1354074
507 1354109
508 1354112
508 1354115
507 1354117
508 1354124
509 1354134
504 1354144
509 1354154
509 1354164
508 1354174
507 1354184
509 1354194
507 1354204
508 1354214
509 1354233
508 1354244
508 1354254
512 1354263
509 1354274
509 1354283
509 1354306
509 1354308
509 1354313
509 1354323
506 1354333
507 1354344
509 1354354
508 1354364
508 1354376
511 1354396
509 1354399
506 1354404
506 1354414
507 1354424
507 1354434
508 1354444
508 1354466
508 1354469
507 1354474
507 1354484
508 1354494
509 1354504
508 1354514
509 1354524
508 1354534
508 1354544
507 1354554
507 1354564
507 1354574
507 1354584
509 1354606
509 1354609
506 1354614
506 1354636
510 1354639
509 1354643
507 1354653
510 1354663
509 1354673
507 1354683
508 1354693
508 1354703
508 1354713
509 1354723
508 1354734
506 1354744
508 1354767
508 1354769
507 1354774
508 1354784
508 1354794
507 1354804
509 1354814
508 1354824
506 1354834
507 1354844
507 1354854
507 1354864
508 1354874
507 1354884
508 1354894
509 1354904
509 1354914
507 1354924
506 1354934
508 1354943
509 1354954
509 1354974
509 1354984
509 1354993
510 1355003
508 1355014
508 1355023
509 1355033
509 1355043
508 1355053
508 1355063
506 1355073
511 1355083
506 1355106
508 1355109
505 1355114
507 1355124
508 1355134
506 1355144
507 1355154
508 1355176
508 1355179
509 1355184
508 1355194
506 1355204
507 1355214
506 1355224
505 1355234
509 1355244
508 1355254
505 1355264
509 1355274
509 1355284
507 1355319
507 1355321
508 1355324
508 1355327
510 1355334
509 1355343
508 1355369
505 1355369
510 1355373
508 1355384
506 1355393
507 1355403
509 1355413
508 1355423
506 1355433
508 1355443
509 1355453
510 1355476
507 1355480
507 1355484
508 1355494
509 1355516
509 1355519
508 1355524
510 1355534
507 1355544
509 1355554
507 1355564
503 1355574
509 1355584
509 1355594
506 1355604
508 1355614
506 1355624
508 1355634
504 1355644
511 1355654
511 1355664
508 1355674
507 1355684
506 1355693
505 1355714
511 1355724
509 1355734
504 1355743
508 1355754
505 1355763
514 1355773
505 1355783
506 1355793
503 1355803
505 1355813
509 1355823
510 1355833
509 1355844
505 1355867
512 1355868
509 1355874
508 1355884
508 1355920
510 1355924
506 1355927
509 1355927
509 1355934
507 1355944
505 1355954
507 1355964
508 1355974
508 1355986
507 1355994
509 1356004
507 1356014
511 1356024
505 1356034
507 1356044
502 1356054
509 1356064
509 1356087
507 1356106
508 1356107
508 1356129
509 1356131
509 1356135
505 1356138
508 1356144
503 1356154
508 1356164
509 1356174
510 1356184
509 1356194
509 1356204
506 1356214
508 1356224
506 1356234
508 1356244
504 1356270
505 1356276
510 1356279
508 1356284
509 1356294
510 1356304
505 1356326
510 1356329
511 1356334
510 1356344
509 1356354
506 1356364
509 1356374
509 1356384
510 1356394
509 1356404
509 1356414
508 1356424
505 1356434
509 1356454
510 1356464
506 1356474
508 1356484
508 1356494
506 1356532
508 1356533
506 1356533
507 1356536
508 1356544
507 1356554
506 1356564
510 1356574
508 1356584
509 1356594
509 1356616
506 1356619
506 1356624
505 1356634
511 1356644
509 1356654
509 1356677
509 1356679
508 1356684
508 1356694
507 1356704
510 1356714
508 1356724
507 1356734
505 1356744
503 1356754
513 1356764
508 1356774
507 1356784
507 1356794
510 1356804
505 1356814
507 1356824
509 1356834
509 1356844
501 1356854
503 1356864
508 1356874
510 1356884
511 1356894
510 1356904
506 1356926
509 1356929
504 1356934
510 1356944
504 1356954
509 1356964
503 1356986
505 1356989
508 1356994
513 1357004
507 1357014
509 1357024
508 1357034
508 1357044
508 1357054
505 1357064
508 1357074
510 1357096
506 1357099
511 1357104
509 1357114
510 1357136
506 1357139
508 1357144
508 1357154
505 1357164
509 1357174
505 1357184
509 1357204
508 1357214
509 1357224
508 1357234
506 1357244
507 1357254
507 1357276
509 1357280
508 1357284
508 1357294
506 1357304
506 1357314
515 1357324
509 1357334
503 1357344
508 1357354
507 1357364
506 1357387
509 1357389
507 1357394
506 1357404
506 1357424
506 1357424
508 1357434
508 1357444
509 1357454
508 1357472
505 1357474
510 1357496
510 1357499
509 1357504
509 1357514
510 1357524
507 1357534
505 1357544
510 1357554
507 1357576
507 1357577
507 1357584
506 1357594
509 1357604
507 1357614
505 1357624
506 1357634
507 1357644
509 1357679
507 1357683
507 1357686
510 1357686
508 1357693
508 1357703
507 1357713
509 1357724
507 1357734
508 1357744
506 1357754
507 1357764
506 1357774
508 1357784
510 1357794
504 1357804
506 1357814
508 1357824
507 1357834
505 1357844
509 1357854
508 1357864
510 1357874
508 1357884
505 1357894
510 1357904
509 1357914
502 1357924
506 1357944
510 1357954
511 1357963
507 1357974
508 1357983
506 1357994
506 1358004
510 1358013
507 1358023
506 1358033
508 1358043
507 1358053
509 1358063
512 1358073
507 1358083
505 1358094
510 1358104
510 1358125
509 1358137
508 1358140
508 1358144
508 1358154
509 1358174
508 1358175
507 1358184
506 1358194
507 1358204
509 1358214
508 1358224
508 1358234
508 1358244
510 1358254
507 1358264
506 1358274
509 1358284
507 1358294
505 1358304
507 1358314
508 1358336
507 1358339
512 1358344
509 1358354
507 1358376
504 1358379
507 1358383
506 1358393
507 1358403
508 1358413
506 1358423
507 1358433
507 1358443
510 1358453
505 1358463
509 1358473
511 1358484
509 1358494
508 1358505
508 1358514
511 1358524
508 1358534
510 1358544
509 1358554
508 1358564
508 1358574
506 1358584
506 1358594
507 1358604
509 1358614
507 1358624
507 1358634
505 1358644
507 1358654
510 1358664
509 1358684
506 1358694
509 1358703
507 1358713
511 1358724
508 1358746
507 1358749
508 1358753
507 1358763
510 1358773
508 1358783
505 1358793
509 1358803
512 1358813
509 1358823
505 1358833
506 1358843
508 1358854
507 1358890
509 1358894
511 1358897
509 1358897
510 1358904
508 1358914
507 1358950
507 1358954
507 1358956
509 1358956
507 1358964
506 1358974
511 1358984
509 1358994
510 1359004
508 1359014
504 1359024
510 1359034
506 1359044
502 1359054
516 1359077
498 1359079
511 1359084
508 1359094
506 1359104
504 1359114
508 1359124
505 1359147
512 1359149
506 1359154
510 1359164
513 1359174
517 1359194
500 1359206
527 1359209
511 1359214
508 1359224
511 1359234
506 1359255
511 1359266
517 1359269
510 1359287
514 1359290
506 1359294
510 1359304
510 1359314
509 1359324
508 1359334
506 1359344
506 1359354
512 1359364
508 1359374
506 1359384
509 1359406
508 1359409
506 1359424
507 1359434
506 1359444
509 1359467
506 1359470
507 1359474
504 1359484
511 1359494
511 1359504
507 1359514
507 1359524
508 1359534
505 1359544
509 1359554
507 1359564
508 1359574
507 1359584
510 1359594
507 1359604
508 1359614
511 1359624
506 1359634
509 1359644
507 1359654
508 1359664
510 1359674
509 1359684
511 1359694
507 1359704
509 1359714
506 1359724
510 1359760
506 1359762
506 1359765
506 1359775
506 1359786
509 1359789
508 1359794
509 1359804
507 1359814
508 1359824
509 1359834
505 1359844
507 1359854
507 1359864
508 1359874
507 1359884
509 1359894
508 1359904
508 1359914
509 1359924
508 1359934
507 1359958
508 1359963
508 1359966
506 1359974
506 1359983
509 1360006
509 1360009
511 1360027
509 1360029
501 1360034
504 1360044
510 1360054
509 1360064
509 1360074
507 1360084
508 1360094
509 1360104
506 1360114
506 1360123
508 1360134
508 1360149
509 1360163
509 1360173
507 1360184
509 1360194
508 1360204
507 1360227
507 1360229
508 1360234
508 1360244
507 1360254
508 1360264
506 1360274
510 1360284
505 1360293
508 1360304
503 1360313
511 1360324
515 1360335
504 1360344
505 1360353
515 1360377
512 1360380
512 1360383
511 1360394
508 1360404
507 1360414
506 1360424
509 1360455
508 1360467
509 1360469
506 1360476
511 1360479
507 1360484
505 1360493
505 1360503
505 1360513
504 1360524
506 1360534
507 1360544
510 1360554
506 1360564
509 1360574
508 1360584
505 1360594
507 1360604
512 1360626
501 1360629
509 1360633
508 1360644
507 1360666
510 1360669
510 1360694
507 1360709
503 1360713
504 1360715
511 1360715
506 1360723
516 1360746
510 1360749
508 1360766
508 1360769
506 1360774
506 1360784
509 1360794
507 1360816
506 1360819
509 1360836
510 1360839
507 1360844
512 1360853
505 1360863
504 1360873
507 1360909
507 1360911
512 1360913
507 1360923
507 1360934
509 1360983
510 1360986
507 1360986
506 1360990
509 1360996
509 1360999
509 1361003
503 1361024
510 1361036
504 1361042
505 1361054
511 1361079
505 1361081
508 1361084
502 1361096
509 1361099
507 1361104
509 1361114
501 1361124
510 1361175
523 1361178
510 1361178
503 1361179
507 1361181
509 1361196
506 1361200
508 1361224
510 1361254
510 1361257
507 1361257
505 1361261
506 1361293
511 1361328
509 1361330
508 1361332
507 1361334
507 1361334
509 1361337
508 1361373
507 1361375
508 1361376
507 1361380
509 1361386
505 1361386
510 1361392
509 1361446
508 1361449
507 1361449
506 1361452
509 1361452
510 1361457
509 1361460
505 1361489
509 1361491
510 1361494
511 1361497
510 1361503
505 1361513
504 1361523
508 1361533
507 1361585
511 1361588
512 1361589
505 1361589
508 1361592
508 1361594
506 1361603
508 1361613
507 1361623
507 1361633
507 1361653
508 1361663
507 1361673
507 1361683
511 1361694
509 1361704
507 1361714
507 1361724
507 1361734
505 1361744
506 1361767
506 1361769
510 1361774
507 1361784
507 1361794
507 1361804
507 1361814
509 1361824
509 1361834
509 1361844
508 1361854
508 1361864
509 1361874
508 1361910
507 1361913
506 1361916
505 1361916
509 1361923
510 1361933
509 1361943
507 1361978
507 1361982
510 1361984
507 1361986
508 1361993
508 1362003
507 1362013
507 1362023
508 1362033
509 1362044
510 1362053
508 1362077
506 1362079
504 1362084
505 1362094
511 1362104
505 1362114
508 1362124
505 1362149
508 1362150
510 1362153
508 1362176
507 1362179
506 1362184
509 1362194
507 1362204
508 1362214
506 1362224
508 1362234
510 1362244
507 1362255
507 1362264
506 1362274
507 1362283
508 1362293
509 1362303
509 1362314
508 1362324
510 1362334
506 1362344
507 1362380
508 1362382
508 1362384
509 1362394
508 1362416
507 1362419
507 1362424
511 1362434
508 1362444
507 1362454
506 1362464
505 1362474
509 1362484
506 1362494
508 1362504
509 1362514
509 1362523
508 1362533
506 1362544
507 1362566
508 1362569
509 1362574
508 1362584
509 1362594
509 1362604
509 1362614
509 1362624
506 1362634
507 1362644
509 1362666
508 1362669
510 1362686
510 1362689
511 1362694
509 1362704
511 1362713
508 1362723
505 1362734
508 1362743
508 1362755
508 1362784
508 1362799
508 1362801
507 1362805
510 1362807
505 1362814
506 1362824
508 1362833
510 1362843
506 1362854
512 1362864
510 1362893
510 1362893
511 1362896
505 1362904
503 1362914
507 1362924
510 1362934
505 1362944
509 1362954
508 1362964
509 1362986
508 1362989
510 1362994
506 1363003
509 1363014
509 1363036
508 1363039
507 1363044
510 1363054
508 1363076
508 1363078
508 1363084
508 1363093
505 1363113
512 1363123
508 1363134
507 1363144
506 1363154
509 1363164
508 1363173
509 1363184
506 1363194
507 1363203
509 1363214
506 1363223
510 1363234
505 1363244
508 1363255
505 1363276
511 1363279
507 1363284
508 1363294
508 1363304
507 1363314
507 1363323
508 1363347
507 1363350
509 1363354
510 1363376
509 1363379
506 1363384
509 1363394
506 1363404
508 1363426
509 1363429
513 1363433
509 1363443
509 1363453
503 1363463
506 1363473
506 1363483
509 1363493
509 1363503
508 1363513
502 1363523
506 1363546
514 1363549
501 1363553
512 1363563
505 1363573
509 1363583
514 1363593
509 1363603
507 1363613
509 1363624
511 1363634
512 1363644
508 1363654
509 1363676
500 1363679
510 1363684
510 1363694
503 1363703
508 1363713
506 1363723
511 1363733
504 1363743
508 1363755
507 1363763
504 1363773
507 1363783
509 1363793
508 1363803
507 1363813
509 1363823
508 1363833
511 1363856
506 1363859
504 1363863
507 1363883
508 1363894
507 1363904
505 1363914
510 1363924
507 1363934
506 1363944
509 1363953
506 1363963
506 1363973
508 1363983
507 1363993
509 1364003
509 1364013
508 1364023
505 1364033
507 1364043
509 1364053
509 1364063
508 1364073
509 1364083
510 1364094
509 1364104
509 1364114
507 1364124
508 1364134
509 1364144
508 1364154
508 1364164
506 1364186
510 1364189
508 1364194
504 1364203
503 1364213
505 1364223
506 1364239
506 1364243
507 1364255
508 1364276
505 1364279
506 1364284
509 1364293
506 1364303
507 1364314
507 1364324
508 1364334
509 1364344
508 1364354
508 1364364
508 1364386
507 1364389
508 1364394
506 1364403
505 1364414
513 1364423
506 1364433
507 1364443
505 1364453
510 1364463
508 1364473
507 1364483
505 1364505
508 1364508
505 1364514
505 1364523
508 1364604
506 1364654
507 1364710
509 1364725
508 1364727
508 1364727
508 1364730
510 1364730
509 1364733
507 1364733
509 1364736
508 1364736
507 1364737
507 1364737
505 1364746
507 1364749
509 1364801
510 1364804
507 1364804
507 1364851
508 1364857
509 1364859
509 1364859
508 1364862
508 1364865
510 1364867
508 1364867
507 1364868
509 1364913
507 1364916
508 1364916
507 1364917
508 1364926
508 1364929
508 1364943
508 1364979
507 1364981
508 1364983
506 1365004
508 1365005
509 1365019
506 1365021
509 1365023
507 1365036
509 1365039
507 1365044
505 1365054
508 1365063
509 1365086
507 1365089
509 1365094
508 1365103
511 1365113
508 1365136
509 1365139
506 1365156
508 1365159
506 1365164
509 1365213
506 1365216
507 1365217
510 1365217
511 1365224
508 1365236
508 1365239
506 1365243
507 1365256
509 1365263
508 1365273
507 1365283
508 1365293
509 1365303
508 1365343
506 1365388
507 1365392
508 1365394
507 1365396
508 1365396
508 1365399
508 1365400
507 1365404
508 1365414
510 1365436
508 1365439
508 1365444
506 1365454
508 1365464
507 1365483
510 1365489
508 1365546
509 1365548
508 1365548
507 1365552
509 1365555
505 1365558
506 1365558
511 1365563
509 1365573
508 1365610
510 1365614
506 1365616
506 1365617
507 1365624
508 1365646
508 1365649
507 1365653
507 1365663
507 1365673
511 1365683
508 1365693
508 1365703
506 1365713
507 1365723
508 1365733
509 1365743
507 1365756
508 1365764
510 1365774
507 1365784
508 1365806
509 1365809
510 1365813
507 1365823
507 1365833
508 1365843
508 1365863
508 1365876
508 1365879
508 1365883
508 1365893
511 1365903
508 1365913
510 1365936
505 1365938
507 1365944
509 1365954
508 1365964
506 1365974
506 1365996
509 1365999
505 1366016
510 1366018
508 1366023
506 1366033
506 1366044
508 1366054
507 1366077
507 1366080
502 1366097
508 1366100
508 1366114
510 1366124
512 1366133
508 1366143
508 1366153
509 1366164
507 1366174
507 1366184
507 1366206
506 1366209
508 1366214
507 1366224
509 1366246
511 1366249
505 1366255
506 1366263
508 1366273
508 1366283
510 1366293
510 1366303
510 1366314
509 1366324
508 1366334
508 1366344
506 1366354
507 1366364
508 1366374
513 1366384
506 1366394
510 1366404
511 1366414
510 1366424
509 1366434
506 1366456
506 1366476
508 1366476
508 1366477
507 1366483
507 1366494
509 1366503
510 1366526
510 1366528
506 1366533
509 1366543
511 1366553
507 1366576
505 1366579
507 1366583
507 1366593
510 1366603
508 1366613
509 1366624
505 1366634
506 1366644
503 1366653
507 1366664
507 1366673
510 1366683
508 1366693
508 1366716
509 1366719
511 1366723
505 1366746
505 1366748
509 1366755
505 1366763
509 1366773
507 1366783
503 1366806
522 1366809
513 1366824
501 1366834
511 1366856
512 1366859
512 1366876
517 1366878
521 1366883
496 1366893
516 1366903
498 1366913
523 1366924
496 1366946
519 1366949
502 1366954
514 1366994
508 1367028
511 1367030
508 1367031
509 1367034
505 1367037
508 1367037
507 1367038
508 1367044
500 1367053
504 1367063
507 1367084
512 1367096
509 1367099
508 1367103
508 1367113
506 1367123
508 1367133
507 1367143
508 1367153
513 1367163
507 1367173
508 1367183
506 1367193
508 1367203
505 1367213
506 1367223
508 1367233
507 1367243
509 1367255
508 1367264
506 1367274
503 1367284
504 1367294
508 1367304
505 1367314
509 1367324
508 1367333
506 1367343
501 1367353
508 1367363
505 1367373
519 1367383
510 1367393
500 1367403
506 1367413
512 1367423
505 1367433
511 1367444
511 1367454
503 1367464
507 1367474
507 1367484
510 1367494
511 1367504
504 1367514
510 1367524
513 1367533
504 1367543
507 1367554
511 1367563
505 1367586
513 1367588
514 1367603
505 1367613
503 1367623
505 1367633
512 1367643
506 1367654
508 1367663
505 1367673
508 1367683
507 1367693
508 1367703
502 1367713
508 1367724
501 1367733
510 1367755
504 1367755
513 1367763
506 1367799
510 1367803
509 1367805
510 1367805
508 1367826
516 1367828
503 1367833
517 1367843
504 1367853
510 1367863
506 1367874
505 1367884
507 1367894
509 1367904
509 1367914
509 1367923
509 1367933
508 1367943
508 1367953
504 1367963
512 1367973
508 1367983
509 1367994
509 1368004
505 1368014
503 1368024
507 1368034
508 1368044
507 1368053
507 1368064
513 1368074
507 1368083
513 1368093
505 1368104
508 1368113
505 1368123
506 1368133
510 1368143
510 1368153
512 1368163
508 1368192
505 1368193
507 1368196
508 1368204
506 1368214
512 1368224
505 1368233
511 1368258
506 1368261
505 1368264
507 1368274
509 1368283
506 1368293
512 1368303
509 1368313
507 1368334
510 1368343
507 1368353
507 1368364
509 1368374
509 1368384
507 1368394
509 1368403
509 1368413
509 1368423
507 1368433
510 1368443
508 1368465
508 1368468
509 1368473
509 1368483
507 1368493
508 1368503
509 1368513
509 1368523
509 1368533
509 1368543
509 1368554
509 1368564
507 1368574
508 1368584
508 1368594
505 1368604
508 1368626
506 1368629
507 1368633
508 1368643
509 1368653
507 1368663
507 1368685
507 1368688
507 1368693
510 1368703
509 1368713
507 1368723
507 1368733
508 1368744
506 1368754
509 1368764
507 1368773
509 1368784
509 1368793
507 1368803
509 1368813
507 1368836
508 1368838
508 1368843
507 1368866
506 1368869
504 1368873
510 1368883
507 1368893
509 1368903
506 1368913
509 1368923
509 1368933
506 1368943
507 1368953
508 1368964
512 1368973
507 1368983
506 1368993
511 1369003
508 1369013
510 1369023
508 1369033
507 1369043
509 1369053
508 1369064
507 1369083
509 1369093
508 1369103
511 1369126
510 1369129
507 1369134
506 1369144
507 1369154
507 1369164
507 1369173
508 1369184
508 1369194
510 1369203
511 1369213
509 1369223
507 1369233
507 1369243
507 1369254
508 1369276
510 1369279
508 1369283
507 1369293
509 1369304
508 1369313
507 1369323
507 1369333
510 1369343
508 1369353
509 1369363
512 1369373
506 1369383
507 1369393
508 1369404
504 1369413
505 1369423
508 1369433
508 1369444
506 1369453
505 1369464
509 1369486
507 1369489
504 1369493
506 1369504
506 1369514
507 1369523
510 1369534
511 1369543
509 1369553
506 1369564
505 1369573
506 1369583
508 1369606
503 1369609
505 1369614
508 1369624
504 1369634
507 1369644
510 1369653
510 1369669
510 1369673
509 1369683
506 1369693
507 1369703
509 1369713
509 1369723
509 1369733
508 1369743
510 1369754
510 1369764
508 1369773
508 1369796
508 1369799
508 1369804
508 1369824
508 1369834
510 1369856
510 1369859
499 1369864
513 1369873
498 1369883
509 1369893
511 1369903
513 1369913
506 1369923
509 1369934
504 1369944
506 1369953
508 1369964
507 1369973
506 1369996
506 1369999
506 1370016
510 1370018
509 1370023
508 1370033
507 1370044
507 1370053
506 1370064
509 1370073
507 1370083
510 1370093
509 1370103
511 1370113
505 1370123
512 1370133
507 1370143
508 1370154
507 1370163
507 1370173
506 1370183
504 1370193
508 1370203
509 1370213
506 1370223
511 1370233
506 1370244
508 1370254
503 1370263
507 1370273
510 1370284
505 1370293
511 1370303
507 1370313
508 1370323
510 1370333
507 1370356
510 1370359
504 1370363
509 1370373
511 1370384
503 1370394
514 1370404
507 1370414
517 1370424
508 1370433
515 1370456
512 1370459
511 1370476
508 1370479
505 1370484
512 1370494
508 1370503
511 1370513
510 1370523
502 1370533
511 1370543
508 1370564
510 1370586
512 1370589
508 1370594
511 1370604
512 1370626
505 1370629
515 1370633
498 1370643
503 1370653
507 1370663
513 1370673
507 1370684
512 1370693
510 1370704
501 1370714
508 1370723
510 1370734
514 1370743
510 1370766
508 1370767
500 1370773
506 1370784
510 1370794
505 1370804
506 1370813
505 1370823
513 1370833
510 1370843
504 1370853
516 1370863
510 1370873
516 1370883
508 1370893
509 1370903
506 1370913
507 1370923
512 1370933
507 1370943
507 1370953
506 1370963
512 1370973
506 1370983
512 1370993
505 1371003
509 1371026
506 1371028
508 1371046
506 1371049
508 1371053
507 1371103
512 1371105
506 1371105
508 1371109
509 1371116
502 1371119
506 1371123
512 1371146
516 1371149
509 1371179
512 1371181
507 1371184
505 1371197
513 1371200
506 1371244
508 1371273
507 1371276
508 1371276
509 1371280
509 1371296
508 1371299
507 1371325
509 1371327
507 1371328
510 1371331
511 1371331
505 1371335
511 1371343
511 1371517
508 1371521
508 1371528
510 1371531
507 1371533
507 1371544
506 1371546
508 1371546
507 1371547
508 1371549
508 1371549
507 1371550
506 1371552
508 1371553
506 1371581
510 1371600
511 1371601
507 1371601
510 1371602
509 1371602
506 1371602
505 1371603
508 1371603
509 1371629
506 1371630
507 1371630
510 1371630
509 1371631
508 1371634
504 1371660
502 1371660
506 1371663
502 1371688
508 1371689
505 1371693
510 1371703
513 1371713
511 1371723
501 1371733
511 1371743
511 1371753
503 1371762
507 1371773
508 1371834
508 1371836
504 1371836
513 1371837
506 1371849
508 1371851
506 1371853
509 1371866
509 1371869
509 1371884
507 1371896
508 1371899
508 1371903
505 1371913
506 1371923
508 1371933
507 1371943
510 1371953
508 1371963
509 1371973
509 1371983
510 1371993
507 1372003
