512 880932
507 880934
510 880934
510 880934
514 880935
507 880935
501 880936
506 880936
508 880936
508 880937
510 880937
509 880937
502 880938
511 880938
510 880938
507 880939
505 880939
508 880940
506 880940
507 880940
507 880941
506 880941
507 880942
508 880942
507 880942
507 880943
507 880943
507 880943
509 880944
508 880944
507 880945
510 880945
508 880945
507 880946
507 880946
506 880946
507 880947
506 880947
506 880947
510 880948
507 880948
507 880949
507 880949
507 880949
507 880950
509 880950
505 880950
508 880951
507 880951
509 880951
508 880952
510 880952
509 880953
506 880953
509 880953
506 880954
514 880954
509 880954
495 880955
512 880955
509 880955
511 880956
510 880956
507 880957
509 880957
505 880957
22012 880958
506 880958
508 880958
508 880961
509 880963
509 880964
511 880969
509 880979
507 880989
511 880999
509 881008
508 881019
509 881029
507 881039
511 881049
509 881059
505 881069
505 881091
503 881094
508 881099
510 881108
507 881119
510 881129
510 881139
509 881149
512 881159
504 881169
507 881179
507 881189
507 881199
520 881221
510 881224
507 881229
507 881251
505 881254
511 881258
507 881269
511 881279
507 881289
508 881299
506 881309
507 881319
510 881329
509 881339
507 881349
507 881359
508 881381
509 881383
507 881389
509 881399
508 881409
510 881419
508 881429
505 881439
508 881449
507 881459
509 881469
507 881479
508 881489
508 881499
510 881509
509 881519
507 881529
505 881539
509 881549
508 881559
507 881579
508 881601
507 881604
508 881609
509 881619
508 881629
505 881639
507 881649
507 881659
508 881669
507 881679
507 881688
508 881699
508 881709
508 881732
509 881735
509 881739
509 881749
508 881771
508 881774
508 881779
506 881789
508 881799
508 881809
508 881831
506 881834
508 881839
508 881849
507 881859
508 881881
508 881884
510 881888
508 881898
507 881908
505 881919
506 881929
507 881950
511 881962
512 881965
508 881969
510 881979
507 882001
508 882004
511 882021
508 882024
508 882029
504 882039
509 882049
508 882059
506 882069
507 882079
510 882089
504 882099
498 882121
507 882124
503 882128
526 882139
510 882175
510 882179
508 882182
505 882182
507 882189
512 882199
505 882209
508 882219
507 882229
510 882238
506 882248
515 882258
509 882268
503 882279
497 882289
505 882299
502 882331
519 882334
514 882339
508 882349
508 882371
504 882374
505 882380
508 882389
512 882399
512 882409
508 882419
502 882429
496 882439
510 882449
509 882459
504 882469
508 882492
509 882495
507 882499
509 882509
514 882519
505 882542
510 882544
510 882549
504 882559
506 882569
509 882579
510 882589
508 882599
513 882609
508 882619
509 882629
506 882639
505 882662
506 882664
511 882669
505 882679
513 882689
505 882699
512 882709
507 882719
513 882729
506 882739
510 882762
509 882765
504 882769
509 882779
511 882789
509 882799
505 882809
512 882832
511 882834
509 882839
512 882849
507 882872
509 882875
507 882879
517 882901
518 882904
513 882909
509 882918
509 882929
500 882939
498 882949
507 882985
507 882989
509 882992
513 882992
512 882999
504 883009
506 883019
499 883029
505 883039
513 883049
508 883059
496 883078
514 883089
510 883098
507 883109
506 883119
502 883129
508 883139
504 883149
503 883159
514 883182
508 883185
509 883189
506 883199
512 883209
516 883219
507 883242
509 883245
507 883249
512 883259
507 883269
502 883302
510 883305
502 883312
520 883314
500 883319
512 883329
510 883339
504 883349
511 883359
515 883381
508 883384
505 883389
505 883399
513 883409
506 883419
506 883428
508 883449
512 883450
511 883459
518 883469
515 883491
506 883495
498 883499
503 883509
500 883519
501 883529
505 883539
514 883549
506 883559
501 883569
507 883579
506 883589
507 883599
511 883622
506 883625
517 883629
502 883639
509 883649
487 883659
510 883682
515 883684
518 883689
508 883699
498 883709
492 883719
521 883729
512 883739
503 883749
505 883759
502 883782
505 883785
512 883799
517 883812
502 883814
510 883829
502 883839
506 883849
512 883859
496 883869
507 883879
516 883889
506 883912
502 883914
517 883919
515 883928
505 883951
506 883954
503 883958
510 883981
501 883983
512 883989
507 883999
516 884009
493 884019
507 884029
514 884041
504 884049
506 884059
511 884069
504 884079
508 884089
508 884098
512 884109
518 884131
501 884134
514 884139
516 884148
511 884159
511 884178
519 884179
502 884188
502 884199
504 884208
508 884218
502 884228
508 884251
505 884253
502 884258
486 884268
512 884279
508 884302
518 884304
513 884321
502 884324
511 884329
505 884351
500 884354
507 884371
509 884374
508 884379
515 884389
508 884411
509 884414
507 884431
509 884433
512 884451
507 884454
509 884459
511 884531
510 884533
507 884533
507 884536
506 884536
508 884541
506 884544
509 884549
511 884598
508 884601
509 884601
509 884602
510 884611
506 884614
506 884618
506 884641
507 884644
508 884661
508 884664
504 884688
508 884689
508 884689
509 884699
506 884709
507 884731
507 884734
509 884751
507 884754
508 884769
509 884779
509 884804
505 884806
508 884808
508 884821
508 884824
507 884841
507 884844
509 884849
508 884871
508 884874
509 884892
507 884894
505 884911
507 884914
505 884919
509 884968
507 884971
510 884971
505 884975
514 884994
515 884996
508 884998
506 885035
509 885038
517 885040
506 885051
510 885054
512 885058
509 885068
508 885104
508 885108
508 885111
509 885111
508 885118
503 885129
504 885149
507 885174
507 885176
507 885179
507 885191
506 885194
509 885199
507 885209
507 885219
511 885241
507 885244
506 885261
506 885264
507 885281
510 885284
508 885313
508 885316
508 885319
507 885319
509 885333
509 885333
507 885359
508 885410
510 885413
510 885413
506 885414
510 885416
507 885421
511 885424
512 885441
506 885444
505 885450
508 885472
506 885474
508 885492
509 885495
509 885511
508 885514
508 885519
509 885542
500 885544
509 885562
508 885564
507 885581
508 885584
508 885612
508 885615
508 885658
508 885661
511 885662
507 885663
509 885711
511 885711
505 885713
514 885714
504 885714
505 885717
506 885721
506 885724
494 885781
507 885783
509 885783
509 885785
505 885786
521 885791
508 885794
510 885811
500 885814
510 885819
521 885842
511 885845
508 885862
492 885865
508 885882
517 885885
510 885889
511 885912
509 885914
506 885931
511 885934
508 885939
511 885949
507 885990
514 886004
504 886006
503 886007
511 886021
515 886024
503 886072
507 886075
511 886083
504 886086
510 886094
508 886096
509 886099
507 886102
509 886150
505 886152
509 886153
505 886155
505 886155
509 886158
512 886169
504 886179
505 886215
507 886219
507 886221
507 886221
506 886229
507 886239
509 886249
508 886284
509 886286
505 886288
508 886301
508 886304
507 886309
507 886319
506 886329
508 886378
512 886381
506 886381
504 886409
509 886411
507 886411
506 886413
510 886422
507 886424
506 886441
510 886444
507 886449
508 886470
506 886500
509 886522
507 886525
505 886579
505 886581
506 886582
510 886584
508 886607
508 886619
509 886621
504 886622
506 886622
509 886622
507 886625
508 886625
509 886629
508 886641
507 886644
505 886648
508 886683
508 886687
507 886687
510 886701
511 886703
506 886709
512 886719
507 886729
506 886774
508 886776
512 886779
508 886782
512 886789
505 886824
510 886827
504 886833
506 886841
500 886844
522 886848
509 886858
511 886869
511 886891
505 886894
510 886912
502 886915
497 886945
503 886949
508 886952
503 886952
507 886959
511 886981
505 886984
507 887014
507 887018
509 887021
506 887022
506 887029
506 887051
509 887054
509 887071
509 887073
509 887090
509 887129
508 887131
506 887132
507 887135
510 887154
508 887157
506 887163
508 887171
510 887178
508 887180
507 887188
509 887219
507 887232
508 887235
506 887239
508 887262
506 887264
509 887283
508 887283
508 887284
506 887313
509 887317
511 887319
510 887322
508 887328
508 887351
510 887354
510 887388
511 887391
513 887391
505 887402
509 887404
506 887422
506 887425
507 887441
508 887444
509 887449
507 887471
506 887474
508 887479
506 887489
509 887511
509 887514
508 887541
508 887544
509 887562
511 887564
510 887580
503 887591
503 887594
504 887599
510 887659
514 887690
507 887693
507 887693
515 887697
530 887697
503 887697
507 887700
505 887701
501 887711
518 887714
504 887719
501 887729
516 887750
513 887762
506 887765
502 887768
503 887779
505 887788
500 887811
507 887814
516 887818
510 887828
510 887838
507 887848
495 887858
497 887868
494 887878
496 887888
510 887898
499 887921
523 887924
506 887929
508 887939
503 887949
514 887959
507 887994
507 887996
507 887998
510 888011
510 888014
509 888019
508 888029
507 888039
515 888049
500 888058
499 888068
502 888078
506 888089
499 888099
515 888109
510 888118
502 888128
508 888138
510 888149
512 888158
505 888181
512 888184
509 888201
506 888203
509 888208
506 888219
508 888229
503 888239
503 888249
515 888259
510 888279
509 888289
510 888299
505 888309
508 888319
500 888329
506 888339
506 888348
506 888359
505 888368
508 888379
508 888389
508 888399
507 888408
508 888418
510 888428
508 888438
508 888448
506 888458
509 888468
509 888478
507 888489
508 888499
514 888509
503 888519
504 888529
507 888539
508 888549
509 888559
514 888569
512 888591
503 888611
505 888611
512 888633
511 888637
512 888639
505 888642
505 888649
504 888658
506 888668
508 888678
513 888688
506 888709
508 888721
500 888723
511 888729
506 888739
510 888749
503 888759
499 888769
515 888779
512 888789
503 888799
509 888809
509 888819
508 888829
509 888839
512 888849
506 888859
508 888880
506 888880
507 888889
507 888898
507 888909
508 888918
511 888928
508 888939
509 888948
509 888958
504 888968
508 888978
509 888988
504 888998
514 889009
515 889029
505 889038
512 889059
506 889059
508 889068
504 889078
522 889088
502 889099
493 889108
506 889118
506 889128
508 889138
512 889148
505 889158
508 889168
508 889179
508 889189
509 889199
508 889209
508 889219
507 889229
499 889239
509 889259
511 889271
508 889278
516 889284
510 889289
508 889298
502 889309
501 889318
504 889328
507 889338
516 889348
504 889358
510 889368
513 889378
507 889425
507 889430
507 889434
508 889434
507 889437
506 889439
505 889449
509 889484
512 889486
510 889489
505 889492
511 889499
512 889509
505 889531
505 889534
511 889539
509 889549
504 889559
507 889568
506 889579
510 889588
508 889599
508 889608
507 889629
508 889641
509 889643
508 889648
508 889670
508 889673
507 889678
509 889688
507 889698
507 889708
507 889719
508 889729
507 889739
508 889759
506 889781
507 889784
511 889788
509 889799
505 889809
507 889819
506 889841
507 889844
508 889849
508 889858
510 889881
507 889884
508 889889
507 889898
506 889908
508 889918
508 889928
507 889938
502 889948
512 889958
510 889968
508 889978
508 890001
514 890003
511 890008
506 890019
509 890029
505 890039
508 890049
509 890059
510 890081
509 890084
506 890089
512 890140
505 890143
511 890143
505 890144
507 890146
513 890149
503 890158
509 890168
507 890191
510 890194
511 890211
507 890214
507 890218
508 890228
509 890238
510 890249
512 890259
506 890281
507 890284
510 890289
507 890299
508 890309
506 890319
506 890341
512 890344
507 890349
510 890358
508 890368
508 890378
510 890388
510 890398
503 890408
508 890418
515 890428
513 890438
506 890448
509 890458
506 890468
507 890478
511 890499
507 890509
506 890519
508 890529
506 890539
506 890549
505 890559
510 890569
511 890579
511 890601
510 890604
507 890608
511 890618
511 890628
506 890651
509 890654
507 890658
509 890668
507 890678
505 890688
507 890699
505 890722
513 890724
506 890741
511 890744
511 890749
509 890759
514 890769
506 890778
513 890788
510 890811
505 890814
512 890843
509 890846
506 890849
505 890861
504 890867
506 890881
513 890883
506 890889
509 890898
503 890908
506 890931
508 890934
506 890952
508 890954
508 890959
508 890969
507 890979
508 891028
507 891031
505 891031
506 891032
525 891054
517 891056
505 891059
508 891062
508 891091
508 891094
499 891098
501 891108
507 891118
507 891128
521 891138
504 891148
505 891158
508 891169
507 891191
511 891194
504 891199
508 891209
502 891244
509 891248
503 891251
512 891251
509 891258
506 891268
507 891278
507 891288
505 891298
512 891309
510 891318
508 891341
506 891344
513 891349
510 891371
511 891374
506 891405
506 891408
510 891411
507 891411
510 891418
511 891439
508 891451
508 891454
508 891458
509 891468
498 891478
511 891488
506 891498
517 891508
514 891518
516 891542
510 891545
507 891549
506 891559
504 891569
505 891579
512 891589
509 891611
509 891614
511 891619
503 891629
510 891651
506 891654
504 891658
502 891668
505 891678
510 891688
503 891698
512 891708
509 891718
511 891741
507 891743
508 891748
506 891759
509 891769
507 891791
508 891794
506 891799
509 891809
508 891818
509 891828
507 891863
506 891865
507 891867
508 891894
507 891897
510 891903
505 891909
509 891919
510 891929
508 891939
507 891949
509 891959
507 891981
509 891984
508 891989
507 891999
509 892033
510 892037
508 892039
507 892042
507 892048
504 892058
508 892079
510 892091
504 892094
509 892118
510 892148
504 892151
508 892151
515 892155
512 892161
514 892164
507 892181
512 892184
500 892189
514 892211
512 892214
507 892229
510 892268
504 892271
500 892271
517 892275
506 892302
509 892305
500 892324
504 892326
493 892329
492 892332
512 892332
508 892351
514 892354
510 892371
509 892373
534 892391
508 892394
500 892398
504 892408
508 892418
507 892468
509 892470
505 892471
507 892473
508 892479
508 892515
510 892517
499 892519
503 892531
508 892534
509 892551
509 892554
514 892559
511 892581
507 892584
507 892631
535 892633
495 892633
501 892635
499 892636
508 892678
510 892680
508 892680
510 892683
507 892691
506 892694
506 892695
509 892699
506 892721
507 892724
505 892729
506 892739
508 892759
508 892769
507 892791
507 892794
506 892838
508 892841
508 892841
508 892842
506 892852
509 892854
506 892859
505 892869
508 892878
515 892901
522 892904
518 892951
505 892953
511 892953
514 892955
505 892956
506 892971
504 892974
506 893005
514 893007
507 893010
509 893032
509 893034
510 893041
508 893044
506 893049
507 893059
509 893068
506 893079
484 893089
511 893099
511 893108
513 893119
510 893129
511 893139
509 893161
509 893164
506 893169
507 893188
508 893189
511 893199
506 893221
505 893224
508 893239
515 893251
506 893254
510 893259
505 893269
508 893279
513 893288
509 893298
514 893321
505 893324
509 893329
508 893338
510 893348
507 893359
509 893381
509 893384
508 893389
509 893409
508 893421
508 893424
505 893428
508 893449
508 893461
507 893464
507 893478
509 893488
510 893499
509 893521
508 893524
507 893541
508 893544
510 893561
506 893564
510 893568
511 893579
509 893589
510 893611
507 893614
505 893619
508 893629
511 893639
506 893661
508 893664
504 893669
511 893679
505 893689
504 893699
501 893709
513 893719
513 893729
512 893751
505 893754
512 893759
511 893769
513 893779
503 893789
505 893799
505 893821
510 893824
501 893841
503 893844
500 893874
506 893876
515 893879
493 893891
504 893894
507 893898
510 893909
511 893919
508 893929
509 893939
504 893949
509 893959
508 893969
513 893978
505 893988
509 893999
506 894009
511 894019
507 894029
507 894039
512 894049
510 894059
507 894085
507 894090
510 894093
512 894099
508 894109
507 894119
509 894129
512 894139
511 894148
509 894158
507 894168
508 894178
511 894211
506 894214
503 894218
486 894228
511 894238
511 894249
510 894259
504 894281
505 894284
517 894301
500 894304
511 894309
508 894319
508 894329
521 894339
506 894348
509 894359
507 894368
505 894403
509 894407
508 894409
508 894411
509 894418
510 894429
508 894439
506 894449
507 894459
508 894469
508 894491
507 894494
507 894511
507 894514
510 894519
508 894529
507 894539
508 894561
512 894564
508 894569
508 894578
519 894588
505 894599
507 894608
512 894619
505 894628
508 894639
510 894648
507 894671
509 894673
507 894678
508 894688
509 894698
508 894708
507 894718
508 894728
508 894739
505 894749
510 894759
506 894769
502 894791
513 894794
506 894799
507 894809
509 894819
506 894829
509 894839
509 894848
506 894858
509 894869
504 894878
514 894888
509 894899
509 894908
494 894919
515 894928
506 894938
503 894948
503 894968
503 894978
505 894988
514 894998
505 895008
511 895018
508 895028
506 895038
511 895048
504 895058
508 895068
510 895078
507 895088
510 895110
505 895114
506 895119
508 895130
508 895139
511 895149
507 895159
511 895169
508 895179
510 895189
508 895199
506 895208
508 895219
502 895228
512 895238
506 895249
509 895269
510 895281
507 895284
505 895291
507 895298
509 895319
508 895331
510 895334
509 895338
508 895348
510 895358
509 895381
505 895384
508 895389
507 895399
508 895409
509 895419
508 895429
507 895439
509 895449
508 895459
506 895495
506 895499
508 895501
507 895502
510 895509
507 895518
509 895528
508 895538
507 895549
507 895572
506 895574
507 895578
507 895589
508 895599
506 895609
509 895619
510 895629
508 895639
507 895649
508 895659
507 895681
507 895684
508 895689
507 895709
508 895718
509 895728
511 895739
506 895748
506 895759
508 895768
509 895791
507 895794
511 895799
509 895809
506 895819
510 895829
496 895839
506 895849
506 895859
509 895869
509 895879
511 895889
504 895898
508 895908
511 895919
507 895928
505 895938
506 895948
508 895959
509 895968
512 895978
505 895989
507 895999
510 896009
506 896019
507 896029
505 896039
508 896049
508 896059
507 896068
504 896078
501 896088
504 896098
505 896108
506 896131
519 896134
501 896149
494 896150
501 896159
507 896169
507 896179
512 896189
506 896198
511 896208
505 896219
510 896229
504 896239
510 896249
511 896259
511 896269
508 896279
509 896289
504 896299
512 896323
507 896324
513 896329
510 896339
510 896349
510 896359
505 896369
510 896379
508 896389
506 896399
508 896409
508 896431
508 896434
507 896461
507 896464
508 896468
509 896479
507 896489
509 896499
506 896509
506 896519
509 896529
509 896539
508 896549
506 896559
509 896569
507 896579
509 896589
505 896599
507 896609
509 896619
505 896629
509 896639
506 896649
510 896659
505 896695
508 896699
508 896701
507 896702
512 896709
506 896719
505 896729
513 896739
510 896749
510 896758
506 896769
509 896778
509 896788
508 896798
507 896808
507 896818
508 896829
510 896839
509 896849
504 896859
506 896868
507 896905
509 896908
507 896911
508 896912
508 896918
509 896941
508 896944
507 896949
511 896958
507 896969
509 896979
509 896989
512 896999
517 897009
513 897031
499 897034
511 897039
508 897048
509 897059
508 897099
508 897121
509 897124
504 897124
506 897127
513 897130
507 897131
508 897178
508 897180
507 897205
507 897210
507 897211
508 897211
508 897220
510 897223
509 897240
508 897243
508 897248
506 897258
507 897268
507 897291
509 897295
509 897311
511 897314
508 897319
505 897329
509 897339
507 897348
508 897358
506 897381
509 897384
510 897401
512 897404
508 897409
505 897419
505 897428
508 897451
507 897454
508 897458
509 897481
509 897484
508 897500
508 897503
508 897535
508 897539
509 897541
508 897542
508 897549
509 897559
509 897568
507 897591
509 897594
507 897611
507 897614
509 897618
508 897629
508 897638
508 897649
507 897685
507 897689
510 897691
505 897691
507 897711
508 897713
507 897718
510 897728
507 897748
508 897758
509 897781
509 897784
506 897800
504 897820
505 897821
506 897830
509 897833
507 897850
507 897853
507 897871
510 897874
508 897879
509 897901
507 897904
507 897958
509 897961
508 897961
507 897961
507 897962
509 897971
507 897974
505 897991
507 897994
509 898012
508 898014
510 898043
507 898047
507 898053
508 898059
508 898083
506 898087
506 898087
507 898108
508 898149
507 898202
510 898204
509 898205
509 898207
507 898208
508 898210
506 898211
507 898226
514 898227
507 898246
509 898246
508 898247
509 898247
509 898248
507 898286
511 898290
508 898291
507 898367
508 898407
510 898408
508 898409
509 898409
509 898410
507 898410
506 898411
508 898411
507 898411
507 898412
508 898412
509 898414
510 898414
509 898432
509 898433
506 898468
508 898469
509 898469
506 898470
508 898590
509 898591
508 898722
509 898723
508 898723
507 898724
506 898724
508 898725
504 898725
510 898725
506 898726
510 898728
508 898728
509 898728
507 898729
510 898729
508 898730
508 898730
509 898730
509 898731
510 898731
509 898732
509 898732
509 898732
507 898734
507 898738
508 898759
507 898760
507 898796
507 898796
508 898797
508 898836
508 898864
507 898865
509 898865
506 898866
508 898887
507 898888
508 898890
509 898890
504 898891
505 898910
503 898910
506 898919
505 898928
508 898951
508 898954
507 898958
505 898968
509 898991
509 898994
509 898998
511 899008
510 899018
507 899029
510 899039
512 899049
508 899058
498 899069
506 899079
509 899088
513 899099
501 899108
506 899118
516 899128
508 899151
511 899154
506 899158
507 899168
508 899178
503 899189
513 899199
500 899209
508 899219
508 899229
506 899239
510 899248
514 899258
507 899269
509 899279
506 899289
506 899298
507 899309
503 899319
508 899329
508 899339
517 899349
528 899358
503 899368
502 899378
506 899388
506 899408
511 899418
524 899429
513 899451
504 899454
506 899459
507 899469
509 899478
509 899489
508 899511
504 899514
508 899518
506 899529
506 899551
507 899554
502 899559
508 899568
507 899578
509 899593
507 899598
508 899621
508 899624
510 899628
508 899638
506 899649
509 899659
509 899669
508 899691
510 899694
510 899699
510 899708
512 899718
509 899728
507 899738
506 899748
511 899758
508 899768
509 899779
508 899788
508 899799
509 899809
509 899819
507 899829
509 899838
504 899849
511 899858
507 899868
508 899879
508 899889
507 899899
509 899909
507 899931
507 899934
508 899938
508 899948
509 899958
509 899968
506 899978
505 900000
510 900003
502 900008
508 900018
512 900028
504 900038
513 900049
506 900059
504 900069
515 900079
517 900089
509 900099
506 900108
508 900118
507 900129
509 900138
511 900148
507 900168
510 900178
512 900188
510 900198
507 900208
508 900218
507 900228
505 900238
508 900248
507 900258
516 900306
505 900307
509 900307
515 900308
509 900320
509 900323
510 900328
508 900338
508 900348
507 900358
507 900368
508 900378
511 900388
512 900398
506 900408
506 900418
508 900429
504 900439
504 900449
505 900459
510 900469
501 900491
506 900494
507 900498
507 900508
505 900531
509 900534
511 900538
513 900548
503 900558
501 900568
514 900578
511 900588
502 900598
508 900608
501 900618
487 900628
520 900638
506 900648
508 900658
505 900668
504 900678
508 900688
508 900698
511 900708
506 900718
510 900740
509 900743
508 900748
508 900758
506 900768
508 900778
508 900794
506 900799
510 900809
508 900819
509 900829
504 900838
509 900848
506 900858
510 900868
509 900878
508 900899
510 900909
509 900918
508 900941
501 900944
509 900990
504 900993
508 900994
506 900994
509 900996
511 901000
507 901008
509 901031
509 901033
507 901038
508 901048
509 901058
509 901068
509 901078
508 901088
509 901099
508 901109
508 901131
506 901136
509 901139
506 901149
507 901171
508 901174
507 901179
509 901188
508 901198
511 901208
507 901218
508 901228
507 901238
508 901248
509 901258
507 901268
508 901278
507 901288
508 901298
507 901308
504 901318
508 901340
507 901343
507 901348
509 901370
511 901373
509 901394
508 901395
507 901398
508 901409
509 901419
508 901429
506 901438
506 901449
509 901458
509 901469
513 901479
509 901488
512 901498
507 901508
506 901531
507 901533
506 901564
509 901566
509 901569
509 901578
508 901600
510 901603
508 901620
509 901623
504 901628
508 901650
508 901653
507 901671
504 901674
511 901679
509 901701
506 901704
508 901721
507 901724
509 901741
508 901744
509 901748
508 901771
509 901773
508 901790
509 901793
508 901823
509 901826
506 901828
509 901840
508 901843
509 901860
513 901863
508 901891
508 901894
509 901913
507 901915
508 901917
510 901931
507 901933
508 902020
510 902023
507 902023
507 902026
505 902028
510 902028
508 902031
508 902031
503 902044
510 902048
510 902051
509 902052
505 902068
506 902088
509 902114
512 902119
507 902121
510 902122
508 902122
508 902168
510 902170
510 902170
511 902189
511 902189
506 902190
507 902201
512 902204
504 902208
505 902218
512 902254
505 902257
505 902257
512 902271
514 902273
503 902278
508 902300
503 902303
517 902308
513 902318
516 902328
505 902338
512 902348
521 902358
514 902378
503 902388
505 902410
505 902413
502 902418
510 902428
512 902451
517 902454
513 902459
515 902491
507 902494
499 902501
511 902504
500 902508
507 902531
503 902533
511 902550
505 902553
508 902558
513 902568
508 902578
508 902588
508 902598
511 902608
506 902618
507 902628
508 902638
492 902648
510 902659
511 902669
512 902679
507 902688
505 902711
514 902714
506 902718
511 902753
508 902757
507 902759
519 902761
517 902793
507 902796
504 902797
522 902811
501 902813
511 902818
495 902828
511 902851
510 902853
516 902910
514 902930
516 902931
504 902931
501 902932
533 902932
510 902933
523 902975
524 902977
505 902980
513 902994
498 902997
483 902997
513 903023
557 903026
498 903027
516 903041
507 903044
511 903059
506 903111
515 903114
509 903143
506 903146
515 903150
506 903153
510 903153
493 903154
502 903155
512 903159
513 903160
503 903182
508 903182
511 903200
508 903203
502 903258
509 903261
504 903261
510 903265
507 903271
507 903274
513 903312
508 903314
506 903390
497 903392
515 903394
513 903394
507 903397
507 903399
510 903401
509 903401
507 903403
506 903403
510 903406
506 903408
511 903410
509 903428
507 903451
517 903453
507 903458
501 903458
509 903468
512 903504
514 903508
511 903510
505 903510
510 903518
511 903528
508 903538
504 903548
507 903559
509 903568
510 903591
509 903594
513 903598
507 903608
516 903619
507 903628
504 903638
513 903663
510 903663
512 903681
510 903683
511 903688
511 903698
511 903708
507 903731
506 903734
505 903738
506 903748
507 903758
508 903778
508 903790
506 903793
511 903798
513 903808
510 903818
507 903828
514 903851
506 903854
507 903858
509 903879
505 903901
507 903903
513 903921
511 903924
512 903928
510 903938
513 903961
508 903964
509 903968
508 904003
504 904007
506 904009
507 904011
507 904018
513 904028
511 904038
511 904048
504 904058
506 904068
505 904078
507 904088
508 904098
505 904108
509 904130
507 904133
504 904164
506 904168
508 904170
507 904170
512 904178
509 904188
508 904198
506 904208
506 904219
507 904229
506 904238
508 904249
510 904259
514 904268
505 904278
503 904301
507 904303
510 904308
505 904318
507 904328
508 904338
507 904348
506 904358
516 904368
501 904378
517 904400
508 904403
513 904408
509 904418
518 904428
505 904438
511 904448
507 904458
504 904468
508 904490
506 904493
512 904497
509 904509
516 904519
504 904529
505 904539
512 904561
509 904564
506 904568
504 904591
507 904594
508 904598
506 904618
506 904628
515 904638
511 904648
506 904658
508 904668
510 904691
505 904693
510 904698
506 904708
509 904718
504 904728
517 904738
504 904748
507 904758
508 904768
507 904820
509 904823
503 904823
504 904824
506 904826
513 904829
511 904838
505 904849
517 904859
506 904868
510 904879
504 904890
520 904898
512 904908
513 904918
507 904928
512 904938
514 904948
509 904958
513 904968
513 904989
500 905014
509 905018
509 905020
505 905020
502 905028
505 905038
508 905048
506 905058
517 905068
499 905078
510 905088
501 905110
511 905113
506 905118
509 905128
505 905138
498 905148
511 905158
502 905180
496 905183
500 905188
509 905198
510 905208
509 905219
504 905229
511 905239
509 905248
512 905258
509 905268
506 905278
510 905301
514 905304
505 905308
503 905331
504 905333
502 905338
506 905358
506 905368
512 905390
508 905401
511 905403
507 905408
509 905418
506 905428
507 905438
507 905448
505 905458
508 905468
508 905479
506 905489
510 905511
507 905514
508 905518
509 905529
513 905538
508 905548
510 905558
508 905568
509 905593
507 905594
503 905611
509 905614
506 905618
521 905628
515 905638
518 905648
513 905658
503 905668
499 905679
495 905688
507 905698
505 905708
513 905718
505 905728
504 905738
508 905748
507 905759
519 905781
517 905784
514 905789
509 905811
501 905813
501 905831
507 905833
506 905838
507 905848
501 905858
508 905869
510 905878
499 905888
507 905898
511 905908
509 905918
495 905928
508 905939
512 905949
510 905959
508 905969
498 905978
506 905988
509 905998
508 906008
506 906018
509 906028
509 906038
506 906048
504 906058
509 906069
505 906088
506 906098
508 906108
507 906118
510 906128
509 906138
509 906148
508 906183
506 906187
506 906189
508 906191
509 906199
506 906208
507 906218
509 906228
509 906238
509 906248
507 906271
507 906274
508 906279
507 906288
508 906298
509 906308
508 906318
506 906328
507 906339
507 906349
508 906359
509 906381
508 906384
509 906388
508 906398
510 906408
508 906418
508 906428
508 906438
505 906448
507 906458
502 906468
508 906478
507 906488
508 906498
507 906508
507 906518
504 906528
512 906538
506 906548
509 906559
508 906569
512 906578
507 906588
511 906602
507 906608
505 906618
510 906628
507 906638
506 906648
503 906658
504 906668
511 906678
506 906688
508 906699
510 906709
506 906719
509 906729
509 906739
508 906749
511 906758
487 906768
505 906778
499 906788
507 906823
506 906825
503 906829
506 906832
515 906848
510 906858
513 906868
503 906878
509 906889
505 906898
509 906908
508 906919
506 906928
509 906938
510 906948
511 906958
512 906991
510 906992
509 906992
507 906998
506 907021
511 907024
511 907028
509 907038
516 907048
506 907058
511 907068
505 907091
507 907094
512 907098
513 907109
505 907118
506 907130
510 907138
511 907148
509 907158
505 907168
506 907190
520 907193
499 907198
503 907208
504 907230
507 907233
510 907238
503 907248
505 907259
508 907269
507 907279
507 907288
505 907298
511 907308
511 907318
507 907328
509 907338
510 907348
507 907358
505 907381
508 907383
507 907388
508 907398
503 907408
507 907418
514 907428
505 907438
517 907448
516 907458
515 907468
516 907478
504 907488
512 907498
509 907508
513 907518
507 907528
507 907538
507 907548
507 907558
507 907591
506 907593
511 907597
508 907619
510 907631
510 907634
506 907639
504 907649
508 907658
509 907668
509 907693
507 907694
511 907698
504 907708
513 907718
499 907728
505 907738
503 907748
512 907758
515 907768
509 907778
506 907788
505 907798
509 907808
506 907830
514 907833
510 907838
503 907848
502 907858
508 907868
513 907878
506 907900
513 907903
508 907908
501 907918
530 907928
505 907937
503 907948
509 907958
504 907968
510 907979
506 907988
506 907998
504 908008
513 908031
501 908033
512 908038
512 908048
508 908058
514 908068
512 908078
506 908101
508 908103
508 908108
507 908118
509 908128
507 908138
509 908148
508 908158
511 908168
509 908192
508 908192
508 908198
506 908208
507 908218
507 908228
506 908238
509 908248
508 908258
508 908268
507 908278
507 908287
507 908299
508 908308
507 908328
510 908338
505 908348
512 908384
506 908388
506 908391
513 908394
504 908398
507 908408
507 908431
507 908434
510 908438
506 908448
509 908458
510 908468
510 908478
509 908488
508 908498
511 908508
506 908518
509 908528
517 908538
510 908548
508 908558
514 908568
507 908603
511 908605
508 908609
512 908612
505 908618
509 908641
503 908644
509 908648
511 908658
502 908668
501 908678
512 908688
515 908698
509 908708
509 908718
513 908728
506 908738
508 908748
510 908758
507 908768
509 908778
506 908788
505 908798
507 908808
512 908818
509 908829
508 908839
506 908848
509 908858
503 908868
510 908878
510 908889
508 908898
510 908908
508 908918
506 908928
505 908939
508 908948
506 908958
508 908968
510 908978
505 908988
510 908998
509 909008
504 909018
507 909028
508 909038
507 909058
510 909068
511 909091
509 909094
509 909098
509 909108
507 909118
506 909128
509 909138
509 909148
506 909158
506 909168
505 909178
511 909188
512 909198
507 909208
506 909218
505 909228
506 909238
508 909248
508 909258
505 909268
508 909278
510 909297
509 909299
507 909308
507 909318
510 909328
506 909338
512 909348
509 909370
509 909374
510 909378
508 909388
505 909411
507 909414
509 909418
508 909428
507 909438
505 909448
506 909458
511 909468
508 909490
507 909493
506 909498
510 909508
508 909518
509 909528
510 909538
507 909548
508 909558
509 909568
509 909578
508 909593
506 909598
509 909608
513 909618
511 909641
509 909643
505 909648
512 909658
508 909668
507 909690
506 909693
505 909698
508 909708
508 909718
509 909728
508 909738
505 909748
506 909758
508 909779
507 909791
505 909793
505 909809
501 909818
507 909828
507 909838
519 909848
520 909883
508 909888
512 909890
508 909893
524 909898
490 909920
505 909923
506 909953
511 909955
509 909958
505 909962
508 909968
510 909987
511 909990
504 910010
507 910013
529 910018
513 910028
523 910050
511 910053
499 910058
500 910067
511 910077
507 910088
506 910097
501 910107
495 910117
509 910128
505 910137
511 910147
517 910158
505 910168
523 910191
502 910194
500 910198
509 910221
510 910224
500 910228
505 910238
510 910248
511 910258
510 910268
500 910278
510 910288
511 910298
511 910308
511 910330
505 910333
508 910338
506 910348
506 910358
507 910368
509 910378
506 910388
512 910398
508 910408
506 910418
508 910439
507 910450
508 910453
508 910458
508 910467
510 910477
513 910487
503 910497
510 910507
510 910517
507 910528
506 910548
506 910571
505 910573
505 910591
512 910594
511 910598
508 910608
509 910618
508 910628
509 910663
508 910666
513 910669
507 910671
509 910688
512 910689
506 910698
503 910708
513 910718
508 910728
510 910738
509 910748
506 910758
509 910768
507 910778
507 910788
507 910798
508 910808
506 910818
508 910828
506 910838
507 910860
512 910863
512 910868
508 910892
505 910894
509 910897
508 910908
508 910918
510 910929
508 910974
506 910974
511 910975
507 910975
506 910978
508 910988
509 910998
516 911008
505 911018
508 911040
507 911043
508 911048
510 911070
504 911073
507 911078
505 911099
509 911100
511 911108
508 911118
511 911128
509 911138
507 911148
506 911157
507 911167
506 911177
506 911187
508 911198
509 911208
506 911217
507 911228
506 911251
510 911253
504 911258
504 911268
502 911278
502 911299
503 911308
509 911318
504 911328
512 911338
505 911348
501 911358
513 911368
505 911390
512 911393
507 911399
509 911408
510 911418
506 911428
505 911438
505 911460
508 911463
512 911468
510 911479
507 911488
510 911498
509 911509
508 911518
509 911528
507 911538
506 911561
509 911563
509 911568
508 911578
507 911602
507 911607
512 911610
508 911619
507 911629
506 911639
508 911649
509 911684
507 911688
509 911690
510 911691
513 911698
513 911708
504 911718
506 911728
508 911738
508 911748
507 911758
508 911786
508 911787
510 911789
508 911798
508 911808
507 911818
507 911828
505 911838
509 911848
508 911858
510 911868
511 911878
507 911888
509 911898
505 911908
507 911918
506 911928
508 911939
508 911948
506 911958
507 911968
509 911978
506 911988
505 911998
503 912008
506 912018
510 912038
506 912048
508 912070
507 912073
511 912091
511 912093
510 912098
509 912108
506 912118
506 912128
506 912138
506 912148
510 912158
507 912168
509 912178
507 912188
510 912198
505 912208
505 912218
509 912228
508 912238
506 912248
505 912258
499 912268
510 912278
511 912288
509 912298
508 912308
507 912318
507 912328
507 912338
509 912348
510 912358
507 912368
508 912378
507 912388
508 912398
507 912408
509 912418
508 912441
506 912444
508 912448
508 912458
507 912468
507 912491
509 912492
506 912511
509 912513
507 912530
509 912533
510 912538
508 912548
504 912558
508 912581
504 912601
511 912603
510 912604
505 912608
507 912618
507 912628
508 912638
506 912671
508 912690
509 912690
509 912691
507 912691
510 912697
508 912707
509 912731
509 912734
505 912751
506 912754
508 912758
507 912778
510 912788
509 912798
507 912808
510 912818
510 912828
506 912837
508 912847
508 912871
508 912874
507 912893
510 912895
508 912898
508 912908
505 912918
508 912928
507 912938
503 912948
512 912958
508 912968
508 912978
506 912988
507 912998
509 913008
505 913018
507 913028
507 913038
504 913048
507 913058
506 913080
506 913083
509 913088
512 913098
507 913108
505 913118
512 913128
507 913138
511 913148
505 913158
505 913168
512 913178
512 913188
505 913198
507 913207
505 913217
508 913228
508 913238
510 913248
507 913258
509 913268
510 913278
509 913288
508 913298
510 913308
509 913318
505 913328
506 913351
507 913353
512 913358
510 913368
509 913392
506 913392
508 913398
508 913408
510 913418
507 913428
507 913438
512 913448
506 913470
510 913473
502 913478
508 913488
507 913498
512 913518
511 913528
509 913538
507 913548
506 913558
508 913568
509 913577
506 913587
508 913597
506 913619
507 913631
507 913634
510 913638
508 913648
507 913658
507 913668
504 913678
510 913689
509 913698
509 913708
508 913718
507 913730
510 913738
506 913748
508 913758
506 913768
508 913778
508 913788
508 913798
509 913808
507 913818
508 913828
510 913838
508 913848
507 913858
508 913868
509 913878
509 913888
508 913897
509 913908
508 913918
510 913928
506 913938
506 913948
506 913957
509 913967
509 913977
506 913988
510 913998
508 914008
509 914018
510 914028
508 914038
507 914048
509 914058
507 914068
508 914090
509 914093
506 914098
505 914121
508 914123
509 914128
508 914138
509 914148
505 914158
508 914180
507 914183
506 914188
510 914198
506 914218
506 914230
512 914233
509 914238
503 914257
502 914278
504 914290
515 914293
512 914298
511 914308
508 914317
509 914327
506 914337
505 914347
508 914358
508 914368
509 914379
508 914388
509 914398
510 914408
505 914430
507 914433
510 914438
510 914448
509 914458
508 914468
511 914490
511 914494
505 914498
506 914508
507 914518
514 914528
509 914538
509 914548
508 914558
509 914568
508 914578
503 914588
504 914598
508 914608
511 914670
505 914672
510 914672
506 914676
508 914676
504 914693
506 914697
507 914700
508 914700
509 914707
507 914717
508 914728
507 914738
505 914748
508 914758
508 914768
508 914778
508 914788
507 914798
507 914820
510 914823
507 914828
507 914838
510 914848
508 914858
507 914868
505 914878
505 914888
507 914898
507 914908
510 914930
506 914933
509 914937
511 914947
508 914957
508 914968
507 914978
508 914987
509 915007
508 915018
506 915028
507 915037
508 915048
508 915058
505 915068
507 915077
507 915088
509 915097
506 915107
506 915118
509 915128
510 915138
508 915161
508 915164
506 915168
509 915178
505 915188
507 915198
507 915208
508 915218
509 915241
509 915243
507 915248
508 915258
509 915268
508 915290
508 915293
508 915298
508 915308
509 915318
507 915327
506 915338
507 915348
509 915358
508 915368
509 915378
508 915388
506 915397
508 915407
510 915418
506 915440
507 915443
507 915447
506 915457
508 915467
507 915490
510 915493
508 915498
507 915508
507 915518
508 915528
507 915538
509 915548
509 915558
509 915568
508 915588
508 915600
510 915603
509 915608
507 915618
507 915628
509 915638
509 915660
507 915663
508 915668
508 915702
509 915706
510 915708
507 915711
507 915717
508 915737
508 915747
507 915757
509 915767
507 915777
509 915787
509 915797
507 915807
506 915817
508 915827
505 915837
507 915873
505 915877
505 915879
508 915885
505 915888
507 915898
504 915908
504 915918
506 915928
510 915938
509 915948
505 915958
508 915968
513 915978
504 915988
499 915998
508 916008
507 916018
508 916028
511 916038
508 916048
503 916058
513 916067
504 916077
499 916087
503 916097
509 916107
508 916117
506 916127
504 916137
503 916147
504 916157
509 916167
512 916177
507 916187
504 916197
507 916208
506 916218
510 916228
510 916238
509 916248
512 916258
510 916281
505 916283
505 916300
505 916303
507 916308
508 916318
509 916328
515 916338
512 916348
508 916370
500 916373
509 916379
510 916388
501 916398
509 916407
514 916417
507 916440
506 916443
511 916447
509 916480
506 916483
506 916488
508 916510
508 916513
506 916518
505 916527
508 916537
507 916547
502 916557
507 916585
505 916588
506 916601
509 916603
520 916608
504 916618
507 916628
519 916651
500 916653
509 916658
506 916668
527 916678
509 916688
510 916698
515 916708
533 916718
492 916728
499 916738
520 916748
499 916770
510 916773
507 916777
510 916788
505 916798
510 916807
511 916817
504 916827
505 916837
515 916847
507 916858
504 916867
506 916877
505 916887
508 916897
505 916907
508 916917
508 916940
503 916943
511 916947
503 916958
508 916968
508 916989
513 916990
507 916998
510 917008
501 917018
508 917028
516 917038
503 917048
508 917072
512 917072
513 917078
503 917099
507 917110
505 917113
509 917118
505 917128
501 917150
508 917153
510 917158
507 917168
509 917190
508 917193
504 917197
506 917207
510 917217
510 917237
505 917247
507 917257
506 917267
507 917277
508 917287
507 917308
507 917320
507 917323
506 917327
504 917338
509 917348
512 917358
518 917368
514 917378
497 917388
503 917398
515 917408
497 917418
500 917428
502 917438
501 917448
504 917458
514 917468
514 917478
506 917488
489 917498
504 917520
499 917523
512 917528
516 917538
506 917547
511 917557
507 917567
507 917590
510 917593
504 917597
506 917607
511 917617
519 917627
503 917650
509 917653
508 917657
507 917680
508 917683
506 917687
508 917697
509 917708
508 917718
510 917728
509 917738
507 917748
506 917758
509 917768
508 917778
508 917788
507 917798
507 917808
509 917818
510 917840
508 917843
506 917848
508 917858
509 917868
507 917877
517 917891
518 917898
511 917907
508 917917
504 917928
500 917937
501 917960
513 917963
507 917990
505 917997
505 917998
510 918007
508 918017
507 918027
512 918037
505 918047
507 918057
507 918067
507 918077
506 918088
510 918098
505 918108
509 918118
507 918128
507 918138
507 918148
506 918158
506 918168
516 918190
504 918193
508 918198
509 918208
508 918218
507 918228
511 918238
505 918248
506 918258
505 918267
510 918277
506 918287
510 918297
507 918307
507 918317
504 918327
520 918337
515 918347
506 918357
510 918367
505 918377
509 918387
505 918397
506 918407
507 918417
505 918427
510 918438
508 918448
508 918458
510 918468
508 918478
509 918488
507 918498
508 918521
508 918523
507 918528
508 918538
508 918548
507 918558
512 918568
508 918588
507 918589
507 918598
506 918608
506 918618
506 918628
508 918638
508 918648
509 918658
510 918668
507 918678
508 918688
508 918697
506 918730
506 918733
509 918738
510 918748
509 918758
509 918768
509 918778
507 918788
506 918798
507 918808
508 918818
508 918828
507 918838
508 918848
508 918858
506 918899
505 918901
506 918901
507 918903
507 918908
508 918918
508 918968
508 918970
507 918970
509 918974
505 919218
507 919304
507 919306
508 919306
509 919309
510 919309
508 919312
508 919312
509 919313
508 919315
508 919315
509 919331
507 919344
509 919345
507 919346
509 919346
507 919347
507 919347
508 919349
507 919358
508 919368
510 919378
510 919400
507 919403
513 919408
508 919418
506 919428
504 919438
506 919457
507 919468
508 919477
506 919501
502 919503
510 919508
510 919518
508 919540
510 919543
507 919548
506 919558
509 919568
508 919578
509 919588
507 919598
507 919608
509 919618
507 919628
507 919638
507 919648
509 919657
508 919668
508 919677
508 919688
509 919698
507 919708
506 919718
508 919740
505 919743
508 919761
509 919763
507 919768
508 919789
509 919800
507 919803
506 919808
508 919818
506 919828
509 919838
507 919848
506 919858
508 919868
508 919878
508 919891
507 919898
507 919908
508 919918
509 919928
508 919938
507 919948
509 919981
509 919983
508 919990
508 919993
508 919997
507 920008
509 920018
508 920028
507 920038
509 920048
509 920058
509 920068
507 920078
511 920088
508 920098
508 920232
507 920233
505 920233
508 920233
510 920234
509 920234
506 920234
508 920235
507 920235
509 920235
507 920236
507 920236
507 920249
508 920250
508 920291
507 920314
506 920314
508 920315
509 920318
507 920318
508 920319
509 920351
509 920351
509 920356
508 920360
509 920368
507 920391
507 920392
506 920418
510 920420
507 920422
509 920450
508 920451
513 920451
506 920457
507 920467
507 920490
507 920493
509 920497
505 920507
513 920517
511 920527
509 920537
510 920547
507 920557
505 920572
511 920578
516 920597
513 920600
513 920608
510 920618
506 920628
506 920638
511 920648
508 920658
516 920668
502 920678
515 920688
506 920698
512 920720
512 920723
507 920728
507 920737
509 920748
507 920758
509 920780
508 920783
508 920788
510 920798
508 920917
507 920919
507 920920
509 920922
505 920922
507 920923
509 920925
511 920926
509 920930
508 920933
505 920933
509 920936
509 920937
505 920951
509 920953
519 920968
507 920969
511 920988
504 920998
511 921008
507 921018
508 921028
506 921038
508 921068
510 921099
503 921102
510 921120
510 921121
508 921124
506 921124
507 921170
509 921173
507 921270
506 921273
508 921288
507 921434
508 921436
506 921438
508 921438
511 921439
507 921441
508 921441
508 921442
507 921444
500 921444
501 921447
502 921454
510 921457
509 921459
509 921459
509 921460
508 921462
508 921468
507 921532
508 921534
507 921540
508 921542
509 921543
507 921545
508 921546
508 921548
508 921549
509 921571
508 921574
508 921594
508 921597
509 921599
507 921610
508 921613
508 921630
508 921633
510 921650
508 921653
523 921658
507 921668
507 921688
507 921698
508 921720
509 921723
509 921728
511 921738
507 921748
506 921770
508 921773
508 921799
508 921800
511 921800
509 921808
509 921818
509 921828
506 921838
509 921860
506 921863
506 921868
508 921878
507 921888
509 921910
513 921913
512 921918
512 921929
511 921963
510 921966
512 921966
507 921993
508 921997
509 921999
506 922001
509 922008
506 922018
506 922028
506 922050
511 922053
505 922058
508 922068
507 922090
507 922093
506 922098
506 922120
507 922123
509 922128
508 922148
509 922160
508 922163
506 922167
507 922190
507 922215
509 922218
506 922219
506 922220
509 922228
507 922250
509 922253
505 922270
503 922273
509 922278
508 922299
504 922300
508 922320
508 922323
509 922328
506 922338
509 922358
507 922371
510 922373
509 922378
509 922388
508 922398
507 922408
508 922429
509 922450
508 922453
508 922458
508 922468
507 922478
508 922500
508 922503
508 922508
509 922517
507 922528
506 922537
508 922573
507 922575
510 922577
509 922590
506 922593
507 922598
506 922620
507 922623
509 922628
507 922638
510 922648
513 922658
510 922668
508 922694
508 922695
508 922697
510 922707
506 922717
509 922741
508 922744
511 922760
508 922763
507 922768
505 922778
505 922813
508 922816
508 922819
506 922819
506 922828
509 922838
508 922873
505 922876
507 922878
507 922881
507 922887
510 922897
510 922907
506 922932
509 922935
509 922938
508 922961
506 922963
506 922979
508 923004
509 923007
509 923010
509 923011
509 923017
508 923028
508 923038
507 923060
507 923063
509 923080
508 923083
507 923088
511 923098
508 923108
511 923118
509 923128
508 923148
507 923170
506 923173
509 923230
505 923232
507 923232
508 923236
508 923237
508 923261
508 923264
507 923271
507 923274
506 923319
506 923322
510 923323
509 923325
508 923326
509 923330
507 923333
507 923337
507 923360
508 923362
509 923409
509 923412
507 923412
510 923415
509 923415
508 923432
506 923434
508 923474
509 923492
510 923493
509 923503
506 923503
506 923506
511 923508
506 923520
507 923523
506 923541
506 923543
507 923573
510 923576
504 923578
505 923617
503 923619
508 923619
509 923623
509 923627
510 923637
510 923660
508 923663
508 923679
510 923682
510 923699
508 923702
507 923703
508 923707
508 923730
507 923732
508 923749
508 923752
507 923770
509 923773
509 923778
506 923827
504 923830
512 923830
510 923834
512 923838
508 923848
508 923858
512 923868
511 923878
508 923913
505 923932
506 923933
508 923934
509 923934
509 923938
508 923960
505 923963
509 924007
509 924010
506 924011
507 924011
505 924033
510 924035
508 924038
509 924048
507 924067
512 924097
507 924154
504 924156
508 924159
509 924190
508 924193
510 924193
506 924194
507 924197
511 924200
508 924203
507 924204
507 924206
509 924207
508 924226
506 924227
508 924227
510 924239
506 924263
508 924265
507 924267
508 924278
508 924289
512 924308
505 924401
511 924405
510 924411
506 924414
509 924417
509 924417
506 924418
509 924421
507 924422
508 924422
508 924423
509 924429
506 924454
511 924456
507 924458
508 924482
506 924485
504 924485
508 924491
509 924497
509 924523
508 924525
508 924527
507 924540
508 924543
507 924548
507 924593
509 924595
508 924598
508 924649
509 924651
508 924652
506 924654
506 924656
505 924660
508 924663
505 924770
511 924772
508 924773
518 924776
512 924776
507 924777
503 924779
505 924780
511 924837
508 924838
508 924840
510 924841
507 924841
509 924844
512 924845
508 924845
508 924879
509 924901
508 924903
506 924904
507 924906
507 924915
508 924918
510 924918
508 924921
506 924970
508 924972
506 924972
508 924974
508 924975
508 924978
508 925000
507 925003
509 925018
506 925019
507 925053
507 925055
507 925058
508 925070
508 925071
508 925073
502 925130
512 925133
504 925133
512 925136
503 925140
506 925142
510 925142
504 925160
504 925163
510 925190
510 925198
512 925213
504 925217
505 925220
511 925220
508 925227
510 925250
511 925253
513 925258
509 925268
506 925304
508 925307
515 925308
513 925321
503 925324
508 925328
505 925348
514 925360
504 925363
516 925388
505 925400
500 925403
506 925420
507 925423
488 925429
515 925438
491 925448
514 925458
503 925493
507 925496
506 925498
514 925501
508 925531
508 925534
512 925570
506 925573
509 925580
507 925583
509 925598
509 925634
507 925636
506 925639
505 925671
511 925674
509 925674
508 925676
508 925678
510 925709
507 925712
508 925713
504 925715
508 925715
510 925720
507 925723
508 925727
507 925802
505 925806
510 925808
517 925808
507 925809
509 925811
510 925876
510 925878
507 925878
507 925880
507 925880
511 925883
511 925884
505 925884
498 925945
508 925948
510 925948
510 925951
506 925951
503 925952
501 926012
509 926015
506 926020
506 926023
510 926023
512 926026
512 926026
509 926028
509 926079
510 926082
502 926083
504 926083
512 926084
509 926086
509 926098
508 926118
509 926147
507 926150
504 926150
504 926151
508 926160
509 926163
509 926210
508 926213
511 926239
510 926241
507 926241
510 926243
509 926249
505 926250
506 926252
509 926280
508 926300
510 926300
504 926301
511 926303
509 926360
507 926363
507 926363
506 926364
506 926368
509 926370
509 926373
508 926389
511 926418
507 926449
507 926452
507 926452
506 926453
506 926455
510 926458
509 926498
510 926542
510 926544
505 926544
508 926550
509 926552
508 926552
507 926555
508 926558
505 926559
512 926570
509 926573
508 926603
508 926606
507 926606
510 926642
503 926645
509 926651
503 926672
507 926674
509 926677
511 926689
505 926692
509 926709
511 926712
507 926764
509 926766
507 926769
508 926769
508 926798
509 926819
507 926822
505 926822
508 926825
508 926825
507 926830
507 926833
510 926850
510 926853
507 926870
507 926872
509 926903
508 926905
508 926908
507 926920
507 926923
509 926939
510 926942
509 926960
505 926962
506 926967
507 926990
509 926993
507 926997
507 927007
509 927029
512 927032
508 927037
508 927057
508 927080
508 927082
508 927100
509 927101
506 927107
507 927110
509 927130
507 927133
506 927150
506 927153
508 927170
507 927176
509 927191
508 927193
508 927198
507 927207
509 927217
509 927228
508 927237
508 927258
507 927270
508 927273
509 927290
507 927295
508 927297
509 927307
508 927343
508 927347
507 927350
506 927350
508 927357
508 927380
509 927382
508 927399
509 927402
507 927407
506 927439
507 927442
506 927447
509 927457
508 927467
507 927478
507 927488
510 927498
508 927508
507 927518
508 927528
508 927538
509 927548
508 927558
509 927568
507 927578
508 927598
509 927610
510 927612
507 927630
506 927633
509 927637
508 927647
507 927657
506 927667
511 927677
514 927700
509 927702
506 927707
507 927718
508 927727
509 927737
508 927747
506 927757
509 927767
512 927802
507 927807
505 927809
509 927810
512 927817
511 927840
507 927842
506 927848
509 927858
508 927868
509 927878
507 927888
507 927898
507 927908
506 927918
508 927929
507 927937
509 927948
511 927970
508 927973
507 927977
509 927999
508 928010
508 928016
508 928019
508 928028
509 928037
508 928047
508 928057
506 928067
508 928077
510 928087
509 928100
508 928107
508 928117
508 928127
510 928149
508 928152
505 928169
506 928172
509 928187
508 928200
506 928202
510 928207
508 928218
509 928228
510 928238
506 928248
509 928258
507 928268
509 928278
505 928288
510 928298
506 928318
507 928328
506 928338
505 928347
509 928358
508 928367
503 928377
504 928391
508 928397
509 928407
507 928417
508 928440
505 928443
504 928447
508 928457
508 928467
510 928490
509 928493
509 928497
509 928507
510 928517
508 928527
506 928537
507 928547
507 928557
507 928567
508 928577
507 928588
507 928610
510 928617
506 928620
507 928653
507 928656
509 928658
508 928668
510 928680
508 928683
509 928704
513 928705
511 928708
502 928718
506 928728
511 928737
500 928748
504 928757
507 928767
514 928778
507 928787
507 928810
507 928813
505 928817
507 928827
505 928863
508 928867
506 928869
507 928869
510 928919
505 928921
505 928921
503 928925
509 928925
503 928928
508 928937
507 928947
512 928957
508 928967
507 928991
509 928994
503 928998
508 929020
507 929023
510 929028
507 929073
507 929077
510 929080
510 929081
507 929087
505 929097
506 929120
507 929123
508 929153
507 929157
509 929159
508 929159
509 929177
509 929190
506 929192
505 929210
507 929213
509 929230
508 929233
508 929237
507 929247
510 929257
507 929280
506 929282
507 929299
509 929302
509 929307
507 929330
511 929333
504 929350
509 929353
511 929358
501 929369
519 929415
504 929420
497 929423
505 929424
503 929426
504 929429
508 929450
509 929453
509 929457
506 929468
508 929477
509 929487
507 929497
509 929507
509 929517
510 929527
503 929537
509 929547
503 929557
504 929579
504 929582
507 929595
508 929598
506 929619
509 929684
509 929688
507 929691
506 929691
506 929694
508 929694
508 929695
510 929758
509 929787
507 929790
509 929790
509 929791
505 929831
507 929834
506 929837
508 929840
507 929840
507 929841
507 929843
510 929843
508 929844
505 929847
506 929850
508 929857
507 929880
508 929882
509 929903
509 929910
511 929912
508 929930
507 929939
508 929942
508 929959
508 929962
510 929967
508 929978
506 929988
509 929998
507 930021
506 930024
509 930040
508 930043
507 930047
509 930057
507 930109
509 930112
508 930112
510 930115
508 930115
507 930118
508 930127
507 930137
507 930160
508 930163
509 930167
508 930177
510 930187
507 930197
505 930207
518 930217
505 930227
510 930237
508 930247
507 930257
508 930267
509 930277
506 930287
506 930297
504 930307
510 930317
508 930327
509 930338
507 930347
508 930358
508 930368
508 930378
507 930398
506 930408
508 930417
510 930428
507 930437
507 930447
508 930470
510 930490
507 930491
509 930491
506 930497
505 930507
510 930517
507 930527
508 930537
510 930547
510 930557
508 930567
507 930590
506 930592
506 930597
508 930607
507 930617
508 930627
507 930637
508 930647
508 930657
507 930667
508 930677
510 930687
511 930697
507 930707
508 930718
507 930728
508 930738
508 930748
507 930758
507 930768
507 930777
507 930787
508 930800
508 930808
506 930817
506 930827
509 930837
506 930848
509 930857
506 930867
509 930877
510 930887
507 930897
508 930907
509 930917
510 930927
514 930937
506 930972
505 930976
507 930978
507 930981
508 931000
505 931002
509 931007
506 931017
505 931027
506 931037
506 931047
509 931057
507 931067
509 931077
506 931087
507 931096
508 931108
507 931118
517 931128
508 931138
507 931147
507 931157
504 931167
511 931190
506 931193
507 931197
510 931207
505 931217
508 931227
509 931237
506 931247
510 931258
507 931267
509 931277
510 931287
510 931297
506 931307
508 931317
509 931337
506 931347
509 931357
507 931367
508 931377
509 931387
510 931397
507 931407
507 931417
503 931427
508 931449
509 931452
508 931469
508 931472
509 931478
510 931488
507 931498
507 931508
508 931518
507 931528
508 931538
507 931548
508 931557
509 931567
509 931590
507 931593
507 931597
508 931608
510 931617
507 931627
507 931637
508 931647
508 931700
509 931702
509 931702
507 931704
507 931705
510 931707
507 931718
510 931727
507 931738
509 931748
507 931758
507 931768
507 931777
507 931788
507 931797
508 931807
506 931817
508 931828
507 931837
509 931847
508 931857
507 931880
507 931883
509 931888
510 931901
507 931908
507 931932
508 931934
509 931950
509 931953
507 931958
507 931967
507 931977
507 931998
507 932010
509 932012
508 932017
510 932040
507 932042
506 932047
505 932057
507 932078
508 932087
509 932098
510 932108
508 932118
507 932140
510 932143
510 932148
506 932157
508 932180
510 932182
510 932187
509 932197
508 932207
507 932217
509 932239
507 932242
509 932248
508 932268
508 932280
506 932283
508 932287
508 932297
506 932307
508 932317
509 932328
507 932350
508 932352
509 932357
507 932380
508 932383
508 932400
507 932403
507 932408
509 932417
509 932427
509 932438
507 932448
506 932458
509 932478
508 932490
508 932493
507 932497
509 932507
507 932517
507 932540
507 932543
506 932547
508 932557
508 932567
508 932590
507 932593
510 932597
508 932607
505 932617
507 932628
506 932638
507 932648
506 932657
509 932667
508 932677
508 932687
508 932697
505 932707
508 932717
508 932727
509 932750
508 932752
508 932783
509 932787
508 932789
508 932790
508 932810
507 932813
507 932828
509 932850
508 932853
508 932858
512 932868
507 932878
507 932887
507 932897
505 932907
506 932917
506 932927
508 932938
508 932947
507 932957
507 932980
509 932983
508 933004
508 933004
506 933008
508 933017
509 933028
508 933038
507 933048
509 933057
507 933080
507 933083
506 933088
507 933097
508 933107
508 933143
508 933147
508 933149
509 933149
511 933157
507 933167
509 933190
508 933193
508 933198
509 933208
507 933217
506 933227
507 933250
505 933252
507 933257
505 933267
508 933277
508 933287
506 933297
507 933307
508 933317
507 933327
509 933337
507 933347
507 933370
505 933373
506 933378
508 933388
508 933414
509 933420
508 933423
509 933428
508 933438
506 933447
509 933457
508 933467
510 933477
511 933502
506 933503
501 933507
505 933517
507 933527
509 933537
507 933547
509 933557
508 933577
509 933587
506 933597
505 933607
507 933630
510 933632
509 933637
507 933659
508 933662
508 933667
506 933677
509 933687
507 933697
509 933707
508 933717
507 933740
512 933743
512 933748
506 933758
503 933767
506 933790
509 933793
508 933797
513 933808
505 933817
507 933827
506 933837
512 933847
508 933858
509 933867
509 933877
504 933897
503 933898
511 933907
503 933917
505 933939
504 933942
498 933947
510 933957
513 933967
507 933977
511 933987
506 933997
513 934007
514 934017
510 934027
512 934037
509 934047
508 934057
507 934093
508 934097
509 934099
509 934099
506 934107
504 934117
511 934141
509 934144
507 934148
509 934158
508 934168
503 934194
504 934194
507 934197
505 934207
512 934217
510 934227
509 934238
509 934247
510 934257
510 934267
504 934277
506 934287
507 934297
507 934317
507 934327
510 934337
504 934347
508 934370
510 934372
507 934377
506 934387
508 934397
507 934407
509 934417
508 934427
508 934437
506 934447
509 934457
509 934467
506 934477
506 934500
506 934503
509 934508
508 934518
507 934527
507 934538
510 934547
507 934558
509 934567
508 934577
508 934587
507 934597
506 934607
507 934617
506 934627
508 934637
509 934647
507 934657
506 934680
507 934700
507 934713
507 934717
506 934720
507 934721
506 934728
510 934737
509 934747
505 934757
510 934767
510 934790
507 934809
509 934810
508 934811
509 934817
509 934827
508 934837
506 934847
507 934857
509 934867
508 934890
508 934893
508 934897
508 934908
511 934918
507 934927
507 934937
505 934947
505 934957
508 934967
509 934977
510 934987
507 935010
508 935013
511 935017
507 935027
509 935037
510 935058
510 935068
509 935078
507 935088
505 935098
506 935108
509 935118
508 935127
508 935137
507 935147
508 935157
508 935167
507 935177
509 935187
509 935201
509 935207
507 935217
506 935227
508 935238
508 935248
509 935283
509 935285
507 935288
509 935312
509 935314
507 935318
506 935320
505 935328
509 935337
507 935347
509 935357
507 935367
506 935377
508 935388
508 935397
507 935408
507 935417
508 935428
508 935438
506 935448
507 935470
508 935473
509 935477
508 935487
508 935497
507 935507
508 935517
509 935527
507 935537
510 935547
509 935570
509 935573
509 935577
507 935588
508 935598
507 935608
508 935618
509 935628
507 935650
509 935653
508 935657
507 935667
507 935677
508 935698
508 935707
508 935718
507 935727
510 935737
508 935747
509 935757
507 935767
507 935777
508 935787
509 935797
507 935807
507 935817
506 935827
510 935838
507 935847
506 935857
506 935894
507 935897
509 935899
507 935900
510 935907
508 935917
510 935927
508 935950
511 935953
507 935957
505 935968
503 935978
508 935987
510 935998
511 936007
507 936017
508 936027
510 936037
508 936048
507 936070
506 936074
510 936077
510 936088
508 936098
508 936108
508 936117
508 936127
508 936137
507 936147
508 936157
509 936167
507 936177
508 936187
510 936197
507 936207
508 936217
510 936227
507 936249
507 936252
507 936257
508 936267
507 936277
509 936329
508 936332
508 936332
508 936333
507 936335
508 936338
508 936350
505 936358
510 936367
506 936377
508 936387
506 936397
510 936407
506 936417
508 936427
508 936450
507 936452
508 936457
507 936487
506 936503
508 936507
508 936510
507 936511
507 936530
508 936533
507 936548
507 936557
508 936567
510 936577
508 936587
509 936598
508 936607
507 936617
507 936627
508 936637
508 936647
508 936682
507 936686
508 936689
509 936689
507 936698
508 936707
508 936717
507 936727
508 936737
507 936747
508 936757
508 936767
510 936777
507 936787
506 936797
508 936807
508 936817
509 936827
509 936837
508 936847
508 936857
509 936892
509 936894
505 936897
507 936900
508 936907
507 936917
508 936927
508 936937
506 936947
508 936957
508 936969
509 936978
505 936988
506 936998
507 937008
510 937030
507 937033
508 937048
508 937059
509 937062
508 937067
505 937077
507 937087
508 937097
509 937107
509 937119
510 937128
512 937138
514 937148
512 937157
503 937168
506 937177
508 937200
506 937203
505 937207
507 937217
507 937227
510 937237
507 937269
506 937272
509 937277
508 937300
509 937302
509 937319
509 937322
510 937327
510 937337
506 937347
509 937357
506 937367
506 937377
510 937387
509 937397
509 937407
508 937417
508 937427
510 937437
505 937447
507 937457
508 937467
509 937478
507 937488
507 937498
507 937533
509 937536
511 937536
506 937550
508 937553
509 937557
508 937567
509 937577
510 937587
507 937597
507 937607
510 937617
507 937627
508 937637
507 937648
507 937670
506 937673
508 937678
507 937687
505 937698
506 937707
509 937718
504 937727
507 937737
509 937748
510 937758
506 937768
506 937778
504 937800
510 937803
507 937807
505 937818
504 937827
507 937850
507 937853
505 937857
508 937867
510 937878
508 937887
512 937897
507 937908
505 937918
512 937927
507 937937
496 937947
508 937957
505 937967
513 937977
508 938000
503 938003
507 938007
507 938028
507 938037
509 938047
506 938057
510 938067
510 938077
508 938087
504 938097
507 938107
510 938130
505 938132
507 938137
511 938147
510 938157
507 938167
509 938178
514 938200
500 938203
508 938207
511 938217
504 938227
509 938238
506 938247
498 938258
510 938267
508 938277
505 938299
507 938302
507 938307
506 938342
503 938344
510 938348
506 938351
511 938358
507 938368
506 938377
507 938387
509 938397
507 938407
507 938428
509 938429
501 938437
509 938447
519 938457
505 938480
503 938483
508 938487
510 938498
507 938507
511 938517
509 938527
510 938538
510 938547
507 938557
506 938567
508 938577
507 938588
505 938597
507 938607
510 938617
508 938627
510 938638
506 938647
506 938657
509 938667
507 938677
508 938687
508 938697
509 938707
509 938717
510 938727
512 938737
506 938756
507 938767
506 938778
509 938788
509 938797
520 938807
510 938817
509 938840
507 938842
508 938847
508 938857
508 938867
509 938877
507 938887
510 938897
509 938907
510 938917
509 938927
508 938937
506 938947
512 938957
506 938979
509 938982
509 938987
508 938997
509 939007
511 939017
509 939027
504 939038
507 939048
509 939058
504 939067
506 939077
509 939087
504 939097
509 939107
507 939117
507 939140
508 939142
506 939147
511 939157
508 939167
507 939177
504 939187
507 939200
511 939207
503 939217
506 939226
508 939237
508 939260
507 939263
508 939280
505 939283
506 939312
506 939316
507 939316
508 939330
505 939332
511 939350
509 939352
506 939370
506 939373
512 939377
513 939397
500 939419
500 939422
506 939439
513 939442
503 939447
515 939457
504 939492
507 939495
514 939501
504 939521
508 939523
506 939529
509 939532
511 939536
507 939559
512 939562
509 939579
508 939583
506 939600
509 939603
508 939607
509 939628
508 939679
508 939681
510 939681
509 939685
509 939685
506 939702
509 939704
506 939706
508 939750
507 939753
509 939779
509 939782
508 939782
508 939783
509 939785
508 939833
508 939836
507 939838
508 939838
508 939841
508 939842
507 939888
508 939984
507 939986
506 939988
508 939989
508 939989
508 939992
507 940069
508 940072
506 940072
507 940075
506 940075
505 940078
508 940078
509 940078
509 940081
509 940081
513 940082
508 940082
505 940088
507 940131
507 940134
508 940139
508 940142
508 940142
509 940145
511 940145
507 940148
508 940171
507 940171
508 940175
509 940179
507 940185
507 940188
507 940196
510 940207
508 940270
507 940272
507 940272
509 940274
507 940277
507 940280
509 940367
506 940370
508 940371
509 940373
508 940373
508 940374
508 940377
507 940418
508 940798
513 940838
509 940936
508 940939
507 940939
508 940940
508 940942
507 940942
508 940943
508 940943
508 940943
506 940944
507 940944
508 940945
-771 940977
508 940978
509 940978
509 940979
507 940979
508 940979
508 940980
508 940980
508 940980
508 940981
507 940981
508 940981
508 940982
507 940982
506 941025
508 941026
507 941028
508 941028
508 941029
508 941037
509 941047
510 941060
508 941067
507 941077
506 941086
508 941097
507 941106
508 941116
507 941126
508 941162
510 941165
508 941167
507 941170
507 941176
507 941187
509 941197
507 941208
509 941217
508 941227
509 941237
508 941260
506 941263
508 941267
509 941277
508 941287
508 941297
508 941307
508 941317
509 941327
508 941337
506 941372
507 941374
508 941377
507 941380
507 941387
507 941399
507 941406
507 941416
509 941427
507 941438
508 941447
508 941457
508 941467
509 941477
508 941500
508 941502
508 941507
509 941517
508 941527
506 941537
508 941547
507 941557
509 941567
508 941577
508 941587
506 941597
509 941607
507 941617
507 941627
508 941637
508 941647
508 941657
508 941667
508 941677
508 941686
507 941697
507 941706
506 941739
507 941742
508 941746
509 941767
508 941780
508 941782
509 941798
510 941810
509 941813
508 941817
507 941827
509 941837
507 941847
509 941857
508 941867
508 941877
508 941887
507 941897
508 941907
507 941917
508 941927
508 941937
509 941947
508 941969
508 941972
507 941977
508 941987
508 941997
506 942019
508 942025
507 942029
508 942037
508 942046
508 942056
506 942067
509 942077
507 942087
506 942097
507 942107
507 942117
507 942127
509 942137
507 942147
507 942177
508 942192
508 942197
506 942198
507 942204
508 942207
507 942217
508 942227
508 942237
510 942247
509 942257
508 942267
506 942277
510 942287
507 942297
507 942306
507 942317
508 942327
507 942337
509 942347
506 942356
508 942367
507 942377
508 942388
510 942397
508 942407
511 942417
507 942427
507 942437
508 942447
505 942457
506 942467
509 942477
509 942497
508 942507
507 942517
508 942527
510 942537
509 942547
508 942557
508 942567
508 942577
508 942586
507 942597
508 942607
508 942616
508 942627
509 942637
507 942647
508 942669
507 942672
508 942677
508 942687
509 942710
507 942712
507 942717
509 942739
507 942742
505 942747
512 942757
510 942779
517 942782
512 942787
505 942797
499 942810
505 942816
501 942827
506 942837
507 942847
508 942857
507 942867
505 942877
505 942887
505 942923
504 942927
509 942930
514 942936
517 942939
510 942947
501 942957
500 942967
520 942989
512 942992
506 943009
502 943012
505 943017
507 943027
508 943037
510 943059
507 943062
514 943079
491 943082
503 943086
508 943096
490 943106
522 943129
508 943131
506 943150
507 943153
506 943170
509 943173
522 943177
513 943208
510 943219
498 943222
460 943227
500 943249
508 943252
509 943269
508 943272
506 943289
509 943291
509 943297
504 943307
506 943317
506 943339
510 943342
506 943388
503 943390
510 943390
508 943394
503 943394
510 943409
508 943411
506 943448
510 943460
505 943463
506 943480
501 943483
506 943540
510 943543
506 943566
505 943569
506 943569
514 943572
509 943572
505 943573
507 943573
516 943590
511 943593
496 943608
499 943623
520 943623
501 943627
496 943629
501 943629
500 943637
506 943647
511 943669
504 943672
503 943676
507 943687
506 943697
507 943707
508 943717
509 943727
508 943749
508 943752
507 943756
507 943787
507 943817
507 943841
510 943843
508 943844
508 943847
508 943850
509 943850
508 943853
507 943856
507 943880
507 943882
508 943887
508 943896
507 943920
507 943922
512 943939
508 943942
506 943957
505 943992
502 943996
509 943999
504 943999
515 944007
504 944062
507 944063
509 944063
502 944063
509 944064
506 944067
508 944090
505 944092
517 944097
508 944120
508 944122
509 944127
509 944147
496 944160
509 944162
503 944167
507 944177
504 944187
504 944209
506 944212
510 944217
507 944227
509 944250
508 944252
511 944257
505 944267
507 944277
506 944299
510 944302
505 944319
507 944322
506 944327
506 944337
507 944347
501 944357
507 944367
504 944376
509 944400
513 944406
510 944409
515 944417
508 944427
508 944437
508 944447
517 944457
500 944467
507 944477
508 944487
513 944497
512 944507
505 944517
509 944527
509 944537
507 944547
509 944557
509 944567
512 944577
507 944587
508 944597
508 944618
507 944630
508 944633
509 944637
508 944647
508 944657
509 944667
510 944704
506 944705
509 944707
509 944717
508 944727
508 944737
508 944747
508 944757
510 944767
510 944790
506 944792
506 944797
508 944807
507 944830
506 944833
507 944838
508 944847
508 944857
508 944867
507 944890
509 944892
511 944897
510 944907
508 944917
507 944927
507 944937
512 944958
507 944970
508 944973
508 944977
506 945000
503 945003
514 945007
508 945017
513 945027
508 945037
507 945047
511 945057
504 945067
508 945077
507 945087
508 945097
507 945107
507 945117
503 945140
512 945143
511 945147
504 945157
508 945167
503 945177
509 945213
506 945217
497 945219
510 945220
506 945227
514 945237
506 945260
508 945263
502 945267
508 945277
507 945287
506 945297
508 945307
508 945317
508 945327
506 945337
507 945347
509 945369
508 945373
508 945377
508 945399
509 945403
508 945407
508 945432
508 945434
508 945447
507 945457
506 945467
508 945477
509 945487
507 945497
510 945507
508 945517
508 945527
506 945537
508 945547
506 945557
509 945567
511 945577
508 945587
509 945597
509 945607
506 945617
507 945639
503 945642
507 945647
507 945657
503 945667
505 945677
508 945687
506 945697
510 945707
509 945717
507 945727
512 945737
512 945747
510 945757
509 945767
508 945777
509 945787
507 945797
508 945807
506 945817
510 945827
509 945837
506 945847
509 945857
507 945867
508 945877
509 945887
506 945897
508 945907
509 945917
507 945927
509 945937
508 945947
509 945957
509 945967
510 945977
507 945987
505 945997
514 946007
509 946017
505 946027
506 946037
502 946047
508 946057
508 946067
506 946077
509 946087
510 946097
510 946107
508 946117
509 946127
507 946137
510 946147
510 946157
506 946180
507 946183
506 946197
509 946207
508 946217
508 946227
509 946237
509 946247
512 946257
508 946267
505 946277
506 946286
506 946296
507 946306
507 946316
508 946326
507 946336
509 946347
509 946357
511 946380
506 946383
508 946387
507 946397
510 946407
509 946428
507 946453
508 946456
505 946456
502 946469
507 946472
510 946489
510 946492
510 946517
504 946547
520 946549
508 946549
515 946550
508 946557
508 946618
522 946621
503 946621
503 946624
507 946624
502 946630
505 946630
513 946633
509 946721
506 946724
509 946725
507 946728
502 946728
508 946729
501 946734
515 946735
489 946735
501 946737
496 946772
505 946776
501 946778
516 946780
511 946787
506 946818
504 946846
506 946849
506 946850
509 946853
505 946859
507 946883
509 946883
509 946889
508 946892
509 946907
507 946908
509 946917
506 946927
508 946937
507 946947
507 946957
506 946980
510 946982
509 946987
509 947010
508 947012
509 947017
505 947027
508 947037
501 947047
504 947069
507 947072
505 947076
506 947087
510 947096
506 947106
509 947116
508 947126
507 947136
507 947146
510 947156
508 947167
508 947189
507 947192
504 947199
507 947206
506 947216
510 947226
509 947237
508 947247
508 947257
508 947279
508 947282
506 947287
506 947297
508 947319
509 947322
508 947327
508 947349
506 947352
507 947369
508 947372
506 947387
507 947400
505 947403
508 947437
506 947459
508 947462
