508 1080587
505 1080589
510 1080589
506 1080590
510 1080590
507 1080590
513 1080591
504 1080591
507 1080592
505 1080592
505 1080592
505 1080593
498 1080594
509 1080595
508 1080595
503 1080596
507 1080596
504 1080597
508 1080598
512 1080598
511 1080599
510 1080599
501 1080600
509 1080600
515 1080601
507 1080601
509 1080602
509 1080602
509 1080603
509 1080603
511 1080603
514 1080604
502 1080604
504 1080605
511 1080605
508 1080605
514 1080606
496 1080606
509 1080607
507 1080607
503 1080607
509 1080608
499 1080608
507 1080608
507 1080609
508 1080609
512 1080609
510 1080610
514 1080611
514 1080611
502 1080612
506 1080612
510 1080613
513 1080613
511 1080614
517 1080614
515 1080615
516 1080615
504 1080615
505 1080616
503 1080616
504 1080616
517 1080617
520 1080617
510 1080618
503 1080618
496 1080619
507 1080984
508 1081014
507 1081045
508 1081063
507 1081089
509 1081090
509 1081090
507 1081191
508 1081193
509 1081194
507 1081255
507 1081257
507 1081257
507 1081260
509 1081262
509 1081263
510 1081263
507 1081265
507 1081266
508 1081266
509 1081266
503 1081269
503 1081312
507 1081315
508 1081318
505 1081318
506 1081318
508 1081319
507 1081320
505 1081320
21761 1082922
509 1082924
504 1082924
504 1082928
510 1082946
507 1082949
511 1082968
505 1082971
507 1082971
508 1082984
507 1082987
508 1083042
509 1083044
510 1083045
510 1083048
508 1083054
508 1083057
508 1083073
511 1083114
508 1083117
507 1083117
505 1083118
506 1083125
507 1083128
509 1083129
506 1083184
505 1083187
507 1083187
507 1083190
507 1083190
509 1083195
508 1083198
508 1083212
507 1083234
506 1083237
506 1083242
510 1083292
508 1083294
508 1083294
509 1083299
507 1083305
505 1083308
510 1083312
508 1083335
509 1083338
507 1083354
510 1083357
508 1083414
507 1083417
509 1083417
509 1083420
510 1083421
510 1083487
507 1083489
507 1083495
504 1083498
508 1083499
507 1083499
506 1083502
506 1083503
506 1083504
509 1083515
509 1083517
508 1083533
508 1083544
509 1083547
512 1083577
508 1083579
502 1083582
509 1083585
508 1083605
508 1083608
504 1083615
511 1083635
504 1083638
507 1083655
508 1083658
507 1083675
503 1083678
505 1083683
508 1083705
512 1083708
503 1083787
506 1083789
507 1083795
515 1083797
503 1083798
503 1083800
520 1083801
500 1083801
510 1083803
514 1083845
503 1083848
514 1083883
504 1083908
509 1083910
504 1083916
509 1083918
517 1083919
507 1083921
509 1083922
513 1083924
523 1083995
509 1083997
509 1083998
505 1083998
507 1084001
514 1084003
509 1084005
504 1084005
509 1084007
501 1084013
516 1084022
506 1084032
502 1084043
498 1084063
503 1084075
510 1084078
496 1084082
512 1084092
508 1084102
501 1084114
501 1084122
514 1084132
504 1084143
508 1084153
509 1084162
506 1084172
504 1084182
509 1084205
508 1084208
506 1084225
505 1084228
510 1084246
507 1084249
504 1084278
510 1084281
512 1084283
506 1084286
511 1084374
512 1084384
500 1084433
510 1084435
501 1084435
494 1084439
494 1084446
516 1084448
520 1084513
507 1084560
503 1084563
492 1084564
513 1084723
513 1084987
502 1084989
498 1085026
509 1085028
508 1085075
507 1085078
501 1085079
510 1085085
507 1085088
506 1085187
506 1085188
507 1085188
507 1085188
503 1085189
506 1085189
-427 1085193
519 1085193
508 1085194
515 1085194
507 1085194
509 1085195
21774 1085195
509 1085198
510 1085198
509 1085199
527 1085199
525 1085200
530 1085200
520 1085202
517 1085205
524 1085206
514 1085237
490 1085237
485 1085238
501 1085255
490 1085258
456 1085262
459 1085298
453 1085302
493 1085304
507 1085304
501 1085312
481 1085322
502 1085332
497 1085355
501 1085357
510 1085362
513 1085372
508 1085395
514 1085398
507 1085403
521 1085413
509 1085423
479 1085432
551 1085453
501 1085465
498 1085467
508 1085494
515 1085497
502 1085502
494 1085525
562 1085527
492 1085532
546 1085567
507 1085571
501 1085573
484 1085575
480 1085582
520 1085592
501 1085602
507 1085612
516 1085622
506 1085632
502 1085652
506 1085665
514 1085668
506 1085674
509 1085695
510 1085698
509 1085703
511 1085713
505 1085723
511 1085733
507 1085742
514 1085752
511 1085775
511 1085778
499 1085782
502 1085792
506 1085802
525 1085812
527 1085823
489 1085845
524 1085847
504 1085852
517 1085862
519 1085872
514 1085882
510 1085892
500 1085914
518 1085917
486 1085935
504 1085938
506 1085955
505 1085958
513 1085962
515 1085972
509 1086009
508 1086011
512 1086013
513 1086023
497 1086035
511 1086038
502 1086043
507 1086053
509 1086075
499 1086077
504 1086095
510 1086098
517 1086115
513 1086117
514 1086122
512 1086132
506 1086142
495 1086165
512 1086168
519 1086174
511 1086182
504 1086192
508 1086202
509 1086212
502 1086232
510 1086242
504 1086252
509 1086262
503 1086272
510 1086282
507 1086305
508 1086307
511 1086312
511 1086322
507 1086332
497 1086342
514 1086352
509 1086362
500 1086372
512 1086383
506 1086393
507 1086402
510 1086413
506 1086423
514 1086432
511 1086443
501 1086452
514 1086475
514 1086477
504 1086482
510 1086504
509 1086507
503 1086512
520 1086522
499 1086532
514 1086542
487 1086552
497 1086562
525 1086572
504 1086582
508 1086592
495 1086602
512 1086612
512 1086622
511 1086633
468 1086643
463 1086653
552 1086662
455 1086675
465 1086682
519 1086693
577 1086702
475 1086712
497 1086722
513 1086733
508 1086742
507 1086753
502 1086763
538 1086773
515 1086784
495 1086805
520 1086808
501 1086813
526 1086823
503 1086832
495 1086843
519 1086852
510 1086862
510 1086872
515 1086895
507 1086898
492 1086903
488 1086913
535 1086923
496 1086943
515 1086955
522 1086957
512 1086962
516 1086982
516 1086992
513 1087003
522 1087025
511 1087028
507 1087033
498 1087043
520 1087053
409 1087075
559 1087078
568 1087082
501 1087092
547 1087102
497 1087112
513 1087122
523 1087133
506 1087142
506 1087152
496 1087162
520 1087172
507 1087182
510 1087193
510 1087203
509 1087213
505 1087223
508 1087233
510 1087243
510 1087252
509 1087262
502 1087272
507 1087283
505 1087305
511 1087308
510 1087313
501 1087323
516 1087345
504 1087348
506 1087352
506 1087363
509 1087373
510 1087383
512 1087418
507 1087423
512 1087425
510 1087426
508 1087433
508 1087442
506 1087452
508 1087475
505 1087478
504 1087482
510 1087519
508 1087523
508 1087525
507 1087526
515 1087533
502 1087543
509 1087552
503 1087563
511 1087572
508 1087595
502 1087598
512 1087615
509 1087618
513 1087622
502 1087633
507 1087643
509 1087652
506 1087676
510 1087679
504 1087682
503 1087692
507 1087713
508 1087722
498 1087732
508 1087742
514 1087753
513 1087763
505 1087772
520 1087783
527 1087792
536 1087802
516 1087812
499 1087847
509 1087850
502 1087853
504 1087859
482 1087862
506 1087885
513 1087888
503 1087892
519 1087915
512 1087918
514 1087923
502 1087933
515 1087955
503 1087958
508 1087962
506 1087972
512 1087983
508 1088005
471 1088008
526 1088012
522 1088022
470 1088032
454 1088053
504 1088077
534 1088081
504 1088083
509 1088086
511 1088117
505 1088119
505 1088122
510 1088125
510 1088132
505 1088142
498 1088152
507 1088162
518 1088172
511 1088183
508 1088193
515 1088203
527 1088225
510 1088228
506 1088232
502 1088243
540 1088252
502 1088263
509 1088298
503 1088301
510 1088303
509 1088328
507 1088332
511 1088334
506 1088334
508 1088342
507 1088377
511 1088379
500 1088382
494 1088385
516 1088404
518 1088407
511 1088412
489 1088432
506 1088443
507 1088479
516 1088483
508 1088486
508 1088487
503 1088492
510 1088502
540 1088525
508 1088527
503 1088532
511 1088542
496 1088553
503 1088562
493 1088585
519 1088587
512 1088592
508 1088602
508 1088612
508 1088622
503 1088632
504 1088642
501 1088652
502 1088662
498 1088672
518 1088682
501 1088692
518 1088702
495 1088712
505 1088722
512 1088732
509 1088742
506 1088752
506 1088762
506 1088772
507 1088795
508 1088797
508 1088802
510 1088812
507 1088822
507 1088833
508 1088843
505 1088852
510 1088887
505 1088891
506 1088893
505 1088895
507 1088915
501 1088917
504 1088922
513 1088932
500 1088954
506 1088957
507 1088962
507 1088972
506 1088982
506 1088992
509 1089002
509 1089025
507 1089027
507 1089057
511 1089061
508 1089063
509 1089075
511 1089078
507 1089082
507 1089105
510 1089108
504 1089137
509 1089141
508 1089143
507 1089145
506 1089163
506 1089173
509 1089195
512 1089198
509 1089202
508 1089212
504 1089222
506 1089232
510 1089243
509 1089265
506 1089268
509 1089285
509 1089288
510 1089293
508 1089303
511 1089313
507 1089322
509 1089332
505 1089342
511 1089352
510 1089362
505 1089372
509 1089382
508 1089392
509 1089402
506 1089412
510 1089422
512 1089445
510 1089447
505 1089478
510 1089480
510 1089482
509 1089494
509 1089497
512 1089555
502 1089558
505 1089575
499 1089577
499 1089577
505 1089581
513 1089585
512 1089587
506 1089587
501 1089617
511 1089620
507 1089623
508 1089626
504 1089632
509 1089715
506 1089717
506 1089717
506 1089721
507 1089722
506 1089732
505 1089735
506 1089735
507 1089736
509 1089745
510 1089748
508 1089778
507 1089781
507 1089783
509 1089792
507 1089817
508 1089852
507 1089852
506 1089874
507 1089876
508 1089877
510 1089880
509 1089880
506 1089882
508 1089918
508 1089920
508 1089923
508 1089926
509 1089933
509 1089955
507 1089961
507 1089987
508 1089991
508 1089991
509 1090029
508 1090031
508 1090050
508 1090051
509 1090053
508 1090053
507 1090058
508 1090075
506 1090078
509 1090095
508 1090097
508 1090114
509 1090117
508 1090148
505 1090152
510 1090154
505 1090154
504 1090162
510 1090184
507 1090187
505 1090203
509 1090223
507 1090237
507 1090241
508 1090246
510 1090273
507 1090293
509 1090302
508 1090352
509 1090406
509 1090409
510 1090415
509 1090417
506 1090417
508 1090420
507 1090422
507 1090425
506 1090425
507 1090428
507 1090428
509 1090429
508 1090431
510 1090433
504 1090435
505 1090435
509 1090453
506 1090464
508 1090467
509 1090484
508 1090487
511 1090492
507 1090514
507 1090517
507 1090522
508 1090558
508 1090560
508 1090562
509 1090575
509 1090578
509 1090582
508 1090593
508 1090605
507 1090622
508 1090633
506 1090642
510 1090652
507 1090675
509 1090677
507 1090683
508 1090692
507 1090702
506 1090712
511 1090722
510 1090732
508 1090755
505 1090758
508 1090762
512 1090785
510 1090787
510 1090792
509 1090802
510 1090812
507 1090835
508 1090838
505 1090842
509 1090852
512 1090863
510 1090873
507 1090883
505 1090893
501 1090903
505 1090954
509 1090956
507 1090956
508 1090960
508 1090960
510 1090964
508 1090998
507 1091002
509 1091004
508 1091005
507 1091012
507 1091034
511 1091037
507 1091042
508 1091065
508 1091068
506 1091072
506 1091082
507 1091093
506 1091103
507 1091113
509 1091147
509 1091152
509 1091154
509 1091154
508 1091176
508 1091180
508 1091182
510 1091192
508 1091202
508 1091224
505 1091227
512 1091232
507 1091242
505 1091252
509 1091262
510 1091272
509 1091295
508 1091297
507 1091315
506 1091318
502 1091323
505 1091333
511 1091368
506 1091372
503 1091375
504 1091375
506 1091382
510 1091392
508 1091412
511 1091422
509 1091432
508 1091442
507 1091452
505 1091462
510 1091472
509 1091482
508 1091492
505 1091502
509 1091512
510 1091522
506 1091532
507 1091542
511 1091552
507 1091562
509 1091572
509 1091595
506 1091597
510 1091602
511 1091612
508 1091647
507 1091650
506 1091653
507 1091655
508 1091677
509 1091680
508 1091683
507 1091692
511 1091703
509 1091712
510 1091735
509 1091738
508 1091742
513 1091752
511 1091762
508 1091784
508 1091787
507 1091792
510 1091802
506 1091812
506 1091822
509 1091832
504 1091842
506 1091865
507 1091868
509 1091885
509 1091888
508 1091893
505 1091902
506 1091913
507 1091923
507 1091958
508 1091962
509 1091964
508 1091964
508 1091972
509 1091983
508 1091993
509 1092002
507 1092012
506 1092022
509 1092032
510 1092042
508 1092052
510 1092062
507 1092072
509 1092082
508 1092092
508 1092102
507 1092112
506 1092122
510 1092132
509 1092153
507 1092175
511 1092177
506 1092183
508 1092193
510 1092203
509 1092213
505 1092223
505 1092245
509 1092248
507 1092252
516 1092275
509 1092277
509 1092282
508 1092305
512 1092308
509 1092313
508 1092322
509 1092332
507 1092342
508 1092353
509 1092362
510 1092372
507 1092382
506 1092392
509 1092402
508 1092412
508 1092422
509 1092474
507 1092476
507 1092476
506 1092480
504 1092480
507 1092482
507 1092492
511 1092502
508 1092513
506 1092522
508 1092533
508 1092542
505 1092552
499 1092562
508 1092572
508 1092582
506 1092592
507 1092602
509 1092625
509 1092627
509 1092632
507 1092642
506 1092652
506 1092662
509 1092672
508 1092682
508 1092692
508 1092702
509 1092712
507 1092722
507 1092732
507 1092754
507 1092757
511 1092762
509 1092772
506 1092782
510 1092792
506 1092802
511 1092812
503 1092822
508 1092833
509 1092843
511 1092875
506 1092878
510 1092883
506 1092892
511 1092927
510 1092931
508 1092933
507 1092935
507 1092942
506 1092952
506 1092962
508 1092984
505 1092987
507 1092992
510 1093002
509 1093039
511 1093041
514 1093044
508 1093054
506 1093057
510 1093062
508 1093085
508 1093088
509 1093092
509 1093102
509 1093124
508 1093127
507 1093132
507 1093155
508 1093158
507 1093162
507 1093172
509 1093195
509 1093198
507 1093202
506 1093212
508 1093222
507 1093232
508 1093242
507 1093252
507 1093262
506 1093272
509 1093282
508 1093292
505 1093302
506 1093324
507 1093327
506 1093332
508 1093368
508 1093372
509 1093374
509 1093374
509 1093395
506 1093398
506 1093403
508 1093413
508 1093422
506 1093432
508 1093442
508 1093452
508 1093462
511 1093472
507 1093482
507 1093492
510 1093502
507 1093525
508 1093531
509 1093545
508 1093547
512 1093552
506 1093571
505 1093574
504 1093582
508 1093592
507 1093602
506 1093612
509 1093622
508 1093632
508 1093652
509 1093662
507 1093685
507 1093688
507 1093693
504 1093703
510 1093725
506 1093728
506 1093732
510 1093743
506 1093763
505 1093775
507 1093778
509 1093782
507 1093793
503 1093815
509 1093818
507 1093822
507 1093833
509 1093842
508 1093865
505 1093868
505 1093872
507 1093883
509 1093893
509 1093902
509 1093912
507 1093922
506 1093932
507 1093942
505 1093965
509 1093968
508 1093972
510 1093995
509 1093998
510 1094002
508 1094012
510 1094022
507 1094032
507 1094053
506 1094072
508 1094073
506 1094073
507 1094082
507 1094092
507 1094102
509 1094112
511 1094148
507 1094152
506 1094154
508 1094155
512 1094177
506 1094180
506 1094182
507 1094192
509 1094202
509 1094212
507 1094222
509 1094232
507 1094242
508 1094252
509 1094275
508 1094278
509 1094283
509 1094292
509 1094302
505 1094312
506 1094322
508 1094345
506 1094348
508 1094352
507 1094363
509 1094372
506 1094392
515 1094402
505 1094412
502 1094422
506 1094432
511 1094442
513 1094453
506 1094462
508 1094472
509 1094482
509 1094492
508 1094502
509 1094512
506 1094523
510 1094545
514 1094548
509 1094552
507 1094563
511 1094584
506 1094605
509 1094608
506 1094614
512 1094617
507 1094622
505 1094632
507 1094643
510 1094653
508 1094663
509 1094672
510 1094682
507 1094692
506 1094702
508 1094712
506 1094722
508 1094732
509 1094742
508 1094777
508 1094781
508 1094783
507 1094786
507 1094792
507 1094815
504 1094818
508 1094822
506 1094832
506 1094843
503 1094853
508 1094863
507 1094872
507 1094882
512 1094917
504 1094919
506 1094923
510 1094925
508 1094932
506 1094942
508 1094952
507 1094987
506 1094991
510 1094993
507 1094995
509 1095002
508 1095025
507 1095028
507 1095033
510 1095043
503 1095052
519 1095062
505 1095073
502 1095093
527 1095118
518 1095120
516 1095123
501 1095132
483 1095143
514 1095152
507 1095162
502 1095172
510 1095182
506 1095192
511 1095202
511 1095213
513 1095222
506 1095232
505 1095242
511 1095252
505 1095262
498 1095272
507 1095282
505 1095293
508 1095315
509 1095318
511 1095322
504 1095344
512 1095347
497 1095352
504 1095362
508 1095385
511 1095388
508 1095393
504 1095415
508 1095418
506 1095422
508 1095433
509 1095442
508 1095452
508 1095474
509 1095477
509 1095482
507 1095492
508 1095502
508 1095512
506 1095522
505 1095532
507 1095542
505 1095553
512 1095562
509 1095572
502 1095594
510 1095597
510 1095602
507 1095612
505 1095622
507 1095632
513 1095642
506 1095652
511 1095663
506 1095672
506 1095681
511 1095692
507 1095703
507 1095712
508 1095722
507 1095732
514 1095742
513 1095752
502 1095762
504 1095772
512 1095782
514 1095792
506 1095802
511 1095812
514 1095822
503 1095832
508 1095842
511 1095852
503 1095872
514 1095882
506 1095892
503 1095902
504 1095924
507 1095927
507 1095932
512 1095942
510 1095952
504 1095962
504 1095972
512 1095982
509 1095992
506 1096002
508 1096013
505 1096023
510 1096032
507 1096043
511 1096052
503 1096062
508 1096072
510 1096082
508 1096092
507 1096102
506 1096112
507 1096122
508 1096132
509 1096142
508 1096152
508 1096162
508 1096184
506 1096187
507 1096192
507 1096202
508 1096212
510 1096234
508 1096237
508 1096241
509 1096253
510 1096262
506 1096314
508 1096316
510 1096317
509 1096319
507 1096320
508 1096519
510 1096522
508 1096524
508 1096524
508 1096527
508 1096527
506 1096528
510 1096528
507 1096530
506 1096536
509 1096605
509 1096606
507 1096608
504 1096608
505 1096611
510 1096619
510 1096621
506 1096623
507 1096623
507 1096653
511 1096655
510 1096655
506 1096657
517 1096658
504 1096659
509 1096685
511 1096687
507 1096687
507 1096691
509 1096693
511 1096693
509 1096694
508 1096694
507 1096696
509 1096697
508 1096703
508 1096733
506 1096754
507 1096778
511 1096780
509 1096783
505 1096852
507 1096854
510 1096855
509 1096857
502 1096857
510 1096858
511 1096860
510 1096860
509 1096863
508 1096863
508 1096904
509 1096929
506 1096929
507 1096930
509 1096930
508 1097003
508 1097005
503 1097005
509 1097006
508 1097008
507 1097008
505 1097009
514 1097010
502 1097012
508 1097013
510 1097016
513 1097016
508 1097054
505 1097056
509 1097057
510 1097059
507 1097060
509 1097079
506 1097080
507 1097093
507 1097163
507 1097216
507 1097218
506 1097253
513 1097310
510 1097313
511 1097314
505 1097316
500 1097316
510 1097317
506 1097319
507 1097319
507 1097324
511 1097326
509 1097327
512 1097327
509 1097330
508 1097333
522 1097335
508 1097335
508 1097337
501 1097338
506 1097343
504 1097352
510 1097372
511 1097395
502 1097397
510 1097415
508 1097417
506 1097435
504 1097437
511 1097442
505 1097463
509 1097485
506 1097488
502 1097494
510 1097497
511 1097514
514 1097518
505 1097547
506 1097549
505 1097553
501 1097556
508 1097562
510 1097583
505 1097607
512 1097609
510 1097613
506 1097615
512 1097623
507 1097632
508 1097642
514 1097665
505 1097667
509 1097672
506 1097682
511 1097692
511 1097702
507 1097712
507 1097722
501 1097732
499 1097742
512 1097752
512 1097762
510 1097772
509 1097793
512 1097804
500 1097807
511 1097812
511 1097822
515 1097832
504 1097842
499 1097852
511 1097862
507 1097872
508 1097882
508 1097892
512 1097902
511 1097912
504 1097922
504 1097932
509 1097942
503 1097964
507 1097967
514 1097972
502 1097995
504 1097997
504 1098002
509 1098012
504 1098022
504 1098032
511 1098042
500 1098052
500 1098062
515 1098085
502 1098088
505 1098092
508 1098112
509 1098122
509 1098132
509 1098142
507 1098152
509 1098161
509 1098172
510 1098182
508 1098192
510 1098202
505 1098212
507 1098222
508 1098232
507 1098242
503 1098252
514 1098304
509 1098304
509 1098305
506 1098305
516 1098305
508 1098312
510 1098322
507 1098342
504 1098365
507 1098368
504 1098387
514 1098389
505 1098392
512 1098404
506 1098407
508 1098412
504 1098421
507 1098444
511 1098447
506 1098452
508 1098461
509 1098471
506 1098481
513 1098517
507 1098521
508 1098523
507 1098526
505 1098532
509 1098542
508 1098552
508 1098562
507 1098585
507 1098587
510 1098592
509 1098602
509 1098612
509 1098632
508 1098642
506 1098652
508 1098662
510 1098672
507 1098682
506 1098692
506 1098702
508 1098712
508 1098723
506 1098732
508 1098741
510 1098752
510 1098762
508 1098771
508 1098781
507 1098792
508 1098802
508 1098811
507 1098821
506 1098845
508 1098851
505 1098854
516 1098862
504 1098880
506 1098883
507 1098892
518 1098902
504 1098912
494 1098922
510 1098945
513 1098947
509 1098952
506 1098962
504 1098972
504 1098982
512 1099004
507 1099007
504 1099012
508 1099022
507 1099044
506 1099047
514 1099052
509 1099061
513 1099072
507 1099081
505 1099091
503 1099102
508 1099112
515 1099122
504 1099132
507 1099142
508 1099152
508 1099162
509 1099172
502 1099182
504 1099192
509 1099202
509 1099212
509 1099222
511 1099232
511 1099242
504 1099252
504 1099262
506 1099272
508 1099282
506 1099292
506 1099315
513 1099318
510 1099322
506 1099332
511 1099342
509 1099352
507 1099373
508 1099384
506 1099387
509 1099392
504 1099401
508 1099424
499 1099427
516 1099431
503 1099441
517 1099451
501 1099475
510 1099477
503 1099482
510 1099492
510 1099502
507 1099512
507 1099522
509 1099532
505 1099542
508 1099552
508 1099562
505 1099582
506 1099592
507 1099628
508 1099633
508 1099634
510 1099639
510 1099642
508 1099652
509 1099662
510 1099672
507 1099682
508 1099692
506 1099702
505 1099712
510 1099722
508 1099745
504 1099747
504 1099752
508 1099762
511 1099772
512 1099782
508 1099792
507 1099802
508 1099812
506 1099822
505 1099832
508 1099842
509 1099852
507 1099862
510 1099872
508 1099882
508 1099892
510 1099915
512 1099918
505 1099922
506 1099944
503 1099947
512 1099952
511 1099962
512 1099972
507 1099982
508 1099992
507 1100027
503 1100031
506 1100033
509 1100036
506 1100042
513 1100064
507 1100067
511 1100072
508 1100082
509 1100092
508 1100102
507 1100137
506 1100140
513 1100143
514 1100145
509 1100152
506 1100162
503 1100178
510 1100182
507 1100192
504 1100202
508 1100225
505 1100227
510 1100243
507 1100254
507 1100257
504 1100262
509 1100272
513 1100282
512 1100292
507 1100302
503 1100312
507 1100322
510 1100342
513 1100352
510 1100362
508 1100372
509 1100382
506 1100392
508 1100402
509 1100425
504 1100427
508 1100432
504 1100454
506 1100457
513 1100462
504 1100472
512 1100483
510 1100492
537 1100502
506 1100512
509 1100522
507 1100532
513 1100542
504 1100565
504 1100567
503 1100572
507 1100582
506 1100592
505 1100627
512 1100632
511 1100634
502 1100634
496 1100668
510 1100672
507 1100675
506 1100675
502 1100682
511 1100692
509 1100702
505 1100712
510 1100722
505 1100732
512 1100742
509 1100752
505 1100776
509 1100777
506 1100782
508 1100792
508 1100802
509 1100812
505 1100834
505 1100837
510 1100842
508 1100852
511 1100874
505 1100877
511 1100882
508 1100892
506 1100902
505 1100912
509 1100922
507 1100932
507 1100942
510 1100952
506 1100974
511 1100977
505 1100982
508 1100992
506 1101002
512 1101012
508 1101034
506 1101037
509 1101042
513 1101052
507 1101082
502 1101083
511 1101092
508 1101102
508 1101112
507 1101122
510 1101132
510 1101142
507 1101152
505 1101162
508 1101171
505 1101182
504 1101193
508 1101201
509 1101211
505 1101221
510 1101231
503 1101241
511 1101264
513 1101266
512 1101272
512 1101282
513 1101292
506 1101302
503 1101312
505 1101322
507 1101332
506 1101342
508 1101352
505 1101362
508 1101372
507 1101382
508 1101392
509 1101402
506 1101412
507 1101422
508 1101432
510 1101442
503 1101452
507 1101487
499 1101490
502 1101493
505 1101495
506 1101502
506 1101512
506 1101521
507 1101532
509 1101542
506 1101552
508 1101561
507 1101572
507 1101581
508 1101592
510 1101601
505 1101611
506 1101621
507 1101631
507 1101641
509 1101652
509 1101662
507 1101672
509 1101682
506 1101692
506 1101702
506 1101712
509 1101722
505 1101732
509 1101742
504 1101752
507 1101762
508 1101784
506 1101785
511 1101792
505 1101802
506 1101822
510 1101832
506 1101842
506 1101852
507 1101862
507 1101872
510 1101882
506 1101892
508 1101902
511 1101911
507 1101922
509 1101931
506 1101941
507 1101951
507 1101974
508 1101977
507 1101981
509 1101991
509 1102015
506 1102017
510 1102021
508 1102032
509 1102042
508 1102052
507 1102062
510 1102078
507 1102082
511 1102092
508 1102102
511 1102112
506 1102122
504 1102132
504 1102142
506 1102152
507 1102162
509 1102172
506 1102182
508 1102192
506 1102202
508 1102212
511 1102222
507 1102232
511 1102242
507 1102252
515 1102262
508 1102284
508 1102287
511 1102292
514 1102301
510 1102311
507 1102321
505 1102332
528 1102341
514 1102364
511 1102367
512 1102371
514 1102381
507 1102391
509 1102401
502 1102412
509 1102422
508 1102432
511 1102442
510 1102452
510 1102462
507 1102472
509 1102482
504 1102492
507 1102502
508 1102512
504 1102522
512 1102532
504 1102542
509 1102562
509 1102572
508 1102582
511 1102618
506 1102622
506 1102624
507 1102624
507 1102644
506 1102647
508 1102651
507 1102678
508 1102679
507 1102694
508 1102697
505 1102702
504 1102724
510 1102727
510 1102731
503 1102741
507 1102751
510 1102761
507 1102785
507 1102789
508 1102792
508 1102802
513 1102812
507 1102822
507 1102845
509 1102847
510 1102852
508 1102862
506 1102872
508 1102882
505 1102892
509 1102902
505 1102912
509 1102922
511 1102932
509 1102943
507 1102952
506 1102962
507 1102985
507 1102988
507 1102992
503 1103014
505 1103017
508 1103021
508 1103044
506 1103047
508 1103052
509 1103062
509 1103084
507 1103087
499 1103091
509 1103101
502 1103112
508 1103122
507 1103132
518 1103142
507 1103152
505 1103175
509 1103177
510 1103182
510 1103192
503 1103202
507 1103212
508 1103222
507 1103232
508 1103242
511 1103252
505 1103288
506 1103290
510 1103293
508 1103314
510 1103317
506 1103322
507 1103332
499 1103342
503 1103352
510 1103362
510 1103372
507 1103382
506 1103392
509 1103402
510 1103412
508 1103422
507 1103431
508 1103454
508 1103457
508 1103504
507 1103507
510 1103507
509 1103508
509 1103510
505 1103512
505 1103522
512 1103532
507 1103542
507 1103552
509 1103562
504 1103580
508 1103584
508 1103592
507 1103602
506 1103612
509 1103622
505 1103632
510 1103654
506 1103657
508 1103662
506 1103672
508 1103694
509 1103697
506 1103702
503 1103712
507 1103722
506 1103732
504 1103742
504 1103752
506 1103762
512 1103772
507 1103782
507 1103791
507 1103801
509 1103812
506 1103822
509 1103831
505 1103841
507 1103865
509 1103868
509 1103872
507 1103882
506 1103892
509 1103902
508 1103912
510 1103922
510 1103932
509 1103942
509 1103964
509 1103984
507 1103985
508 1103985
510 1103992
507 1104002
512 1104012
507 1104022
507 1104032
508 1104052
512 1104062
514 1104084
506 1104087
507 1104091
511 1104102
511 1104112
511 1104122
510 1104132
509 1104154
511 1104157
508 1104161
503 1104172
512 1104182
505 1104191
507 1104201
507 1104211
506 1104221
509 1104232
514 1104242
512 1104252
510 1104262
513 1104273
508 1104308
507 1104312
507 1104315
511 1104316
509 1104322
508 1104332
506 1104354
511 1104357
507 1104362
510 1104385
507 1104387
507 1104392
508 1104402
507 1104424
510 1104427
508 1104432
505 1104442
508 1104452
507 1104474
506 1104477
505 1104482
506 1104492
510 1104502
507 1104512
511 1104522
509 1104532
514 1104542
505 1104551
508 1104561
511 1104577
507 1104594
504 1104596
504 1104601
509 1104612
506 1104622
507 1104632
505 1104642
504 1104664
509 1104667
507 1104672
509 1104682
510 1104692
508 1104702
510 1104712
511 1104722
501 1104732
511 1104742
506 1104752
507 1104762
506 1104772
512 1104791
505 1104802
512 1104812
510 1104822
508 1104832
507 1104842
506 1104852
507 1104862
507 1104872
508 1104882
510 1104892
509 1104902
505 1104912
509 1104921
510 1104931
508 1104942
505 1104951
500 1104961
510 1104971
515 1104981
513 1104992
505 1105002
494 1105012
508 1105022
508 1105032
527 1105042
507 1105052
507 1105062
506 1105072
509 1105088
505 1105105
508 1105107
506 1105112
505 1105122
509 1105132
508 1105142
510 1105152
505 1105162
516 1105172
504 1105182
505 1105192
510 1105202
511 1105212
504 1105222
509 1105232
514 1105242
511 1105252
518 1105262
506 1105272
514 1105282
516 1105304
510 1105307
500 1105311
516 1105321
508 1105331
512 1105341
518 1105352
507 1105362
508 1105372
511 1105382
507 1105392
508 1105402
504 1105412
508 1105434
506 1105437
508 1105442
504 1105464
508 1105467
506 1105486
508 1105494
509 1105497
510 1105514
507 1105517
511 1105522
510 1105542
507 1105552
506 1105562
508 1105572
509 1105582
509 1105592
507 1105602
510 1105612
509 1105622
512 1105632
507 1105642
505 1105651
506 1105661
506 1105685
508 1105688
510 1105692
508 1105701
507 1105712
508 1105722
507 1105731
508 1105743
505 1105752
506 1105762
507 1105772
507 1105782
507 1105792
506 1105802
509 1105812
508 1105822
507 1105832
506 1105842
507 1105852
510 1105862
507 1105872
509 1105882
507 1105892
509 1105902
508 1105912
509 1105922
506 1105932
507 1105942
507 1105952
509 1105962
510 1105972
507 1105982
508 1105992
510 1106002
508 1106012
507 1106022
507 1106032
509 1106042
507 1106064
509 1106067
509 1106072
507 1106108
508 1106111
509 1106115
507 1106115
506 1106122
508 1106132
507 1106142
507 1106165
509 1106167
508 1106172
509 1106182
509 1106192
509 1106202
508 1106212
506 1106222
508 1106232
508 1106242
509 1106252
509 1106272
510 1106282
509 1106318
507 1106322
507 1106324
507 1106324
509 1106331
510 1106341
509 1106351
509 1106361
507 1106371
509 1106381
508 1106391
506 1106401
507 1106411
507 1106421
507 1106431
509 1106441
507 1106451
510 1106474
508 1106476
509 1106481
506 1106492
507 1106514
507 1106517
510 1106522
509 1106532
508 1106542
506 1106552
507 1106562
511 1106572
510 1106582
507 1106592
511 1106618
505 1106618
509 1106622
508 1106632
510 1106642
506 1106651
500 1106661
508 1106672
508 1106682
508 1106692
506 1106702
511 1106711
508 1106721
509 1106731
508 1106742
510 1106764
506 1106767
507 1106778
506 1106782
503 1106792
508 1106802
509 1106812
506 1106822
510 1106844
511 1106847
510 1106852
504 1106862
504 1106872
510 1106882
506 1106892
507 1106902
506 1106912
507 1106922
510 1106944
509 1106947
504 1106952
507 1106962
506 1106972
507 1106983
510 1106992
505 1107012
508 1107022
510 1107032
506 1107054
507 1107057
506 1107062
509 1107072
510 1107082
508 1107092
507 1107128
508 1107132
508 1107134
508 1107134
507 1107142
507 1107152
509 1107162
506 1107172
508 1107182
509 1107192
505 1107202
507 1107212
509 1107222
507 1107232
508 1107242
507 1107252
506 1107262
507 1107272
506 1107282
510 1107292
509 1107302
506 1107312
507 1107322
507 1107332
509 1107342
506 1107352
508 1107362
502 1107378
505 1107382
513 1107392
505 1107402
504 1107412
510 1107422
508 1107432
507 1107442
507 1107452
512 1107462
508 1107472
509 1107482
512 1107492
506 1107502
503 1107512
503 1107522
505 1107532
511 1107542
510 1107552
506 1107562
511 1107586
509 1107586
513 1107592
513 1107602
508 1107612
511 1107622
508 1107632
508 1107642
521 1107652
510 1107662
513 1107672
509 1107682
508 1107704
506 1107707
508 1107712
507 1107721
507 1107731
506 1107764
509 1107767
508 1107772
508 1107782
507 1107804
506 1107807
510 1107812
507 1107822
508 1107832
508 1107842
509 1107852
508 1107874
506 1107877
503 1107882
506 1107892
504 1107902
505 1107925
505 1107927
507 1107932
510 1107942
504 1107952
507 1107962
507 1107972
504 1107982
506 1107992
506 1108002
507 1108012
509 1108022
509 1108032
507 1108042
515 1108052
508 1108062
502 1108072
503 1108082
506 1108092
508 1108102
506 1108112
511 1108134
508 1108137
511 1108142
505 1108152
508 1108162
506 1108172
503 1108191
508 1108194
506 1108202
507 1108212
508 1108222
510 1108232
507 1108242
504 1108252
512 1108274
504 1108277
509 1108282
509 1108292
510 1108302
507 1108312
511 1108322
508 1108332
508 1108341
507 1108351
509 1108361
507 1108379
505 1108381
508 1108391
507 1108401
508 1108411
509 1108421
509 1108431
509 1108453
510 1108456
505 1108461
506 1108471
505 1108482
506 1108492
508 1108512
509 1108522
511 1108532
508 1108542
509 1108564
507 1108567
508 1108587
511 1108588
507 1108592
507 1108602
511 1108612
510 1108622
505 1108632
507 1108641
506 1108652
506 1108661
508 1108671
509 1108681
509 1108691
508 1108701
509 1108724
506 1108726
505 1108731
507 1108741
505 1108751
506 1108761
508 1108771
510 1108781
511 1108791
510 1108801
505 1108823
509 1108826
508 1108831
510 1108841
505 1108852
506 1108874
505 1108877
509 1108882
508 1108892
507 1108902
505 1108912
503 1108922
506 1108932
509 1108942
508 1108952
507 1108961
503 1108979
512 1108982
507 1108991
510 1109001
510 1109011
507 1109021
512 1109031
507 1109041
508 1109051
510 1109061
509 1109071
506 1109081
508 1109091
507 1109101
505 1109123
511 1109126
506 1109131
508 1109141
505 1109151
512 1109161
506 1109172
505 1109182
508 1109192
507 1109202
510 1109212
507 1109222
511 1109242
509 1109252
508 1109262
507 1109287
505 1109287
508 1109292
509 1109302
507 1109353
508 1109356
510 1109356
507 1109357
508 1109359
509 1109362
507 1109371
509 1109394
507 1109414
506 1109415
508 1109418
509 1109434
509 1109436
509 1109441
509 1109522
508 1109524
504 1109524
506 1109527
510 1109527
506 1109528
508 1109531
508 1109534
509 1109534
510 1109543
508 1109552
507 1109579
511 1109579
508 1109582
507 1109592
507 1109602
504 1109612
508 1109622
509 1109642
505 1109664
508 1109667
506 1109672
503 1109682
509 1109692
508 1109714
509 1109717
509 1109717
509 1109744
509 1109745
508 1109747
509 1109752
507 1109761
508 1109784
509 1109787
508 1109804
509 1109807
510 1109812
505 1109822
504 1109832
505 1109842
504 1109852
506 1109888
509 1109892
507 1109894
513 1109894
512 1109902
509 1109912
515 1109944
514 1109947
510 1109952
512 1109962
506 1109972
508 1109993
505 1110017
507 1110019
508 1110021
508 1110034
507 1110037
509 1110042
508 1110064
509 1110067
509 1110084
508 1110087
509 1110104
507 1110107
507 1110112
508 1110122
509 1110132
505 1110154
505 1110157
506 1110174
504 1110177
508 1110182
508 1110192
509 1110228
508 1110230
509 1110231
504 1110244
503 1110247
500 1110252
504 1110262
507 1110272
509 1110294
508 1110297
508 1110314
510 1110317
510 1110322
508 1110352
511 1110368
510 1110384
508 1110384
509 1110389
506 1110389
507 1110404
504 1110407
508 1110412
508 1110432
509 1110442
509 1110452
510 1110474
507 1110477
509 1110482
510 1110492
513 1110502
505 1110511
501 1110521
506 1110532
510 1110542
506 1110552
507 1110562
507 1110584
510 1110587
508 1110592
507 1110602
506 1110612
508 1110622
509 1110632
512 1110642
511 1110652
510 1110662
511 1110671
506 1110682
508 1110691
506 1110702
509 1110712
505 1110722
506 1110758
510 1110760
505 1110763
508 1110765
506 1110772
506 1110782
508 1110792
509 1110802
505 1110824
508 1110827
511 1110844
507 1110847
507 1110852
505 1110862
508 1110871
509 1110894
507 1110897
507 1110914
509 1110917
509 1110922
509 1110932
507 1110965
507 1110967
508 1110974
508 1110977
510 1110982
508 1110992
506 1111002
507 1111012
510 1111021
511 1111032
507 1111042
504 1111052
509 1111062
506 1111072
511 1111082
508 1111092
508 1111102
513 1111123
508 1111181
507 1111184
510 1111187
509 1111187
508 1111201
510 1111204
504 1111204
505 1111208
509 1111211
508 1111222
509 1111244
508 1111247
510 1111264
505 1111266
508 1111297
507 1111300
500 1111300
511 1111314
510 1111316
504 1111334
511 1111336
507 1111352
507 1111364
509 1111366
501 1111384
508 1111387
508 1111404
514 1111407
507 1111412
504 1111422
501 1111432
502 1111452
509 1111464
510 1111467
513 1111472
510 1111492
512 1111493
504 1111502
511 1111512
509 1111534
502 1111537
515 1111542
509 1111552
518 1111561
523 1111571
516 1111581
515 1111591
506 1111601
511 1111622
509 1111634
504 1111637
505 1111641
508 1111651
513 1111661
505 1111686
505 1111688
507 1111691
512 1111721
499 1111736
501 1111739
508 1111742
506 1111744
508 1111751
506 1111762
510 1111772
508 1111792
512 1111804
508 1111807
505 1111824
509 1111827
508 1111844
512 1111847
506 1111852
508 1111862
507 1111872
505 1111895
507 1111895
509 1111914
510 1111917
507 1111974
506 1111976
511 1111976
511 1111979
503 1111979
507 1111984
509 1111987
509 1112004
509 1112007
509 1112011
514 1112034
511 1112041
512 1112054
510 1112057
509 1112074
504 1112076
508 1112081
506 1112091
507 1112101
503 1112121
508 1112144
507 1112147
510 1112177
506 1112180
511 1112181
507 1112194
511 1112197
506 1112214
507 1112217
506 1112225
511 1112232
509 1112241
504 1112264
506 1112267
506 1112284
507 1112287
508 1112292
510 1112302
509 1112337
507 1112340
507 1112342
506 1112390
508 1112395
509 1112398
507 1112398
505 1112402
506 1112426
509 1112429
512 1112435
506 1112444
507 1112444
504 1112447
512 1112464
511 1112466
514 1112471
504 1112493
501 1112496
508 1112514
512 1112517
506 1112534
510 1112537
507 1112542
504 1112564
510 1112567
509 1112591
509 1112592
508 1112602
508 1112612
506 1112621
506 1112632
503 1112654
508 1112657
510 1112675
508 1112677
507 1112682
508 1112692
511 1112702
509 1112724
507 1112727
508 1112728
507 1112744
506 1112747
509 1112752
507 1112762
508 1112771
509 1112795
508 1112797
507 1112814
506 1112817
509 1112822
506 1112832
506 1112842
506 1112864
506 1112867
508 1112884
508 1112887
508 1112892
507 1112902
508 1112912
506 1112934
508 1112937
507 1112991
509 1112993
509 1112994
510 1112996
505 1113004
510 1113009
511 1113024
505 1113027
507 1113044
505 1113047
505 1113052
505 1113062
504 1113072
506 1113095
506 1113097
510 1113115
507 1113117
507 1113122
507 1113132
508 1113142
506 1113164
510 1113167
507 1113186
505 1113188
508 1113191
509 1113214
509 1113217
510 1113234
509 1113237
507 1113268
510 1113269
509 1113269
506 1113272
509 1113307
510 1113309
509 1113312
512 1113315
509 1113322
507 1113344
509 1113347
508 1113352
509 1113383
504 1113392
509 1113402
509 1113417
508 1113422
507 1113424
506 1113424
503 1113431
503 1113442
507 1113452
506 1113484
512 1113487
514 1113492
507 1113502
509 1113512
502 1113552
508 1113590
516 1113590
511 1113591
509 1113591
507 1113596
506 1113598
505 1113601
502 1113614
509 1113617
519 1113621
504 1113631
491 1113642
495 1113652
502 1113662
511 1113672
507 1113692
507 1113704
509 1113707
503 1113712
510 1113722
508 1113744
506 1113747
507 1113751
506 1113787
509 1113789
506 1113792
507 1113795
507 1113814
510 1113816
504 1113834
509 1113837
507 1113842
508 1113852
508 1113862
508 1113872
510 1113882
511 1113891
511 1113926
507 1113930
508 1113932
508 1113934
510 1113941
510 1113951
504 1113986
506 1113990
508 1113993
513 1113993
508 1114001
507 1114011
507 1114021
511 1114031
508 1114041
499 1114051
507 1114061
508 1114085
504 1114085
509 1114091
508 1114114
503 1114117
503 1114121
501 1114131
508 1114141
505 1114151
510 1114161
511 1114171
506 1114188
507 1114191
504 1114202
510 1114212
505 1114222
507 1114232
510 1114242
505 1114252
511 1114262
509 1114284
507 1114287
506 1114304
503 1114307
506 1114312
508 1114321
508 1114331
508 1114341
508 1114352
508 1114374
509 1114377
505 1114381
508 1114404
511 1114407
507 1114424
507 1114427
505 1114441
508 1114451
509 1114461
506 1114472
507 1114481
507 1114491
508 1114501
511 1114511
509 1114521
509 1114543
510 1114546
509 1114551
509 1114561
507 1114571
507 1114582
508 1114592
507 1114614
508 1114649
508 1114650
508 1114650
509 1114651
511 1114653
509 1114662
507 1114672
508 1114681
509 1114691
509 1114701
507 1114711
507 1114721
507 1114731
508 1114754
508 1114757
512 1114774
514 1114777
513 1114781
503 1114791
506 1114801
501 1114811
513 1114821
510 1114831
498 1114854
508 1114856
504 1114861
507 1114871
505 1114881
507 1114891
513 1114901
505 1114924
512 1114926
505 1114931
509 1114941
504 1114952
512 1114962
502 1114990
502 1114991
505 1114994
507 1115002
510 1115012
507 1115022
511 1115032
507 1115041
503 1115051
503 1115062
512 1115071
506 1115081
506 1115104
506 1115107
509 1115124
513 1115126
512 1115131
508 1115141
502 1115164
506 1115167
508 1115171
506 1115191
508 1115201
508 1115211
507 1115221
506 1115231
509 1115241
507 1115251
508 1115261
511 1115271
508 1115281
502 1115291
510 1115301
505 1115311
508 1115322
515 1115332
510 1115342
503 1115352
500 1115362
512 1115372
507 1115394
511 1115397
512 1115402
510 1115412
509 1115421
503 1115431
510 1115441
510 1115451
512 1115461
509 1115471
508 1115481
507 1115491
510 1115501
511 1115511
501 1115521
506 1115531
513 1115554
506 1115557
510 1115561
510 1115571
511 1115581
505 1115603
510 1115606
506 1115611
511 1115634
508 1115636
509 1115641
511 1115651
503 1115661
504 1115671
505 1115687
511 1115691
506 1115702
509 1115712
506 1115722
492 1115732
523 1115754
514 1115757
516 1115762
498 1115797
496 1115801
498 1115804
502 1115804
503 1115824
508 1115827
509 1115832
508 1115842
511 1115851
506 1115861
508 1115871
509 1115893
497 1115894
504 1115901
507 1115921
510 1115931
507 1115941
512 1115951
513 1115961
505 1115971
506 1115981
514 1115991
508 1116001
508 1116011
510 1116021
513 1116044
509 1116046
504 1116051
505 1116061
507 1116072
510 1116082
511 1116092
514 1116102
510 1116112
505 1116122
507 1116132
508 1116142
507 1116152
508 1116162
508 1116171
509 1116181
506 1116191
508 1116201
508 1116211
510 1116221
508 1116244
506 1116246
507 1116251
509 1116261
508 1116271
508 1116281
507 1116291
508 1116301
511 1116311
508 1116321
502 1116331
505 1116341
510 1116351
507 1116361
507 1116371
503 1116381
507 1116391
505 1116413
508 1116416
507 1116421
504 1116431
513 1116441
507 1116452
511 1116462
505 1116472
508 1116482
505 1116505
508 1116506
507 1116512
505 1116521
507 1116531
505 1116541
510 1116551
508 1116562
507 1116572
511 1116592
509 1116604
505 1116607
505 1116611
509 1116621
505 1116644
507 1116646
510 1116661
508 1116671
508 1116681
513 1116691
509 1116701
507 1116711
507 1116721
507 1116731
507 1116741
506 1116751
510 1116761
508 1116785
509 1116786
511 1116816
508 1116823
509 1116823
507 1116829
510 1116844
507 1116847
510 1116852
509 1116862
512 1116872
499 1116882
517 1116891
497 1116914
509 1116917
502 1116947
493 1116951
492 1116954
517 1116954
499 1116961
498 1116971
497 1117022
513 1117025
488 1117025
514 1117028
526 1117029
502 1117031
524 1117041
500 1117051
513 1117061
501 1117084
500 1117087
503 1117091
508 1117101
524 1117111
511 1117121
510 1117131
507 1117154
515 1117156
503 1117161
512 1117185
509 1117189
504 1117192
508 1117202
509 1117212
506 1117222
505 1117232
510 1117242
508 1117251
504 1117262
507 1117271
508 1117282
509 1117304
512 1117307
513 1117312
508 1117322
508 1117331
507 1117342
506 1117351
504 1117374
510 1117377
508 1117381
499 1117391
505 1117411
508 1117421
511 1117431
511 1117453
506 1117456
506 1117461
505 1117471
507 1117481
508 1117491
511 1117501
509 1117511
510 1117521
510 1117531
509 1117541
508 1117551
506 1117561
511 1117572
509 1117582
510 1117604
507 1117607
513 1117612
506 1117622
506 1117632
508 1117642
506 1117651
509 1117662
508 1117671
506 1117684
507 1117691
509 1117701
509 1117711
505 1117721
506 1117731
519 1117741
508 1117751
508 1117787
506 1117803
506 1117804
509 1117805
511 1117805
507 1117811
507 1117821
507 1117831
507 1117841
509 1117851
509 1117861
510 1117871
505 1117881
509 1117891
505 1117901
507 1117912
508 1117921
508 1117931
510 1117941
510 1117952
508 1117974
506 1117977
512 1117982
513 1118018
506 1118021
506 1118024
509 1118024
506 1118031
505 1118054
509 1118057
514 1118061
503 1118072
507 1118081
512 1118092
503 1118101
507 1118111
506 1118121
506 1118141
510 1118151
507 1118161
505 1118171
508 1118194
508 1118197
507 1118201
508 1118211
508 1118221
510 1118231
512 1118241
508 1118263
505 1118266
507 1118271
507 1118281
505 1118291
506 1118301
506 1118311
507 1118321
506 1118332
506 1118342
509 1118352
508 1118374
506 1118401
504 1118402
507 1118402
506 1118427
509 1118431
506 1118434
508 1118434
507 1118441
512 1118451
510 1118461
507 1118471
504 1118481
506 1118491
509 1118501
509 1118511
508 1118521
508 1118531
507 1118541
504 1118551
505 1118561
513 1118571
508 1118581
510 1118594
510 1118601
503 1118611
508 1118621
509 1118631
507 1118641
504 1118663
508 1118667
510 1118671
509 1118681
508 1118691
509 1118702
507 1118712
509 1118722
508 1118732
506 1118742
506 1118752
506 1118762
509 1118784
510 1118787
501 1118791
514 1118827
511 1118831
506 1118834
507 1118835
506 1118841
509 1118851
510 1118861
515 1118871
512 1118881
501 1118901
515 1118911
511 1118921
501 1118931
501 1118941
509 1118951
498 1118961
497 1118971
507 1118981
508 1118991
505 1119001
511 1119037
509 1119041
507 1119043
511 1119044
508 1119051
505 1119061
503 1119071
507 1119082
509 1119104
507 1119107
509 1119111
503 1119122
507 1119144
510 1119147
507 1119152
510 1119162
506 1119172
509 1119182
510 1119191
511 1119201
506 1119211
505 1119234
502 1119237
506 1119252
510 1119264
506 1119267
508 1119271
510 1119284
509 1119291
506 1119301
506 1119311
507 1119321
507 1119331
508 1119341
508 1119351
507 1119361
507 1119389
511 1119390
506 1119393
509 1119401
507 1119411
508 1119421
509 1119431
508 1119441
509 1119464
511 1119467
508 1119472
506 1119482
507 1119495
508 1119502
508 1119511
510 1119522
508 1119532
507 1119542
509 1119552
509 1119562
509 1119571
507 1119581
508 1119592
505 1119601
509 1119634
509 1119637
506 1119641
509 1119651
509 1119674
509 1119677
507 1119682
507 1119691
506 1119702
508 1119712
507 1119732
509 1119742
507 1119754
507 1119757
510 1119761
507 1119771
507 1119781
507 1119791
509 1119801
507 1119812
507 1119834
509 1119837
509 1119841
509 1119852
509 1119862
509 1119872
509 1119882
515 1119892
507 1119902
512 1119912
506 1119922
516 1119932
509 1119942
507 1119951
505 1119962
505 1119971
507 1119985
507 1119991
504 1120001
510 1120011
512 1120022
506 1120044
507 1120047
505 1120052
508 1120062
508 1120072
508 1120082
507 1120097
507 1120102
507 1120112
512 1120122
511 1120132
505 1120141
509 1120151
511 1120161
509 1120186
510 1120188
507 1120191
508 1120202
509 1120212
511 1120222
508 1120232
506 1120242
508 1120252
508 1120274
508 1120277
508 1120281
509 1120291
505 1120302
510 1120311
507 1120322
507 1120331
510 1120341
508 1120351
509 1120361
508 1120381
511 1120392
510 1120402
507 1120411
505 1120422
507 1120432
508 1120442
505 1120452
509 1120462
505 1120471
508 1120481
507 1120491
509 1120501
506 1120512
506 1120521
504 1120531
507 1120541
507 1120551
505 1120561
507 1120571
509 1120582
506 1120595
507 1120602
509 1120612
508 1120622
508 1120632
509 1120642
506 1120652
510 1120662
513 1120672
508 1120682
510 1120704
507 1120707
505 1120711
504 1120721
506 1120731
512 1120741
508 1120751
508 1120761
513 1120772
507 1120781
507 1120791
507 1120801
507 1120812
508 1120822
507 1120832
510 1120842
510 1120852
509 1120862
506 1120871
507 1120882
507 1120891
511 1120901
507 1120911
507 1120934
506 1120937
507 1120941
509 1120952
509 1120962
510 1120972
506 1120982
509 1120992
509 1121001
508 1121011
507 1121034
507 1121037
508 1121041
510 1121051
510 1121061
512 1121071
511 1121096
509 1121096
507 1121101
503 1121111
504 1121131
508 1121142
508 1121151
517 1121162
506 1121171
500 1121182
506 1121191
505 1121202
504 1121211
506 1121221
508 1121232
509 1121241
508 1121251
508 1121261
508 1121272
508 1121281
508 1121291
507 1121301
507 1121311
509 1121321
509 1121331
506 1121341
506 1121351
507 1121361
509 1121383
508 1121387
508 1121404
509 1121407
508 1121411
509 1121421
508 1121432
507 1121441
507 1121451
506 1121461
508 1121471
508 1121494
507 1121497
509 1121501
508 1121511
509 1121521
507 1121531
507 1121541
508 1121551
506 1121561
509 1121571
511 1121581
508 1121591
507 1121601
510 1121611
506 1121621
508 1121631
509 1121641
509 1121652
508 1121661
508 1121671
507 1121696
509 1121697
510 1121701
507 1121711
507 1121722
506 1121731
510 1121741
506 1121751
509 1121761
509 1121771
507 1121794
506 1121797
509 1121801
506 1121811
509 1121821
509 1121831
508 1121851
508 1121861
507 1121871
505 1121881
508 1121891
508 1121901
506 1121911
508 1121921
511 1121931
503 1121941
501 1121951
501 1121961
515 1121971
505 1121981
506 1121991
507 1122002
508 1122012
510 1122021
509 1122032
506 1122041
505 1122051
507 1122074
508 1122077
508 1122081
507 1122091
505 1122101
508 1122111
506 1122121
509 1122131
506 1122141
508 1122151
509 1122161
506 1122171
507 1122196
508 1122197
510 1122201
506 1122211
511 1122221
506 1122231
508 1122241
505 1122251
506 1122261
506 1122282
504 1122293
506 1122296
507 1122301
507 1122311
508 1122321
509 1122331
508 1122341
509 1122351
507 1122361
505 1122371
509 1122381
509 1122391
509 1122402
508 1122411
509 1122422
508 1122456
510 1122460
510 1122462
507 1122465
507 1122471
507 1122494
508 1122497
509 1122501
508 1122511
509 1122521
510 1122543
510 1122546
506 1122561
506 1122571
506 1122581
508 1122591
506 1122601
507 1122611
508 1122621
508 1122631
508 1122641
508 1122663
507 1122666
506 1122671
507 1122681
509 1122691
509 1122701
508 1122711
508 1122722
509 1122732
506 1122741
506 1122751
507 1122761
507 1122771
508 1122781
509 1122791
509 1122801
507 1122811
511 1122821
506 1122843
506 1122846
508 1122851
508 1122861
508 1122871
508 1122881
506 1122891
508 1122901
509 1122912
508 1122921
505 1122932
508 1122954
509 1122956
509 1122961
509 1122972
508 1122981
507 1122991
508 1123001
507 1123011
507 1123023
504 1123032
508 1123041
507 1123051
507 1123061
507 1123071
510 1123094
508 1123097
508 1123101
508 1123111
509 1123121
511 1123132
508 1123142
508 1123152
509 1123162
506 1123171
507 1123181
508 1123191
506 1123201
507 1123211
508 1123221
507 1123231
508 1123241
509 1123251
507 1123261
508 1123271
506 1123281
504 1123318
509 1123321
507 1123323
508 1123324
507 1123332
509 1123341
508 1123352
508 1123371
510 1123395
508 1123466
505 1123500
506 1123501
509 1123501
508 1123502
507 1123502
509 1123502
507 1123503
507 1123503
506 1123503
508 1123552
514 1123553
507 1123562
512 1123563
505 1123563
510 1123563
507 1123564
509 1123622
504 1123623
511 1123623
505 1123623
505 1123624
507 1123624
511 1123700
508 1123701
508 1123701
510 1123702
510 1123702
505 1123703
506 1123703
510 1123703
508 1123741
508 1123748
508 1123749
508 1123749
509 1123750
507 1123752
509 1123846
506 1123847
508 1123847
508 1123847
504 1123848
507 1123848
507 1123850
509 1123851
508 1123851
507 1123854
506 1123876
508 1123894
508 1123896
506 1123896
509 1123904
508 1123911
507 1123921
509 1123931
509 1123941
509 1123952
508 1123961
508 1123971
508 1123981
508 1123991
509 1124001
509 1124011
510 1124021
508 1124031
505 1124041
506 1124051
508 1124074
508 1124077
507 1124091
506 1124114
510 1124117
508 1124121
508 1124131
506 1124142
508 1124152
509 1124161
507 1124171
507 1124190
508 1124192
507 1124201
508 1124211
509 1124221
510 1124231
507 1124241
509 1124251
507 1124274
509 1124277
508 1124281
510 1124291
510 1124301
509 1124311
507 1124321
507 1124331
508 1124341
507 1124351
508 1124361
511 1124371
507 1124381
506 1124397
507 1124401
507 1124411
508 1124421
508 1124431
509 1124441
506 1124451
511 1124461
508 1124471
508 1124481
509 1124491
506 1124501
507 1124511
506 1124522
507 1124532
509 1124541
509 1124552
505 1124561
508 1124584
510 1124587
506 1124591
505 1124601
509 1124611
509 1124621
506 1124631
508 1124641
508 1124651
508 1124661
510 1124671
506 1124689
507 1124703
507 1124706
508 1124711
510 1124721
507 1124731
508 1124741
507 1124751
510 1124774
509 1124777
509 1124781
507 1124791
509 1124801
509 1124811
507 1124830
509 1124841
507 1124851
507 1124861
508 1124871
509 1124881
508 1124891
508 1124902
508 1124912
507 1124921
508 1124932
508 1124941
509 1124951
508 1124974
507 1124977
509 1124981
508 1124991
503 1125001
509 1125011
506 1125021
506 1125031
509 1125041
510 1125051
506 1125061
507 1125084
509 1125087
508 1125104
507 1125106
510 1125111
509 1125121
507 1125131
510 1125141
507 1125151
507 1125161
510 1125171
507 1125181
507 1125191
511 1125213
510 1125216
507 1125221
509 1125231
510 1125241
504 1125251
507 1125261
506 1125272
508 1125281
510 1125292
506 1125314
508 1125317
510 1125321
510 1125331
504 1125342
505 1125351
510 1125361
505 1125371
508 1125381
511 1125391
508 1125401
510 1125411
512 1125421
509 1125431
508 1125441
508 1125487
509 1125487
507 1125499
506 1125500
505 1125503
509 1125503
510 1125511
507 1125521
508 1125543
507 1125546
508 1125551
508 1125583
506 1125586
507 1125591
508 1125601
510 1125611
508 1125621
505 1125631
509 1125641
509 1125652
509 1125661
509 1125696
508 1125700
507 1125702
508 1125705
507 1125711
505 1125721
508 1125731
508 1125741
505 1125751
507 1125761
508 1125771
512 1125781
510 1125791
509 1125801
508 1125824
507 1125830
509 1125833
508 1125841
510 1125851
508 1125861
507 1125897
511 1125899
507 1125902
507 1125914
507 1125917
508 1125921
506 1125931
508 1125941
508 1125951
511 1125961
507 1125971
509 1125981
506 1125991
507 1126001
508 1126011
508 1126022
510 1126031
508 1126042
508 1126052
509 1126062
511 1126071
508 1126081
508 1126091
506 1126101
509 1126124
511 1126127
507 1126131
508 1126141
510 1126151
509 1126161
506 1126171
509 1126181
506 1126193
509 1126201
509 1126211
509 1126221
506 1126232
508 1126242
510 1126252
506 1126262
505 1126271
508 1126307
506 1126309
508 1126312
507 1126334
509 1126337
507 1126341
509 1126351
507 1126361
508 1126371
508 1126381
507 1126391
507 1126401
506 1126424
510 1126427
509 1126431
511 1126442
509 1126452
505 1126474
506 1126477
510 1126481
510 1126491
507 1126501
509 1126511
509 1126521
509 1126531
508 1126541
509 1126551
508 1126561
509 1126571
507 1126594
511 1126597
509 1126601
509 1126612
504 1126622
509 1126632
509 1126642
511 1126664
507 1126667
505 1126671
508 1126694
497 1126697
509 1126701
505 1126711
513 1126721
506 1126731
505 1126741
503 1126751
508 1126761
508 1126771
507 1126794
507 1126797
506 1126801
507 1126812
507 1126822
507 1126832
508 1126841
504 1126851
507 1126861
507 1126871
504 1126881
510 1126891
509 1126901
511 1126911
503 1126933
509 1126936
511 1126941
505 1126951
510 1126961
504 1126971
506 1126981
507 1126992
513 1127001
501 1127023
506 1127026
511 1127031
508 1127050
506 1127060
513 1127071
504 1127081
511 1127091
510 1127101
505 1127111
506 1127121
508 1127131
510 1127141
507 1127151
510 1127161
503 1127171
510 1127181
513 1127204
510 1127207
504 1127211
505 1127221
510 1127231
515 1127241
503 1127251
507 1127261
505 1127271
508 1127281
510 1127291
509 1127301
505 1127311
507 1127321
508 1127331
509 1127341
508 1127351
510 1127373
508 1127376
505 1127381
507 1127390
507 1127400
508 1127411
507 1127421
507 1127431
508 1127441
510 1127451
508 1127462
507 1127472
504 1127489
506 1127492
507 1127501
509 1127511
506 1127521
508 1127531
508 1127541
510 1127551
508 1127561
508 1127571
508 1127581
508 1127591
509 1127601
508 1127611
507 1127633
508 1127636
509 1127641
507 1127651
507 1127661
508 1127671
509 1127693
508 1127696
506 1127701
508 1127711
508 1127721
509 1127743
508 1127746
508 1127751
507 1127761
509 1127780
507 1127816
509 1127819
507 1127819
508 1127834
508 1127837
508 1127854
508 1127857
506 1127874
508 1127877
509 1127908
509 1127910
509 1127912
507 1127922
511 1127947
508 1127949
505 1127952
506 1127998
507 1128000
506 1128002
506 1128020
506 1128023
509 1128023
509 1128027
510 1128095
507 1128098
507 1128100
508 1128102
508 1128102
509 1128103
508 1128106
508 1128163
510 1128165
512 1128165
507 1128169
508 1128179
507 1128182
507 1128183
509 1128185
509 1128185
507 1128204
506 1128224
508 1128224
509 1128228
506 1128244
506 1128247
506 1128248
507 1128251
508 1128274
508 1128277
508 1128323
506 1128326
507 1128326
509 1128327
506 1128329
505 1128344
506 1128346
509 1128364
508 1128366
508 1128383
509 1128386
507 1128416
507 1128418
506 1128420
508 1128433
506 1128436
509 1128453
507 1128456
508 1128483
508 1128486
509 1128532
507 1128535
506 1128535
507 1128536
506 1128538
508 1128553
508 1128556
508 1128573
508 1128576
511 1128594
507 1128597
507 1128614
507 1128617
508 1128646
507 1128650
508 1128650
507 1128664
508 1128666
510 1128686
513 1128688
503 1128713
511 1128716
511 1128761
506 1128764
509 1128764
506 1128765
508 1128765
507 1128813
510 1128815
504 1128815
507 1128818
507 1128818
514 1128823
509 1128826
505 1128857
506 1128861
506 1128863
506 1128864
510 1128871
504 1128893
510 1128896
506 1128925
507 1128929
506 1128931
509 1128941
510 1128965
510 1128967
506 1129001
506 1129003
506 1129003
509 1129007
508 1129014
509 1129017
510 1129031
507 1129052
507 1129063
506 1129066
513 1129083
508 1129086
508 1129104
509 1129106
512 1129121
508 1129146
509 1129148
509 1129152
508 1129154
505 1129173
507 1129176
507 1129184
506 1129191
508 1129213
509 1129217
511 1129221
510 1129243
507 1129246
504 1129251
508 1129260
507 1129283
507 1129286
508 1129290
506 1129313
507 1129316
509 1129331
512 1129357
508 1129360
510 1129362
510 1129365
506 1129371
511 1129381
508 1129391
507 1129401
507 1129424
511 1129426
506 1129431
507 1129451
510 1129464
508 1129466
505 1129471
509 1129481
509 1129491
509 1129513
507 1129516
507 1129521
508 1129531
509 1129541
509 1129563
507 1129566
510 1129571
503 1129593
510 1129596
507 1129611
508 1129631
505 1129643
504 1129646
506 1129653
506 1129656
508 1129660
509 1129685
507 1129687
509 1129690
506 1129714
508 1129717
507 1129721
508 1129731
507 1129766
508 1129770
506 1129772
508 1129775
509 1129781
508 1129791
508 1129801
507 1129811
507 1129821
507 1129831
509 1129841
508 1129851
509 1129861
508 1129871
509 1129894
507 1129896
506 1129901
507 1129911
509 1129921
507 1129931
506 1129941
508 1129963
510 1129966
507 1129971
506 1129990
507 1129993
506 1130001
506 1130010
509 1130020
507 1130053
509 1130056
507 1130061
509 1130070
508 1130081
508 1130092
502 1130101
512 1130151
507 1130154
506 1130154
510 1130155
510 1130164
508 1130167
505 1130171
506 1130181
508 1130191
508 1130226
509 1130230
507 1130232
508 1130235
508 1130241
509 1130251
512 1130261
504 1130297
491 1130301
502 1130303
517 1130303
512 1130323
500 1130326
503 1130331
506 1130341
507 1130351
507 1130361
509 1130383
503 1130386
498 1130391
503 1130400
524 1130423
504 1130426
505 1130473
513 1130475
507 1130475
505 1130478
508 1130478
507 1130543
511 1130546
508 1130546
510 1130547
511 1130549
508 1130567
505 1130568
507 1130570
509 1130572
508 1130591
508 1130606
508 1130609
506 1130612
508 1130614
495 1130621
507 1130631
500 1130641
505 1130676
508 1130678
508 1130680
511 1130691
509 1130701
508 1130711
508 1130741
506 1130756
506 1130758
506 1130761
505 1130764
508 1130770
510 1130780
509 1130803
507 1130806
509 1130810
509 1130820
505 1130830
508 1130841
508 1130851
508 1130872
509 1130896
513 1130902
508 1130905
503 1130907
511 1130932
508 1130969
504 1131015
507 1131015
508 1131015
508 1131016
508 1131016
507 1131017
507 1131017
508 1131017
507 1131036
505 1131038
505 1131041
509 1131044
513 1131051
507 1131061
511 1131080
516 1131083
511 1131091
509 1131101
499 1131136
502 1131138
511 1131141
509 1131144
504 1131176
503 1131180
505 1131183
511 1131183
512 1131190
507 1131201
507 1131210
510 1131221
508 1131231
513 1131241
503 1131264
510 1131267
504 1131271
510 1131281
508 1131291
504 1131301
509 1131311
506 1131331
516 1131341
509 1131351
505 1131373
508 1131376
507 1131393
502 1131396
509 1131413
509 1131416
516 1131421
504 1131431
508 1131441
509 1131451
507 1131461
506 1131471
507 1131481
523 1131490
501 1131501
504 1131511
509 1131520
515 1131531
503 1131541
511 1131551
514 1131560
506 1131570
507 1131580
510 1131591
514 1131601
508 1131611
508 1131621
509 1131631
507 1131641
508 1131651
514 1131661
507 1131671
513 1131681
509 1131691
503 1131705
512 1131711
510 1131733
511 1131736
507 1131741
505 1131761
506 1131774
510 1131775
512 1131781
515 1131791
514 1131813
506 1131816
511 1131821
511 1131831
510 1131841
512 1131851
500 1131860
497 1131871
504 1131880
496 1131890
504 1131900
507 1131910
514 1131943
504 1131946
503 1131946
508 1131950
506 1131961
508 1131996
505 1131999
509 1132002
507 1132016
510 1132021
508 1132031
507 1132041
508 1132042
509 1132051
511 1132061
517 1132071
516 1132081
519 1132091
510 1132101
514 1132111
514 1132121
505 1132131
504 1132141
508 1132151
507 1132161
504 1132171
503 1132181
511 1132191
509 1132201
508 1132211
506 1132221
512 1132231
507 1132253
511 1132259
507 1132262
505 1132280
506 1132315
510 1132320
509 1132323
509 1132324
510 1132330
509 1132341
506 1132351
506 1132361
508 1132436
509 1132439
504 1132444
506 1132447
502 1132448
502 1132452
507 1132454
508 1132454
510 1132455
508 1132473
511 1132476
502 1132481
515 1132491
506 1132501
505 1132511
511 1132521
510 1132531
506 1132541
508 1132551
505 1132573
511 1132576
507 1132581
504 1132603
512 1132606
508 1132611
511 1132621
508 1132630
508 1132640
507 1132650
512 1132660
505 1132670
506 1132680
506 1132691
507 1132703
509 1132711
507 1132721
508 1132731
508 1132741
508 1132751
507 1132761
505 1132784
511 1132787
512 1132804
507 1132824
503 1132825
512 1132825
499 1132831
504 1132841
511 1132851
507 1132861
509 1132871
509 1132881
532 1132891
508 1132901
508 1132911
505 1132921
507 1132931
506 1132941
511 1132951
505 1132961
505 1132971
504 1132981
511 1133001
507 1133011
508 1133021
506 1133031
514 1133041
505 1133051
510 1133061
512 1133071
508 1133081
509 1133091
507 1133101
507 1133111
511 1133121
505 1133131
514 1133141
510 1133151
497 1133161
510 1133171
501 1133181
516 1133191
507 1133201
505 1133223
514 1133226
502 1133231
509 1133241
516 1133251
507 1133261
509 1133271
509 1133294
506 1133297
511 1133301
509 1133311
511 1133321
505 1133331
510 1133341
503 1133351
505 1133361
506 1133371
511 1133398
514 1133399
513 1133401
516 1133411
503 1133421
498 1133431
511 1133441
501 1133451
514 1133461
500 1133471
503 1133481
514 1133491
500 1133501
508 1133511
523 1133521
511 1133531
510 1133541
512 1133551
495 1133561
517 1133571
514 1133581
500 1133591
509 1133601
509 1133611
514 1133621
510 1133631
510 1133641
507 1133651
511 1133661
511 1133671
507 1133681
501 1133691
513 1133701
488 1133711
527 1133721
512 1133731
499 1133751
497 1133761
503 1133784
513 1133786
500 1133791
505 1133814
504 1133816
518 1133821
502 1133831
511 1133841
510 1133851
506 1133861
508 1133871
502 1133881
513 1133891
502 1133901
505 1133911
509 1133921
509 1133944
508 1133947
505 1133951
508 1133961
509 1133997
507 1134001
510 1134004
514 1134004
518 1134022
509 1134022
504 1134031
512 1134041
506 1134051
511 1134061
509 1134071
511 1134081
511 1134091
510 1134101
506 1134111
513 1134121
503 1134131
507 1134141
505 1134151
509 1134161
507 1134171
506 1134194
508 1134196
509 1134201
511 1134211
511 1134221
508 1134231
511 1134241
510 1134251
508 1134261
508 1134271
500 1134281
510 1134291
506 1134301
506 1134324
504 1134327
509 1134331
507 1134341
516 1134351
507 1134361
508 1134371
514 1134381
508 1134391
506 1134401
515 1134411
504 1134421
511 1134431
505 1134441
507 1134451
508 1134461
504 1134471
508 1134491
507 1134501
507 1134511
506 1134521
506 1134531
505 1134541
510 1134551
510 1134560
511 1134571
507 1134580
509 1134590
506 1134601
510 1134610
503 1134620
506 1134630
507 1134640
507 1134661
504 1134662
507 1134671
503 1134681
507 1134691
508 1134701
508 1134711
509 1134721
506 1134731
506 1134741
500 1134751
507 1134761
505 1134771
517 1134807
508 1134811
507 1134813
513 1134813
507 1134821
506 1134831
508 1134841
509 1134851
511 1134861
510 1134871
507 1134881
511 1134903
506 1134923
511 1134923
504 1134924
510 1134930
505 1134941
505 1134951
503 1134961
508 1134970
514 1134980
510 1134990
504 1135000
501 1135010
509 1135020
508 1135031
505 1135041
509 1135051
508 1135061
506 1135071
505 1135094
507 1135096
511 1135101
508 1135111
508 1135121
509 1135132
509 1135141
510 1135151
510 1135161
508 1135171
509 1135181
507 1135191
505 1135201
508 1135220
509 1135231
507 1135241
507 1135251
507 1135261
510 1135283
508 1135286
508 1135291
510 1135301
507 1135311
505 1135321
508 1135331
510 1135340
510 1135350
512 1135360
505 1135370
504 1135393
506 1135396
510 1135400
504 1135411
509 1135421
511 1135444
510 1135447
509 1135451
498 1135461
501 1135471
509 1135481
493 1135504
509 1135506
522 1135511
512 1135522
511 1135531
506 1135541
501 1135551
505 1135561
511 1135571
508 1135602
508 1135616
508 1135620
509 1135623
512 1135623
509 1135631
509 1135641
511 1135650
506 1135661
509 1135670
506 1135693
510 1135696
510 1135701
507 1135711
507 1135721
507 1135731
507 1135741
510 1135751
506 1135761
504 1135771
516 1135781
508 1135791
504 1135814
504 1135816
512 1135821
505 1135831
503 1135841
509 1135851
504 1135861
511 1135871
508 1135881
503 1135891
507 1135914
508 1135917
510 1135921
509 1135931
509 1135941
509 1135951
509 1135971
508 1135981
509 1135991
507 1136001
512 1136011
508 1136021
507 1136031
507 1136041
507 1136051
509 1136061
507 1136071
506 1136082
508 1136103
510 1136106
505 1136111
504 1136121
507 1136131
505 1136141
507 1136151
504 1136161
506 1136171
509 1136181
506 1136191
511 1136201
512 1136211
503 1136221
510 1136231
505 1136241
506 1136251
506 1136261
510 1136271
511 1136280
512 1136292
508 1136301
504 1136323
508 1136326
505 1136331
504 1136341
505 1136351
506 1136361
512 1136371
502 1136393
506 1136396
511 1136413
502 1136417
505 1136421
510 1136431
508 1136441
508 1136451
510 1136461
509 1136471
509 1136481
508 1136504
507 1136506
507 1136523
511 1136526
506 1136531
506 1136541
508 1136551
509 1136574
506 1136577
507 1136581
509 1136593
505 1136601
511 1136611
510 1136621
510 1136631
508 1136641
510 1136651
506 1136661
505 1136671
504 1136681
507 1136691
508 1136711
508 1136721
507 1136731
512 1136741
508 1136751
504 1136761
507 1136771
508 1136781
508 1136791
506 1136814
505 1136817
507 1136821
505 1136831
510 1136841
506 1136851
502 1136861
508 1136871
509 1136881
509 1136891
506 1136901
504 1136924
509 1136926
508 1136931
511 1136941
507 1136951
504 1136961
507 1136971
507 1136981
511 1136991
510 1137001
509 1137011
507 1137021
511 1137031
504 1137041
506 1137051
506 1137061
507 1137071
508 1137080
509 1137103
510 1137106
507 1137111
509 1137121
506 1137131
506 1137141
508 1137151
507 1137161
507 1137185
507 1137188
507 1137191
506 1137201
509 1137211
511 1137221
505 1137243
508 1137245
506 1137252
510 1137261
509 1137271
511 1137281
505 1137291
509 1137301
508 1137311
506 1137321
507 1137331
511 1137341
508 1137350
508 1137360
508 1137370
507 1137381
509 1137391
507 1137401
510 1137411
503 1137421
512 1137431
506 1137451
506 1137461
507 1137471
508 1137481
511 1137491
507 1137501
507 1137523
508 1137526
509 1137531
510 1137541
509 1137551
511 1137561
505 1137583
504 1137586
509 1137591
510 1137626
504 1137629
507 1137631
510 1137634
507 1137640
508 1137650
506 1137661
510 1137685
507 1137689
509 1137691
505 1137701
506 1137723
508 1137726
509 1137731
510 1137741
507 1137751
512 1137761
511 1137771
507 1137780
507 1137801
507 1137801
509 1137811
510 1137834
503 1137837
508 1137841
506 1137851
509 1137861
511 1137871
507 1137881
507 1137891
506 1137900
508 1137911
511 1137920
509 1137931
507 1137940
509 1137950
506 1137960
506 1137970
509 1137980
510 1137990
510 1138000
506 1138010
507 1138020
509 1138030
508 1138040
510 1138050
509 1138061
505 1138071
504 1138081
512 1138091
512 1138101
507 1138111
507 1138121
505 1138131
510 1138140
504 1138150
507 1138160
505 1138170
509 1138203
506 1138206
509 1138210
510 1138221
507 1138231
506 1138241
513 1138263
506 1138265
506 1138270
506 1138280
506 1138304
509 1138307
510 1138311
513 1138321
512 1138331
510 1138341
507 1138351
508 1138361
509 1138371
508 1138381
510 1138391
507 1138401
509 1138421
508 1138433
509 1138436
506 1138441
507 1138450
508 1138473
508 1138476
510 1138493
510 1138496
509 1138500
510 1138510
510 1138520
507 1138530
509 1138540
510 1138562
507 1138565
508 1138570
509 1138581
506 1138591
508 1138601
508 1138611
504 1138645
509 1138649
508 1138651
507 1138653
508 1138673
509 1138676
508 1138680
508 1138690
511 1138701
508 1138711
506 1138721
509 1138731
507 1138741
508 1138751
507 1138761
508 1138771
507 1138781
508 1138791
507 1138801
508 1138811
506 1138821
506 1138831
508 1138841
508 1138851
507 1138861
506 1138871
509 1138881
507 1138891
506 1138901
507 1138911
508 1138921
508 1138931
507 1138941
509 1138961
509 1138971
508 1138981
506 1139003
507 1139006
505 1139023
508 1139026
507 1139031
509 1139041
509 1139052
508 1139061
508 1139071
508 1139081
508 1139091
506 1139101
508 1139111
509 1139121
507 1139131
508 1139141
508 1139151
508 1139161
509 1139171
508 1139181
508 1139191
508 1139201
509 1139211
509 1139221
508 1139231
508 1139241
508 1139251
508 1139261
506 1139283
505 1139286
507 1139306
508 1139306
508 1139311
509 1139321
506 1139343
511 1139346
513 1139351
507 1139361
503 1139371
507 1139381
506 1139391
505 1139400
506 1139411
510 1139420
513 1139430
508 1139441
507 1139451
508 1139461
509 1139471
509 1139481
508 1139491
506 1139501
509 1139511
509 1139521
511 1139531
507 1139541
506 1139551
507 1139561
509 1139571
511 1139581
508 1139591
508 1139601
507 1139611
511 1139621
510 1139630
505 1139641
503 1139650
510 1139661
508 1139680
507 1139691
509 1139701
506 1139711
509 1139721
510 1139731
506 1139753
506 1139756
508 1139761
508 1139771
507 1139781
509 1139791
504 1139800
509 1139811
510 1139846
508 1139848
509 1139852
509 1139855
509 1139861
509 1139871
508 1139881
509 1139903
507 1139906
508 1139910
508 1139920
509 1139930
507 1139940
506 1139950
509 1139961
507 1139971
507 1139981
508 1139990
510 1140000
510 1140011
508 1140020
506 1140056
507 1140059
510 1140062
509 1140068
507 1140071
508 1140093
507 1140096
509 1140100
511 1140110
505 1140120
510 1140130
507 1140141
506 1140151
506 1140161
509 1140171
511 1140197
505 1140198
508 1140213
507 1140216
506 1140221
507 1140230
507 1140240
507 1140250
510 1140301
509 1140301
507 1140302
510 1140302
510 1140303
510 1140310
509 1140321
508 1140331
509 1140354
509 1140356
509 1140361
511 1140371
506 1140381
508 1140391
508 1140400
509 1140420
508 1140430
507 1140440
508 1140450
508 1140460
509 1140470
507 1140480
507 1140502
507 1140505
508 1140511
509 1140521
508 1140531
507 1140553
502 1140556
510 1140561
506 1140571
503 1140581
508 1140591
510 1140601
509 1140611
508 1140621
507 1140656
505 1140660
509 1140663
508 1140663
509 1140671
509 1140681
506 1140690
504 1140700
506 1140710
506 1140720
509 1140730
510 1140740
509 1140750
507 1140761
507 1140771
509 1140781
508 1140791
507 1140801
507 1140811
506 1140821
508 1140832
506 1140841
509 1140863
509 1140866
509 1140870
509 1140880
511 1140890
508 1140900
507 1140910
507 1140920
507 1140930
509 1140941
508 1140951
505 1140961
508 1140971
506 1140981
509 1140991
510 1141001
506 1141011
508 1141021
506 1141031
508 1141041
508 1141050
510 1141060
506 1141083
508 1141086
509 1141103
509 1141106
508 1141111
507 1141121
506 1141143
505 1141145
507 1141160
507 1141170
507 1141180
508 1141190
509 1141200
507 1141210
510 1141220
507 1141231
508 1141241
508 1141251
507 1141261
508 1141270
508 1141293
507 1141295
510 1141300
508 1141310
506 1141322
507 1141330
507 1141341
507 1141350
507 1141361
509 1141371
508 1141381
509 1141391
510 1141401
506 1141411
506 1141421
509 1141431
507 1141466
507 1141470
508 1141473
506 1141473
507 1141481
508 1141503
508 1141506
508 1141510
508 1141520
507 1141530
507 1141540
508 1141550
505 1141560
507 1141570
507 1141580
508 1141590
507 1141601
507 1141611
508 1141621
509 1141631
509 1141641
506 1141651
508 1141661
509 1141671
507 1141681
505 1141691
506 1141701
509 1141711
509 1141720
509 1141731
507 1141740
507 1141751
509 1141760
508 1141770
507 1141780
507 1141790
508 1141800
510 1141810
506 1141820
506 1141830
506 1141840
510 1141850
508 1141883
507 1141886
508 1141892
508 1141895
510 1141900
507 1141921
510 1141931
510 1141941
507 1141951
506 1141962
506 1141971
508 1141981
510 1141990
508 1142001
510 1142010
509 1142021
508 1142031
509 1142040
509 1142050
506 1142060
509 1142070
508 1142080
511 1142102
506 1142105
504 1142110
507 1142120
511 1142130
506 1142153
506 1142156
509 1142160
508 1142171
504 1142181
507 1142204
506 1142207
507 1142211
509 1142221
509 1142231
507 1142241
505 1142251
512 1142261
508 1142271
508 1142280
511 1142291
508 1142300
506 1142311
508 1142320
506 1142330
503 1142340
506 1142350
504 1142361
502 1142371
511 1142381
507 1142391
509 1142400
512 1142410
512 1142420
506 1142430
503 1142440
508 1142450
506 1142460
504 1142470
510 1142480
510 1142490
510 1142501
507 1142511
506 1142521
507 1142531
510 1142541
504 1142551
510 1142561
504 1142571
510 1142581
508 1142603
507 1142606
508 1142610
506 1142621
511 1142630
507 1142663
508 1142665
510 1142670
509 1142680
511 1142690
512 1142700
507 1142710
505 1142720
506 1142730
504 1142740
507 1142750
508 1142760
508 1142770
509 1142780
509 1142791
506 1142801
506 1142811
505 1142821
506 1142831
508 1142841
507 1142851
509 1142873
510 1142880
506 1142882
507 1142891
507 1142901
508 1142910
507 1142920
506 1142930
510 1142940
513 1142950
508 1142960
510 1142970
510 1142981
506 1142991
508 1143001
506 1143011
506 1143021
508 1143031
507 1143040
508 1143051
508 1143061
507 1143083
508 1143086
504 1143103
512 1143106
506 1143111
506 1143121
507 1143131
507 1143140
514 1143150
510 1143160
503 1143170
508 1143180
510 1143190
510 1143200
508 1143210
505 1143220
508 1143230
508 1143240
506 1143252
506 1143261
510 1143271
510 1143281
509 1143291
509 1143301
506 1143311
509 1143321
507 1143343
510 1143346
507 1143363
506 1143366
507 1143380
507 1143390
507 1143400
508 1143410
508 1143421
509 1143431
511 1143441
507 1143451
506 1143473
506 1143476
508 1143481
507 1143491
508 1143500
508 1143510
508 1143521
509 1143530
508 1143540
504 1143550
508 1143561
509 1143570
507 1143580
508 1143590
506 1143601
509 1143611
508 1143621
507 1143631
507 1143641
507 1143651
509 1143660
508 1143684
508 1143688
511 1143702
505 1143706
508 1143710
508 1143720
508 1143730
506 1143740
509 1143751
507 1143761
509 1143771
507 1143781
507 1143790
509 1143800
507 1143810
506 1143821
508 1143830
510 1143841
508 1143850
507 1143860
508 1143870
507 1143880
507 1143903
509 1143906
507 1143911
507 1143921
509 1143931
509 1143941
508 1143950
509 1143961
507 1143970
509 1143980
514 1143990
508 1144000
511 1144010
509 1144021
505 1144031
509 1144041
508 1144051
504 1144060
509 1144070
503 1144080
507 1144090
508 1144100
510 1144123
506 1144125
505 1144140
507 1144150
512 1144160
506 1144170
512 1144180
506 1144191
509 1144203
508 1144211
507 1144221
504 1144231
507 1144253
502 1144256
511 1144286
512 1144290
511 1144293
509 1144293
507 1144300
507 1144323
508 1144326
510 1144331
508 1144341
508 1144351
509 1144360
508 1144370
507 1144380
507 1144390
509 1144400
508 1144410
509 1144420
509 1144430
508 1144440
509 1144450
508 1144460
508 1144470
508 1144493
509 1144496
507 1144501
508 1144513
510 1144521
510 1144530
512 1144540
510 1144550
505 1144560
505 1144570
507 1144580
507 1144590
507 1144600
507 1144623
509 1144625
508 1144631
510 1144641
508 1144651
506 1144661
507 1144671
508 1144681
508 1144703
507 1144706
509 1144711
507 1144721
510 1144731
508 1144741
507 1144751
506 1144761
508 1144770
507 1144780
508 1144790
507 1144800
507 1144810
506 1144820
508 1144830
506 1144840
507 1144863
507 1144866
508 1144871
507 1144890
506 1144900
507 1144921
509 1144933
507 1144936
506 1144941
504 1144951
506 1144961
507 1144971
507 1144981
509 1144991
508 1145001
507 1145011
509 1145020
508 1145030
508 1145040
509 1145050
506 1145072
509 1145075
509 1145080
507 1145102
509 1145105
509 1145111
508 1145133
507 1145136
508 1145141
507 1145150
508 1145160
508 1145170
508 1145191
507 1145203
510 1145205
509 1145210
506 1145220
508 1145230
507 1145240
508 1145263
509 1145266
509 1145270
507 1145280
508 1145290
507 1145300
509 1145310
509 1145320
509 1145330
507 1145341
507 1145351
508 1145360
509 1145371
510 1145380
509 1145390
509 1145400
508 1145410
508 1145420
507 1145430
508 1145440
508 1145450
508 1145460
509 1145470
509 1145481
508 1145491
507 1145501
507 1145511
508 1145521
507 1145531
507 1145541
507 1145551
509 1145561
509 1145570
506 1145580
506 1145591
506 1145601
508 1145633
508 1145636
509 1145640
507 1145650
507 1145660
508 1145671
507 1145705
506 1145707
508 1145711
508 1145714
508 1145721
507 1145731
507 1145741
509 1145751
511 1145760
509 1145771
507 1145781
506 1145790
507 1145800
508 1145810
507 1145821
509 1145831
509 1145841
510 1145850
509 1145861
507 1145871
507 1145881
509 1145903
508 1145906
507 1145911
507 1145921
508 1145943
509 1145946
509 1145950
507 1145961
507 1145971
507 1145980
508 1145990
508 1146000
509 1146010
507 1146021
508 1146031
506 1146041
507 1146051
506 1146061
508 1146071
506 1146080
509 1146091
509 1146101
508 1146110
507 1146121
510 1146130
508 1146141
509 1146151
509 1146161
507 1146171
509 1146181
508 1146191
507 1146201
509 1146210
507 1146220
508 1146230
507 1146240
505 1146251
505 1146261
508 1146271
509 1146280
510 1146290
512 1146300
506 1146310
508 1146333
503 1146336
507 1146341
508 1146361
509 1146371
505 1146381
508 1146403
509 1146406
510 1146411
512 1146421
507 1146431
507 1146441
509 1146451
510 1146461
507 1146471
505 1146481
509 1146490
510 1146501
510 1146511
507 1146520
508 1146543
507 1146546
508 1146551
508 1146560
507 1146583
510 1146586
511 1146591
511 1146600
507 1146610
506 1146621
507 1146631
506 1146641
508 1146651
509 1146661
509 1146671
507 1146681
515 1146690
503 1146700
506 1146711
508 1146721
508 1146731
507 1146741
508 1146763
506 1146766
510 1146771
506 1146781
506 1146791
507 1146801
506 1146811
509 1146821
510 1146831
508 1146840
507 1146850
511 1146861
510 1146871
509 1146880
505 1146890
504 1146900
508 1146911
507 1146945
508 1146948
508 1146951
514 1146954
512 1146961
507 1146971
508 1146981
509 1147009
509 1147010
510 1147013
507 1147021
507 1147031
509 1147041
506 1147050
510 1147060
506 1147071
507 1147081
509 1147101
508 1147110
507 1147121
509 1147156
510 1147158
507 1147161
512 1147164
506 1147171
505 1147181
509 1147191
508 1147201
508 1147211
509 1147221
508 1147231
509 1147240
509 1147251
508 1147261
506 1147271
505 1147281
510 1147317
510 1147321
508 1147385
506 1147385
509 1147386
511 1147387
510 1147387
507 1147387
505 1147388
506 1147388
508 1147391
507 1147401
508 1147411
508 1147421
509 1147430
508 1147441
506 1147450
507 1147473
508 1147476
508 1147480
510 1147503
506 1147505
508 1147522
509 1147525
509 1147530
507 1147540
510 1147551
508 1147561
507 1147571
508 1147580
511 1147590
504 1147600
507 1147610
511 1147620
509 1147630
507 1147640
508 1147651
507 1147661
507 1147671
509 1147681
508 1147690
509 1147713
509 1147716
508 1147721
507 1147743
509 1147746
507 1147751
507 1147760
507 1147783
507 1147786
509 1147790
509 1147800
507 1147810
507 1147820
507 1147840
508 1147850
508 1147873
508 1147875
506 1147905
509 1147907
508 1147909
507 1147922
506 1147925
506 1147971
506 1147973
506 1147973
507 1147977
507 1147996
508 1147999
510 1148001
507 1148052
510 1148054
506 1148054
507 1148057
508 1148058
509 1148091
508 1148122
508 1148125
509 1148125
508 1148125
506 1148126
506 1148129
509 1148133
509 1148136
508 1148161
506 1148192
506 1148194
510 1148194
544 1148199
505 1148253
508 1148256
510 1148285
505 1148287
508 1148290
508 1148290
507 1148293
511 1148293
508 1148332
507 1148333
505 1148335
508 1148335
507 1148338
507 1148338
507 1148343
508 1148346
509 1148424
507 1148428
509 1148428
509 1148431
510 1148431
507 1148432
507 1148480
510 1148502
507 1148502
508 1148567
509 1148569
507 1148572
507 1148572
508 1148573
507 1148575
