508 964669
508 964673
511 964673
508 964674
504 964674
507 964674
506 964675
507 964675
508 964676
509 964676
508 964676
507 964677
507 964677
507 964678
508 964678
507 964679
511 964679
511 964680
512 964680
508 964680
509 964681
507 964681
511 964682
510 964682
508 964682
509 964683
510 964683
511 964683
509 964684
506 964684
505 964685
508 964685
506 964685
509 964713
508 964714
507 964714
506 964715
510 964715
509 964716
512 964716
505 964717
511 964717
505 964717
509 964718
508 964718
509 964718
507 964719
506 964719
509 964719
508 964720
508 964720
508 964720
509 964722
507 964723
506 964723
506 964723
508 964724
506 964724
509 964725
508 964725
509 964726
511 964726
507 964726
508 964727
508 964727
507 964727
508 964730
507 964730
506 964731
-683 964747
508 964747
507 964791
507 964792
508 964792
506 964862
508 964869
507 964879
508 964888
508 964911
508 964911
507 964918
508 964928
507 964938
507 964948
507 964958
508 964980
507 964981
507 964987
509 964997
508 965008
509 965018
508 965029
507 965042
505 965049
507 965058
506 965068
507 965078
509 965088
508 965098
510 965108
509 965118
507 965128
508 965138
509 965148
509 965158
506 965168
509 965178
507 965188
508 965197
509 965208
508 965218
506 965228
508 965238
508 965248
508 965258
508 965268
509 965278
509 965288
509 965306
507 965308
509 965318
508 965328
507 965338
507 965347
507 965358
508 965367
506 965378
509 965387
508 965397
508 965418
508 965430
508 965431
507 965438
509 965448
507 965458
508 965468
508 965478
508 965498
507 965530
508 965531
508 965531
507 965538
508 965547
506 965570
509 965571
509 965577
506 965621
506 965622
506 965653
509 965653
508 965655
508 965656
507 965674
507 965679
508 965680
508 965680
506 965686
506 965758
508 965758
508 965759
507 965759
509 965760
508 965761
510 965761
507 965768
507 965778
506 965788
511 965810
511 965811
512 965818
510 965829
509 965860
509 965860
510 965861
509 965868
506 965878
510 965888
511 965898
507 965908
510 965918
505 965927
507 965939
506 965948
507 965958
508 965980
510 965981
507 965988
510 965998
510 966020
507 966021
508 966028
509 966038
506 966058
507 966084
507 966088
507 966088
508 966090
512 966098
507 966132
510 966134
507 966136
499 966151
499 966151
504 966158
504 966168
506 966190
506 966191
510 966208
512 966233
516 966234
512 966238
505 966249
502 966258
506 966268
517 966278
504 966288
507 966298
506 966308
510 966318
509 966339
506 966350
507 966350
509 966358
506 966385
509 966386
507 966389
509 966398
513 966408
510 966418
507 966428
506 966448
508 966460
507 966460
507 966467
508 966478
505 966488
506 966498
509 966507
506 966532
514 966551
509 966553
507 966553
509 966558
509 966568
507 966586
508 966588
508 966697
508 966697
506 966698
507 966698
507 966699
508 966699
508 966700
507 966700
508 966701
510 966701
508 966701
506 966708
507 966718
507 966728
509 966738
508 966748
509 966758
507 966768
509 966778
507 966788
505 966805
506 966807
508 966890
512 966890
508 966891
511 966892
508 966892
506 966894
508 966894
506 966895
505 966897
508 966997
507 966997
508 966998
509 966998
506 966998
509 966999
509 966999
508 967000
507 967000
509 967100
506 967100
506 967101
504 967101
508 967102
508 967102
508 967103
508 967103
507 967103
506 967104
507 967108
506 967118
508 967128
508 967138
506 967148
511 967158
508 967168
507 967305
509 967305
506 967306
508 967306
508 967307
508 967307
508 967308
511 967308
508 967309
507 967309
509 967309
508 967310
509 967310
507 967312
508 967408
509 967408
508 967409
508 967409
508 967410
507 967410
507 967411
507 967411
510 967412
507 967413
504 967486
511 967486
507 967487
511 967487
498 967488
507 967488
507 967488
507 967491
509 967701
508 967702
510 967702
508 967703
508 967703
507 967704
509 967704
508 967704
509 967705
508 967705
508 967706
508 967706
509 967707
507 967707
506 967707
509 967708
507 967708
508 967708
508 967709
507 967709
508 967711
509 967984
508 967985
507 967985
508 967986
507 967986
508 967986
507 967987
505 967987
508 967987
507 967988
510 967988
508 967989
507 967989
509 967989
506 967990
508 967990
511 967990
507 967991
509 967991
507 967991
508 967992
490 967992
510 967992
508 967993
509 967993
507 967993
510 967994
511 968021
511 968068
508 968068
508 968069
510 968071
508 968072
507 968072
508 968072
509 968073
508 968077
509 968088
506 968098
507 968120
505 968121
509 968128
505 968138
506 968148
506 968158
507 968168
509 968204
508 968208
508 968208
508 968210
507 968216
508 968228
508 968238
507 968260
507 968261
507 968280
506 968281
506 968288
507 968297
509 968307
508 968318
509 968328
506 968338
508 968348
510 968360
508 968368
507 968378
506 968398
507 968424
508 968428
506 968428
509 968430
510 968438
510 968508
507 968509
507 968509
506 968510
508 968511
509 968511
507 968518
509 968527
511 968538
511 968548
508 968558
507 968568
507 968578
508 968591
508 968698
508 968698
510 968699
507 968699
507 968700
509 968701
508 968701
509 968701
509 968702
507 968702
509 968703
508 968708
507 968718
504 968728
507 968738
505 968748
509 968758
515 968768
506 968778
506 968788
508 969005
503 969006
505 969006
501 969007
509 969007
517 969008
504 969008
516 969009
503 969009
510 969010
510 969010
503 969011
511 969011
506 969011
509 969012
507 969012
507 969012
507 969013
507 969013
508 969108
508 969108
509 969109
507 969110
506 969110
506 969111
507 969111
507 969112
507 969112
509 969112
509 969113
510 969115
509 969115
508 969117
508 969128
509 969138
508 969160
510 969160
506 969178
508 969191
508 969211
508 969211
506 969230
507 969231
508 969250
507 969251
508 969268
509 969281
508 969281
509 969300
511 969300
507 969321
507 969321
507 969340
510 969340
506 969349
508 969370
509 969371
508 969390
507 969391
508 969398
506 969408
506 969418
507 969428
508 969463
506 969465
507 969466
508 969502
509 969502
507 969503
506 969511
509 969511
508 969530
508 969530
507 969550
507 969550
507 969558
510 969567
507 969588
506 969598
507 969608
508 969618
507 969628
505 969656
507 969657
507 969657
509 969707
512 969707
504 969708
505 969708
506 969709
510 969718
505 969728
513 969738
506 969760
507 969760
509 969768
505 969778
505 969788
512 969798
507 969887
508 969887
508 969888
508 969888
507 969888
510 969889
507 969889
505 969890
511 969890
506 969898
509 969908
508 969918
506 969928
508 969938
510 969957
509 969957
509 969981
508 969982
508 969987
508 969998
506 970020
507 970020
508 970027
509 970037
508 970047
507 970057
508 970081
509 970081
509 970090
509 970123
508 970125
507 970128
508 970130
507 970140
505 970152
509 970186
508 970186
508 970189
507 970191
509 970198
509 970208
509 970218
509 970228
506 970238
508 970260
509 970261
508 970268
507 970288
509 970300
508 970300
508 970308
508 970318
507 970328
506 970338
506 970348
508 970359
506 970368
507 970377
507 970387
509 970422
510 970424
507 970430
505 970430
510 970437
506 970447
508 970479
507 970482
508 970496
508 970513
508 970513
507 970519
507 970519
508 970528
507 970538
507 970559
508 970559
508 970607
509 970607
509 970608
507 970608
506 970609
507 970618
509 970628
507 970638
508 970648
507 970658
508 970668
509 970687
507 970697
506 970711
507 970798
507 970798
507 970799
506 970799
506 970800
509 970800
511 970801
508 970801
507 970802
507 970807
507 970817
509 970828
508 970838
507 970848
510 970858
509 970868
508 970878
506 970888
507 970910
508 970910
509 971003
507 971004
509 971005
508 971005
509 971008
510 971008
508 971009
507 971009
508 971012
508 971012
507 971287
509 971287
508 971288
509 971288
508 971289
507 971289
508 971290
506 971290
507 971290
507 971291
508 971291
507 971291
507 971292
508 971292
506 971293
507 971293
508 971293
510 971294
510 971294
508 971294
506 971295
509 971295
509 971296
508 971296
506 971296
506 971297
507 971297
508 971298
507 971310
510 971311
508 971318
509 971328
508 971338
505 971355
509 971357
509 971398
506 971398
508 971399
509 971400
510 971407
508 971417
509 971437
507 971448
506 971458
509 971468
509 971478
510 971488
508 971603
506 971603
508 971604
509 971605
506 971605
508 971606
508 971606
508 971606
507 971607
508 971607
509 971609
507 971611
510 971617
510 971627
505 971638
511 971648
505 971657
505 971668
510 971785
505 971786
508 971786
510 971787
508 971787
507 971787
507 971788
506 971788
507 971789
509 971789
509 971789
514 971791
511 971802
507 971808
505 971830
507 971831
512 971838
502 971848
507 971858
505 971868
508 971877
514 971888
507 971897
505 971907
507 971923
506 971929
507 971937
503 971947
507 971957
510 971967
506 971977
511 971987
504 971997
508 972008
508 972024
506 972027
513 972109
503 972109
509 972110
512 972111
510 972111
508 972112
506 972112
510 972113
509 972117
507 972127
508 972137
506 972157
508 972168
509 972177
505 972187
509 972197
505 972207
508 972217
509 972228
509 972239
507 972298
507 972298
508 972299
506 972299
508 972302
509 972302
509 972400
508 972400
508 972401
509 972401
509 972402
511 972402
505 972403
506 972403
507 972505
508 972505
510 972506
508 972506
510 972506
510 972507
510 972507
508 972508
507 972508
508 972508
508 972509
508 972523
508 972523
509 972528
509 972528
509 972537
509 973087
506 973088
508 973088
508 973089
507 973089
508 973090
509 973090
506 973090
509 973091
508 973091
508 973092
506 973092
508 973092
508 973093
509 973093
508 973094
507 973094
507 973094
509 973095
508 973095
507 973095
509 973096
507 973096
508 973097
510 973097
507 973097
509 973098
509 973098
508 973099
507 973099
508 973100
505 973100
510 973101
507 973101
508 973101
507 973102
507 973102
507 973103
507 973103
507 973104
506 973104
507 973105
508 973105
507 973106
510 973106
509 973107
509 973107
507 973107
507 973108
508 973108
508 973109
509 973109
507 973110
507 973110
512 973126
509 973126
507 973127
508 973127
507 973139
508 973206
508 973206
509 973207
509 973207
508 973208
508 973208
506 973211
509 973411
508 973411
510 973412
501 973412
507 973413
509 973413
509 973414
509 973414
508 973414
507 973415
506 973415
508 973415
506 973416
509 973416
509 973416
508 973417
508 973417
506 973417
506 973418
509 973420
509 973420
508 973488
510 973488
508 973489
509 973489
509 973489
507 973490
506 973490
507 973497
508 973600
509 973600
509 973601
507 973601
509 973602
510 973602
507 973603
507 973603
508 973604
508 973623
509 973625
507 973627
509 973629
508 973807
510 973807
508 973808
507 973808
507 973809
510 973810
506 973810
509 973811
508 973811
507 973812
510 973812
509 973813
507 973813
506 973813
508 973814
507 973814
508 973814
508 973817
509 973905
509 973910
509 973910
507 973911
508 973911
506 973911
508 973912
508 973912
509 973920
508 973920
508 973927
510 973939
507 973957
507 973958
508 973968
506 973978
509 973988
507 973998
508 974008
509 974030
510 974030
507 974038
507 974048
506 974058
507 974068
507 974078
508 974088
508 974098
509 974108
510 974130
508 974130
507 974137
507 974148
508 974158
508 974167
507 974178
509 974201
508 974201
509 974208
509 974217
508 974227
506 974237
508 974247
508 974257
507 974267
507 974277
508 974287
508 974301
509 974307
507 974330
506 974330
508 974338
508 974348
507 974358
507 974368
508 974378
506 974388
508 974408
508 974419
507 974429
508 974438
508 974448
508 974458
508 974468
508 974478
509 974500
508 974500
507 974507
506 974518
506 974532
508 974544
508 974547
507 974557
508 974567
508 974577
509 974588
507 974603
507 974607
506 974630
507 974630
507 974637
508 974647
506 974657
508 974667
509 974690
506 974690
506 974698
507 974708
508 974718
509 974731
509 974738
507 974748
508 974758
510 974768
508 974778
507 974788
506 974798
508 974808
507 974818
506 974828
507 974838
508 974848
511 974858
510 974868
506 974878
506 974888
507 974898
506 974908
509 974917
508 974928
509 974937
508 974947
508 974957
508 974968
506 974977
507 974987
506 974997
507 975007
508 975024
507 975026
508 975063
510 975064
507 975064
507 975067
508 975084
508 975087
509 975803
509 975803
507 975804
507 975804
509 975805
507 975805
506 975806
507 975806
508 975807
508 975807
509 975808
507 975808
508 975809
509 975809
507 975809
506 975810
507 975811
507 975811
507 975811
507 975812
509 975812
508 975813
509 975813
508 975814
507 975814
507 975815
508 975815
508 975816
509 975816
510 975816
510 975817
507 975817
509 975818
508 975818
507 975819
510 975819
507 975820
508 975820
508 975820
507 975821
509 975821
508 975821
509 975822
507 975822
510 975823
507 975823
508 975823
508 975824
511 975824
507 975825
509 975825
504 975825
507 975826
508 975826
506 975826
507 975827
508 975827
509 975828
508 975828
509 975829
507 975829
508 975830
507 975830
506 975831
509 975831
507 975832
507 975832
508 975833
508 975833
506 975834
507 975836
508 975836
508 975837
508 975839
508 975848
506 975858
509 975868
509 975878
508 975898
506 975908
508 975924
507 975928
509 976009
508 976009
508 976010
509 976011
510 976011
508 976014
507 976014
507 976015
508 976018
508 976190
507 976190
508 976191
508 976191
510 976192
509 976192
508 976192
508 976193
509 976193
507 976193
507 976194
508 976219
508 976220
509 976220
510 976221
507 976221
507 976221
508 976224
509 976224
508 976225
508 976227
509 976238
508 976248
508 976258
508 976280
507 976280
507 976288
507 976298
507 976308
508 976318
508 976328
508 976350
509 976350
507 976358
506 976368
507 976378
507 976388
508 976408
507 976408
509 976417
508 976427
509 976437
508 976447
506 976470
508 976470
509 976477
508 976487
508 976497
508 976507
508 976518
509 976529
509 976538
506 976548
506 976558
508 976568
508 976578
507 976588
509 976598
508 976608
508 976628
509 976638
506 976650
508 976668
507 976668
507 976688
509 976688
507 976706
507 976708
508 976718
509 976740
508 976740
508 976748
508 976758
508 976767
508 976790
508 976791
508 976810
508 976810
508 976817
507 976827
507 976837
508 976847
507 976857
509 976867
508 976877
509 976887
509 976911
509 976911
509 976918
507 976928
507 976950
507 976951
507 976970
508 976970
507 976978
509 976988
510 976998
508 977008
508 977018
507 977028
508 977038
507 977048
508 977058
508 977068
510 977078
509 977088
507 977098
506 977120
507 977120
508 977127
509 977142
508 977165
508 977170
507 977170
510 977177
507 977187
507 977210
507 977210
507 977217
508 977227
507 977237
508 977247
508 977257
508 977268
508 977278
507 977301
508 977311
508 977311
509 977318
507 977328
507 977338
507 977348
507 977368
508 977378
507 977388
507 977398
506 977505
507 977505
508 977506
508 977506
510 977507
508 977507
508 977508
506 977508
506 977508
507 977509
509 977511
509 977607
507 977607
508 977608
509 977608
510 977609
509 977609
510 977610
508 977610
509 977611
505 977611
506 977617
508 977788
509 977788
510 977789
507 977789
508 977790
507 977790
511 977791
509 977791
507 977791
509 977792
508 977792
508 977792
510 977793
506 977793
509 977794
504 977794
505 977794
505 977810
506 977810
511 977818
505 977828
508 977850
509 977850
508 977872
505 977873
508 977876
510 977900
507 977910
508 977910
508 977930
509 977930
508 977937
508 977947
509 977957
507 977967
508 977978
508 977987
508 977997
508 978106
508 978106
507 978107
506 978108
507 978108
505 978109
508 978109
507 978109
509 978110
509 978110
506 978130
508 978130
507 978138
508 978160
507 978160
508 978168
507 978178
508 978188
509 978197
510 978207
508 978233
507 978233
508 978237
507 978247
510 978257
508 978268
509 978278
509 978288
508 978298
510 978308
508 978320
507 978327
508 978338
508 978347
507 978370
508 978370
507 978377
509 978387
508 978397
508 978407
506 978417
508 978427
509 978437
508 978447
508 978457
508 978467
508 978477
508 978487
508 978497
507 978535
507 978536
508 978538
507 978538
508 979189
508 979190
507 979194
509 979194
506 979194
506 979195
506 979195
507 979195
508 979196
508 979196
508 979197
507 979197
511 979197
507 979198
504 979198
507 979199
508 979199
508 979200
507 979200
507 979201
508 979201
509 979201
507 979202
506 979202
507 979202
507 979203
509 979203
508 979204
509 979204
508 979204
509 979205
508 979205
505 979205
507 979206
508 979206
507 979207
508 979207
508 979208
508 979208
510 979209
511 979209
510 979210
507 979210
507 979210
510 979211
508 979212
506 979212
507 979213
506 979213
514 979213
510 979214
508 979214
508 979215
509 979215
512 979215
513 979216
507 979216
505 979217
508 979217
506 979217
508 979218
505 979218
507 979218
505 979219
506 979222
506 979222
507 979223
508 979235
510 979237
508 979250
508 979257
507 979268
506 979278
507 979287
507 979297
508 979307
509 979317
509 979327
507 979337
506 979370
508 979370
507 979371
507 979404
509 979404
509 979405
506 979407
509 979609
507 979609
507 979610
509 979610
508 979610
509 979611
507 979611
508 979611
505 979612
506 979612
506 979612
508 979613
509 979613
506 979613
505 979614
507 979614
507 979614
509 979615
508 979616
507 979616
507 979789
508 979790
505 979790
508 979791
508 979791
510 979791
509 979792
509 979792
507 979792
507 979793
507 979793
510 979793
506 979794
509 979794
508 979794
507 979795
509 979795
510 979797
507 979806
507 979824
509 979826
507 979901
508 979936
507 979936
510 979937
510 979937
509 979938
506 979938
508 979941
507 979941
508 979942
507 979942
508 979947
508 979958
510 979983
508 979990
508 979990
506 979998
509 980008
507 980018
507 980027
508 980037
508 980047
509 980057
508 980067
508 980081
507 980087
514 980097
512 980107
505 980128
492 980128
520 980137
510 980147
511 980157
515 980167
503 980177
510 980187
507 980207
506 980220
509 980220
503 980236
511 980236
510 980247
507 980257
506 980279
509 980279
505 980288
510 980298
511 980320
507 980320
507 980338
510 980347
509 980358
506 980368
507 980380
506 980388
508 980397
508 980407
508 980417
508 980427
510 980438
509 980447
505 980457
508 980480
508 980480
507 980488
509 980510
508 980510
508 980530
509 980530
508 980537
508 980560
508 980560
508 980580
508 980598
508 980601
507 980601
508 980615
508 980643
509 980644
507 980649
508 980649
508 980657
508 980668
508 980678
508 980702
508 980703
507 980720
509 980720
507 980728
506 980738
508 980748
504 980770
508 980770
507 980778
509 980787
508 980797
511 980820
507 980820
514 980840
505 980840
507 980849
503 980857
511 980867
512 980877
510 980887
507 980906
505 980906
506 980917
507 980927
508 980948
508 980960
507 980960
507 980979
507 980979
508 980987
508 980997
508 981022
508 981022
508 981040
506 981040
508 981049
513 981058
528 981090
510 981090
503 981110
508 981110
510 981118
510 981128
508 981164
509 981164
510 981167
507 981413
510 981414
507 981415
507 981415
506 981416
506 981416
508 981417
507 981417
509 981418
509 981418
508 981419
509 981420
507 981420
507 981421
508 981421
507 981421
507 981422
508 981422
506 981423
507 981423
508 981424
508 981424
509 981425
508 981525
508 981526
505 981526
509 981527
510 981527
506 981528
511 981528
507 981528
505 981529
508 981529
507 981530
509 981530
510 981531
507 981553
508 981556
507 981558
508 981559
507 981567
507 981577
507 981587
507 981597
507 981607
510 981617
510 981637
510 981638
508 981705
508 981706
508 981706
507 981707
506 981707
508 981708
508 981710
508 981911
507 981959
508 981959
509 981960
509 981960
508 981961
507 981961
508 981962
508 981962
509 981963
508 981963
509 981964
507 981964
507 981964
509 981965
506 981965
508 981965
509 981966
508 981966
508 981968
510 981968
506 981969
506 981969
508 981969
507 982014
509 982015
507 982015
507 982016
508 982016
508 982018
508 982093
507 982093
507 982094
507 982094
508 982095
507 982095
507 982113
508 982117
509 982118
507 982120
508 982203
508 982203
507 982204
508 982204
508 982205
507 982205
507 982206
510 982305
507 982306
508 982307
508 982307
508 982308
506 982308
508 982309
508 982309
507 982310
508 982310
509 982313
507 982320
508 982320
508 982327
510 982337
509 982359
508 982360
507 982367
510 982377
507 982387
507 982511
508 982512
510 982512
509 982513
506 982513
510 982514
509 982514
510 982515
508 982515
508 982516
507 982516
508 982518
508 982691
509 982692
510 982692
508 982693
509 982693
509 982693
508 982694
506 982694
508 982695
507 982695
510 982695
509 982696
508 982696
508 982697
509 982697
507 982697
505 982698
505 982700
507 982708
508 982725
508 982726
509 982737
508 982760
512 982760
507 982767
506 982810
511 982811
509 982839
507 982839
506 982842
510 982843
509 982843
510 982846
507 982858
508 982880
509 982880
508 982901
508 982901
507 982907
507 982917
506 982953
508 982955
509 982955
505 982977
508 982977
507 982978
507 982987
504 982997
508 983020
512 983020
505 983031
510 983049
507 983049
506 983057
508 983067
506 983107
509 983127
508 983127
507 983135
506 983135
507 983138
510 983187
508 983187
509 983190
509 983190
508 983208
508 983224
508 983226
508 983228
510 983228
508 983303
507 983303
509 983304
506 983305
508 983305
505 983306
507 983306
507 983307
510 983317
509 983340
508 983340
508 983347
508 983357
507 983367
507 983389
509 983389
508 983409
510 983409
507 983429
508 983429
508 983462
508 983463
509 983465
509 983509
507 983509
507 983510
508 983510
508 983513
507 983714
508 983714
510 983715
512 983716
508 983716
508 983717
508 983717
508 983718
507 983718
508 983719
506 983721
507 983722
507 983722
509 983722
505 983723
511 983723
507 983723
508 983724
507 983724
507 983724
507 983727
509 983791
509 983791
508 983792
507 983792
507 983792
510 983793
507 983810
507 983810
507 983829
509 983829
508 983847
507 983874
508 983877
508 983879
510 983880
511 983881
506 983888
507 983899
508 983920
511 983920
508 983940
509 983940
509 983948
509 983968
509 983990
506 983990
507 984023
509 984025
509 984025
508 984053
509 984074
509 984080
509 984080
508 984081
509 984083
507 984096
508 984128
508 984190
509 984191
508 984192
508 984194
507 984194
508 984605
508 984606
509 984606
508 984607
507 984607
507 984607
508 984608
507 984608
509 984609
510 984609
507 984609
511 984610
507 984610
506 984610
509 984611
506 984611
507 984611
511 984612
512 984612
504 984612
504 984613
509 984613
507 984613
508 984614
508 984614
506 984614
505 984615
511 984615
508 984615
498 984616
511 984616
508 984616
516 984617
504 984617
514 984699
506 984700
506 984702
507 984702
511 984709
505 984710
507 984710
509 984710
513 984711
510 984711
506 984713
507 984714
509 984718
507 984718
507 984736
504 984737
512 984737
533 984738
501 984738
510 984740
506 984741
509 984760
508 984760
509 984778
510 984789
507 984790
506 984797
511 984819
507 984820
509 984827
507 984837
508 984879
506 984880
508 984880
509 984910
508 984911
508 984911
507 984933
508 984935
505 984935
507 984948
506 984951
508 985007
511 985008
503 985009
513 985009
506 985010
507 985048
507 985053
506 985055
511 985056
510 985056
508 985110
502 985111
510 985111
506 985112
510 985123
515 985213
507 985213
505 985214
511 985214
510 985215
505 985215
506 985216
502 985217
499 985217
505 985218
508 985219
508 985221
502 985291
504 985292
511 985292
513 985293
508 985293
505 985293
504 985294
507 985296
510 985308
504 985317
514 985327
500 985337
506 985347
513 985357
501 985367
509 985377
508 985387
508 985397
505 985420
511 985457
510 985458
500 985459
509 985461
510 985461
510 985467
505 985490
512 985490
500 985508
508 985520
507 985521
507 985537
510 985547
506 985557
509 985567
504 985577
506 985587
508 985597
506 985638
506 985657
511 985657
510 985658
508 985660
507 985672
505 985672
508 985683
508 985686
507 985698
508 985707
511 985720
507 985727
507 985762
506 985762
507 985768
509 985768
506 985778
507 985788
510 985798
509 985808
505 985818
509 985827
507 985838
500 985847
511 985857
507 985867
508 985877
506 985887
510 985897
506 985908
509 985917
505 985940
511 985941
510 985953
499 985971
514 985971
516 985990
502 985990
510 985997
505 986015
503 986017
506 986025
507 986037
511 986047
510 986057
502 986067
512 986077
504 986087
509 986097
505 986107
513 986130
504 986130
509 986211
509 986211
508 986212
509 986212
514 986213
506 986213
514 986214
507 986214
511 986217
507 986391
509 986391
507 986392
504 986392
509 986393
505 986393
505 986394
509 986394
506 986395
517 986395
510 986396
506 986396
511 986397
507 986397
511 986397
509 986398
508 986400
507 986408
508 986425
508 986426
507 986437
507 986447
507 986457
508 986479
508 986479
506 986487
507 986497
507 986507
506 986518
507 986540
507 986540
509 986556
507 986558
510 986711
511 986711
509 986712
506 986712
514 986713
506 986713
510 986714
508 986714
509 986715
510 986715
507 986716
505 986716
506 986716
508 986717
509 986717
506 986720
508 986994
509 986994
485 986995
509 986996
506 986996
509 986997
506 986997
507 986998
508 986998
505 986999
510 986999
509 987000
498 987000
509 987001
506 987001
502 987002
506 987002
513 987003
508 987003
511 987004
507 987004
508 987004
509 987005
509 987005
508 987006
507 987012
509 987014
508 987016
506 987098
507 987137
508 987157
509 987240
505 987240
509 987309
506 987309
508 987310
508 987312
508 987810
510 987811
509 987811
507 987811
508 987812
509 987813
506 987813
510 987814
506 987814
509 987815
509 987815
509 987816
508 987817
509 987817
506 987818
509 987818
509 987818
505 987819
506 987819
510 987820
511 987820
510 987821
506 987821
508 987822
508 987822
506 987823
511 987823
510 987823
505 987824
508 987824
508 987824
506 987825
503 987825
512 987825
509 987826
509 987826
508 987826
507 987827
510 987827
510 987827
511 987828
514 987828
503 987828
506 987829
510 987829
504 987829
508 987830
510 987830
510 987830
512 987831
507 987831
505 987831
501 987832
508 987834
509 987834
509 987836
510 987848
508 987858
509 987893
507 987898
508 987898
506 987899
506 987907
512 987917
510 987928
507 987951
504 987951
510 987957
509 988005
510 988005
509 988006
507 988006
504 988009
510 988210
506 988210
509 988211
510 988211
507 988212
508 988212
503 988213
511 988213
508 988213
507 988214
507 988214
506 988215
507 988215
508 988215
507 988216
502 988216
510 988216
507 988217
510 988217
506 988219
508 988219
509 988313
509 988313
509 988314
510 988314
504 988315
503 988315
511 988316
509 988316
509 988317
509 988415
512 988415
507 988416
504 988416
499 988417
513 988418
505 988418
509 988419
504 988419
509 988420
507 988422
503 988606
511 988606
505 988607
512 988608
511 988608
509 988609
511 988609
510 988610
510 988610
506 988611
507 988611
511 988612
510 988612
507 988613
510 988613
507 988613
508 988621
505 988621
511 988630
508 988632
509 988661
510 988661
508 988670
506 988670
512 988689
506 988700
508 988700
502 988810
508 988810
508 988811
507 988811
511 988812
509 988849
507 988849
508 988850
507 988852
511 988852
507 988854
507 988856
508 988856
508 989013
509 989013
508 989014
506 989014
507 989015
512 989015
509 989016
506 989016
510 989017
502 989017
512 989018
515 989018
516 989018
502 989019
510 989019
514 989019
502 989020
512 989020
509 989022
509 989217
503 989217
508 989218
509 989218
512 989219
499 989219
496 989221
508 989222
510 989222
508 989222
512 989223
505 989223
512 989224
512 989224
514 989224
506 989225
509 989265
506 989265
506 989268
505 989268
507 989268
507 989271
508 989271
511 989279
505 989279
504 989299
507 989299
510 989307
502 989317
514 989327
508 989337
512 989508
507 989509
507 989510
518 989510
504 989511
510 989511
516 989511
503 989512
511 989512
509 989513
500 989513
503 989515
505 989515
507 989516
506 989516
511 989516
505 989517
508 989526
508 989527
507 989552
511 989553
506 989564
507 989567
505 989577
510 989587
503 989597
506 989619
511 989619
519 989627
510 989650
509 989651
502 989657
502 989699
521 989699
489 989700
506 989700
505 989707
509 989717
504 989734
516 989738
506 989747
510 989757
499 989767
511 989777
508 989800
507 989800
505 989816
507 989817
507 989840
507 989840
509 989847
507 989857
508 989867
508 989877
509 989887
507 989897
507 989907
507 989920
504 990007
510 990007
508 990008
509 990008
509 990009
508 990009
510 990010
511 990010
507 990017
507 990027
508 990037
510 990047
509 990069
509 990069
509 990077
508 990087
509 990111
506 990111
506 990128
508 990128
507 990213
506 990213
508 990214
509 990215
510 990216
508 990216
506 990217
507 990217
507 990220
507 990417
509 990417
508 990418
509 990418
508 990419
510 990419
510 990420
507 990420
505 990421
507 990421
509 990421
507 990422
506 990422
507 990423
508 990423
509 990423
516 990424
504 990424
505 990425
506 990607
508 990607
509 990608
507 990608
508 990609
508 990611
508 990611
508 990612
508 990612
509 990613
507 990613
510 990614
506 990614
508 990615
507 990615
508 990616
508 990616
510 990616
507 990617
508 990617
507 990619
506 990811
509 990811
510 990812
510 990812
506 990813
507 990813
506 990814
510 990814
509 990815
509 990815
510 990815
510 990816
508 990816
505 990817
507 990817
508 990817
507 990818
508 990818
509 990820
511 990914
510 990914
513 990915
509 990915
510 990916
515 990916
507 990917
502 990918
510 990918
511 990921
507 991309
508 991309
517 991310
511 991310
509 991311
511 991311
516 991312
507 991312
504 991313
512 991313
502 991314
510 991314
505 991314
505 991315
511 991315
520 991315
510 991316
509 991316
515 991316
511 991317
497 991317
497 991317
507 991318
513 991318
512 991318
526 991319
510 991319
514 991319
508 991320
497 991320
499 991320
487 991321
528 991321
518 991321
501 991322
503 991322
505 991322
529 991325
519 991913
512 991913
505 991914
515 991914
503 991915
514 991915
521 991915
505 991916
510 991916
486 991917
497 991917
516 991917
519 991918
514 991918
506 991919
508 991919
505 991919
512 991920
518 991920
512 991920
507 991921
509 991921
508 991921
508 991922
506 991922
510 991922
508 991923
508 991923
506 991924
509 991924
509 991924
503 991925
507 991925
509 991925
507 991926
506 991926
509 991927
506 991927
505 991927
506 991928
509 991928
508 991929
507 991929
509 991929
507 991930
508 991930
508 991930
506 991931
508 991931
508 991932
507 991932
508 991932
508 991933
509 991933
509 991933
509 991934
507 991934
508 991935
505 991935
509 991935
504 991938
510 991938
510 991940
508 991947
507 991957
506 991967
506 991977
511 991988
509 991998
510 992007
505 992018
508 992027
509 992037
509 992047
503 992057
508 992067
506 992077
508 992087
508 992097
507 992119
508 992120
507 992130
509 992137
509 992157
508 992157
509 992167
505 992177
505 992187
504 992197
507 992216
509 992227
509 992243
506 992269
505 992270
507 992279
509 992280
508 992287
507 992297
506 992333
507 992337
513 992337
507 992339
507 992516
506 992517
507 992517
506 992518
509 992518
507 992519
510 992519
510 992520
507 992520
508 992521
508 992521
507 992524
508 992524
507 992525
509 992525
508 992526
508 992526
509 992526
508 992528
507 992698
507 992698
506 992699
508 992699
507 992700
509 992700
508 992700
509 992701
507 992701
507 992702
506 992702
508 992702
509 992703
507 992703
506 992703
508 992704
509 992704
507 992706
506 993410
506 993410
507 993411
509 993411
508 993412
507 993412
507 993413
508 993413
507 993414
506 993415
505 993415
510 993416
505 993416
509 993416
507 993417
509 993417
507 993418
508 993418
507 993418
507 993419
507 993419
507 993420
508 993420
507 993420
511 993421
510 993421
508 993422
511 993422
510 993422
504 993423
515 993423
503 993423
508 993424
507 993424
509 993424
510 993425
508 993425
499 993426
519 993426
511 993427
513 993427
512 993427
511 993428
517 993428
519 993429
513 993429
516 993430
502 993430
510 993430
513 993431
511 993431
509 993431
508 993432
507 993432
509 993432
507 993433
509 993433
507 993434
508 993435
506 993435
507 993435
498 993436
511 993436
502 993436
509 993437
505 993437
505 993438
508 993438
510 993440
512 993440
506 993441
506 993441
510 993513
508 993513
515 993514
515 993514
513 993515
510 993516
509 993516
506 993518
508 993719
507 993719
506 993720
510 993720
507 993721
504 993721
507 993722
509 993722
507 993723
505 993723
512 993723
510 993724
507 993724
513 993724
510 993725
510 993725
509 993725
509 993726
510 993726
510 993728
506 993796
506 993796
510 993797
507 993797
506 993798
510 993798
509 993798
506 993831
509 993831
505 993832
507 993837
508 993848
507 993857
509 993867
507 993877
508 993887
509 993909
508 993909
507 993929
506 993929
508 993937
507 993947
506 993957
509 993967
507 993978
509 993987
507 993998
508 994008
505 994017
508 994028
509 994038
508 994048
508 994058
508 994067
508 994077
509 994087
509 994105
508 994107
507 994142
507 994147
506 994147
508 994150
507 994207
510 994207
508 994208
506 994208
506 994209
508 994209
509 994217
508 994235
506 994237
509 994245
511 994257
509 994267
510 994278
507 994299
507 994299
507 994310
507 994317
508 994327
508 994352
508 994352
509 994355
508 994371
508 994400
505 994401
508 994401
507 994473
507 994474
506 994476
508 994476
510 994477
509 994477
506 994497
508 994523
509 994524
509 994524
505 994525
510 994527
509 994616
509 994616
510 994617
510 994617
506 994618
506 994618
505 994619
505 994619
506 994620
507 994627
508 994637
509 994647
508 994657
506 994666
507 994677
507 994687
509 994697
508 994719
509 994719
506 994735
510 994736
508 994797
507 994797
508 994798
507 994798
508 994799
509 994799
508 994807
506 994817
509 994840
510 994840
509 994857
509 994857
508 994868
503 994877
511 994887
509 994897
510 994923
507 994924
509 994941
509 994949
508 994950
510 994957
506 994972
505 995012
507 995012
512 995013
510 995014
505 995016
506 995201
505 995201
512 995202
507 995203
507 995203
507 995203
509 995204
504 995204
511 995205
511 995205
504 995206
505 995206
504 995207
509 995207
508 995208
506 995208
508 995209
512 995211
514 995411
512 995411
509 995412
508 995412
509 995413
511 995413
505 995414
505 995414
508 995415
507 995415
505 995416
509 995416
510 995416
506 995417
510 995417
509 995418
509 995418
512 995418
507 995419
509 995421
503 995421
508 995514
509 995514
507 995515
507 995515
506 995516
506 995516
507 995517
510 995517
505 995518
505 995519
507 995616
508 995616
506 995617
507 995617
509 995618
507 995618
506 995619
508 995620
504 995620
512 995621
507 995627
507 995649
506 995650
511 995669
506 995670
507 995690
506 995690
508 995709
508 995712
510 995730
506 995730
507 995749
509 995750
509 995769
507 995770
507 995789
507 995789
509 995806
507 995806
509 995817
510 995827
508 995849
511 995850
506 995857
506 995867
506 995887
508 995897
505 995919
508 995920
507 995927
510 995942
506 995959
505 995977
508 995979
510 995980
517 996011
505 996012
511 996012
509 996017
512 996027
509 996037
508 996059
506 996060
506 996113
513 996114
511 996115
509 996115
506 996116
502 996118
513 996217
508 996218
512 996218
503 996219
508 996219
509 996220
509 996220
506 996221
506 996221
509 996222
509 996228
508 996237
507 996247
507 996257
507 996267
509 996277
509 996287
508 996297
508 996330
510 996330
506 996339
508 996340
506 996355
506 996358
508 996399
508 996399
507 996400
509 996400
508 996407
509 996417
508 996427
507 996437
508 996447
508 996482
504 996486
506 996487
509 996493
511 996503
506 996519
507 996519
508 996529
505 996696
509 996697
507 996697
507 996698
508 996698
508 996699
507 996699
509 996700
508 996700
504 996701
496 996701
508 996701
511 996702
509 996702
514 996703
506 996703
513 996705
506 996809
508 996809
512 996810
502 996811
507 996811
506 996811
507 996812
508 996812
509 996813
508 996814
506 996819
506 997117
507 997117
508 997118
509 997119
508 997119
509 997120
507 997120
506 997121
508 997121
507 997122
509 997122
508 997123
507 997123
509 997124
510 997124
512 997125
507 997125
506 997126
510 997126
502 997127
504 997127
509 997127
512 997128
512 997128
505 997129
508 997129
507 997130
509 997132
508 997133
513 997136
510 997136
507 997136
509 997219
508 997219
508 997220
507 997220
507 997221
506 997221
508 997222
506 997222
507 997321
507 997321
507 997322
507 997322
505 997323
515 997323
507 997324
509 997324
509 997324
507 997329
508 997329
505 997337
507 997359
506 997359
506 997367
509 997377
506 997399
510 997400
508 997416
508 997426
509 997437
508 997447
506 997457
506 997467
506 997477
507 997500
511 997500
510 997521
503 997521
507 997527
508 997537
506 997547
507 997557
507 997567
507 997577
509 997587
507 997597
507 997618
510 997630
509 997630
508 997641
508 997647
510 997714
509 997721
508 997721
512 997722
508 997722
514 997723
508 997725
508 997727
508 997737
510 997747
508 997757
510 997767
509 997777
508 997919
507 997919
510 997920
506 997921
505 997921
508 997922
509 997922
508 997923
505 997923
508 997924
508 997925
509 997925
509 997926
505 997926
508 997929
506 998021
508 998021
511 998022
508 998056
508 998057
510 998057
507 998058
507 998058
508 998059
501 998061
508 998061
513 998062
506 998062
510 998066
509 998077
509 998087
505 998097
508 998107
508 998117
508 998127
508 998137
507 998156
508 998179
510 998179
509 998199
507 998200
508 998238
509 998238
510 998239
507 998239
509 998247
508 998257
510 998267
509 998277
507 998287
505 998297
509 998307
507 998317
507 998327
509 998340
507 998347
509 998358
508 998367
507 998377
507 998387
508 998397
506 998407
509 998417
506 998427
506 998437
510 998453
510 998457
507 998479
504 998480
510 998486
502 998497
510 998506
509 998529
506 998530
508 998537
509 998547
506 998557
506 998567
511 998583
506 998591
506 998659
505 998660
508 998660
511 998661
509 998661
504 998661
511 998662
510 998666
506 998689
507 998690
507 998696
509 998719
509 998720
510 998739
508 998740
506 998748
508 998757
508 998779
506 998780
508 998787
511 998797
511 998807
505 998817
511 998827
504 998838
510 998847
508 998867
508 998877
508 998886
510 998897
508 998920
508 998920
506 998927
506 998937
507 998947
509 998957
507 998967
509 998989
506 998989
507 998996
508 999007
510 999026
510 999027
507 999037
508 999048
506 999058
510 999079
511 999079
507 999087
509 999097
509 999107
509 999129
505 999130
505 999137
509 999147
508 999157
513 999169
509 999178
512 999187
508 999202
504 999207
506 999217
508 999227
509 999237
508 999247
507 999256
508 999266
506 999289
510 999290
505 999297
505 999338
501 999339
507 999339
508 999340
510 999347
513 999357
507 999367
509 999377
509 999387
507 999397
506 999407
506 999417
511 999439
507 999440
509 999446
509 999460
509 999467
509 999477
509 999487
508 999497
508 999507
507 999517
510 999527
508 999537
508 999567
506 999567
510 999568
511 999619
509 999619
506 999620
506 999620
510 999630
508 999630
510 999637
508 999657
508 999667
507 999677
506 999687
507 999697
506 999707
508 999730
508 999730
508 999737
508 999747
507 999757
508 999767
512 999777
505 999787
506 999799
505 999819
510 999819
507 999827
513 999837
506 999847
508 999857
509 999867
501 999877
512 999887
508 999896
509 999910
507 999933
502 999933
518 999936
507 999946
511 999956
505 999992
507 999996
509 999996
506 999998
512 1000199
505 1000199
498 1000200
510 1000200
510 1000201
511 1000201
514 1000201
508 1000202
508 1000202
515 1000203
514 1000203
507 1000203
509 1000204
512 1000204
510 1000204
513 1000205
508 1000205
505 1000208
502 1000208
504 1000208
510 1000209
512 1001119
501 1001119
503 1001120
514 1001120
503 1001121
508 1001121
508 1001122
510 1001122
509 1001122
512 1001123
508 1001123
507 1001124
506 1001124
506 1001124
508 1001125
509 1001125
507 1001126
509 1001126
507 1001126
507 1001127
506 1001127
509 1001128
507 1001128
508 1001129
513 1001131
508 1001131
504 1001132
509 1001132
505 1001133
495 1001133
517 1001134
517 1001134
514 1001135
510 1001135
493 1001135
516 1001136
509 1001136
499 1001137
506 1001137
508 1001137
495 1001138
493 1001138
516 1001138
501 1001139
501 1001139
508 1001139
511 1001140
511 1001140
508 1001140
506 1001141
508 1001141
506 1001141
512 1001142
511 1001142
506 1001142
507 1001143
507 1001143
506 1001143
508 1001144
508 1001144
505 1001145
509 1001145
509 1001145
508 1001146
509 1001146
509 1001146
506 1001147
508 1001147
507 1001147
508 1001148
508 1001148
508 1001148
509 1001149
510 1001149
508 1001150
505 1001150
508 1001150
509 1001151
508 1001151
508 1001151
509 1001152
510 1001152
509 1001152
508 1001155
508 1001155
506 1001300
509 1001300
507 1001301
509 1001301
508 1001302
509 1001302
507 1001302
510 1001303
506 1001305
507 1001307
507 1001307
509 1001308
509 1001310
508 1001310
508 1001310
508 1001313
508 1001315
508 1001317
508 1001317
507 1001332
506 1001332
510 1001333
507 1001336
509 1001336
507 1001337
509 1001514
506 1001514
505 1001515
507 1001515
506 1001516
510 1001517
509 1001517
511 1001517
509 1001518
507 1001518
508 1001519
506 1001519
506 1001520
508 1001520
506 1001521
504 1001521
505 1001522
509 1001526
505 1001526
509 1001719
502 1001719
506 1001720
507 1001720
506 1001721
506 1001721
507 1001721
512 1001722
509 1001722
506 1001723
509 1001723
506 1001724
508 1001724
508 1001724
508 1001725
508 1001725
508 1001725
507 1001726
509 1001726
507 1001739
508 1001739
507 1001747
505 1001757
511 1001766
506 1001776
509 1001786
512 1001809
510 1001809
512 1001816
521 1001826
510 1001899
504 1001899
508 1001900
505 1001900
501 1001900
508 1001901
504 1001920
510 1001920
512 1001927
508 1001937
515 1001947
509 1001969
510 1001969
504 1001977
501 1001987
508 1001997
506 1002007
497 1002025
509 1002026
506 1002115
515 1002115
508 1002116
508 1002116
507 1002117
509 1002117
507 1002118
506 1002118
507 1002121
508 1002320
506 1002320
505 1002321
508 1002321
505 1002322
507 1002322
508 1002323
500 1002323
517 1002324
499 1002324
510 1002325
498 1002325
511 1002325
514 1002326
514 1002326
503 1002326
505 1002327
506 1002327
511 1002328
506 1002330
506 1002330
504 1002500
507 1002500
508 1002501
500 1002501
506 1002502
513 1002502
505 1002503
506 1002503
500 1002503
504 1002504
498 1002504
508 1002505
508 1002505
508 1002506
504 1002506
511 1002507
509 1002507
507 1002519
508 1002519
508 1002526
509 1002537
508 1002547
510 1002556
505 1002579
503 1002579
509 1002586
509 1002616
509 1002719
506 1002719
510 1002720
507 1002720
505 1002721
508 1002721
506 1002722
508 1002722
507 1002723
512 1002723
509 1002723
511 1002726
507 1002847
509 1002855
508 1002855
507 1002856
507 1002857
507 1002857
507 1002858
505 1002858
509 1002858
508 1002861
505 1002861
507 1002862
509 1002862
508 1002865
508 1002876
508 1002888
507 1002896
508 1002906
510 1002916
508 1002926
506 1002936
507 1002946
508 1002956
509 1002966
508 1002977
508 1002987
509 1003030
509 1003030
508 1003030
507 1003031
505 1003043
507 1003046
508 1003059
508 1003067
508 1003077
507 1003087
508 1003097
507 1003107
507 1003119
506 1003127
508 1003153
509 1003154
508 1003156
508 1003167
509 1003179
511 1003187
507 1003197
506 1003237
507 1003237
508 1003238
509 1003238
507 1003246
508 1003257
507 1003266
511 1003277
508 1003286
505 1003305
509 1003306
511 1003316
509 1003326
510 1003336
505 1003357
507 1003367
510 1003390
507 1003390
508 1003397
507 1003407
511 1003417
506 1003427
510 1003450
510 1003451
508 1003457
506 1003467
509 1003477
503 1003487
507 1003497
504 1003507
509 1003517
507 1003527
503 1003537
511 1003548
506 1003557
508 1003573
508 1003575
508 1003587
508 1003617
506 1003619
508 1003619
508 1003816
509 1003816
509 1003817
508 1003818
508 1003818
507 1003819
506 1003820
507 1003820
507 1003821
508 1003821
508 1003822
510 1003822
509 1003822
506 1003823
506 1003823
508 1003824
507 1003824
507 1003824
507 1003825
508 1003829
509 1003829
510 1003837
508 1003847
506 1003857
510 1003866
508 1003877
508 1003887
508 1003897
507 1003907
509 1004024
510 1004024
509 1004025
508 1004027
508 1004027
508 1004028
508 1004029
508 1004029
508 1004030
508 1004030
509 1004031
506 1004033
508 1004213
507 1004213
509 1004214
507 1004214
508 1004215
507 1004215
506 1004215
508 1004216
507 1004216
507 1004217
508 1004217
508 1004218
507 1004218
508 1004218
507 1004219
508 1004219
508 1004220
509 1004229
508 1004229
507 1004237
507 1004272
507 1004272
508 1004277
508 1004277
508 1004287
510 1004297
508 1004307
507 1004341
507 1004343
514 1004348
508 1004359
507 1004359
509 1004417
507 1004418
509 1004418
510 1004601
507 1004601
507 1004604
508 1004624
510 1004624
507 1004625
509 1004626
508 1004626
509 1004627
508 1004627
507 1004628
507 1004628
509 1004658
507 1004658
508 1004661
510 1004661
507 1004661
509 1004701
508 1004701
508 1004702
508 1004703
507 1004812
508 1004812
508 1004813
508 1004813
508 1004814
508 1004815
509 1004815
507 1004816
508 1004816
507 1004817
507 1004837
508 1004852
508 1004857
507 1004857
508 1004860
509 1005018
507 1005020
507 1005021
508 1005022
507 1005022
508 1005023
509 1005023
508 1005024
508 1005024
510 1005025
508 1005026
506 1005026
507 1005026
508 1005027
508 1005027
509 1005028
507 1005030
508 1005222
509 1005222
509 1005223
507 1005223
507 1005224
509 1005224
507 1005225
508 1005225
508 1005226
506 1005226
508 1005226
509 1005227
507 1005227
506 1005227
507 1005228
507 1005228
506 1005229
507 1005229
508 1005229
509 1005233
509 1005300
507 1005300
506 1005301
507 1005301
507 1005302
508 1005302
508 1005303
508 1005307
508 1005317
509 1005327
506 1005337
508 1005347
507 1005357
507 1005367
508 1005377
508 1005387
508 1005396
509 1005408
506 1005432
507 1005433
506 1005436
506 1005446
503 1005456
506 1005466
508 1005476
508 1005490
510 1005498
508 1005506
508 1005529
510 1005530
509 1005537
506 1005546
506 1005556
506 1005617
509 1005617
512 1005620
507 1005621
506 1005621
507 1005626
519 1005636
514 1005646
511 1005656
508 1005720
508 1005728
509 1005729
511 1005729
508 1005730
504 1005730
505 1005732
509 1005737
506 1005769
510 1005770
511 1005770
507 1005776
509 1005786
509 1005796
507 1005806
507 1005816
507 1005839
509 1005839
507 1005859
509 1005860
506 1005867
507 1005878
508 1005889
507 1005896
508 1005906
507 1005916
508 1005940
507 1005941
507 1005947
511 1005956
509 1005966
508 1005976
506 1005989
507 1005996
506 1006009
508 1006016
508 1006029
508 1006049
509 1006049
508 1006057
510 1006067
508 1006076
507 1006086
507 1006097
507 1006106
509 1006119
507 1006128
508 1006136
508 1006146
510 1006156
509 1006166
506 1006176
507 1006186
508 1006208
508 1006209
508 1006236
508 1006237
508 1006237
509 1006247
508 1006257
507 1006266
506 1006281
509 1006286
508 1006297
508 1006306
507 1006326
508 1006336
508 1006363
508 1006363
507 1006365
507 1006377
508 1006387
507 1006396
508 1006406
508 1006416
506 1006427
508 1006437
508 1006449
507 1006457
506 1006466
507 1006477
507 1006489
508 1006497
509 1006506
508 1006529
508 1006529
509 1006536
507 1006546
508 1006556
507 1006566
507 1006576
508 1006586
509 1006596
507 1006606
509 1006617
509 1006626
508 1006649
507 1006649
507 1006656
509 1006667
507 1006676
508 1006686
507 1006696
509 1006706
510 1006746
507 1006746
508 1006747
507 1006761
507 1006762
507 1006783
508 1006783
508 1006785
509 1006808
507 1006832
506 1006836
509 1006837
507 1006839
508 1007016
507 1007016
507 1007017
507 1007018
509 1007018
509 1007019
509 1007019
507 1007020
507 1007020
507 1007021
507 1007021
508 1007022
508 1007022
508 1007023
508 1007023
509 1007023
508 1007024
486 1007028
507 1007030
509 1007203
508 1007203
507 1007204
506 1007204
507 1007205
509 1007205
507 1007206
507 1007206
508 1007206
507 1007207
508 1007207
508 1007208
508 1007208
508 1007209
510 1007209
506 1007222
506 1007224
510 1007226
507 1007239
510 1007239
508 1007247
508 1007269
510 1007269
509 1007287
509 1007313
507 1007317
507 1007317
508 1007318
510 1007366
508 1007366
509 1007369
508 1007369
510 1007416
509 1007416
507 1007417
507 1007417
509 1007418
507 1007427
509 1007462
508 1007464
509 1007464
509 1007518
507 1007518
508 1007519
506 1007520
508 1007520
507 1007521
509 1007521
506 1007621
510 1007621
508 1007622
509 1007622
507 1007623
509 1007623
509 1007624
507 1007624
509 1007625
508 1007625
507 1007639
508 1007639
506 1007673
508 1007677
507 1007677
506 1007678
508 1007687
508 1007707
509 1007717
508 1007727
505 1007737
510 1007748
509 1007802
506 1007802
507 1007803
507 1007809
508 1007809
507 1007819
508 1007819
507 1007826
510 1007849
508 1007849
507 1007856
506 1007866
507 1007876
507 1007886
509 1007896
508 1007913
507 1007915
510 1008119
509 1008120
508 1008120
506 1008121
509 1008121
509 1008122
508 1008123
506 1008123
508 1008124
508 1008124
509 1008124
506 1008125
507 1008125
507 1008126
507 1008126
509 1008126
509 1008127
508 1008127
510 1008127
508 1008128
506 1008130
507 1008221
509 1008221
506 1008222
510 1008222
507 1008223
507 1008223
509 1008224
508 1008225
507 1008227
506 1008325
506 1008325
509 1008326
506 1008326
507 1008327
507 1008328
508 1008328
509 1008329
506 1008330
509 1008330
507 1008333
509 1008426
507 1008426
508 1008427
507 1008427
508 1008428
510 1008428
507 1008429
508 1008430
506 1008430
508 1008431
508 1008504
506 1008504
509 1008505
508 1008505
509 1008506
508 1008506
505 1008507
507 1008509
506 1008718
509 1008719
508 1008719
508 1008720
508 1008720
508 1008721
509 1008721
508 1008722
507 1008722
509 1008723
507 1008723
507 1008723
508 1008724
508 1008724
508 1008725
508 1008725
508 1008725
507 1008726
508 1008726
508 1008726
509 1008728
507 1008903
507 1008904
506 1008904
508 1008905
508 1008905
508 1008905
507 1008906
507 1008906
508 1008906
507 1008907
510 1008907
508 1008907
508 1008908
507 1008908
506 1008908
509 1008909
508 1008911
508 1008911
508 1008920
508 1008939
508 1008939
511 1008955
507 1008957
507 1009204
505 1009205
506 1009205
505 1009206
508 1009206
506 1009207
509 1009207
511 1009207
508 1009208
508 1009208
506 1009208
507 1009209
509 1009209
508 1009210
507 1009210
507 1009211
510 1009211
509 1009212
508 1009212
506 1009213
508 1009213
508 1009214
508 1009214
508 1009215
507 1009217
510 1009217
507 1009420
508 1009420
508 1009421
507 1009421
507 1009422
508 1009423
508 1009423
508 1009424
509 1009424
506 1009425
507 1009425
505 1009426
507 1009426
507 1009427
508 1009427
509 1009428
508 1009428
508 1009432
508 1009436
508 1009438
506 1009440
506 1009625
508 1009625
508 1009626
508 1009627
508 1009627
509 1009628
509 1009628
508 1009629
507 1009629
510 1009630
508 1009630
509 1009631
507 1009631
507 1009632
509 1009632
510 1009632
507 1009633
507 1009633
507 1009636
508 1009637
509 1009815
507 1009815
507 1009816
509 1009817
510 1009817
508 1009818
507 1009819
506 1009819
508 1009820
507 1009820
507 1009821
509 1009821
509 1009824
508 1009824
508 1009825
505 1009826
508 1009826
507 1009829
505 1009830
506 1010020
508 1010021
509 1010021
508 1010022
510 1010022
507 1010023
508 1010023
507 1010024
507 1010024
508 1010025
508 1010026
508 1010026
506 1010027
511 1010027
510 1010028
506 1010030
507 1010031
509 1010031
509 1010034
507 1010036
508 1010047
509 1010057
510 1010067
508 1010077
506 1010087
506 1010107
508 1010123
507 1010123
508 1010126
509 1010226
508 1010226
509 1010227
508 1010227
507 1010228
508 1010228
508 1010229
507 1010230
508 1010230
509 1010231
509 1010236
509 1010246
507 1010256
508 1010279
507 1010279
508 1010286
506 1010297
509 1010320
508 1010320
507 1010327
508 1010416
509 1010416
507 1010417
508 1010417
508 1010418
508 1010418
507 1010419
510 1010419
508 1010419
507 1010427
507 1010437
507 1010448
507 1010457
507 1010491
507 1010493
507 1010648
507 1010648
507 1010649
509 1010649
507 1010650
508 1010650
505 1010651
508 1010651
507 1010652
508 1010652
507 1010652
507 1010653
509 1010653
510 1010653
508 1010654
506 1010654
507 1010657
507 1010659
509 1010666
507 1010677
508 1010687
508 1010697
508 1010707
508 1010717
507 1010727
508 1010738
508 1010815
508 1010815
508 1010816
509 1010817
508 1010817
509 1010833
509 1010835
507 1010837
508 1010837
509 1010847
508 1010856
508 1010866
509 1010876
510 1010886
513 1010896
504 1010919
508 1010919
509 1010935
506 1010935
510 1011023
507 1011024
508 1011024
506 1011025
508 1011025
507 1011026
506 1011026
506 1011027
509 1011029
505 1011205
508 1011205
508 1011215
508 1011216
509 1011216
508 1011217
508 1011217
505 1011217
507 1011218
507 1011218
509 1011219
508 1011219
508 1011219
508 1011220
510 1011220
509 1011221
506 1011221
509 1011224
509 1011224
506 1011227
509 1011237
509 1011248
508 1011256
510 1011274
508 1011275
507 1011290
506 1011299
509 1011306
508 1011316
506 1011326
507 1011336
508 1011346
510 1011356
512 1011366
505 1011376
505 1011386
510 1011402
506 1011409
509 1011417
508 1011439
508 1011439
508 1011447
509 1011457
507 1011467
507 1011477
508 1011499
508 1011499
509 1011507
508 1011527
508 1011538
508 1011623
509 1011624
507 1011624
507 1011625
508 1011625
507 1011626
507 1011627
508 1011627
507 1011639
507 1011639
513 1011647
510 1011656
509 1011666
508 1011676
507 1011686
508 1011696
508 1011725
509 1011726
508 1011726
508 1011806
508 1011806
506 1011807
506 1011807
506 1011808
509 1011808
507 1011808
508 1011809
509 1011817
511 1011826
507 1011836
506 1011846
510 1011856
505 1011866
512 1011889
505 1011889
505 1011897
510 1011906
507 1012018
509 1012019
507 1012019
506 1012020
508 1012020
507 1012021
507 1012021
508 1012022
508 1012022
509 1012022
509 1012023
507 1012025
505 1012120
507 1012121
509 1012121
509 1012122
509 1012122
507 1012122
510 1012123
509 1012123
508 1012123
507 1012125
508 1012137
507 1012146
507 1012156
509 1012166
507 1012176
509 1012186
511 1012196
506 1012206
508 1012218
507 1012226
508 1012236
509 1012258
509 1012259
506 1012266
507 1012284
511 1012294
509 1012317
508 1012319
507 1012326
508 1012347
508 1012348
509 1012356
508 1012366
507 1012376
510 1012389
509 1012396
507 1012406
508 1012416
508 1012436
507 1012437
508 1012446
508 1012456
507 1012479
510 1012480
509 1012499
508 1012499
507 1012514
507 1012516
507 1012607
509 1012608
508 1012609
509 1012609
509 1012610
509 1012610
506 1012611
507 1012637
509 1012638
508 1012640
508 1012640
508 1012642
507 1012646
507 1012669
508 1012669
508 1012676
506 1012711
507 1012713
508 1012925
507 1012925
509 1012928
506 1012928
506 1012929
509 1012929
507 1012930
507 1012930
508 1012930
507 1012931
510 1012931
511 1012932
512 1012932
512 1012933
511 1012933
509 1012933
509 1012934
506 1012934
508 1012934
508 1012935
509 1012935
508 1012937
507 1012937
510 1012938
508 1013003
508 1013003
506 1013004
509 1013004
508 1013005
509 1013005
508 1013016
508 1013025
509 1013037
508 1013046
507 1013056
507 1013066
509 1013076
506 1013086
508 1013097
509 1013107
509 1013117
509 1013152
508 1013152
507 1013157
507 1013157
508 1013167
509 1013179
508 1013188
508 1013823
508 1013824
508 1013824
508 1013825
508 1013825
507 1013826
507 1013827
507 1013827
508 1013828
507 1013828
508 1013829
507 1013829
507 1013830
507 1013830
507 1013830
506 1013831
508 1013831
508 1013831
508 1013832
507 1013832
509 1013833
508 1013833
508 1013833
506 1013834
507 1013834
509 1013835
508 1013837
507 1013838
507 1013838
508 1013839
511 1013842
507 1013842
507 1013843
507 1013843
507 1013843
507 1013844
508 1013844
509 1013845
508 1013845
510 1013846
509 1013846
508 1013846
508 1013847
508 1013847
510 1013848
508 1013848
508 1013848
509 1013849
509 1013849
508 1013849
509 1013850
506 1013850
508 1013851
509 1013851
506 1013851
508 1013852
507 1013852
508 1013852
509 1013853
507 1013853
505 1013853
509 1013856
507 1013856
506 1013857
506 1013857
507 1013857
510 1014007
509 1014007
505 1014008
508 1014009
507 1014009
507 1014010
509 1014011
507 1014011
508 1014012
507 1014012
509 1014013
508 1014013
507 1014014
507 1014014
507 1014014
507 1014017
507 1014225
508 1014225
507 1014226
509 1014226
507 1014227
505 1014227
507 1014228
508 1014228
509 1014229
508 1014229
509 1014230
508 1014230
508 1014230
508 1014231
504 1014231
506 1014232
508 1014232
509 1014232
508 1014233
508 1014233
509 1014235
510 1014237
509 1014247
507 1014257
506 1014267
509 1014277
507 1014287
508 1014297
508 1014306
508 1014317
510 1014326
509 1014407
507 1014407
507 1014408
509 1014408
507 1014410
509 1014411
508 1014412
507 1014413
508 1014415
509 1014726
507 1014726
507 1014727
508 1014727
507 1014728
508 1014729
508 1014729
507 1014729
508 1014730
508 1014731
507 1014731
506 1014731
508 1014732
508 1014732
507 1014733
507 1014733
508 1014733
508 1014734
510 1014734
508 1014734
507 1014735
508 1014735
509 1014735
506 1014736
507 1014736
508 1014736
509 1014737
510 1014737
508 1014738
505 1014738
508 1014740
508 1014909
509 1014909
508 1014910
508 1014911
509 1014911
509 1014911
508 1014912
507 1014913
506 1014913
508 1014914
510 1014914
506 1014915
508 1014915
510 1014916
508 1014916
510 1014917
507 1014917
505 1014920
507 1015124
508 1015124
507 1015125
508 1015125
508 1015126
508 1015126
507 1015127
507 1015129
508 1015130
507 1015130
509 1015131
508 1015131
508 1015132
508 1015132
510 1015132
507 1015133
507 1015133
508 1015134
506 1015134
508 1015135
508 1015137
507 1015137
508 1015307
509 1015307
509 1015308
507 1015308
506 1015309
507 1015309
509 1015310
510 1015311
509 1015311
507 1015311
508 1015312
510 1015312
508 1015313
506 1015313
508 1015313
507 1015314
508 1015316
508 1015419
508 1015419
511 1015420
507 1015420
509 1015421
509 1015421
507 1015421
510 1015422
508 1015422
508 1015422
507 1015425
509 1015521
509 1015521
508 1015522
507 1015522
507 1015523
508 1015523
507 1015524
508 1015524
508 1015626
508 1015626
508 1015627
508 1015627
507 1015627
508 1015628
508 1015628
507 1015629
508 1015629
507 1015630
509 1015630
507 1015631
508 1015636
508 1015646
506 1015669
508 1015670
505 1015676
509 1015806
508 1015809
508 1015810
508 1015810
510 1015811
507 1015811
506 1015811
508 1015812
507 1015812
508 1015812
507 1015813
508 1015813
508 1015813
509 1015841
508 1015842
508 1015863
506 1015863
509 1015864
508 1015866
508 1015876
508 1015886
510 1015896
510 1015906
507 1015916
508 1015946
507 1015976
509 1015976
507 1015977
508 1015979
509 1015984
507 1015996
508 1016006
509 1016016
508 1016026
507 1016036
507 1016046
508 1016056
508 1016066
507 1016076
509 1016086
509 1016109
510 1016110
509 1016132
506 1016132
512 1016135
508 1016159
507 1016160
507 1016167
508 1016176
510 1016186
508 1016197
507 1016206
505 1016216
507 1016228
508 1016236
509 1016246
507 1016256
509 1016266
507 1016283
511 1016318
507 1016318
504 1016319
506 1016327
507 1016339
508 1016339
507 1016346
509 1016356
508 1016379
509 1016379
507 1016386
505 1016396
507 1016406
507 1016416
508 1016511
507 1016511
509 1016512
510 1016512
510 1016513
506 1016513
507 1016514
507 1016514
509 1016515
508 1016517
507 1016724
508 1016724
508 1016725
509 1016726
509 1016726
508 1016727
508 1016727
509 1016728
507 1016728
509 1016729
506 1016729
508 1016730
505 1016730
510 1016731
507 1016731
506 1016732
509 1016732
507 1016733
507 1016734
507 1016741
506 1016741
506 1016746
509 1016766
506 1016779
507 1016779
508 1016786
506 1016796
506 1016808
529 1016919
504 1016919
505 1016920
512 1016920
503 1016921
507 1016921
509 1016922
504 1016922
519 1016922
511 1016923
516 1016924
506 1016926
508 1017307
511 1017307
508 1017308
506 1017308
507 1017309
508 1017309
509 1017309
504 1017310
507 1017310
512 1017310
509 1017311
506 1017311
508 1017311
507 1017312
507 1017312
509 1017313
506 1017313
507 1017313
508 1017314
507 1017314
506 1017314
508 1017315
511 1017315
506 1017315
508 1017316
507 1017316
507 1017317
508 1017317
508 1017317
508 1017318
506 1017318
505 1017318
507 1017319
507 1017319
507 1017319
506 1017320
508 1017320
506 1017320
510 1017323
506 1017325
507 1017336
508 1017346
508 1017356
507 1017366
509 1017376
509 1017386
508 1017396
508 1017406
505 1017429
509 1017429
508 1017446
507 1017456
508 1017466
510 1017476
509 1017486
510 1017496
509 1017517
505 1017526
508 1017547
510 1017547
507 1017548
506 1017556
507 1017578
509 1017578
511 1017598
509 1017598
506 1017607
507 1017617
506 1017627
510 1017650
508 1017650
507 1017669
507 1017669
508 1017677
510 1017704
507 1017704
507 1017719
509 1017719
506 1017726
509 1017749
507 1017749
510 1017769
509 1017769
507 1017789
507 1017789
508 1017796
509 1017806
509 1017831
509 1017839
511 1017839
508 1017859
508 1017859
510 1017866
506 1017876
506 1017886
510 1017896
507 1017906
506 1017928
507 1017928
506 1017961
508 1017961
511 1017966
505 1017966
508 1017976
509 1017999
509 1017999
505 1018042
507 1018042
506 1018043
511 1018049
509 1018049
507 1018117
507 1018168
504 1018168
507 1018169
508 1018171
507 1018171
508 1018174
506 1018174
509 1018177
508 1018200
504 1018201
507 1018202
506 1018202
508 1018203
508 1018523
505 1018523
508 1018524
507 1018524
506 1018525
507 1018525
509 1018525
507 1018526
505 1018526
507 1018527
513 1018527
510 1018527
511 1018528
510 1018528
507 1018529
507 1018529
507 1018529
509 1018530
508 1018530
510 1018531
506 1018531
507 1018531
507 1018532
513 1018532
510 1018532
509 1018533
505 1018533
505 1018533
511 1018534
506 1018534
511 1018535
505 1018535
510 1018540
508 1018540
507 1018545
510 1018571
507 1018571
507 1018576
509 1018586
509 1018596
507 1018606
506 1018626
505 1018638
506 1018638
505 1018646
506 1018656
506 1018666
506 1018676
509 1018700
510 1018701
506 1018706
505 1018716
508 1018726
507 1018749
507 1018749
509 1018757
507 1018766
509 1018789
510 1018789
508 1018797
507 1018806
508 1018816
509 1018844
509 1018845
508 1018856
509 1018866
508 1018876
508 1018886
511 1018896
508 1018906
507 1018929
507 1018929
509 1018936
509 1018958
509 1018959
508 1018966
509 1018976
509 1018998
507 1018999
507 1019006
508 1019016
509 1019038
507 1019039
509 1019046
509 1019056
509 1019066
510 1019076
508 1019086
505 1019096
508 1019106
508 1019141
509 1019142
510 1019144
507 1019209
507 1019210
510 1019211
508 1019211
505 1019212
507 1019213
507 1019213
507 1019259
507 1019259
507 1019260
509 1019260
510 1019261
508 1019266
507 1019276
508 1019298
509 1019299
508 1019325
509 1019326
508 1019326
508 1019336
509 1019392
509 1019392
507 1019393
506 1019393
509 1019394
508 1019396
507 1019406
509 1019428
508 1019429
508 1019436
509 1019458
507 1019458
506 1019466
510 1019476
507 1019493
508 1019495
508 1019508
508 1019528
509 1019529
509 1019536
506 1019546
507 1019556
508 1019566
507 1019588
508 1019589
508 1019596
508 1019606
510 1019621
507 1019626
507 1019639
506 1019656
507 1019656
508 1019666
508 1019699
505 1019699
506 1019719
510 1019719
510 1019726
509 1019735
507 1019745
507 1020028
510 1020029
508 1020029
505 1020030
509 1020030
508 1020031
511 1020031
510 1020032
508 1020033
509 1020033
508 1020034
509 1020034
505 1020035
508 1020035
508 1020035
511 1020036
509 1020036
508 1020037
507 1020037
507 1020038
510 1020038
508 1020039
509 1020039
507 1020039
507 1020040
509 1020040
507 1020041
507 1020041
507 1020043
511 1020045
507 1020056
507 1020066
508 1020076
503 1020086
514 1020096
503 1020208
506 1020208
506 1020209
509 1020209
506 1020210
507 1020210
510 1020211
507 1020211
512 1020212
507 1020213
505 1020213
508 1020215
512 1020243
503 1020246
508 1020246
519 1020319
507 1020320
516 1020320
502 1020321
506 1020321
509 1020347
507 1020348
507 1020350
507 1020350
508 1020352
507 1020368
510 1020369
510 1020376
507 1020386
507 1020406
509 1020418
508 1020419
508 1020426
508 1020446
508 1020629
510 1020629
509 1020630
508 1020630
507 1020631
508 1020632
508 1020632
509 1020633
520 1020633
510 1020634
507 1020634
509 1020635
508 1020635
508 1020636
510 1020636
507 1020637
509 1020637
508 1020640
508 1020640
508 1020707
507 1020707
507 1020708
508 1020708
508 1020709
507 1020709
507 1020710
507 1020716
508 1020751
508 1020752
508 1020756
507 1020757
507 1020779
507 1020779
507 1020787
509 1020797
507 1020806
462 1020829
506 1020829
512 1020857
507 1020858
506 1020858
507 1020923
507 1020923
507 1020924
508 1020924
508 1020925
508 1020926
511 1020939
508 1020939
507 1020946
507 1020956
509 1020966
507 1020989
508 1020989
507 1020996
508 1021006
509 1021026
509 1021026
507 1021129
507 1021129
508 1021130
513 1021130
510 1021131
508 1021131
508 1021132
507 1021132
508 1021133
508 1021148
506 1021191
508 1021193
509 1021193
508 1021194
508 1021194
508 1021196
508 1021206
508 1021216
508 1021226
507 1021236
507 1021259
509 1021259
506 1021266
508 1021284
508 1021286
508 1021310
509 1021310
508 1021316
506 1021326
562 1021336
506 1021346
508 1021356
508 1021378
508 1021378
508 1021386
510 1021396
508 1021406
507 1021428
508 1021428
508 1021523
508 1021526
508 1021526
507 1021528
508 1021529
509 1021529
507 1021530
507 1021530
508 1021531
507 1021533
510 1021535
508 1021547
510 1021557
507 1021626
511 1021626
508 1021627
506 1021627
506 1021628
509 1021628
507 1021628
508 1021728
508 1021728
508 1021729
509 1021729
508 1021730
507 1021730
507 1021731
507 1021731
506 1021731
507 1021732
509 1021749
509 1021749
507 1021756
509 1021778
508 1021778
507 1021786
508 1021796
507 1021818
508 1021818
509 1021836
509 1021837
508 1021852
509 1021856
508 1021866
507 1021887
507 1021887
508 1021896
507 1021928
508 1021929
509 1021936
507 1021946
508 1021958
507 1021966
506 1021979
508 1022725
508 1022726
507 1022726
508 1022727
508 1022727
508 1022728
510 1022728
508 1022729
507 1022729
507 1022730
509 1022730
508 1022731
508 1022731
508 1022731
509 1022732
509 1022732
508 1022732
508 1022733
507 1022733
509 1022733
507 1022734
508 1022734
509 1022735
508 1022735
510 1022735
506 1022736
508 1022736
508 1022736
509 1022737
505 1022737
508 1022738
507 1022738
508 1022738
509 1022739
508 1022739
505 1022739
507 1022740
508 1022740
506 1022740
508 1022741
507 1022741
508 1022741
507 1022742
510 1022742
506 1022742
506 1022743
507 1022743
507 1022744
509 1022744
508 1022744
507 1022745
508 1022745
509 1022745
508 1022746
507 1022746
507 1022746
508 1022747
508 1022747
509 1022747
508 1022748
510 1022748
511 1022748
508 1022749
507 1022749
507 1022749
508 1022750
509 1022750
509 1022750
508 1022751
507 1022751
510 1022751
508 1022752
507 1022754
507 1022754
508 1022755
508 1022930
507 1022931
508 1022931
508 1022932
509 1022932
508 1023076
507 1023087
507 1023121
509 1023123
507 1023125
508 1023125
509 1023126
509 1023128
509 1023180
508 1023181
507 1023182
507 1023183
508 1023183
507 1023184
508 1023185
509 1023185
507 1023186
508 1023186
508 1023188
508 1023251
506 1023252
507 1023252
508 1023252
508 1023253
507 1023253
506 1023254
508 1023254
509 1023255
507 1023255
506 1023256
507 1023256
507 1023257
507 1023257
509 1023269
508 1023269
508 1023315
508 1023316
508 1023318
507 1023318
506 1023319
508 1023321
508 1023321
509 1023323
509 1023324
508 1023324
509 1023325
509 1023362
507 1023369
508 1023369
509 1023372
507 1023372
506 1023407
507 1023407
508 1023408
509 1023409
509 1023409
508 1023410
507 1023410
510 1023411
507 1023413
508 1023413
508 1023434
510 1023434
511 1023449
511 1023449
508 1023456
507 1023478
509 1023478
507 1023499
509 1023499
508 1023532
509 1023534
506 1023534
508 1023622
506 1023622
509 1023623
507 1023624
506 1023624
508 1023625
507 1023625
508 1023626
508 1023626
508 1023637
509 1023661
505 1023661
509 1023666
507 1023666
508 1023676
510 1023686
508 1023696
507 1023705
509 1023729
507 1023730
506 1023743
507 1023745
508 1023828
508 1023828
508 1023829
508 1023829
507 1023830
509 1023830
510 1023831
505 1023831
510 1023836
507 1023846
512 1023856
507 1023866
507 1023876
509 1023886
510 1023910
508 1023910
508 1023931
508 1023932
509 1023945
510 1023945
508 1023956
508 1023966
507 1023976
508 1023986
509 1023996
507 1024013
508 1024015
510 1024053
507 1024053
506 1024054
510 1024056
509 1024093
506 1024094
504 1024095
510 1024097
509 1024120
507 1024121
509 1024127
505 1024146
511 1024156
507 1024167
507 1024176
507 1024186
512 1024196
507 1024206
509 1024216
507 1024249
502 1024249
509 1024250
513 1024268
507 1024269
508 1024336
502 1024336
503 1024337
507 1024337
504 1024338
506 1024340
508 1024340
508 1024345
509 1024359
510 1024366
507 1024376
507 1024386
509 1024408
507 1024408
508 1024416
505 1024431
511 1024436
511 1024448
508 1024456
508 1024466
507 1024477
506 1024486
507 1024497
509 1024531
506 1024533
507 1024535
508 1024544
504 1024546
510 1024556
506 1024566
506 1024576
508 1024586
508 1024596
512 1024611
507 1024616
508 1024639
505 1024640
509 1024660
508 1024661
506 1024666
509 1024676
507 1024686
509 1024708
506 1024708
507 1024729
509 1024729
509 1024775
510 1024775
505 1024778
505 1024778
509 1024826
508 1024826
509 1024827
507 1024829
507 1024930
511 1024931
509 1024932
507 1024932
508 1024933
508 1024933
508 1024934
506 1024934
509 1024935
509 1024935
508 1024936
506 1024938
511 1024949
509 1025018
509 1025018
509 1025019
507 1025019
509 1025020
509 1025020
506 1025021
509 1025026
508 1025036
508 1025059
511 1025059
506 1025066
508 1025076
509 1025086
508 1025096
511 1025106
509 1025137
509 1025138
507 1025138
508 1025223
510 1025224
510 1025224
510 1025225
511 1025226
510 1025226
512 1025227
505 1025227
506 1025229
505 1025428
506 1025429
509 1025429
510 1025430
509 1025430
503 1025431
506 1025432
504 1025432
511 1025433
512 1025433
502 1025434
507 1025434
511 1025434
511 1025435
518 1025435
510 1025436
511 1025436
510 1025436
506 1025437
515 1025439
508 1025611
503 1025611
510 1025612
508 1025612
511 1025613
510 1025613
504 1025613
506 1025614
511 1025614
507 1025615
505 1025615
506 1025615
504 1025616
509 1025616
509 1025616
503 1025635
504 1025636
513 1025638
506 1025638
509 1025723
503 1025723
509 1025724
505 1025724
509 1025724
503 1025725
515 1025756
506 1025757
509 1025757
511 1025759
504 1025760
508 1025760
507 1025775
506 1025811
506 1025812
508 1025813
509 1025813
510 1025814
509 1025846
507 1025846
507 1025847
510 1025858
511 1025859
506 1025878
507 1025878
508 1025886
508 1025926
505 1025958
507 1025958
509 1025960
508 1025961
509 1025963
507 1025978
508 1025979
508 1026010
509 1026011
506 1026011
507 1026020
509 1026021
507 1026038
508 1026039
507 1026051
507 1026068
506 1026069
509 1026088
505 1026088
507 1026108
508 1026109
507 1026116
510 1026139
508 1026139
507 1026158
509 1026159
507 1026166
506 1026185
508 1026185
506 1026237
510 1026238
510 1026240
507 1026240
507 1026242
506 1026258
512 1026259
507 1026266
509 1026276
507 1026298
510 1026300
508 1026305
510 1026316
506 1026327
505 1026336
512 1026346
508 1026366
510 1026376
508 1026386
507 1026396
512 1026406
510 1026416
510 1026427
507 1026436
509 1026471
504 1026476
508 1026476
505 1026476
509 1026486
507 1026496
504 1026506
507 1026516
509 1026539
495 1026539
507 1026549
507 1026556
509 1026567
504 1026576
504 1026588
505 1026596
507 1026606
510 1026616
511 1026626
509 1026636
508 1026658
514 1026659
505 1026666
508 1026675
508 1026685
509 1026700
504 1026713
505 1026726
509 1026747
509 1026747
506 1026759
508 1026759
508 1026766
509 1026776
508 1026786
506 1026796
504 1026806
508 1026816
504 1026829
508 1026836
510 1026846
504 1026856
513 1026866
507 1026876
504 1026886
506 1026896
508 1026906
508 1026916
509 1026927
509 1027029
508 1027029
507 1027030
509 1027030
509 1027031
507 1027031
508 1027032
508 1027032
507 1027033
507 1027033
508 1027036
508 1027236
511 1027236
507 1027237
509 1027238
508 1027238
504 1027239
509 1027239
509 1027240
506 1027240
509 1027241
509 1027241
508 1027242
506 1027242
508 1027243
512 1027243
507 1027244
507 1027244
509 1027245
507 1027245
505 1027248
511 1027424
509 1027424
507 1027425
508 1027425
507 1027426
506 1027426
509 1027427
510 1027427
508 1027428
509 1027428
509 1027429
508 1027429
509 1027430
508 1027430
507 1027431
505 1027431
508 1027432
509 1027432
511 1027435
507 1027630
507 1027630
509 1027631
511 1027632
510 1027634
507 1027634
508 1027635
507 1027635
508 1027636
507 1027636
506 1027637
505 1027637
506 1027638
509 1027638
509 1027639
509 1027639
506 1027640
508 1027640
508 1027643
508 1027643
505 1027646
507 1027669
510 1027669
506 1027676
507 1027686
508 1027696
508 1027706
507 1027716
507 1027726
508 1027738
509 1027836
510 1027836
511 1027837
507 1027837
508 1027838
509 1027838
512 1027839
505 1027839
508 1027840
515 1027840
512 1027869
510 1027869
506 1027876
502 1027886
513 1027896
505 1027906
507 1027916
507 1027939
511 1027939
514 1027946
506 1027966
507 1027966
502 1027976
508 1027986
511 1028024
511 1028024
510 1028025
512 1028028
507 1028127
507 1028128
509 1028128
505 1028129
505 1028129
510 1028129
500 1028130
509 1028130
512 1028130
508 1028131
510 1028136
503 1028146
510 1028156
503 1028165
511 1028185
505 1028186
504 1028196
504 1028205
509 1028217
512 1028226
514 1028236
492 1028246
525 1028256
505 1028277
507 1028287
512 1028302
501 1028302
521 1028305
502 1028323
502 1028326
497 1028924
508 1028924
516 1028925
507 1028926
503 1028926
500 1028927
506 1028927
508 1028928
504 1028928
512 1028928
510 1028929
509 1028929
514 1028930
506 1028930
512 1028931
508 1028931
505 1028932
510 1028932
511 1028933
511 1028933
508 1028934
511 1028934
504 1028935
509 1028935
515 1028936
509 1028936
511 1028936
507 1028937
518 1028937
512 1028938
506 1028938
510 1028939
497 1028939
514 1028939
509 1028940
507 1028940
507 1028941
508 1028941
509 1028942
510 1028942
509 1028943
510 1028943
506 1028944
508 1028944
505 1028945
506 1028945
507 1028945
506 1028946
504 1028946
511 1028947
506 1028947
505 1028947
509 1028948
506 1028948
514 1028949
509 1028949
507 1028950
509 1028950
509 1028951
507 1028953
510 1028953
505 1028957
512 1028979
506 1028979
513 1028986
508 1028996
514 1029006
506 1029016
504 1029129
509 1029129
507 1029130
507 1029130
507 1029131
510 1029131
508 1029131
508 1029132
507 1029132
508 1029133
508 1029138
507 1029138
510 1029146
506 1029156
506 1029166
503 1029176
509 1029186
511 1029196
508 1029206
507 1029334
510 1029334
509 1029336
508 1029337
508 1029337
506 1029338
509 1029338
508 1029339
508 1029339
508 1029339
508 1029340
510 1029340
506 1029346
508 1029356
508 1029366
510 1029389
510 1029389
507 1029396
508 1029432
508 1029434
511 1029434
509 1029514
509 1029514
509 1029515
513 1029515
512 1029516
507 1029516
508 1029516
509 1029517
511 1029519
511 1029531
507 1029536
513 1029546
508 1029556
512 1029566
504 1029576
505 1029586
508 1029596
509 1029631
507 1029631
508 1029636
505 1029637
508 1029646
511 1029659
510 1029666
504 1029675
514 1029698
508 1029698
509 1029705
503 1029716
510 1029726
508 1029736
511 1029746
509 1029756
499 1029766
507 1029791
503 1029792
513 1029796
506 1029806
505 1029816
517 1029827
502 1029836
516 1029846
501 1029856
504 1029866
509 1029879
504 1029886
503 1029896
511 1029906
501 1029916
507 1029926
514 1029936
512 1029946
513 1029956
507 1029966
507 1029976
508 1029999
508 1030000
508 1030018
516 1030019
508 1030026
505 1030071
506 1030075
507 1030075
505 1030078
512 1030083
507 1030096
510 1030106
511 1030116
507 1030126
507 1030136
508 1030146
508 1030156
505 1030166
503 1030176
513 1030186
514 1030196
502 1030208
504 1030216
512 1030239
504 1030239
508 1030246
507 1030309
511 1030309
509 1030310
508 1030310
511 1030311
511 1030311
504 1030375
506 1030375
510 1030376
508 1030377
509 1030377
510 1030377
510 1030378
511 1030385
508 1030396
508 1030406
503 1030416
506 1030438
505 1030438
508 1030445
509 1030456
509 1030466
506 1030548
507 1030548
513 1030549
510 1030549
502 1030550
509 1030550
512 1030550
511 1030551
514 1030556
509 1030583
508 1030585
512 1030585
509 1030597
505 1030646
508 1030647
508 1030647
506 1030648
506 1030661
509 1030663
507 1030665
506 1030675
507 1030686
509 1030696
506 1030718
504 1030718
508 1030726
507 1030736
509 1030746
508 1030756
510 1030766
505 1030776
504 1030786
508 1030796
508 1030815
504 1030825
505 1030835
512 1030846
508 1030856
507 1030866
510 1030876
507 1030886
504 1030896
511 1030907
505 1030916
512 1030928
508 1030966
505 1030966
506 1030967
509 1030967
506 1030974
510 1030990
510 1031133
505 1031133
505 1031134
507 1031134
508 1031135
510 1031135
512 1031136
508 1031136
507 1031137
507 1031137
508 1031138
508 1031138
509 1031139
508 1031139
509 1031142
512 1031144
505 1031156
504 1031166
508 1031176
507 1031186
509 1031196
507 1031338
504 1031338
506 1031339
510 1031339
507 1031340
509 1031340
507 1031340
503 1031341
505 1031341
510 1031342
506 1031342
505 1031342
509 1031343
506 1031343
502 1031345
509 1031528
503 1031528
503 1031529
513 1031529
513 1031530
509 1031530
508 1031531
507 1031531
505 1031532
511 1031532
511 1031533
509 1031533
510 1031534
509 1031534
510 1031535
510 1031535
507 1031535
507 1031536
509 1031538
499 1031631
512 1031631
509 1031632
506 1031632
509 1031633
506 1031633
510 1031633
506 1031733
506 1031733
507 1031734
506 1031734
507 1031735
503 1031736
503 1031736
508 1031737
503 1031737
518 1031738
505 1031738
508 1031740
511 1031914
509 1031914
514 1031915
500 1031915
504 1031916
515 1031916
506 1031916
505 1031917
508 1031917
506 1031918
508 1031918
508 1031918
507 1031919
507 1031919
512 1031919
508 1031920
507 1031920
501 1031920
501 1031936
503 1031948
507 1031948
510 1031955
504 1031965
509 1031976
509 1031986
509 1031996
505 1032006
505 1032017
506 1032037
512 1032037
510 1032130
510 1032130
510 1032131
503 1032131
506 1032132
509 1032132
505 1032133
511 1032133
508 1032152
510 1032156
510 1032156
507 1032157
512 1032166
509 1032176
508 1032186
507 1032196
509 1032237
510 1032237
507 1032238
509 1032238
507 1032334
507 1032334
505 1032335
507 1032336
501 1032336
512 1032337
510 1032338
512 1032338
508 1032340
508 1032414
511 1032415
502 1032415
507 1032416
507 1032416
508 1032416
504 1032417
506 1032417
509 1032426
507 1032448
510 1032448
507 1032456
508 1032465
508 1032475
511 1032485
507 1032499
504 1032519
509 1032519
510 1032526
498 1032548
503 1032549
508 1032556
509 1032566
505 1032576
510 1032612
512 1032615
510 1032616
508 1032618
510 1032738
503 1032738
508 1032739
513 1032739
499 1032740
511 1032740
514 1032741
508 1032741
513 1032741
511 1032742
501 1032742
516 1032748
513 1032749
499 1032756
503 1032766
505 1032776
499 1032786
522 1032796
498 1032834
507 1032841
509 1032928
495 1032928
525 1032929
515 1032929
496 1032930
510 1032932
502 1032932
499 1032933
520 1032933
505 1032934
505 1032934
516 1032936
494 1033239
509 1033239
510 1033240
518 1033240
504 1033240
507 1033241
511 1033241
517 1033241
513 1033242
504 1033242
498 1033242
506 1033243
511 1033243
509 1033243
508 1033244
508 1033244
507 1033245
502 1033245
508 1033245
505 1033246
509 1033246
509 1033246
509 1033247
509 1033247
510 1033247
512 1033248
512 1033248
517 1033248
511 1033249
523 1033264
510 1033264
493 1033269
510 1033276
514 1033286
508 1033296
523 1033305
502 1033328
492 1033328
520 1033348
505 1033349
501 1033356
503 1033366
512 1033385
516 1033386
505 1033396
508 1033419
510 1033420
504 1033432
504 1033434
507 1033478
508 1033478
509 1033479
512 1033526
510 1033527
506 1033527
502 1033528
506 1033528
506 1033538
509 1033538
513 1033558
499 1033559
504 1033578
498 1033579
533 1033606
507 1033652
497 1033653
499 1033655
514 1033681
509 1033681
523 1033682
513 1033682
503 1033683
493 1033683
511 1033685
516 1033834
508 1033834
496 1033835
507 1033835
508 1033835
513 1033836
505 1033837
506 1033837
510 1033837
509 1033838
508 1033838
510 1033839
506 1033840
509 1033841
503 1033937
503 1033937
504 1033938
512 1033938
507 1033939
510 1033939
505 1033940
507 1033941
507 1033941
510 1033943
509 1034035
511 1034035
509 1034036
504 1034037
498 1034037
509 1034037
497 1034038
507 1034038
513 1034038
513 1034038
505 1034045
509 1034055
512 1034065
504 1034075
514 1034085
511 1034096
501 1034106
514 1034138
507 1034138
504 1034139
509 1034216
499 1034216
497 1034217
506 1034217
506 1034217
513 1034218
499 1034218
512 1034219
516 1034226
488 1034236
509 1034247
510 1034256
508 1034268
519 1034276
514 1034286
518 1034296
526 1034306
486 1034329
527 1034330
516 1034336
513 1034346
499 1034355
521 1034366
519 1034376
499 1034385
510 1034395
508 1034405
509 1034415
502 1034438
516 1034438
508 1034446
515 1034455
501 1034465
510 1034476
508 1034486
502 1034496
502 1034506
511 1034517
501 1034541
505 1034598
510 1034599
511 1034600
503 1034600
504 1034600
506 1034601
507 1034606
503 1034628
510 1034628
505 1034636
507 1034646
506 1034687
507 1034687
509 1034688
512 1034698
515 1034698
506 1034821
513 1034821
508 1034822
508 1034822
511 1034822
510 1034823
506 1034823
508 1034824
505 1034824
505 1034841
509 1034841
509 1034842
513 1034845
509 1034847
506 1034849
505 1034854
509 1034866
506 1034876
506 1034886
510 1034909
513 1034910
509 1034946
502 1034946
512 1034949
509 1034949
508 1034993
503 1034994
510 1034994
508 1034997
503 1034999
503 1035006
502 1035016
514 1035026
507 1035048
511 1035048
503 1035068
505 1035068
509 1035076
508 1035095
508 1035118
506 1035118
506 1035138
512 1035138
512 1035146
508 1035155
506 1035191
508 1035193
504 1035193
508 1035213
505 1035214
502 1035214
504 1035239
510 1035239
511 1035271
510 1035271
512 1035328
510 1035329
507 1035329
505 1035330
508 1035330
509 1035351
507 1035351
513 1035354
508 1035354
512 1035377
508 1035378
507 1035378
505 1035388
510 1035396
508 1035427
514 1035428
512 1035463
510 1035463
504 1035464
513 1035468
505 1035468
502 1035488
501 1035488
522 1035520
509 1035522
506 1035527
518 1035527
505 1036144
501 1036145
509 1036145
513 1036146
514 1036146
510 1036147
506 1036147
516 1036147
503 1036148
511 1036148
509 1036148
507 1036149
508 1036149
512 1036150
502 1036150
519 1036150
505 1036151
507 1036151
510 1036151
514 1036151
513 1036152
504 1036152
495 1036153
512 1036153
523 1036153
516 1036154
506 1036154
508 1036154
511 1036155
521 1036155
509 1036156
513 1036156
497 1036156
503 1036157
523 1036157
513 1036157
503 1036158
511 1036158
501 1036159
502 1036159
510 1036159
504 1036160
507 1036160
514 1036160
508 1036161
508 1036161
500 1036161
509 1036162
506 1036162
510 1036162
503 1036163
511 1036163
511 1036164
511 1036164
507 1036164
504 1036165
508 1036165
507 1036165
507 1036166
515 1036166
510 1036166
503 1036168
510 1037143
508 1037144
512 1037144
504 1037145
505 1037145
513 1037145
509 1037146
512 1037146
506 1037146
508 1037147
505 1037147
508 1037147
509 1037148
506 1037148
507 1037148
507 1037149
508 1037149
510 1037149
508 1037150
506 1037150
508 1037150
506 1037151
510 1037151
509 1037151
507 1037152
509 1037152
509 1037153
512 1037153
507 1037153
506 1037154
510 1037154
503 1037154
515 1037155
506 1037155
509 1037155
510 1037156
504 1037156
509 1037156
506 1037157
508 1037157
505 1037157
506 1037158
508 1037158
506 1037158
507 1037159
507 1037159
511 1037159
507 1037159
508 1037160
509 1037160
510 1037160
507 1037161
507 1037161
504 1037161
508 1037162
509 1037162
505 1037162
521 1037163
508 1037163
510 1037163
513 1037164
501 1037164
514 1037164
502 1037165
512 1037165
514 1037165
507 1037166
504 1037166
505 1037166
509 1037167
504 1037167
507 1037167
505 1037168
510 1037168
509 1037169
507 1037169
506 1037169
511 1037170
507 1037170
504 1037170
508 1037171
508 1037171
506 1037172
508 1037172
508 1037173
507 1037173
508 1037174
512 1037174
508 1037175
510 1037175
507 1037175
509 1037176
506 1037176
507 1037177
507 1037177
509 1037178
507 1037180
509 1037180
508 1037181
506 1037181
511 1037181
510 1037938
508 1037939
508 1037940
511 1037940
511 1037940
511 1037941
507 1037942
506 1037943
509 1037943
510 1037944
506 1037944
505 1037944
515 1037945
504 1037945
507 1037946
510 1037946
509 1037946
513 1037947
505 1037947
510 1037948
504 1038054
505 1038055
507 1038055
508 1038056
508 1038057
508 1038057
510 1038057
511 1038058
505 1038059
506 1038059
509 1038060
506 1038061
505 1038061
508 1038061
507 1038062
507 1038062
511 1038063
510 1038063
506 1038064
506 1038064
509 1038065
505 1038065
507 1038065
509 1038066
510 1038066
511 1038066
511 1038067
507 1038067
504 1038068
510 1038068
508 1038068
509 1038069
507 1038069
506 1038069
508 1038070
511 1038070
512 1038070
509 1038071
508 1038071
508 1038072
508 1038072
508 1038072
502 1038073
505 1038073
508 1038073
507 1038074
507 1038074
512 1038075
509 1038075
509 1038365
504 1038365
508 1038366
507 1038366
509 1038367
506 1038367
506 1038367
509 1038368
503 1038368
506 1038368
505 1038369
511 1038369
507 1038370
508 1038370
510 1038371
503 1038371
508 1038371
