511 430713
507 430718
508 430719
509 430720
510 430743
509 430744
506 430744
508 430745
509 430745
512 430746
506 430746
503 430746
508 430747
505 430747
508 430748
507 430748
507 430749
505 430749
506 430749
505 430750
519 430750
506 430751
511 430751
509 430751
513 430752
512 430752
506 430753
508 430753
507 430753
500 430754
503 430754
507 430755
512 430755
511 430755
507 430756
508 430756
506 430757
509 430757
506 430758
509 430758
513 430759
508 430759
506 430760
508 430760
510 430760
508 430761
508 430761
508 430762
507 430762
506 430762
510 430763
508 430763
508 430764
510 430764
508 430764
508 430765
504 430765
507 430766
510 430767
513 430769
506 430769
507 430770
507 430771
509 430771
508 430772
509 430773
508 430773
508 430798
508 430799
508 430812
507 430817
509 430818
508 430825
505 430846
508 430847
507 430855
509 430886
508 430908
508 430909
508 430909
508 430934
506 430945
506 430954
508 430965
508 430974
506 430985
512 430994
508 431005
506 431014
507 431026
509 431034
507 431045
507 431054
509 431065
510 431074
509 431085
508 431106
507 431108
505 431116
511 431125
509 431134
508 431145
509 431166
509 431169
512 431196
508 431197
505 431205
505 431214
508 431225
506 431234
508 431246
508 431254
507 431265
510 431274
510 431285
508 431294
505 431331
506 431334
506 431336
510 431336
508 431346
516 431355
496 431363
526 431375
489 431383
506 431395
490 431404
512 431415
512 431424
513 431435
496 431444
513 431455
510 431464
506 431475
508 431484
506 431495
508 431504
511 431515
505 431524
504 431535
510 431544
512 431555
507 431563
508 431588
505 431588
506 431594
506 431605
508 431614
510 431625
507 431634
507 431645
510 431654
502 431665
506 431674
508 431689
509 431696
507 431705
507 431714
507 431725
509 431734
509 431745
506 431753
506 431765
508 431786
505 431789
502 431795
510 431821
509 431822
510 431824
509 431835
505 431844
500 431855
503 431864
502 431875
503 431884
500 431895
521 431904
517 431925
528 431934
507 431945
500 431954
506 431978
501 431978
502 431996
512 431998
507 432006
510 432015
512 432024
508 432035
504 432044
507 432055
507 432076
508 432078
507 432086
508 432095
508 432104
511 432115
508 432136
506 432139
507 432158
510 432159
505 432165
508 432174
506 432185
511 432194
512 432205
508 432214
505 432225
507 432234
508 432245
508 432266
509 432269
508 432276
509 432285
507 432294
508 432317
506 432318
506 432324
508 432337
505 432344
508 432356
504 432364
508 432376
509 432403
509 432404
507 432418
506 432418
509 432424
506 432448
509 432448
507 432454
507 432465
508 432474
510 432508
507 432508
506 432513
506 432525
507 432533
509 432545
507 432553
507 432565
509 432574
510 432585
507 432593
507 432605
508 432613
507 432625
507 432633
508 432645
507 432653
511 432665
511 432684
508 432697
507 432697
508 432703
508 432716
507 432724
508 432736
508 432744
509 432756
509 432774
508 432788
507 432788
508 432793
508 432806
509 432814
507 432825
508 432834
508 432845
509 432853
508 432865
508 432874
505 432900
508 432929
508 432931
506 432931
509 432932
507 432934
509 432945
509 432978
507 432981
506 432983
508 432995
509 432998
506 433017
508 433017
508 433025
508 433046
508 433048
506 433055
505 433065
509 433074
504 433098
506 433098
507 433104
507 433116
510 433124
511 433136
508 433157
507 433159
505 433165
508 433188
508 433188
508 433194
509 433205
509 433226
511 433229
508 433236
506 433245
506 433253
507 433265
507 433273
506 433285
508 433293
509 433305
509 433313
509 433325
507 433333
505 433357
508 433357
508 433363
508 433375
509 433383
509 433405
509 433413
509 433437
508 433438
507 433443
510 433456
508 433464
509 433475
508 433484
506 433508
508 433508
509 433513
508 433525
507 433534
508 433545
506 433553
508 433565
509 433573
508 433597
509 433597
510 433616
507 433618
506 433625
507 433635
506 433644
509 433655
508 433664
509 433676
509 433684
510 433696
508 433704
506 433728
508 433728
507 433734
508 433745
508 433754
508 433766
507 433774
513 433796
509 433806
504 433809
507 433816
506 433825
507 433833
509 433845
508 433853
509 433875
508 433884
507 433937
506 433938
508 433940
508 433948
508 433949
507 433960
508 433962
509 433964
509 433981
509 434036
508 434037
507 434039
506 434040
508 434040
508 434081
508 434082
510 434082
506 434091
510 434093
508 434093
508 434128
507 434129
510 434131
507 434132
511 434134
503 434143
509 434168
514 434168
496 434193
508 434198
509 434199
501 434204
503 434215
510 434224
506 434247
508 434248
510 434271
504 434273
505 434284
508 434297
508 434298
508 434316
508 434337
507 434345
508 434349
511 434349
510 434355
506 434377
507 434378
507 434396
510 434398
507 434418
507 434419
506 434455
522 434456
516 434463
503 434464
537 434477
516 434478
522 434496
495 434498
502 434518
498 434518
510 434551
512 434553
516 434554
505 434578
509 434579
505 434605
511 434620
507 434622
508 434623
523 434625
487 434665
468 434672
462 434689
514 434690
500 434692
505 434693
496 434697
508 434698
508 434719
513 434720
507 434725
509 434746
508 434748
501 434756
511 434765
506 434774
511 434786
505 434793
513 434805
507 434814
509 434825
511 434833
504 434845
496 434853
502 434865
509 434880
503 434895
534 434916
506 434919
485 434926
506 434935
508 434944
526 434955
514 434964
504 434988
504 434988
511 434993
509 435010
507 435021
505 435025
506 435033
504 435045
504 435053
518 435065
503 435073
509 435085
514 435106
505 435108
501 435117
506 435125
506 435134
507 435145
514 435154
513 435165
505 435173
503 435185
505 435206
501 435208
506 435216
501 435225
506 435233
500 435245
505 435254
513 435265
509 435274
508 435285
507 435306
508 435309
503 435316
508 435325
509 435334
506 435345
508 435356
508 435365
507 435373
506 435385
508 435393
507 435405
509 435413
509 435425
507 435433
509 435445
510 435454
506 435465
507 435473
507 435485
508 435494
508 435505
508 435514
507 435538
509 435539
510 435543
508 435555
506 435563
506 435575
509 435596
510 435598
508 435606
508 435615
509 435623
509 435657
509 435657
508 435663
506 435675
509 435683
506 435717
506 435723
507 435724
508 435728
509 435735
508 435743
506 435755
506 435763
509 435775
506 435783
507 435795
510 435803
509 435815
508 435823
510 435836
509 435844
505 435855
508 435864
507 435875
508 435884
505 435896
509 435904
507 435916
511 435924
506 435935
506 435943
508 435956
507 435963
506 435975
509 435983
508 435995
507 436003
510 436015
509 436040
503 436047
509 436047
505 436053
507 436065
508 436073
506 436085
509 436093
510 436105
508 436113
506 436125
509 436133
509 436145
507 436153
509 436165
509 436173
506 436186
510 436194
508 436205
507 436214
506 436238
511 436238
507 436244
505 436255
509 436264
508 436275
510 436283
508 436295
507 436303
508 436315
508 436323
507 436345
508 436353
507 436365
509 436373
509 436397
510 436397
507 436403
506 436415
507 436423
508 436435
509 436443
509 436455
506 436463
508 436475
507 436483
507 436495
506 436507
507 436515
506 436523
508 436535
507 436543
508 436555
508 436564
510 436575
507 436584
507 436595
507 436604
508 436615
508 436623
508 436635
507 436643
509 436655
509 436663
507 436675
506 436684
508 436695
509 436706
509 436715
508 436723
508 436735
508 436743
512 436755
508 436763
504 436775
508 436793
504 436803
508 436804
507 436815
509 436823
509 436835
508 436855
509 436858
507 436865
508 436887
508 436887
509 436893
508 436905
509 436923
508 436924
508 437030
509 437031
508 437032
504 437033
508 437033
506 437036
506 437037
508 437038
507 437039
508 437039
510 437061
507 437063
506 437063
509 437077
506 437078
526 437091
514 437095
483 437104
536 437137
524 437137
529 437144
502 437155
534 437164
501 437175
524 437183
505 437195
512 437204
509 437228
510 437228
508 437234
506 437245
509 437254
510 437265
506 437273
510 437285
509 437293
506 437331
510 437334
510 437336
508 437336
500 437357
513 437358
511 437364
511 437375
512 437385
508 437394
507 437418
503 437418
502 437424
510 437435
510 437445
511 437455
510 437464
508 437475
509 437484
512 437495
509 437504
503 437515
509 437524
505 437535
503 437543
513 437555
507 437563
507 437575
508 437584
507 437595
506 437603
512 437615
509 437624
506 437635
510 437644
503 437655
510 437664
507 437675
508 437684
504 437695
506 437703
508 437715
507 437723
508 437735
509 437743
507 437755
509 437763
509 437775
508 437796
508 437798
509 437806
508 437815
508 437823
507 437835
507 437844
505 437877
511 437878
508 437896
506 437898
510 437906
508 437915
512 437923
509 437935
510 437943
508 437955
509 437964
506 438001
508 438004
507 438006
507 438006
508 438016
508 438025
507 438034
507 438045
509 438066
509 438068
508 438076
507 438085
507 438093
508 438105
508 438113
508 438138
508 438138
509 438143
510 438155
507 438163
507 438175
507 438183
508 438195
508 438203
508 438215
508 438223
510 438235
509 438243
507 438268
504 438268
507 438273
505 438285
508 438306
508 438308
508 438315
509 438351
511 438352
507 438354
506 438404
506 438404
507 438405
508 438405
507 438406
508 438406
509 438413
511 438425
507 438433
506 438445
507 438453
509 438465
509 438473
507 438485
508 438506
508 438509
509 438516
509 438526
507 438534
506 438545
509 438554
508 438565
508 438574
508 438585
508 438616
510 438619
509 438626
507 438635
506 438643
508 438655
507 438663
509 438688
508 438688
508 438693
507 438718
509 438718
507 438736
507 438739
509 438745
507 438755
509 438763
507 438775
508 438783
509 438795
510 438816
508 438818
506 438825
507 438835
507 438843
508 438856
509 438864
507 438876
509 438899
510 438900
508 438905
507 438926
507 438929
507 438936
508 438945
507 438966
508 438968
508 438976
511 438985
509 438995
505 439005
509 439014
507 439025
507 439033
507 439045
508 439053
508 439066
508 439074
509 439085
508 439093
506 439105
509 439114
507 439125
508 439133
508 439145
506 439153
508 439165
509 439183
507 439184
506 439207
507 439207
506 439213
508 439226
508 439234
508 439246
509 439265
509 439278
507 439278
505 439296
506 439298
509 439306
508 439315
507 439323
508 439345
508 439353
509 439378
508 439378
506 439383
507 439395
507 439403
508 439415
509 439423
508 439435
510 439443
511 439455
507 439476
506 439478
507 439495
507 439500
509 439520
509 439520
508 439525
510 439535
509 439543
508 439555
506 439563
506 439575
509 439583
508 439595
508 439607
509 439616
509 439624
509 439648
509 439648
506 439653
507 439678
506 439678
509 439684
506 439695
508 439706
508 439715
510 439736
509 439739
505 439758
508 439759
507 439765
506 439786
509 439789
509 439796
508 439805
508 439813
509 439825
508 439834
507 439845
507 439853
507 439877
508 439878
505 439883
507 439893
508 439905
510 439915
508 439923
506 439935
507 439943
506 439955
509 439963
508 439976
508 439984
509 440008
510 440008
509 440013
506 440025
507 440034
507 440045
508 440054
508 440065
508 440073
508 440105
511 440105
509 440113
507 440125
507 440133
509 440145
508 440153
508 440165
506 440173
509 440185
508 440206
509 440208
507 440215
507 440225
509 440233
507 440245
508 440253
508 440265
508 440285
510 440288
510 440295
507 440311
506 440315
509 440325
506 440333
508 440345
508 440354
506 440366
509 440374
510 440386
508 440394
505 440405
506 440414
507 440425
508 440434
509 440445
507 440453
507 440465
509 440473
507 440485
506 440493
506 440505
507 440513
508 440525
507 440533
507 440547
509 440555
509 440565
508 440573
506 440597
507 440597
507 440603
508 440615
509 440623
506 440647
508 440647
510 440653
506 440665
507 440673
508 440685
507 440693
508 440705
510 440714
507 440726
509 440734
510 440745
508 440754
506 440765
507 440774
508 440785
510 440793
507 440831
509 440833
508 440836
510 440837
508 440855
506 440865
506 440873
509 440885
509 440897
506 440905
509 440913
507 440927
510 440933
509 440945
508 440953
506 440965
508 440973
506 440985
508 440993
509 441017
508 441017
508 441023
509 441035
507 441043
506 441055
506 441063
507 441075
509 441096
507 441099
508 441127
507 441127
511 441128
507 441135
506 441144
507 441155
508 441163
508 441175
508 441183
508 441195
507 441203
511 441215
508 441223
505 441235
507 441243
507 441255
507 441263
507 441300
509 441300
507 441303
509 441306
508 441315
506 441325
507 441333
509 441366
507 441367
508 441367
509 441398
506 441400
509 441405
509 441405
508 441414
507 441423
507 441434
507 441443
509 441455
508 441463
509 441475
506 441496
510 441499
506 441505
508 441515
508 441523
507 441535
508 441544
508 441556
509 441586
509 441589
510 441596
508 441605
505 441613
507 441625
508 441633
507 441645
508 441653
507 441665
508 441673
511 441698
509 441698
508 441703
508 441715
508 441723
508 441735
507 441743
507 441767
509 441767
505 441773
506 441785
507 441796
507 441804
508 441812
507 441825
507 441834
507 441845
509 441854
510 441865
508 441899
508 441903
508 441906
508 441906
507 441913
508 441925
508 441933
509 441945
509 441953
508 441965
505 441973
506 441985
505 441994
508 442017
509 442018
508 442023
507 442035
509 442043
508 442055
506 442063
506 442087
509 442087
510 442110
507 442111
509 442113
508 442125
509 442134
510 442143
507 442155
507 442163
508 442175
506 442183
508 442195
508 442204
508 442215
509 442223
510 442235
508 442243
507 442268
508 442278
508 442303
508 442304
508 442306
509 442315
508 442337
511 442337
508 442343
507 442355
507 442363
506 442375
509 442383
508 442395
509 442403
508 442414
511 442423
507 442434
507 442443
506 442454
509 442463
507 442495
508 442495
508 442496
507 442503
508 442528
508 442528
507 442533
507 442545
509 442554
507 442565
508 442586
508 442589
509 442596
508 442605
509 442613
508 442625
507 442633
508 442645
506 442653
508 442665
509 442673
508 442698
508 442699
509 442705
505 442715
507 442723
505 442735
506 442743
508 442755
508 442763
508 442800
508 442800
509 442803
508 442806
507 442818
508 442824
507 442833
508 442844
508 442852
508 442864
509 442889
510 442898
508 442898
506 442903
507 442915
508 442923
507 442935
507 442943
508 442955
509 442964
509 442975
509 442983
506 442995
508 443003
507 443015
509 443036
508 443038
508 443055
508 443065
509 443073
509 443085
507 443109
507 443110
507 443113
507 443125
509 443135
508 443143
509 443154
509 443175
510 443178
508 443185
508 443194
506 443202
508 443214
508 443222
508 443234
509 443242
508 443254
509 443276
508 443279
508 443286
507 443303
509 443306
507 443315
508 443323
507 443335
508 443356
511 443358
507 443365
505 443400
506 443401
508 443406
508 443406
507 443415
508 443423
508 443435
511 443443
507 443478
506 443482
508 443482
507 443485
509 443494
508 443505
508 443513
509 443524
512 443533
509 443544
507 443552
507 443565
508 443572
510 443584
509 443593
509 443605
508 443613
510 443625
509 443646
507 443648
506 443656
509 443665
509 443673
508 443696
509 443697
509 443703
508 443715
508 443723
507 443735
507 443743
508 443755
507 443763
508 443775
507 443783
509 443805
508 443813
509 443825
508 443833
508 443845
508 443853
506 443865
509 443873
508 443901
506 443901
508 443905
510 443914
507 443923
506 443934
505 443943
505 443955
507 443963
507 443987
506 443987
502 443993
511 444004
507 444013
507 444025
507 444033
508 444045
509 444053
507 444065
508 444090
510 444090
510 444107
507 444108
504 444113
517 444124
522 444133
509 444145
520 444153
515 444165
511 444173
505 444184
511 444193
510 444205
505 444213
506 444224
510 444233
508 444244
507 444254
509 444264
510 444273
510 444297
512 444298
510 444303
504 444315
506 444323
508 444335
508 444356
506 444358
509 444366
506 444374
507 444383
505 444394
507 444403
507 444414
510 444423
516 444434
500 444443
499 444455
512 444463
508 444488
508 444488
505 444494
505 444505
506 444513
506 444535
508 444543
509 444554
510 444563
506 444575
504 444583
506 444594
508 444616
509 444618
508 444626
506 444634
514 444643
522 444654
494 444663
524 444675
498 444683
497 444695
507 444703
527 444715
511 444723
509 444735
504 444743
504 444754
512 444763
506 444775
506 444796
505 444798
502 444823
507 444824
508 444825
511 444834
508 444843
508 444854
505 444865
510 444875
505 444883
513 444894
509 444903
506 444927
508 444928
503 444933
508 444945
501 444955
508 444965
506 444974
504 444985
506 444993
506 445005
506 445013
510 445024
507 445033
507 445045
507 445053
505 445064
507 445085
508 445088
503 445096
510 445104
508 445113
504 445125
504 445133
516 445145
497 445153
506 445165
496 445186
515 445188
514 445196
522 445212
512 445214
498 445223
509 445235
510 445243
509 445264
510 445275
506 445278
514 445295
519 445305
529 445313
509 445325
528 445333
531 445345
487 445366
520 445368
529 445376
524 445400
503 445407
503 445410
522 445413
513 445424
507 445433
516 445457
510 445458
511 445463
510 445474
509 445496
512 445498
509 445506
507 445515
508 445526
507 445535
508 445556
506 445559
507 445583
506 445583
504 445584
509 445592
505 445605
507 445612
507 445624
505 445632
505 445644
508 445652
508 445665
509 445673
506 445685
508 445693
506 445705
508 445713
508 445738
509 445739
505 445743
508 445762
509 445764
507 445775
507 445785
508 445795
507 445803
507 445815
508 445823
508 445835
510 445843
510 445855
509 445863
506 445875
508 445895
507 445898
509 445905
506 445927
510 445927
506 445933
508 445952
510 445955
506 445964
506 445972
509 445994
510 446005
505 446008
512 446015
507 446048
508 446049
510 446053
508 446065
507 446073
508 446085
509 446106
506 446107
507 446115
507 446123
508 446135
509 446143
506 446155
505 446163
508 446187
507 446187
508 446194
507 446205
518 446213
508 446225
512 446233
508 446245
505 446253
510 446265
502 446273
514 446307
509 446311
510 446315
508 446318
511 446325
508 446332
507 446345
507 446352
508 446364
507 446388
509 446389
508 446394
509 446403
511 446433
506 446434
510 446435
504 446456
509 446458
506 446466
508 446475
507 446496
507 446500
508 446504
508 446513
509 446525
507 446533
506 446545
510 446553
505 446577
510 446577
507 446583
505 446671
511 446672
508 446672
506 446673
510 446673
508 446674
508 446674
509 446677
508 446677
508 446684
512 446693
506 446704
506 446713
506 446724
506 446732
508 446744
509 446753
507 446764
509 446784
510 446795
507 446803
506 446815
507 446823
505 446835
507 446843
507 446855
500 446876
511 446879
514 446886
510 446895
506 446903
509 446915
510 446923
507 446935
510 446943
507 446955
508 446963
513 446975
509 446983
507 446994
508 447003
508 447014
507 447023
508 447034
508 447043
509 447055
510 447063
509 447074
508 447099
508 447100
506 447117
510 447117
508 447123
507 447135
509 447143
512 447155
507 447163
500 447174
508 447206
512 447208
499 447208
501 447213
510 447225
512 447246
505 447248
509 447255
509 447264
504 447273
509 447285
507 447306
506 447307
509 447327
507 447328
508 447333
509 447345
506 447353
505 447365
506 447373
509 447384
509 447393
507 447404
509 447426
511 447428
512 447436
511 447450
507 447455
498 447464
524 447495
492 447498
489 447506
521 447515
509 447523
502 447535
509 447543
507 447555
505 447576
503 447578
507 447606
508 447607
514 447617
505 447618
511 447636
511 447638
505 447646
514 447654
518 447663
545 447674
486 447683
540 447695
489 447716
519 447718
503 447726
513 447735
511 447743
507 447755
506 447779
512 447780
509 447784
507 447806
507 447808
511 447816
507 447824
505 447833
512 447845
512 447853
514 447865
506 447899
517 447981
523 447981
498 447982
508 447982
515 447983
494 447983
518 447984
505 447985
495 447985
489 447987
508 447988
512 447993
508 448004
502 448013
504 448024
508 448035
511 448057
506 448058
509 448064
511 448074
501 448084
514 448107
503 448107
505 448114
507 448137
511 448137
511 448168
505 448170
506 448175
517 448176
507 448184
528 448193
502 448204
509 448217
515 448224
511 448246
511 448248
514 448274
517 448275
513 448297
507 448298
504 448303
505 448314
507 448323
510 448334
510 448343
508 448354
508 448363
509 448374
507 448398
507 448399
507 448404
505 448427
509 448428
509 448435
507 448443
510 448455
511 448469
507 448475
506 448496
507 448508
508 448509
507 448513
507 448525
507 448533
509 448545
510 448553
507 448565
506 448573
507 448599
507 448604
508 448617
507 448617
507 448623
510 448635
511 448643
507 448654
507 448663
506 448674
508 448682
510 448695
507 448703
507 448727
507 448753
511 448756
508 448757
507 448757
505 448764
509 448774
507 448798
509 448799
510 448804
508 448815
510 448823
509 448835
507 448843
506 448855
508 448863
508 448893
508 448894
508 448906
507 448908
509 448916
507 448937
508 448937
506 448943
507 448955
507 448963
509 448975
510 449005
509 449008
510 449015
509 449024
506 449033
507 449044
506 449054
506 449064
507 449073
508 449084
509 449105
509 449108
511 449115
508 449124
506 449132
509 449157
507 449157
508 449164
507 449188
506 449188
509 449193
513 449218
508 449219
505 449223
508 449235
507 449243
507 449255
508 449263
508 449275
509 449283
506 449295
506 449316
507 449318
506 449337
509 449338
506 449345
508 449379
508 449402
509 449402
511 449403
508 449410
508 449413
505 449413
505 449423
508 449434
508 449442
507 449454
506 449462
509 449474
510 449482
508 449494
506 449502
505 449514
507 449536
508 449538
507 449546
507 449555
508 449563
508 449575
508 449595
506 449598
507 449606
507 449615
507 449636
509 449638
508 449645
510 449655
510 449663
506 449675
504 449683
508 449704
508 449704
509 449725
509 449728
508 449735
509 449755
511 449763
508 449774
507 449783
507 449795
507 449802
509 449814
508 449835
508 449838
508 449845
511 449860
507 449863
507 449872
506 449896
506 449896
509 449916
508 449918
508 449937
508 449937
509 449944
509 449953
508 449964
507 449986
507 449988
509 449995
507 450017
509 450018
508 450023
508 450034
508 450043
507 450054
507 450063
503 450074
527 450083
482 450097
490 450105
489 450114
506 450123
487 450134
486 450143
486 450154
507 450163
514 450174
497 450183
496 450194
512 450203
506 450214
513 450223
507 450234
506 450243
503 450255
508 450263
506 450274
507 450283
507 450294
513 450303
513 450314
511 450323
501 450334
516 450343
512 450354
509 450363
508 450374
511 450383
515 450394
505 450403
507 450415
514 450423
509 450434
510 450443
508 450468
508 450468
511 450473
510 450495
508 450503
506 450514
507 450523
505 450534
510 450543
502 450554
509 450563
507 450574
510 450583
510 450594
504 450603
506 450614
503 450649
511 450654
510 450655
509 450657
504 450664
507 450673
514 450703
513 450704
504 450705
504 450717
509 450737
509 450737
507 450761
511 450762
504 450764
510 450774
510 450784
508 450805
505 450808
510 450816
507 450835
507 450846
508 450848
506 450856
508 450864
511 450873
505 450884
506 450893
507 450904
508 450913
507 450924
508 450946
509 450948
509 450956
510 450964
509 450973
508 450984
506 450993
506 451017
506 451018
507 451023
509 451047
510 451048
509 451053
512 451065
507 451073
505 451097
508 451097
509 451104
508 451114
508 451123
508 451134
509 451143
509 451154
508 451162
506 451187
509 451187
508 451197
506 451215
508 451223
507 451235
509 451243
509 451255
507 451263
506 451295
507 451295
510 451296
507 451303
507 451315
507 451323
506 451335
510 451343
508 451355
506 451363
507 451375
507 451383
509 451407
509 451407
508 451413
509 451424
509 451433
510 451444
505 451453
508 451465
508 451485
508 451488
507 451494
508 451517
507 451518
512 451522
508 451534
509 451542
506 451554
508 451562
508 451588
509 451707
509 451716
509 451716
509 451717
507 451718
509 451718
504 451719
508 451719
507 451720
507 451720
509 451721
506 451722
510 451722
510 451723
509 451725
507 451735
507 451757
508 451757
511 451763
507 451787
511 451787
507 451794
510 451804
508 451813
508 451825
508 451833
507 451857
507 451857
506 451863
508 451874
510 451882
508 451894
506 451912
507 451924
508 451932
507 451944
507 451953
507 451965
508 451973
509 452007
506 452008
507 452010
508 452014
507 452025
507 452033
508 452057
509 452057
508 452063
508 452075
511 452083
508 452095
507 452103
507 452127
508 452127
507 452133
509 452157
507 452157
509 452163
509 452174
509 452183
508 452194
507 452228
507 452230
508 452235
507 452236
508 452257
509 452257
509 452277
508 452278
507 452284
507 452292
505 452304
506 452312
508 452324
508 452333
508 452345
509 452353
508 452365
507 452386
506 452388
508 452396
509 452405
509 452413
509 452425
507 452433
509 452445
511 452453
507 452465
506 452473
507 452499
508 452499
508 452504
508 452527
508 452528
508 452533
512 452545
507 452553
505 452565
508 452573
507 452584
509 452593
507 452604
509 452612
508 452624
509 452632
507 452644
506 452652
507 452664
507 452673
507 452685
507 452693
508 452705
510 452723
510 452748
509 452748
507 452753
507 452765
510 452773
507 452785
506 452805
508 452808
508 452815
507 452825
509 452833
508 452857
508 452857
509 452863
508 452874
508 452883
509 452895
507 452903
508 452914
508 452923
508 452947
507 452948
508 452972
507 452973
509 452975
506 452985
509 452994
507 453002
511 453014
507 453022
506 453047
507 453048
507 453053
507 453078
509 453078
507 453085
510 453095
510 453103
507 453115
505 453123
505 453135
507 453168
507 453171
508 453176
506 453177
509 453185
510 453198
509 453205
506 453213
507 453237
509 453237
508 453243
509 453267
507 453267
509 453273
510 453288
508 453293
506 453311
507 453313
509 453337
507 453337
508 453343
508 453367
506 453367
508 453372
509 453384
507 453406
506 453408
506 453456
507 453456
507 453457
509 453459
508 453481
507 453481
510 453493
508 453494
507 453505
507 453513
506 453525
507 453533
507 453545
507 453553
508 453565
509 453573
509 453585
505 453605
506 453608
507 453615
508 453637
508 453638
508 453643
509 453654
508 453662
507 453674
504 453696
507 453708
508 453708
508 453712
508 453737
508 453737
509 453742
513 453754
507 453762
507 453774
507 453783
509 453795
509 453803
509 453815
508 453824
508 453835
510 453843
506 453855
506 453863
503 453875
507 453883
509 453907
506 453907
506 453913
509 453925
508 453933
510 453945
508 453953
506 453990
507 453992
509 453992
508 454007
508 454007
508 454013
508 454024
510 454033
508 454044
508 454053
508 454077
506 454078
509 454084
508 454094
509 454103
508 454114
509 454122
507 454134
507 454142
509 454155
509 454173
508 454204
507 454204
509 454205
507 454215
510 454225
508 454233
505 454245
507 454253
507 454277
508 454277
508 454295
506 454298
507 454305
509 454315
509 454325
505 454334
506 454343
509 454355
507 454382
509 454382
509 454385
508 454395
510 454404
510 454414
507 454424
507 454432
510 454444
508 454452
507 454464
509 454472
510 454484
508 454492
509 454516
507 454516
506 454522
508 454548
508 454549
509 454554
508 454565
509 454573
508 454585
507 454594
507 454618
505 454618
508 454623
506 454647
509 454647
507 454653
507 454666
509 454673
509 454685
508 454693
505 454717
507 454717
506 454723
508 454747
506 454747
507 454752
508 454764
509 454773
507 454784
507 454818
507 454824
507 454824
508 454827
509 454847
507 454871
508 454873
510 454873
507 454874
507 454884
508 454935
508 454938
508 454938
508 454939
509 454941
510 454953
512 454965
508 454973
506 454985
507 454993
508 455005
509 455014
508 455025
509 455035
506 455045
509 455053
507 455065
508 455073
507 455106
508 455108
509 455177
506 455179
509 455179
509 455180
509 455180
509 455181
508 455181
507 455182
510 455197
508 455197
507 455209
507 455214
508 455230
509 455233
509 455244
506 455254
508 455266
507 455274
508 455301
508 455302
508 455305
508 455316
508 455325
510 455333
509 455345
504 455377
507 455377
506 455387
507 455387
508 455394
508 455405
507 455415
514 455424
506 455433
506 455444
507 455453
507 455465
508 455473
507 455497
510 455497
509 455503
510 455514
507 455528
507 455534
506 455555
509 455558
508 455564
508 455574
506 455591
507 455593
508 455604
509 455614
507 455627
508 455634
508 455643
507 455654
508 455667
509 455685
509 455693
508 455705
508 455714
507 455879
507 455880
508 455880
507 455881
509 455882
508 455882
509 455883
509 455883
509 455884
508 455885
507 455886
507 455886
509 455887
510 455888
509 455889
509 455889
507 455892
510 455894
509 455904
506 455913
505 455978
506 455979
506 455979
506 455980
506 455981
508 455981
507 455984
508 455995
508 456004
510 456014
507 456075
507 456129
507 456129
506 456130
509 456130
507 456131
507 456133
506 456133
506 456134
508 456135
508 456135
510 456256
508 456409
508 456409
509 456411
507 456411
508 456412
507 456412
505 456413
506 456413
508 456414
509 456414
508 456415
508 456415
509 456418
507 456418
505 456419
506 456419
509 456420
507 456420
508 456421
508 456421
509 456422
510 456423
507 456423
506 456424
507 456449
509 456450
507 456451
507 456451
508 456454
508 456454
511 456455
507 456470
505 456484
507 456502
508 456502
508 456505
508 456515
508 456525
510 456542
512 456544
508 456555
506 456565
507 456578
508 456585
510 456597
508 456616
508 456616
508 456627
511 456634
508 456647
506 456654
507 456696
508 456696
506 456697
507 456698
508 456704
507 456717
509 456724
507 456739
507 456744
507 456758
509 456764
508 456823
509 456842
509 456843
507 456844
507 456844
509 456845
507 456847
504 456847
509 456855
507 456865
509 456885
508 456885
509 456895
508 456917
510 456940
507 456942
507 456942
508 456957
506 456957
509 456973
508 456974
507 456984
509 457001
510 457023
507 457024
506 457025
506 457034
506 457044
509 457084
508 457085
508 457086
509 457086
510 457094
508 457109
507 457127
507 457127
507 457132
508 457144
508 457166
508 457175
509 457201
512 457201
507 457204
507 457215
506 457225
507 457234
508 457245
508 457259
507 457264
508 457273
511 457284
509 457294
508 457305
508 457321
510 457324
507 457336
509 457344
508 457353
507 457364
509 457372
509 457403
506 457403
507 457404
507 457412
507 457424
509 457432
506 457444
508 457454
509 457464
510 457473
507 457485
504 457495
506 457504
508 457515
508 457524
507 457535
507 457544
508 457556
507 457564
508 457573
503 457584
506 457611
508 457612
508 457627
507 457628
507 457634
509 457644
511 457655
502 457664
503 457686
513 457688
513 457694
508 457704
525 457713
510 457724
506 457735
513 457744
511 457753
505 457764
505 457773
507 457784
511 457793
507 457804
509 457813
511 457824
510 457833
509 457844
511 457853
509 457877
506 457877
507 457894
503 457904
509 457913
508 457924
509 457945
509 457949
510 457967
509 457967
519 457974
521 457984
502 458004
508 458004
514 458013
507 458024
509 458033
502 458044
512 458065
508 458068
506 458075
507 458084
507 458093
509 458104
508 458113
509 458124
507 458133
507 458144
506 458153
505 458185
507 458186
508 458186
513 458193
513 458204
491 458213
523 458224
484 458233
488 458244
480 458253
523 458264
491 458273
509 458284
519 458293
511 458304
499 458313
504 458337
508 458337
507 458343
508 458354
511 458363
509 458374
507 458398
506 458399
507 458404
509 458413
505 458424
508 458433
513 458444
513 458453
508 458464
499 458473
500 458484
512 458493
498 458504
506 458513
512 458524
501 458533
508 458544
508 458553
509 458564
507 458573
510 458584
507 458593
505 458604
504 458613
510 458624
512 458633
509 458654
506 458663
502 458687
503 458688
509 458701
508 458704
511 458728
503 458729
507 458734
509 458743
518 458754
513 458775
513 458777
507 458785
509 458794
505 458815
511 458817
505 458825
508 458834
518 458843
507 458854
524 458875
471 458877
538 458901
515 458902
495 458904
522 458916
538 458924
535 458934
502 458945
526 458954
517 458963
496 458987
517 458987
511 458994
507 459017
507 459018
509 459024
510 459033
507 459044
511 459053
507 459064
505 459073
507 459102
509 459102
506 459105
510 459115
509 459123
508 459135
509 459153
507 459166
507 459166
509 459172
507 459197
509 459212
509 459215
508 459225
510 459233
510 459246
509 459246
506 459252
507 459264
509 459285
510 459287
509 459295
508 459317
508 459317
510 459333
508 459347
505 459347
509 459365
506 459368
508 459385
508 459407
508 459407
508 459413
511 459424
506 459433
505 459444
508 459453
508 459465
507 459473
509 459484
510 459505
508 459507
509 459515
508 459524
507 459532
505 459557
509 459557
507 459562
507 459574
510 459582
507 459594
507 459602
508 459628
508 459628
505 459632
508 459644
507 459652
506 459665
508 459673
507 459685
509 459719
511 459725
508 459725
505 459726
510 459733
506 459757
507 459757
510 459763
509 459774
509 459783
508 459794
509 459815
504 459818
507 459824
507 459834
509 459842
508 459854
509 459862
509 459874
502 459882
507 459941
507 459941
506 459942
507 459942
507 459943
508 459945
507 459954
508 459963
512 459974
512 459983
509 459994
506 460002
507 460014
507 460022
507 460034
507 460043
509 460054
509 460063
507 460074
506 460098
507 460099
507 460104
508 460113
508 460124
508 460143
507 460154
509 460163
508 460174
507 460182
507 460194
508 460202
509 460214
508 460222
508 460234
508 460243
509 460254
507 460276
508 460278
503 460297
519 460297
498 460323
511 460324
499 460324
507 460334
515 460344
511 460353
514 460365
506 460373
511 460384
504 460393
505 460404
506 460413
509 460424
506 460433
511 460444
506 460453
506 460464
505 460473
506 460484
507 460493
510 460504
508 460513
508 460524
507 460533
510 460544
502 460565
506 460568
505 460586
519 460587
502 460594
487 460603
525 460614
518 460623
493 460646
494 460647
528 460653
516 460664
506 460673
505 460684
512 460696
511 460704
506 460713
506 460724
504 460733
508 460757
518 460757
493 460762
525 460774
500 460783
519 460794
505 460803
501 460814
524 460835
502 460838
511 460845
514 460854
511 460863
502 460903
508 460922
508 460923
515 460929
508 460929
506 460934
510 460955
506 460957
509 460965
507 460987
505 460988
509 460993
514 461004
506 461013
490 461037
493 461037
526 461043
513 461062
503 461064
504 461075
518 461095
525 461098
515 461104
508 461114
505 461123
504 461134
509 461143
504 461154
506 461163
510 461187
506 461187
508 461262
507 461270
508 461271
511 461271
512 461272
510 461272
504 461273
507 461274
509 461276
508 461292
501 461294
511 461304
507 461314
498 461323
509 461334
502 461343
515 461354
504 461376
513 461378
507 461386
499 461394
504 461419
508 461420
510 461424
510 461433
509 461444
508 461453
508 461464
507 461473
508 461484
506 461505
509 461508
507 461515
507 461524
507 461533
508 461544
511 461553
506 461564
503 461600
508 461605
507 461607
507 461614
508 461624
507 461632
509 461644
511 461652
507 461664
506 461685
507 461687
507 461694
509 461704
508 461712
507 461725
508 461733
512 461745
508 461753
507 461765
507 461773
508 461785
508 461827
509 461827
510 461828
508 461828
511 461847
510 461847
508 461853
508 461865
510 461873
507 461884
510 461893
509 461904
509 461913
509 461924
509 461932
507 461944
505 461952
509 461964
506 461972
509 461984
506 461992
510 462004
508 462012
507 462036
507 462036
503 462042
508 462061
506 462063
509 462074
507 462082
505 462095
508 462103
510 462115
507 462123
506 462135
506 462143
505 462155
507 462181
506 462186
508 462195
509 462198
510 462218
506 462218
506 462225
507 462233
506 462244
508 462254
510 462264
509 462273
505 462287
510 462292
508 462304
506 462312
506 462324
508 462332
509 462344
507 462352
508 462374
508 462382
507 462394
508 462402
509 462414
504 462422
507 462434
507 462442
509 462454
509 462476
509 462478
508 462486
508 462495
509 462503
506 462515
510 462523
506 462535
508 462543
509 462555
510 462563
509 462575
508 462603
506 462604
507 462605
507 462614
506 462623
509 462634
508 462643
507 462654
509 462662
508 462674
507 462683
506 462694
506 462702
508 462714
508 462722
507 462734
506 462742
507 462767
509 462768
508 462785
506 462787
506 462795
509 462804
507 462812
508 462824
507 462845
509 462848
510 462855
509 462872
505 462875
508 462885
507 462893
509 462904
509 462913
507 462925
509 462933
512 462945
508 462953
507 462964
506 462973
508 463005
508 463005
507 463006
507 463013
508 463024
508 463033
508 463044
506 463053
508 463064
509 463073
507 463084
508 463103
509 463114
508 463123
509 463134
508 463143
507 463154
502 463163
512 463174
520 463183
529 463206
488 463207
525 463212
539 463224
487 463233
524 463244
521 463253
523 463264
505 463273
506 463292
502 463295
509 463304
509 463313
509 463324
506 463333
506 463344
508 463352
507 463364
504 463373
510 463384
507 463393
506 463416
505 463417
502 463423
508 463434
505 463443
509 463454
505 463463
506 463474
509 463495
506 463497
506 463505
509 463514
505 463522
506 463534
507 463543
509 463554
506 463563
508 463574
509 463595
508 463597
509 463605
506 463614
505 463623
508 463634
506 463643
508 463654
504 463663
507 463674
510 463683
507 463695
501 463705
507 463714
513 463722
510 463734
505 463743
509 463754
510 463763
508 463786
507 463787
507 463792
507 463811
508 463814
506 463824
508 463833
508 463854
507 463863
508 463874
510 463883
509 463894
507 463903
507 463914
508 463923
509 463934
508 463943
510 463954
509 463963
511 463974
506 463983
504 463994
508 464003
508 464014
508 464023
507 464034
509 464043
509 464054
509 464063
508 464074
506 464083
507 464106
508 464107
506 464113
506 464124
508 464133
509 464144
509 464166
508 464168
508 464200
507 464201
507 464201
508 464203
508 464214
508 464224
508 464233
508 464244
510 464252
507 464264
505 464272
508 464284
504 464292
509 464305
508 464312
507 464336
508 464336
508 464355
507 464358
506 464365
508 464374
506 464383
506 464394
508 464403
507 464415
509 464423
510 464435
507 464443
507 464454
507 464463
507 464475
509 464483
509 464494
509 464503
508 464514
511 464535
507 464560
506 464560
507 464561
507 464564
508 464572
508 464597
509 464602
508 464614
510 464622
508 464634
507 464642
508 464654
510 464677
508 464678
509 464684
508 464698
506 464704
509 464725
509 464728
507 464735
506 464745
507 464753
507 464765
508 464794
509 464798
507 464798
508 464805
510 464858
507 464858
507 464859
509 464860
507 464861
508 464863
508 464873
508 464922
508 464984
510 465070
507 465071
507 465073
507 465073
507 465074
509 465075
508 465075
508 465076
508 465076
509 465077
507 465078
505 465078
507 465079
506 465080
508 465080
508 465081
509 465081
509 465082
512 465084
509 465107
506 465108
508 465115
508 465162
508 465163
509 465163
508 465164
506 465166
510 465187
508 465188
508 465194
508 465208
508 465214
508 465223
508 465261
509 465262
509 465262
508 465265
508 465273
506 465305
509 465306
508 465318
508 465319
508 465324
509 465342
508 465354
509 465362
508 465374
508 465382
506 465394
508 465402
507 465414
507 465422
509 465434
508 465442
509 465454
509 465475
507 465478
506 465485
504 465495
507 465517
506 465517
508 465525
508 465532
507 465544
509 465553
508 465565
506 465572
507 465585
508 465592
508 465604
508 465612
508 465624
509 465632
511 465644
507 465652
506 465664
508 465672
508 465684
507 465692
508 465704
508 465712
508 465724
510 465732
508 465752
505 465753
506 465781
507 465781
509 465784
507 465795
509 465802
508 465822
510 465832
509 465842
507 465853
506 465863
508 465873
508 465876
508 465883
510 465899
508 465903
509 465915
509 465923
508 465934
506 465943
508 465954
506 465963
508 465974
508 466000
508 466000
508 466003
510 466015
507 466024
508 466032
509 466044
506 466052
508 466064
508 466072
507 466094
507 466115
510 466116
507 466124
506 466135
507 466144
506 466152
507 466164
506 466172
508 466184
509 466195
510 466204
508 466231
506 466232
507 466235
507 466245
507 466254
507 466263
507 466274
509 466283
510 466294
507 466302
506 466314
507 466322
508 466334
507 466342
507 466354
508 466362
508 466374
510 466398
510 466399
506 466404
506 466415
508 466424
507 466433
509 466444
508 466452
508 466464
509 466472
509 466484
505 466553
505 466554
508 466555
507 466555
508 466556
509 466559
509 466559
509 466564
510 466574
506 466582
506 466594
507 466603
509 466615
509 466623
509 466634
508 466644
509 466654
509 466663
507 466674
506 466682
508 466694
508 466703
508 466714
508 466723
508 466734
510 466755
510 466757
506 466765
506 466808
508 466809
508 466812
508 466813
508 466824
508 466839
509 466862
510 466863
507 466865
506 466872
507 466884
506 466892
509 466904
508 466912
508 466954
509 466954
509 466957
507 466957
507 466964
506 466974
509 466984
508 466993
508 467005
508 467027
508 467028
508 467035
508 467042
507 467054
507 467063
509 467074
507 467083
509 467094
508 467102
507 467114
508 467122
509 467134
507 467142
506 467154
508 467162
509 467174
507 467182
508 467194
509 467202
508 467214
510 467222
506 467234
506 467242
508 467255
508 467262
509 467274
508 467282
509 467294
509 467302
510 467314
508 467322
507 467334
507 467342
508 467355
508 467363
508 467387
508 467388
510 467393
510 467417
507 467427
506 467428
508 467435
506 467442
508 467455
508 467462
509 467474
509 467482
509 467494
508 467503
508 467514
506 467522
509 467534
507 467542
508 467564
508 467573
508 467586
508 467592
508 467604
507 467612
506 467624
509 467633
508 467644
506 467652
509 467664
508 467672
508 467697
510 467697
507 467703
506 467714
508 467723
507 467734
508 467756
508 467757
507 467765
506 467772
510 467784
507 467796
507 467804
507 467812
506 467824
509 467832
508 467844
508 467852
510 467864
511 467872
508 467884
506 467892
507 467904
508 467912
508 467924
509 467932
508 467957
509 467957
510 467962
508 467980
505 467984
507 467992
508 468004
508 468012
509 468024
510 468032
509 468044
511 468052
509 468064
506 468073
507 468085
508 468093
509 468105
508 468113
508 468137
507 468137
509 468143
509 468154
507 468163
506 468174
509 468182
510 468194
506 468219
508 468226
508 468226
509 468232
509 468244
507 468252
505 468264
509 468272
506 468284
506 468292
508 468326
508 468326
508 468332
510 468344
507 468352
506 468364
508 468372
506 468384
508 468404
507 468407
508 468414
508 468431
511 468434
508 468445
506 468453
507 468464
506 468485
508 468488
508 468495
508 468504
509 468512
511 468524
507 468532
507 468544
507 468552
508 468564
508 468572
509 468584
508 468592
509 468604
510 468612
509 468624
508 468632
507 468644
510 468652
508 468664
508 468672
509 468700
508 468700
508 468703
508 468714
505 468722
507 468734
509 468742
508 468754
508 468762
507 468774
507 468782
507 468806
508 468806
507 468812
506 468829
509 468835
508 468844
508 468853
508 468864
508 468872
509 468884
511 468892
507 468904
506 468912
508 468924
506 468932
508 468944
507 468953
509 468974
508 468982
510 468994
505 469018
506 469019
508 469024
507 469032
506 469044
506 469052
506 469076
508 469076
510 469094
508 469097
507 469104
507 469114
508 469134
508 469137
507 469144
507 469154
509 469162
510 469195
508 469195
507 469196
508 469203
508 469214
508 469223
508 469234
507 469243
508 469254
510 469262
509 469274
507 469282
507 469299
507 469303
510 469314
508 469322
509 469334
508 469342
509 469354
510 469362
507 469374
506 469382
506 469394
508 469402
507 469414
509 469422
508 469446
505 469446
509 469453
504 469464
507 469472
507 469484
508 469492
507 469504
507 469512
508 469524
508 469532
510 469544
508 469552
505 469564
507 469573
507 469585
507 469593
508 469604
508 469613
508 469637
510 469637
508 469642
507 469654
508 469662
508 469682
509 469684
508 469694
508 469702
508 469714
511 469722
508 469734
507 469742
507 469754
509 469762
507 469784
509 469792
508 469804
509 469812
510 469824
508 469832
507 469844
506 469852
509 469864
508 469884
509 469887
509 469894
508 469911
509 469916
510 469924
508 469932
507 469943
509 469953
506 469965
508 469973
508 469984
508 469997
509 470020
510 470021
507 470023
507 470034
507 470042
506 470054
509 470088
508 470093
509 470094
507 470096
510 470104
507 470112
506 470124
506 470132
507 470144
508 470153
507 470164
508 470172
507 470197
510 470205
507 470208
504 470214
506 470224
507 470232
507 470244
503 470252
507 470264
499 470285
493 470287
496 470295
510 470304
509 470312
501 470323
506 470333
510 470344
507 470366
507 470367
512 470392
509 470392
505 470402
506 470404
507 470414
506 470424
508 470433
510 470444
505 470462
512 470464
508 470496
507 470497
504 470503
512 470528
507 470529
507 470534
504 470544
518 470554
516 470563
510 470574
509 470583
500 470594
503 470603
504 470614
507 470628
507 470634
510 470642
506 470654
509 470688
508 470694
506 470694
506 470697
507 470704
509 470725
509 470728
507 470734
509 470744
511 470753
507 470764
508 470786
497 470802
494 470802
526 470804
485 470825
518 470827
532 470834
531 470844
502 470852
494 470864
500 470872
521 470887
507 470893
509 470917
510 470917
509 470923
510 470934
507 470943
505 470954
507 470962
509 470974
509 471002
508 471003
509 471029
509 471032
505 471034
504 471035
503 471045
510 471053
517 471062
512 471074
501 471083
512 471094
508 471102
506 471114
508 471123
508 471134
508 471142
506 471154
505 471163
509 471174
509 471187
508 471209
510 471210
508 471213
506 471224
508 471232
511 471244
510 471252
512 471263
501 471283
517 471294
496 471303
496 471314
501 471322
499 471334
518 471355
497 471357
495 471365
507 471374
499 471400
506 471401
509 471403
505 471415
512 471424
529 471432
520 471444
512 471452
518 471464
465 471472
496 471484
509 471493
487 471504
474 471512
464 471524
520 471532
490 471544
514 471552
511 471564
507 471572
510 471601
508 471601
508 471605
507 471614
507 471622
507 471634
508 471643
509 471654
507 471663
508 471674
509 471695
505 471697
505 471705
507 471727
508 471727
506 471732
505 471784
507 471784
509 471787
510 471787
507 471812
505 471813
507 471879
508 471887
507 471887
507 471890
507 471983
509 471984
509 471984
507 471985
505 471985
508 471986
508 471986
509 471987
508 471987
508 471988
509 471988
511 471989
507 471989
506 472379
506 472380
510 472382
510 472382
508 472383
508 472383
510 472384
510 472384
508 472385
507 472385
505 472386
509 472386
509 472387
509 472387
509 472388
509 472388
509 472389
509 472389
507 472390
506 472390
507 472391
508 472392
507 472392
508 472393
508 472393
509 472394
509 472394
507 472395
507 472395
508 472396
507 472397
508 472397
508 472398
507 472399
508 472399
510 472400
508 472400
507 472401
507 472401
507 472402
507 472404
508 472407
508 472408
506 472414
510 472424
505 472433
505 472444
507 472456
507 472489
508 472490
509 472491
509 472494
508 472502
510 472514
507 472523
506 472692
507 472693
508 472694
508 472694
508 472695
507 472696
509 472696
510 472697
509 472697
505 472697
507 472698
509 472698
507 472699
509 472699
509 472700
508 472702
507 472702
508 472705
507 472713
506 472724
509 472733
507 472842
509 472842
509 472843
510 472843
508 472844
509 472845
507 472845
507 472846
508 472848
508 472848
508 472853
509 472864
507 472887
508 472897
509 472897
509 472904
507 472914
507 472930
507 472933
508 472945
507 472954
507 472969
508 472974
509 472983
508 473003
506 473003
507 473013
506 473024
509 473044
508 473047
507 473055
509 473064
510 473072
511 473084
505 473147
506 473149
507 473154
509 473155
506 473155
509 473158
508 473158
512 473323
507 473323
505 473324
507 473324
507 473325
507 473325
508 473326
507 473326
509 473327
509 473327
510 473328
506 473328
507 473329
507 473329
510 473330
506 473332
508 473332
508 473334
508 473343
510 473354
501 473363
517 473381
497 473384
510 473392
503 473403
507 473429
505 473429
500 473433
511 473442
510 473453
507 473462
503 473474
506 473493
510 473504
508 473513
507 473524
507 473532
510 473544
507 473553
507 473564
506 473572
505 473584
509 473610
509 473611
507 473613
509 473625
511 473634
507 473642
508 473695
509 473696
504 473698
523 473699
505 473699
485 473713
505 473740
498 473740
509 473741
505 473753
498 473767
518 473767
513 473772
502 473784
507 473793
510 473804
516 473813
508 473834
507 473859
511 473864
490 473864
527 473867
554 473874
490 473899
526 473906
498 473907
496 473916
495 473924
501 473932
527 473943
517 473952
499 473963
510 474013
506 474016
510 474017
511 474018
504 474020
507 474049
508 474054
507 474054
507 474057
504 474064
508 474072
503 474084
499 474092
498 474106
496 474113
525 474123
520 474132
484 474143
491 474152
494 474163
505 474172
507 474183
497 474192
512 474216
499 474216
509 474223
508 474256
507 474257
505 474262
507 474274
511 474298
507 474299
511 474304
507 474312
508 474323
507 474332
508 474343
507 474352
508 474363
506 474372
509 474383
506 474392
507 474406
510 474425
511 474427
495 474435
503 474444
501 474452
516 474464
515 474472
504 474483
508 474493
507 474503
505 474523
508 474536
507 474536
511 474542
507 474553
511 474562
508 474592
506 474593
508 474594
507 474605
507 474614
508 474629
507 474634
507 474643
510 474654
505 474662
506 474674
507 474682
508 474694
509 474702
508 474727
508 474727
509 474732
511 474751
508 474753
505 474764
507 474772
507 474796
509 474796
508 474802
509 474814
509 474822
512 474834
507 474842
507 474853
506 474862
508 474874
509 474882
506 474893
509 474902
507 474914
511 474921
507 474933
508 474941
506 474953
509 474962
507 474984
508 474992
508 475017
509 475017
507 475022
508 475034
507 475042
506 475054
509 475062
507 475074
508 475082
507 475094
508 475102
508 475114
510 475122
509 475134
505 475142
507 475154
506 475162
507 475174
509 475182
509 475194
508 475202
510 475214
507 475238
507 475238
508 475243
506 475252
505 475263
509 475272
507 475283
510 475291
512 475303
509 475312
506 475323
504 475331
506 475344
507 475352
507 475364
507 475374
506 475384
511 475392
507 475404
505 475412
505 475424
509 475432
507 475444
508 475452
508 475464
509 475472
510 475484
509 475492
506 475504
506 475512
509 475524
508 475532
507 475544
509 475552
508 475564
510 475572
509 475584
506 475592
506 475603
507 475612
506 475624
509 475632
509 475644
509 475652
507 475663
508 475671
509 475720
506 475764
505 475764
508 475765
507 475768
509 475769
506 475769
509 475770
507 475774
509 475796
507 475798
506 475805
507 475814
508 475822
507 475834
506 475843
509 475854
511 475862
506 475874
505 475882
508 475917
508 475921
507 475925
507 475927
508 475934
508 475944
512 475952
508 475964
505 475972
509 475984
506 475992
509 476003
508 476012
509 476023
508 476032
511 476043
507 476077
508 476129
507 476129
508 476130
507 476131
507 476131
509 476132
506 476133
510 476135
509 476142
507 476153
505 476162
510 476173
514 476182
479 476193
512 476202
500 476213
471 476222
507 476233
541 476242
509 476254
510 476262
503 476274
510 476282
514 476294
507 476302
509 476314
508 476322
505 476334
510 476342
507 476353
505 476362
509 476373
507 476397
502 476398
511 476403
508 476412
508 476423
501 476444
510 476446
508 476455
509 476464
506 476472
511 476494
499 476532
510 476533
505 476533
506 476534
505 476543
502 476552
508 476576
508 476576
508 476582
511 476593
513 476602
511 476613
506 476622
502 476633
509 476642
512 476654
508 476675
505 476710
507 476711
509 476712
511 476712
511 476714
518 476734
507 476737
500 476745
505 476753
510 476762
508 476773
507 476782
509 476793
508 476802
508 476836
510 476837
506 476838
509 476842
509 476854
507 476862
508 476874
510 476893
506 476906
507 476906
506 476912
506 476923
507 476932
509 476944
507 476952
509 476963
507 476972
510 476983
504 477014
505 477017
504 477018
509 477022
508 477034
507 477042
506 477054
511 477062
509 477074
508 477082
508 477106
505 477107
507 477112
508 477123
508 477132
507 477143
510 477152
507 477163
507 477184
505 477187
508 477194
510 477204
509 477222
509 477234
506 477242
510 477254
510 477262
506 477274
507 477282
506 477294
509 477302
507 477314
508 477322
509 477334
509 477342
510 477354
508 477362
507 477386
509 477386
507 477392
507 477418
508 477418
507 477422
509 477434
509 477442
507 477454
507 477462
508 477473
506 477482
507 477493
508 477501
509 477513
508 477522
510 477533
508 477541
504 477553
507 477561
508 477573
508 477582
508 477594
508 477602
507 477614
510 477622
506 477634
506 477655
509 477657
508 477677
509 477677
507 477699
509 477700
508 477703
510 477712
508 477724
507 477732
508 477756
509 477756
508 477762
507 477774
506 477782
508 477794
508 477802
509 477814
506 477822
507 477833
509 477842
508 477854
508 477862
508 477873
509 477882
508 477900
509 477902
508 477911
507 477923
508 477931
506 477953
509 477962
508 477974
507 477982
508 477994
510 478015
506 478017
507 478041
508 478042
508 478045
507 478054
509 478064
508 478072
509 478096
511 478096
507 478102
506 478126
508 478126
506 478132
506 478144
508 478152
507 478164
506 478172
511 478184
507 478203
506 478204
508 478226
508 478226
510 478232
507 478244
509 478251
508 478264
510 478271
507 478283
507 478293
508 478303
507 478312
506 478323
508 478332
506 478344
506 478352
510 478364
506 478372
505 478384
506 478401
507 478404
509 478415
509 478424
508 478432
507 478444
508 478452
509 478464
507 478472
508 478484
508 478503
510 478516
505 478516
507 478539
510 478540
510 478544
509 478552
508 478564
506 478572
507 478584
506 478600
508 478602
509 478614
508 478623
509 478631
510 478644
507 478652
506 478663
506 478671
507 478697
506 478701
507 478714
508 478722
509 478734
509 478767
507 478774
506 478774
507 478775
510 478782
509 478794
509 478802
509 478814
509 478822
511 478834
508 478842
508 478854
506 478862
509 478874
506 478882
509 478903
507 478903
509 478912
508 478924
508 478932
506 478943
504 478973
508 478974
506 478974
509 478996
509 478996
506 479002
507 479026
509 479026
507 479035
506 479043
508 479052
507 479063
508 479071
508 479084
507 479093
509 479104
508 479114
505 479124
507 479140
508 479143
508 479154
507 479196
508 479197
508 479197
507 479198
510 479202
508 479214
506 479232
508 479242
506 479252
508 479262
509 479274
506 479282
508 479294
512 479302
508 479314
507 479322
508 479333
507 479342
507 479354
508 479361
503 479373
508 479394
511 479397
508 479404
508 479413
508 479421
508 479433
508 479442
508 479453
507 479462
509 479474
509 479506
509 479507
506 479507
508 479514
507 479522
507 479534
508 479542
509 479554
508 479562
508 479574
509 479582
507 479594
507 479602
506 479614
509 479622
507 479634
508 479642
508 479654
508 479662
509 479674
508 479682
506 479706
509 479706
506 479712
509 479724
506 479732
508 479743
507 479752
508 479763
507 479786
506 479796
506 479797
508 479801
507 479813
508 479822
508 479833
509 479842
511 479866
506 479866
505 479872
508 479897
509 479897
505 479902
509 479914
507 479922
509 479934
511 479942
506 479954
506 479974
506 479998
510 479999
510 480000
508 480004
509 480014
509 480022
509 480034
507 480042
507 480054
507 480062
509 480073
508 480082
508 480094
510 480102
509 480113
509 480121
510 480133
506 480141
506 480153
509 480171
506 480184
508 480192
508 480204
509 480212
509 480224
509 480232
509 480244
508 480252
508 480264
507 480272
509 480284
508 480307
507 480308
508 480314
509 480334
507 480337
507 480344
506 480366
505 480366
508 480372
508 480384
508 480392
506 480404
511 480428
508 480429
506 480434
507 480442
507 480454
507 480461
509 480473
508 480481
508 480493
511 480502
508 480513
506 480521
506 480533
508 480542
506 480553
508 480561
507 480574
509 480582
510 480599
506 480602
505 480614
507 480622
508 480647
508 480647
507 480652
504 480664
508 480672
510 480684
509 480692
507 480704
506 480712
509 480724
508 480732
508 480744
508 480768
508 480768
509 480774
509 480782
508 480793
507 480802
506 480813
507 480822
508 480833
508 480842
507 480853
508 480862
511 480873
508 480882
506 480893
506 480901
509 480923
509 480931
507 480943
506 480952
508 480964
509 480972
507 480984
506 480992
503 481004
508 481013
508 481024
508 481032
508 481044
506 481052
511 481089
506 481089
507 481090
505 481093
507 481104
508 481121
509 481124
507 481135
505 481144
511 481152
507 481164
506 481172
506 481184
509 481193
509 481216
508 481216
507 481222
507 481234
510 481261
509 481262
507 481263
507 481285
510 481285
508 481292
509 481303
508 481312
506 481324
508 481332
507 481344
507 481352
507 481364
508 481385
509 481387
508 481395
509 481404
508 481413
508 481424
510 481432
508 481456
508 481456
507 481462
508 481474
509 481482
510 481494
509 481502
508 481514
510 481522
508 481534
506 481542
507 481553
509 481562
509 481574
508 481582
509 481602
508 481602
511 481624
507 481627
506 481646
509 481647
508 481653
509 481671
508 481683
508 481691
510 481704
509 481712
510 481724
506 481732
506 481744
508 481752
506 481785
508 481786
507 481786
507 481792
509 481804
509 481825
507 481827
506 481834
508 481844
507 481852
508 481864
508 481872
508 481884
506 481894
510 481905
508 481926
507 481927
508 481933
505 481942
507 481953
508 481962
508 481973
508 481994
507 481997
507 482004
507 482020
508 482022
507 482033
507 482041
508 482053
506 482061
509 482074
510 482083
506 482094
507 482102
508 482114
508 482122
508 482134
508 482142
508 482154
509 482163
512 482174
508 482201
507 482201
508 482204
508 482214
508 482224
507 482232
507 482244
508 482264
512 482267
507 482274
506 482284
507 482292
508 482304
509 482312
507 482323
508 482332
509 482343
510 482352
509 482363
507 482371
507 482384
508 482391
509 482413
506 482421
508 482433
508 482441
509 482454
510 482462
507 482475
506 482482
507 482494
507 482502
508 482514
508 482522
507 482534
508 482542
509 482554
507 482562
507 482574
508 482582
509 482595
507 482604
507 482614
508 482622
510 482634
511 482642
507 482654
506 482662
507 482673
507 482694
508 482697
508 482704
510 482713
509 482734
510 482737
507 482744
506 482753
509 482761
508 482773
509 482781
508 482793
508 482801
509 482813
510 482835
507 482837
505 482845
507 482867
508 482881
506 482884
511 482884
508 482895
508 482902
510 482914
508 482922
506 482934
506 482942
510 482954
507 482962
509 482974
507 482982
508 482994
508 483002
509 483014
508 483022
506 483034
508 483042
506 483054
508 483062
508 483074
505 483082
508 483094
510 483102
508 483114
507 483122
508 483133
508 483152
508 483163
508 483172
507 483183
508 483192
509 483203
507 483212
508 483224
506 483232
508 483243
506 483252
502 483263
523 483272
513 483283
510 483303
523 483303
510 483313
504 483335
508 483337
512 483344
510 483353
502 483362
508 483373
511 483382
507 483393
508 483414
511 483417
508 483425
506 483439
514 483444
510 483454
508 483462
515 483473
508 483482
503 483493
509 483502
510 483513
508 483522
507 483533
510 483542
511 483553
512 483562
507 483574
507 483582
510 483598
508 483602
509 483613
511 483622
507 483633
509 483642
509 483678
509 483681
507 483683
508 483685
504 483692
509 483703
505 483712
508 483723
508 483732
509 483743
508 483752
508 483763
507 483772
514 483783
510 483792
489 483804
532 483812
517 483823
496 483845
508 483847
497 483855
512 483863
502 483872
500 483906
503 483908
516 483913
510 483923
509 483932
512 483944
507 483952
505 483964
506 483972
506 483984
510 483992
509 484004
505 484012
511 484023
509 484032
513 484043
504 484052
510 484063
511 484072
509 484083
513 484092
507 484103
510 484112
510 484123
508 484132
509 484144
508 484152
509 484163
507 484172
508 484184
509 484192
509 484203
507 484212
509 484223
507 484232
510 484243
508 484252
504 484263
511 484272
515 484284
499 484304
513 484306
514 484314
494 484323
517 484332
499 484343
526 484352
504 484363
504 484372
515 484383
508 484392
510 484403
510 484412
511 484423
497 484444
507 484447
498 484454
528 484463
504 484497
513 484500
489 484502
502 484513
519 484549
526 484550
497 484551
513 484552
503 484610
515 484611
509 484612
509 484612
508 484613
507 484615
507 484617
509 484632
509 484643
508 484667
510 484688
508 484688
508 484723
508 484726
509 484726
505 484729
509 484729
507 484732
509 484746
509 484752
509 484764
509 484772
512 484807
509 484809
505 484814
509 484820
508 484836
508 484837
508 484844
509 484852
509 484864
510 484872
506 484883
507 484892
506 484903
507 484927
508 484927
508 484933
509 484942
510 484953
510 484961
506 484973
506 484982
508 484993
506 485001
509 485013
508 485021
504 485055
508 485055
510 485056
506 485062
505 485074
507 485082
508 485094
510 485102
507 485114
508 485122
509 485134
509 485142
507 485154
507 485162
506 485200
508 485202
508 485204
507 485204
508 485214
508 485260
509 485264
510 485267
507 485267
506 485270
509 485349
506 485350
508 485350
508 485351
507 485354
508 485354
510 485355
507 485355
507 485356
508 485363
507 485383
509 485392
506 485403
508 485424
509 485427
509 485434
507 485444
506 485452
509 485464
507 485476
508 485491
508 485494
508 485502
508 485526
510 485527
508 485532
507 485556
508 485556
507 485562
508 485574
508 485582
506 485597
509 485616
511 485617
507 485637
505 485637
508 485642
509 485653
508 485661
508 485673
509 485682
509 485693
510 485715
508 485716
505 485723
508 485731
510 485743
507 485751
509 485763
508 485771
507 485795
506 485795
508 485801
506 485814
507 485822
508 485834
507 485842
508 485854
509 485862
507 485874
509 485882
508 485894
507 485902
506 485914
508 485922
506 485934
508 485942
507 485954
508 485962
509 485974
510 485994
508 486018
507 486019
506 486020
508 486023
508 486032
508 486044
508 486052
509 486076
510 486076
508 486083
507 486117
508 486118
508 486122
508 486133
509 486142
507 486179
509 486182
510 486184
507 486184
508 486193
508 486203
507 486212
507 486223
508 486232
504 486265
509 486266
511 486267
508 486272
506 486284
507 486292
509 486304
510 486312
501 486323
520 486332
509 486343
510 486377
509 486379
515 486381
498 486394
501 486396
509 486404
507 486413
508 486422
506 486433
508 486442
511 486454
510 486462
508 486474
507 486482
506 486493
506 486502
508 486513
506 486522
508 486533
506 486542
510 486553
506 486580
507 486581
503 486583
508 486594
506 486603
514 486612
523 486636
501 486637
531 486642
532 486654
514 486662
503 486673
518 486695
509 486706
509 486706
505 486712
506 486723
503 486732
503 486743
509 486752
516 486763
512 486772
508 486783
523 486792
488 486803
486 486812
466 486824
530 486832
479 486844
537 486862
495 486873
519 486883
501 486893
511 486902
518 486913
508 486934
502 486937
502 486956
511 486993
506 486998
508 486999
509 487001
508 487002
509 487015
504 487017
505 487024
505 487034
498 487042
492 487053
514 487062
497 487073
518 487082
523 487104
492 487117
503 487117
513 487123
526 487132
495 487143
503 487152
502 487163
507 487172
509 487183
508 487192
513 487204
510 487212
510 487224
501 487232
512 487243
507 487318
504 487319
499 487320
497 487320
510 487321
507 487321
506 487322
507 487324
507 487333
499 487343
499 487352
507 487363
507 487372
504 487397
502 487398
513 487406
516 487413
510 487422
508 487433
507 487443
513 487453
508 487464
507 487473
504 487482
506 487493
507 487518
508 487519
508 487523
510 487544
508 487547
508 487553
508 487574
508 487588
507 487589
506 487604
508 487613
509 487624
509 487632
508 487644
505 487652
510 487664
506 487672
507 487684
510 487692
509 487704
508 487712
509 487724
508 487732
510 487744
509 487752
507 487764
505 487772
507 487783
506 487792
508 487803
506 487812
509 487836
508 487837
516 487841
509 487853
505 487861
508 487873
508 487881
505 487900
510 487902
509 487913
505 487921
510 487933
509 487942
507 487954
509 487962
509 487974
507 487994
510 487997
507 488004
510 488014
508 488022
505 488034
506 488058
506 488059
507 488064
507 488072
508 488084
507 488092
510 488103
507 488112
507 488124
507 488132
507 488143
507 488151
507 488163
507 488172
506 488183
508 488192
509 488209
510 488212
507 488223
508 488232
509 488243
507 488251
506 488263
509 488271
508 488283
508 488291
509 488303
508 488311
507 488324
507 488332
505 488354
508 488362
508 488374
508 488382
505 488394
510 488402
508 488414
507 488422
508 488434
507 488442
508 488454
507 488462
506 488474
507 488500
508 488501
508 488504
506 488514
507 488523
508 488531
508 488543
508 488552
509 488563
509 488572
508 488596
509 488629
507 488635
508 488636
510 488636
508 488637
508 488643
507 488656
508 488663
508 488672
508 488683
508 488702
504 488705
507 488715
507 488724
508 488736
508 488744
508 488752
508 488764
508 488772
508 488822
507 488823
508 488824
509 488825
506 488828
508 488833
509 488842
510 488853
511 488862
508 488873
505 488881
507 488893
509 488902
509 488913
509 488922
508 488933
510 488942
510 488953
507 488961
508 488973
507 488981
507 488993
508 489001
507 489025
507 489026
509 489041
511 489053
507 489061
506 489074
507 489082
508 489108
510 489109
507 489126
508 489127
507 489133
511 489143
508 489153
506 489161
506 489173
509 489182
507 489193
509 489214
508 489217
509 489224
493 489233
520 489242
537 489253
484 489262
491 489273
489 489282
475 489322
535 489323
488 489324
504 489324
517 489334
513 489343
501 489352
502 489363
504 489372
510 489383
508 489401
510 489403
510 489467
508 489468
507 489469
507 489469
504 489470
512 489470
501 489472
515 489483
510 489494
509 489503
504 489524
506 489526
510 489534
508 489543
518 489552
510 489563
509 489585
507 489611
506 489672
512 489672
510 489674
506 489675
506 489675
509 489676
508 489676
507 489677
512 489678
504 489683
509 489706
506 489706
506 489713
505 489723
509 489732
506 489743
507 489752
506 489763
511 489772
507 489783
507 489792
507 489804
505 489814
508 489823
509 489842
508 489866
507 489866
510 489872
510 489883
509 489892
505 489903
505 489911
506 489923
506 489932
509 489943
507 489965
508 489967
509 489974
510 489983
508 490004
506 490007
507 490014
508 490023
508 490032
508 490043
509 490052
510 490063
512 490072
510 490083
505 490107
506 490108
508 490113
509 490122
509 490133
507 490142
507 490153
511 490162
508 490173
506 490183
510 490193
509 490202
509 490213
508 490222
507 490233
509 490242
508 490253
506 490262
506 490273
507 490281
507 490303
508 490303
507 490312
508 490348
507 490350
510 490353
509 490355
507 490361
507 490373
510 490381
508 490404
508 490405
509 490412
508 490423
509 490431
509 490443
507 490451
507 490463
510 490471
505 490484
508 490492
508 490508
509 490525
509 490527
510 490539
507 490544
507 490552
508 490575
507 490582
508 490593
507 490604
508 490613
507 490621
510 490633
507 490641
507 490653
507 490662
507 490673
509 490681
509 490693
508 490701
509 490713
512 490721
510 490733
506 490741
507 490765
506 490765
509 490771
509 490783
509 490805
509 490809
511 490812
510 490823
506 490833
508 490842
508 490854
508 490862
509 490874
509 490884
506 490930
510 490942
509 490957
507 490958
507 490965
506 490966
506 490966
509 490967
506 491007
508 491008
507 491009
510 491017
504 491017
507 491023
507 491032
506 491043
508 491051
507 491063
507 491072
508 491083
511 491107
507 491108
506 491113
507 491121
507 491133
509 491141
508 491153
507 491173
509 491176
511 491195
508 491195
505 491203
508 491211
507 491223
509 491232
509 491244
506 491252
509 491264
511 491272
508 491284
507 491292
508 491304
508 491322
508 491334
508 491342
505 491354
509 491374
510 491377
508 491383
506 491429
508 491432
507 491433
510 491436
508 491436
508 491443
509 491453
509 491461
508 491473
507 491485
507 491493
508 491501
510 491513
509 491521
508 491533
508 491541
509 491553
509 491561
508 491573
506 491599
508 491600
508 491603
507 491614
507 491624
506 491632
508 491644
509 491652
507 491664
507 491672
508 491684
506 491692
508 491716
507 491716
506 491722
508 491746
509 491748
506 491752
507 491763
507 491772
508 491783
508 491817
509 491823
508 491823
508 491829
511 491846
507 491846
505 491851
507 491863
508 491871
509 491883
507 491904
508 491906
507 491926
511 491927
508 491933
505 491941
507 491953
508 491974
508 491976
509 491984
507 491994
509 492009
511 492014
507 492022
506 492034
507 492052
510 492064
509 492072
509 492083
509 492092
508 492116
509 492116
509 492122
507 492133
506 492141
508 492153
506 492161
508 492173
508 492181
507 492198
509 492216
510 492217
507 492223
507 492231
507 492243
507 492251
509 492276
509 492277
508 492281
504 492295
509 492301
508 492313
506 492321
506 492333
507 492341
508 492353
507 492362
507 492374
507 492382
511 492407
508 492415
504 492418
508 492425
507 492434
509 492454
508 492457
506 492476
507 492477
508 492483
508 492492
507 492503
508 492511
509 492523
506 492531
508 492543
507 492551
506 492563
509 492571
508 492583
506 492591
508 492613
510 492614
511 492623
506 492633
510 492641
506 492653
509 492661
507 492675
508 492681
505 492693
505 492701
506 492713
509 492721
510 492746
509 492746
509 492772
509 492773
507 492775
506 492784
507 492801
508 492813
510 492822
510 492846
508 492846
508 492851
509 492864
508 492871
506 492883
508 492891
507 492903
509 492914
508 492923
505 492933
509 492943
510 492951
507 492963
507 492971
508 492995
508 492995
509 493001
506 493013
508 493039
509 493040
511 493043
508 493053
507 493063
507 493084
509 493086
507 493093
507 493103
508 493126
508 493127
512 493134
509 493142
507 493154
508 493162
510 493186
508 493187
509 493192
509 493204
508 493212
507 493224
509 493232
508 493256
505 493256
505 493261
508 493299
509 493299
508 493300
507 493304
508 493313
508 493321
506 493333
507 493341
508 493353
507 493361
509 493373
509 493381
509 493393
510 493401
509 493413
508 493421
507 493433
509 493441
509 493453
508 493476
508 493477
507 493496
509 493496
511 493502
507 493514
505 493522
505 493534
508 493552
508 493564
507 493572
507 493584
509 493604
508 493605
508 493614
506 493622
508 493633
507 493654
509 493657
508 493664
507 493673
509 493681
509 493693
509 493701
508 493713
507 493721
508 493733
507 493741
508 493753
508 493761
508 493773
509 493781
508 493829
505 493830
506 493831
507 493834
507 493836
507 493843
506 493853
507 493862
509 493874
509 493886
507 493901
506 493903
506 493940
506 493942
509 493944
507 493945
508 493995
508 493995
508 493995
507 493996
505 494022
506 494022
509 494023
508 494023
508 494033
508 494041
510 494053
510 494061
506 494073
506 494095
507 494097
508 494104
509 494126
509 494127
506 494131
510 494143
513 494151
508 494163
506 494171
508 494183
510 494202
508 494215
508 494218
509 494221
507 494234
511 494242
508 494254
507 494272
507 494310
509 494312
510 494314
507 494314
507 494324
507 494333
509 494354
508 494357
507 494364
507 494373
509 494403
507 494404
508 494404
507 494413
507 494421
510 494433
510 494441
507 494453
506 494461
508 494473
507 494481
508 494493
508 494501
508 494513
508 494521
509 494533
507 494541
507 494553
507 494561
507 494573
508 494581
508 494593
508 494601
507 494614
510 494723
508 494724
506 494808
508 494809
507 494809
508 494810
507 494810
507 494811
509 494811
509 494812
508 494813
506 494813
508 494814
509 494814
509 494815
509 494815
508 494816
509 494817
510 494817
509 494820
506 494822
507 494833
509 494841
507 494853
508 494874
508 494876
509 494883
509 494893
510 494901
506 494913
506 494933
509 494936
507 494944
508 494953
508 494961
506 494974
508 494982
510 494994
508 495002
505 495014
509 495022
506 495044
509 495064
507 495067
507 495074
509 495096
510 495096
507 495102
506 495114
506 495122
507 495133
508 495142
508 495153
507 495162
509 495173
511 495181
508 495195
506 495201
507 495213
508 495221
509 495233
507 495241
507 495253
509 495274
510 495276
507 495284
506 495293
508 495317
508 495318
508 495324
508 495332
509 495344
509 495352
511 495364
508 495372
505 495384
507 495392
507 495404
510 495412
507 495424
509 495432
508 495456
507 495456
508 495462
507 495473
506 495482
507 495493
509 495502
507 495513
508 495522
509 495545
510 495545
509 495551
507 495563
506 495571
509 495596
507 495596
507 495601
509 495613
508 495621
508 495633
509 495641
507 495653
506 495661
508 495686
507 495686
509 495692
508 495704
508 495712
509 495724
510 495732
507 495744
506 495752
508 495764
507 495782
507 495817
507 495817
508 495824
507 495827
511 495834
507 495843
506 495852
507 495876
507 495876
508 495882
509 495893
508 495902
509 495913
510 495921
508 495933
506 495941
506 495953
509 495961
506 495973
508 495981
507 495993
509 496001
508 496013
508 496021
506 496033
507 496041
508 496053
509 496062
508 496074
509 496094
506 496097
509 496104
510 496113
509 496122
507 496134
506 496142
507 496153
508 496161
507 496173
509 496182
505 496193
507 496202
508 496213
506 496238
509 496239
507 496243
508 496252
509 496263
507 496272
509 496283
508 496292
510 496303
509 496312
522 496323
511 496332
516 496343
511 496352
519 496363
513 496372
509 496383
507 496392
510 496403
508 496412
506 496423
508 496432
509 496443
508 496452
508 496463
511 496472
510 496483
505 496492
512 496513
512 496522
502 496533
508 496542
509 496553
508 496562
510 496573
509 496582
508 496593
497 496602
518 496626
511 496650
516 496652
500 496653
505 496653
514 496663
514 496672
510 496696
506 496696
507 496714
510 496717
509 496724
507 496733
508 496742
508 496753
510 496762
509 496773
506 496782
508 496793
510 496814
509 496816
504 496824
523 496833
529 496842
493 496853
527 496862
486 496873
481 496882
482 496893
520 496902
509 496913
521 496922
496 496933
513 496942
502 496953
502 496962
506 496973
505 496982
507 496993
508 497012
507 497014
508 497023
510 497031
506 497043
504 497052
505 497063
509 497072
514 497083
516 497092
501 497103
499 497112
502 497123
516 497132
503 497143
504 497152
506 497163
509 497184
507 497186
508 497194
510 497203
508 497212
509 497223
509 497232
507 497253
509 497262
508 497273
508 497294
507 497296
504 497304
506 497313
506 497322
511 497333
500 497341
520 497353
520 497361
519 497373
513 497394
507 497397
508 497416
521 497417
507 497423
506 497432
508 497443
510 497464
511 497466
499 497474
501 497483
514 497492
507 497503
478 497512
562 497523
522 497532
512 497543
516 497564
539 497566
553 497574
499 497596
525 497597
509 497602
504 497626
513 497627
509 497653
509 497668
508 497671
505 497691
509 497693
508 497694
508 497735
507 497735
507 497736
510 497737
508 497737
508 497763
507 497772
509 497784
507 497795
510 497798
507 497806
507 497806
507 497813
507 497834
509 497836
509 497844
508 497866
508 497912
509 497914
508 497915
507 497915
507 497916
507 497927
506 497931
508 497943
507 497951
508 497976
509 497976
507 498006
505 498009
508 498014
509 498015
506 498023
509 498031
507 498043
509 498051
511 498063
508 498071
505 498117
508 498117
508 498118
507 498127
507 498133
507 498144
508 498147
511 498154
508 498164
506 498171
506 498183
508 498192
509 498204
507 498212
509 498223
510 498242
510 498256
508 498256
507 498274
508 498277
509 498284
507 498293
507 498302
509 498313
508 498321
509 498333
509 498342
507 498353
507 498361
509 498373
507 498381
508 498393
507 498401
507 498413
506 498421
509 498433
507 498454
507 498456
505 498464
506 498473
509 498481
508 498506
509 498506
507 498512
509 498536
507 498536
507 498542
507 498593
507 498593
508 498635
508 498636
508 498636
507 498637
510 498637
507 498638
505 498640
507 498656
507 498656
508 498663
508 498671
508 498683
510 498692
510 498703
508 498711
506 498723
508 498741
509 498753
508 498761
507 498773
509 498806
509 498806
509 498807
508 498817
508 498821
507 498845
509 498845
507 498851
508 498863
508 498871
509 498883
509 498892
508 498903
508 498912
506 498923
510 498931
507 498943
507 498952
508 498976
508 498976
509 498982
509 499006
507 499007
506 499011
507 499023
