507 526128
509 526132
508 526135
506 526181
508 526570
508 526572
509 526573
507 526574
508 526574
506 526575
508 526575
507 526576
506 526576
508 526577
508 526577
508 526578
507 526578
509 526579
508 526621
510 526622
507 526622
506 526623
509 526623
502 526624
512 526626
510 526626
509 526627
511 526627
503 526628
506 526628
507 526629
510 526629
511 526630
506 526631
510 526631
509 526632
505 526632
507 526633
510 526634
507 526634
508 526635
509 526635
508 526636
505 526637
507 526637
510 526638
510 526638
507 526639
510 526639
510 526640
507 526640
505 526641
506 526641
507 526642
498 526642
512 526643
501 526644
497 526644
502 526645
514 526646
514 526646
511 526647
507 526647
507 526648
507 526648
508 526649
507 526649
508 526650
510 526650
508 526651
507 526651
511 526652
512 526652
502 526653
509 526653
508 526654
507 526654
508 526655
506 526655
505 526656
502 526656
509 526657
502 526657
503 526658
509 526658
508 526659
511 526659
504 526660
507 526660
510 526660
501 526661
505 526661
515 526662
508 526663
505 526663
504 526664
511 526801
509 526802
508 526802
508 526803
504 526804
509 526804
505 526805
503 526805
506 526806
512 526806
507 526807
505 526807
508 526808
508 526808
510 526809
513 526811
510 526811
503 526812
507 526812
498 526813
508 526813
507 526814
503 526814
510 526815
507 526815
516 526816
501 526816
514 526817
499 526817
497 526817
498 526818
508 526818
545 526819
517 526821
522 526821
505 526835
516 526846
505 526898
508 526898
502 526901
504 526901
512 526945
509 526945
510 526946
509 526953
506 526977
506 527042
505 527042
520 527043
540 527043
521 527044
498 527070
507 527071
508 527084
528 527085
508 527086
512 527109
505 527109
512 527126
501 527127
505 527133
507 527189
515 527189
497 527190
520 527191
501 527191
488 527192
519 527336
494 527339
516 527339
513 527340
492 527340
491 527341
509 527342
518 527342
504 527343
504 527344
502 527344
507 527345
510 527345
508 527346
509 527346
504 527348
507 527422
507 527425
509 527425
504 527426
509 527427
508 527427
509 527428
508 527429
506 527431
508 527442
506 527452
508 527462
507 527472
508 527483
507 527516
506 527516
507 527525
505 527526
517 527533
482 527543
517 527553
503 527563
537 527573
514 527583
533 527605
465 527605
514 527612
479 527622
521 527632
533 527643
520 527652
478 527675
442 527675
463 527682
519 527702
483 527712
517 527722
486 527732
465 527742
353 527752
511 527762
486 527772
566 527782
469 527792
493 527802
475 527812
535 527822
487 527832
525 527842
512 527852
499 527863
527 527873
616 527883
735 527896
537 527903
580 527913
417 527922
524 527932
508 527955
496 527956
585 527963
508 527973
501 527982
480 527993
493 528002
502 528012
505 528022
496 528032
506 528043
509 528052
505 528062
505 528098
507 528102
509 528102
506 528105
509 528112
509 528122
506 528147
507 528148
509 528152
507 528163
507 528172
504 528182
508 528192
509 528202
505 528212
505 528222
509 528232
506 528243
508 528252
508 528275
503 528276
504 528283
514 528293
506 528303
506 528313
505 528335
511 528335
507 528343
499 528352
501 528362
507 528372
509 528385
509 528405
510 528405
513 528412
506 528422
496 528432
491 528452
525 528462
535 528472
515 528482
515 528492
504 528515
510 528515
504 528522
505 528532
505 528542
506 528552
510 528562
506 528572
505 528582
507 528592
508 528615
505 528615
509 528623
507 528633
507 528643
507 528653
507 528663
506 528673
509 528683
506 528693
507 528718
510 528718
506 528721
510 528733
505 528805
508 528805
507 528806
509 528806
507 528807
508 528808
511 528808
505 528811
507 528822
506 528995
507 528995
508 528996
505 528996
507 528997
507 528998
509 528998
510 528999
507 528999
512 529000
527 529000
486 529001
516 529001
505 529002
504 529002
510 529003
509 529005
505 529005
509 529013
507 529405
505 529406
505 529406
511 529407
507 529408
512 529408
503 529409
508 529409
505 529410
508 529411
509 529411
506 529412
507 529412
508 529412
521 529413
513 529413
502 529414
508 529414
501 529414
513 529415
505 529415
509 529416
508 529416
505 529416
509 529417
508 529417
505 529418
507 529418
505 529419
508 529419
508 529419
499 529420
508 529420
512 529421
508 529421
505 529421
507 529422
509 529422
507 529425
508 529425
508 529433
508 529595
510 529596
508 529596
506 529597
507 529597
509 529598
508 529598
508 529599
509 529603
508 529603
509 529604
508 529604
507 529605
509 529605
508 529605
507 529608
509 529608
509 529611
507 529622
508 529632
508 529642
506 529652
507 529662
509 529672
549 529682
564 529692
488 530006
478 530007
655 530007
554 530008
492 530008
628 530009
447 530009
500 530010
731 530011
531 530011
427 530012
416 530013
532 530014
500 530014
544 530015
466 530015
494 530016
495 530016
503 530017
501 530017
515 530018
513 530018
502 530019
501 530019
503 530020
507 530020
506 530021
510 530021
508 530022
509 530022
512 530024
508 530024
504 530032
505 530402
508 530402
508 530403
507 530403
507 530404
508 530405
509 530406
508 530406
507 530407
506 530408
509 530408
507 530409
507 530409
508 530410
509 530411
509 530411
508 530412
507 530413
507 530413
509 530414
507 530414
509 530415
509 530415
508 530416
509 530416
509 530416
508 530417
506 530417
506 530418
509 530418
508 530418
507 530419
508 530419
510 530419
508 530420
508 530420
507 530420
507 530423
509 530423
506 530432
508 530607
507 530607
510 530608
512 530609
506 530609
504 530609
507 530610
508 530610
508 530611
508 530611
506 530612
508 530612
511 530612
508 530613
506 530613
505 530613
507 530614
509 530616
509 530622
509 531402
507 531403
510 531403
509 531404
506 531404
506 531405
507 531405
511 531406
508 531406
508 531407
509 531407
509 531408
508 531408
507 531409
507 531409
510 531410
506 531410
507 531410
508 531411
509 531411
508 531412
509 531412
507 531413
506 531413
508 531414
507 531414
508 531415
508 531415
509 531415
508 531416
509 531416
507 531417
507 531417
507 531417
507 531418
508 531418
508 531418
509 531419
508 531419
511 531420
507 531420
506 531421
507 531421
506 531422
508 531422
507 531423
508 531423
506 531424
510 531424
509 531424
506 531425
507 531425
509 531426
509 531426
508 531427
504 531427
509 531427
509 531428
507 531431
508 531431
507 531432
509 531432
508 531432
509 531433
509 531433
509 531434
510 531434
508 531435
506 531435
507 531435
506 531436
508 531436
507 531437
508 531437
511 531438
509 531438
510 531440
507 531441
505 531441
509 531443
508 531452
509 531462
508 531484
511 531484
510 531492
510 531502
508 531512
508 531522
507 531532
509 531542
508 531552
508 531562
509 531584
508 531584
509 531640
509 531640
506 531643
507 531896
508 531896
509 531899
508 531899
507 531902
510 531975
510 531975
508 531976
507 531984
507 531985
508 531985
507 531986
508 531986
503 532013
509 532016
510 532016
508 532019
507 532019
507 532022
506 532022
511 532023
506 532024
508 532026
507 532076
509 532076
509 532077
507 532077
505 532078
508 532080
510 532080
507 532083
509 532083
508 532084
509 532084
509 532085
507 532087
507 532087
508 532119
507 532125
506 532125
507 532128
507 532130
509 532135
509 532135
506 532136
506 532136
507 532139
507 532139
510 532142
507 532142
508 532143
507 532155
510 532155
508 532202
506 532202
506 532205
506 532205
508 532227
508 532229
505 532229
508 532245
510 532245
509 532252
508 532262
510 532294
510 532294
509 532295
507 532302
509 532396
508 532396
510 532397
507 532398
506 532398
506 532399
508 532399
507 532400
510 532401
509 532404
507 532424
508 532425
510 532601
510 532601
507 532602
509 532602
506 532603
509 532604
509 532604
509 532605
507 532605
509 532606
507 532606
507 532607
507 532607
507 532608
498 532608
507 532608
505 532609
512 532614
504 532614
515 532796
509 532797
510 532797
501 532798
504 532798
507 532799
481 532799
506 532800
504 532800
506 532801
511 532801
504 532802
500 532802
510 532803
512 532803
504 532803
505 532804
513 532807
518 532807
510 532812
512 533207
511 533207
504 533208
499 533209
491 533209
508 533210
508 533211
514 533211
508 533212
510 533212
510 533213
505 533213
510 533214
507 533214
491 533215
511 533215
507 533216
506 533216
506 533216
501 533217
509 533217
509 533218
510 533218
489 533218
524 533219
511 533219
505 533220
517 533220
507 533220
497 533221
510 533221
511 533222
507 533222
507 533223
512 533223
509 533224
503 533224
507 533224
499 533227
508 533227
511 533257
507 533259
508 533263
511 533263
512 533272
505 533282
505 533292
508 533302
511 533312
510 533322
507 533332
508 533367
511 533367
506 533372
513 533372
503 533381
511 533391
503 533402
530 533425
507 533426
516 533432
513 533604
506 533604
506 533605
507 533606
511 533606
496 533607
500 533608
508 533608
509 533609
516 533609
487 533609
500 533610
507 533611
505 533611
508 533612
508 533612
509 533613
508 533624
508 533624
509 533632
508 533652
506 533662
508 533672
507 533682
509 533702
509 533714
509 533714
508 533722
509 533732
508 533742
508 533752
509 533762
507 533772
509 533782
506 533830
508 533831
507 533831
510 533832
508 533832
506 533842
508 533864
506 533864
508 533872
508 533997
508 533997
509 533998
511 533999
506 533999
506 534000
506 534001
508 534001
508 534004
508 534004
505 534252
508 534266
511 534266
507 534295
506 534295
507 534409
508 534410
506 534410
507 534411
507 534411
507 534412
509 534412
507 534413
506 534432
506 534432
506 534435
509 534435
511 534436
507 534436
507 534437
507 534440
507 534440
509 534443
507 534443
506 534452
510 534804
511 534805
507 534829
506 534830
507 534831
509 534831
509 534832
507 534832
508 534833
508 534833
510 534833
509 534834
504 534834
507 534835
507 534835
508 534836
508 534836
509 534836
508 534837
509 534837
508 534838
507 534838
508 534839
510 534839
507 534839
508 534840
508 534840
506 534841
509 534841
508 534842
506 534842
506 534843
507 534843
506 534844
508 534844
505 534847
508 534847
508 534848
508 534848
507 534851
507 534862
508 534872
507 534882
509 534892
508 534902
510 534912
506 534935
508 534936
509 534942
507 534952
507 534962
508 534981
511 534996
508 534998
508 535000
505 535024
510 535024
509 535032
504 535042
508 535052
507 535062
509 535073
507 535082
510 535104
509 535105
509 535112
508 535132
506 535141
509 535154
508 535163
507 535175
509 535182
509 535192
509 535202
511 535226
507 535226
507 535232
505 535255
507 535256
508 535275
507 535275
508 535282
509 535305
508 535305
506 535324
509 535324
505 535332
510 535342
506 535352
509 535362
508 535372
508 535382
508 535392
508 535414
510 535415
505 535422
507 535432
507 535442
509 535452
508 535462
507 535472
508 535482
510 535502
508 535514
505 535514
506 535522
510 535533
506 535542
508 535552
506 535562
508 535572
510 535582
508 535614
506 535614
508 535617
508 535629
505 535631
508 535642
506 535655
508 535662
510 535689
507 535690
505 535693
507 535702
508 535723
509 535724
509 535732
508 535803
508 535803
512 535804
508 535805
507 535805
506 535806
509 535807
510 535812
508 535822
551 535844
508 535844
509 535870
509 535872
508 535882
507 535892
508 535903
507 535913
509 535922
509 535932
506 535942
508 535952
508 535962
507 535972
507 535993
508 536002
507 536015
507 536015
508 536041
508 536041
509 536042
510 536052
508 536207
506 536208
508 536208
506 536209
508 536210
506 536210
508 536211
508 536212
510 536212
507 536213
505 536213
509 536214
508 536214
508 536215
508 536217
508 536217
507 536222
510 536603
509 536603
506 536604
506 536605
508 536605
506 536606
508 536606
507 536607
509 536607
509 536608
506 536608
504 536608
507 536609
509 536609
509 536610
506 536610
508 536610
506 536611
509 536613
510 536613
507 536614
507 536614
507 536615
508 536615
509 536616
509 536616
509 536619
510 536619
511 536620
508 536621
508 536622
509 536624
508 536997
509 536997
508 536998
509 536999
508 536999
509 537000
507 537000
506 537001
506 537001
508 537002
509 537002
507 537003
510 537003
506 537004
509 537004
507 537005
508 537005
506 537005
510 537006
508 537006
508 537006
508 537007
509 537007
509 537008
507 537008
506 537008
509 537009
508 537009
509 537010
508 537010
509 537010
507 537011
511 537011
509 537011
506 537012
508 537012
507 537014
508 537014
508 537014
509 537014
509 537014
510 537014
508 537015
510 537015
506 537018
506 537026
508 537026
507 537202
508 537203
508 537203
511 537204
510 537204
507 537205
508 537206
509 537206
510 537207
506 537207
506 537208
509 537208
511 537209
509 537209
507 537210
506 537210
509 537211
507 537211
505 537214
506 537222
510 537408
510 537408
511 537409
508 537409
506 537410
505 537410
509 537411
511 537412
506 537412
515 537413
508 537413
512 537414
504 537414
506 537415
507 537415
508 537416
500 537418
513 537418
530 537421
507 537432
516 537442
493 537452
493 537475
515 537475
509 537482
509 537505
512 537505
531 537512
508 537548
511 537548
508 537551
517 537587
499 537588
522 537588
511 537608
515 537610
515 537612
517 537612
510 537645
507 537650
509 537667
496 537667
513 537672
526 537672
480 537682
508 537692
524 537702
509 537736
508 537738
502 537804
423 537805
506 537805
505 537806
503 537806
506 537807
508 537807
506 537808
502 537825
504 537825
506 537832
507 537842
517 537877
509 537879
501 537881
502 537903
505 537917
510 537917
552 537920
509 538008
509 538008
504 538009
516 538009
513 538010
508 538010
509 538047
514 538049
512 538049
503 538199
508 538199
505 538200
508 538200
508 538224
501 538242
510 538253
512 538356
507 538356
503 538359
503 538361
512 538363
511 538363
509 538366
509 538366
510 538367
508 538370
507 538372
509 538372
509 538375
513 538798
507 538798
508 538799
508 538799
506 538800
509 538801
509 538801
509 538802
509 538802
508 538803
506 538803
505 538804
505 538804
511 538805
503 538805
510 538805
505 538806
507 538806
510 538807
507 538807
508 538808
509 538808
511 538809
509 538810
506 538810
507 538811
506 538811
512 538812
509 538812
507 538813
508 538814
508 538814
508 538815
510 538815
506 538815
508 538816
510 538816
509 538817
508 538817
508 538818
509 538818
508 538818
510 538819
508 538821
510 538821
508 538832
509 539611
506 539612
508 539612
507 539613
508 539613
509 539614
508 539615
505 539615
509 539616
508 539616
508 539617
507 539617
507 539618
507 539618
508 539618
508 539619
507 539619
503 539619
510 539620
507 539620
506 539621
506 539621
508 539621
508 539622
507 539622
509 539623
510 539623
511 539623
507 539624
508 539624
508 539624
508 539625
507 539625
508 539626
509 539626
505 539626
510 539627
509 539627
508 539627
506 539628
511 539628
505 539629
506 539629
506 539629
507 539630
507 539630
508 539631
507 539631
506 539631
512 539632
506 539632
505 539632
509 539633
510 539633
503 539634
506 539634
508 539634
508 539635
506 539635
505 539636
509 539636
509 539637
507 539637
509 539637
507 539638
508 539638
508 539639
505 539639
507 539639
505 539640
508 539640
504 539641
510 539641
517 539641
508 539642
502 539642
521 539643
513 539645
496 539645
508 539646
514 539652
506 540006
513 540007
501 540007
512 540008
515 540009
506 540009
506 540010
508 540011
507 540012
511 540012
508 540013
508 540013
505 540014
505 540014
508 540015
506 540016
512 540016
510 540017
508 540017
510 540018
510 540019
506 540019
509 540020
512 540020
505 540021
511 540021
508 540022
510 540022
506 540022
508 540023
506 540023
490 540024
508 540024
518 540025
500 540025
499 540027
510 540027
512 540030
517 540041
510 540051
505 540061
508 540071
506 540081
506 540091
507 540101
505 540111
508 540121
506 540131
507 540155
506 540155
507 540162
508 540172
507 540182
509 540192
509 540202
509 540225
511 540225
508 540232
506 540258
507 540259
508 540261
507 540284
508 540284
508 540400
510 540400
511 540401
508 540402
507 540402
512 540403
507 540403
504 540404
511 540404
507 540405
509 540414
510 540414
508 540422
508 540432
507 540441
510 540451
508 540461
510 540472
508 540482
510 540492
508 540502
506 540512
509 540522
506 540532
509 540542
505 540552
507 540562
506 540572
506 540582
507 540592
510 540612
507 540624
506 540624
506 540809
507 540809
507 540810
509 540811
508 540812
506 540812
511 540813
507 540813
505 540814
506 540815
508 540815
506 540816
508 540816
507 541072
509 541124
512 541124
505 541127
503 541127
508 541130
509 541134
508 541135
509 541137
507 541137
507 541138
512 541194
508 541194
506 541198
506 541199
508 541201
509 541203
508 541204
509 541206
508 541207
506 541600
504 541600
506 541601
508 541602
504 541602
507 541603
507 541604
508 541604
509 541605
506 541605
506 541606
507 541606
507 541607
505 541607
508 541607
508 541608
504 541608
508 541609
509 541609
510 541610
509 541610
508 541611
508 541611
510 541612
507 541612
506 541613
504 541614
506 541614
508 541615
506 541615
509 541616
508 541617
510 541617
509 541618
502 541619
508 541619
510 541620
509 541621
508 541621
508 541622
508 541623
510 541623
509 541624
505 541624
504 541625
508 541625
505 541626
506 541626
508 541627
504 541628
508 541628
513 541629
514 541630
495 541630
508 541631
500 541631
507 541632
501 541633
509 541635
509 541635
492 541636
516 541636
485 541642
495 541805
510 541805
507 541806
507 541806
496 541807
512 541807
509 541808
495 541808
498 541809
508 541810
495 541810
505 541811
506 541811
494 541812
510 541812
507 541825
510 541826
505 541845
291 541845
503 542009
502 542010
508 542010
489 542011
507 542011
505 542012
502 542012
528 542013
498 542013
508 542014
508 542014
507 542015
499 542015
503 542016
506 542016
502 542017
506 542019
507 542021
524 542032
518 542042
505 542064
511 542064
510 542072
517 542095
497 542095
521 542103
504 542125
516 542125
526 542133
508 542142
507 542165
514 542165
511 542172
508 542182
508 542192
492 542202
503 542212
510 542245
500 542245
502 542271
500 542272
506 542272
507 542275
501 542281
509 542388
501 542388
518 542389
503 542612
506 542671
508 542672
507 542674
512 542674
509 542675
505 542677
507 542677
508 542684
510 542684
-427 542687
507 542687
507 542690
509 542690
506 542706
508 542707
507 542710
507 542721
509 542735
508 542741
508 542751
506 542775
509 542775
507 542782
508 542793
508 542838
505 542839
509 542840
509 542857
508 542857
506 542860
505 542989
505 542989
510 542990
508 542990
509 542991
509 542992
509 542992
508 542993
506 542993
508 542993
507 542994
505 542994
507 542997
509 542997
507 543012
510 543032
507 543033
506 543054
506 543054
507 543103
507 543103
507 543104
507 543106
507 543106
511 543111
507 543206
507 543206
507 543207
508 543208
508 543208
507 543209
509 543210
509 543210
510 543211
509 543225
508 543225
507 543403
508 543404
509 543404
508 543405
509 543406
509 543406
509 543407
509 543408
507 543408
507 543409
506 543409
506 543410
509 543410
508 543411
507 543411
509 543412
509 543413
507 543413
505 543424
507 543424
506 543444
508 543444
508 543451
509 543461
507 543471
509 543481
507 543517
506 543519
507 543521
508 543523
508 543532
507 543801
507 543801
508 543802
511 543803
506 543803
505 543804
507 543804
508 543805
508 543805
512 543806
509 543806
513 543807
509 543807
505 543808
505 543808
507 543809
506 543809
506 543809
508 543810
507 543810
508 543811
510 543811
509 543811
506 543812
506 543812
509 543813
507 543815
507 543817
509 543820
508 543831
509 543841
509 543851
508 543861
507 543885
509 543885
507 543892
509 543902
509 543935
507 543935
508 543944
509 543944
507 543952
507 543962
507 543972
507 543991
509 544004
508 544004
509 544021
508 544031
510 544048
511 544051
506 544062
507 544204
508 544204
507 544205
509 544206
507 544206
507 544206
511 544207
505 544207
503 544208
505 544208
504 544209
508 544209
504 544210
508 544214
504 544214
509 544222
509 544232
505 544254
505 544255
506 544262
507 544284
508 544284
507 544292
509 544302
511 544311
509 544334
508 544334
506 544341
509 544352
507 544361
508 544397
508 544398
508 544402
508 544402
508 544411
507 544435
506 544445
510 544445
504 544452
508 544462
510 544472
509 544482
510 544588
509 544589
507 544589
506 544590
506 544590
509 544591
509 544591
508 544592
509 544592
508 544593
508 544596
507 544602
507 544630
506 544633
507 544633
508 544641
508 544657
508 544661
509 544671
510 544682
508 544691
506 544714
507 544714
507 544721
509 544731
506 544741
508 544751
507 544771
511 544781
508 544791
505 544801
507 544812
508 544835
509 544835
507 544842
507 544853
509 544862
510 544872
508 544882
505 544907
507 544908
508 544911
506 544922
507 544989
508 544990
507 544993
509 544993
508 544994
507 544994
507 545015
509 545015
507 545035
507 545036
507 545044
509 545044
508 545064
510 545064
507 545072
505 545107
508 545110
507 545113
506 545113
508 545121
509 545157
510 545159
508 545159
508 545174
505 545175
509 545203
507 545294
509 545294
504 545297
509 545297
509 545300
512 545300
508 545303
507 545303
505 545408
506 545408
507 545409
509 545409
510 545410
508 545410
510 545413
507 545413
503 545415
506 545415
510 545418
509 545614
510 545614
507 545615
505 545616
510 545617
510 545617
506 545618
506 545619
507 545619
508 545620
508 545620
507 545621
509 545622
507 545622
508 545623
507 545623
506 545624
508 545624
507 545625
507 545625
508 545626
507 545626
508 545629
509 545629
507 545632
505 545642
509 545652
506 545663
508 545672
509 545682
508 545692
509 545702
509 545724
506 545724
506 545732
509 545742
505 545752
508 545762
507 545772
506 545782
507 545791
509 545801
510 545821
506 545822
506 545831
507 546006
511 546006
510 546007
509 546008
507 546010
508 546011
509 546012
506 546012
506 546013
508 546013
507 546014
508 546014
508 546015
512 546015
512 546016
501 546018
508 546018
508 546021
508 546034
507 546034
539 546042
510 546052
490 546062
505 546072
508 546082
510 546092
504 546101
507 546135
489 546135
502 546144
512 546144
505 546151
513 546161
500 546172
517 546194
503 546194
522 546201
509 546211
507 546222
502 546245
512 546245
507 546255
521 546272
507 546402
510 546403
506 546403
511 546404
505 546405
509 546405
508 546406
511 546406
520 546407
512 546408
505 546409
505 546409
504 546410
543 546412
509 546422
514 546812
502 546813
511 546813
509 546814
507 546814
491 546815
507 546815
501 546816
505 546819
509 546820
507 546821
510 546821
507 546822
507 546823
507 546823
509 546823
514 546824
509 546824
508 546825
505 546825
511 546826
509 546826
506 546827
507 546827
510 546828
506 546828
507 546829
508 546829
508 546829
509 546830
508 546830
508 546831
506 546831
508 546832
506 546832
508 546843
508 546885
509 546885
509 546888
510 546890
508 546890
506 546922
508 546982
507 546982
509 546985
506 546986
507 546986
508 546989
510 546989
507 546990
506 546992
506 546992
507 546993
507 547005
508 547005
509 547207
509 547208
511 547208
508 547209
506 547210
507 547210
507 547211
508 547212
508 547212
506 547213
507 547213
512 547214
508 547214
509 547215
507 547215
514 547216
508 547216
508 547217
508 547217
510 547217
510 547218
509 547218
507 547236
508 547238
507 547608
510 547609
509 547609
509 547610
508 547610
508 547611
508 547612
507 547612
506 547613
509 547614
507 547614
507 547615
509 547615
508 547616
509 547616
509 547616
507 547617
505 547617
506 547618
505 547618
506 547619
510 547619
506 547619
509 547620
509 547620
506 547621
507 547621
505 547621
505 547622
508 547622
509 547623
508 547623
509 547623
509 547624
505 547624
505 547625
507 547625
508 547627
509 547627
509 547628
509 547630
507 547641
510 547662
508 547672
505 547682
506 547692
507 547702
507 547712
507 547722
509 547732
509 547742
511 547752
509 547762
507 547772
507 547781
508 547791
507 547802
505 548002
507 548002
507 548003
509 548004
508 548004
507 548005
507 548006
509 548006
507 548007
507 548008
508 548008
508 548009
506 548009
509 548010
508 548010
508 548011
508 548011
507 548012
509 548012
507 548015
508 548015
509 548022
511 548390
507 548391
506 548391
507 548392
506 548392
507 548392
508 548393
508 548393
508 548394
510 548394
507 548395
507 548395
651 548396
688 548396
309 548396
440 548397
440 548397
648 548398
431 548398
580 548399
552 548399
481 548399
620 548400
492 548400
247 548401
531 548401
371 548402
620 548402
488 548403
723 548403
364 548403
358 548404
554 548404
524 548405
483 548405
444 548406
468 548408
551 548408
434 548424
470 548424
501 548434
503 548454
496 548454
500 548464
506 548481
491 548504
495 548505
491 548534
502 548535
507 548544
506 548544
507 548551
510 548561
509 548571
508 548581
511 548591
507 548601
506 548611
508 548626
508 548632
507 548642
508 548652
506 548662
509 548672
510 548682
508 548692
506 548702
508 548712
507 548735
508 548735
508 548742
507 548752
508 548762
462 548772
891 548782
424 548792
615 548802
546 548818
613 548821
355 548831
375 548843
537 548851
406 548861
542 548871
466 548923
613 548924
515 548926
551 548926
433 548927
491 548931
524 549201
506 549202
509 549202
510 549203
507 549204
508 549204
508 549205
508 549205
510 549206
508 549206
507 549207
509 549207
507 549208
507 549208
507 549209
507 549209
508 549209
508 549210
508 549210
508 549211
510 549211
508 549211
507 549212
504 549212
502 549213
507 549213
506 549213
512 549216
511 549231
511 549612
508 549613
506 549613
506 549614
507 549614
509 549615
508 549615
506 549616
508 549617
509 549618
509 549618
506 549619
508 549619
509 549620
507 549620
509 549621
509 549621
509 549621
511 549622
508 549622
507 549623
508 549623
508 549623
506 549624
509 549624
501 549625
507 549625
509 549626
509 549626
507 549626
506 549627
507 549627
508 549628
510 549628
508 549629
508 549629
508 549630
507 549630
508 549632
506 549632
508 549641
505 549792
508 549793
507 549793
509 549794
509 549794
509 549795
507 549795
505 549796
507 549796
508 549796
507 549797
509 549797
508 549798
509 549801
509 549801
508 549802
505 549818
507 549821
508 549844
508 549844
508 549852
505 549862
510 549872
511 549882
507 549892
506 549901
509 549912
508 549922
508 549944
507 549945
508 549951
509 549972
511 549981
509 549991
507 550001
507 550011
508 550021
509 550044
508 550044
508 550051
509 550061
509 550071
509 550081
507 550103
507 550103
509 550123
507 550125
506 550132
509 550142
508 550162
509 550174
509 550175
506 550194
507 550194
506 550202
506 550212
508 550222
508 550232
508 550242
509 550252
509 550262
506 550272
506 550282
507 550291
507 550301
507 550311
507 550322
508 550347
508 550347
511 550350
508 550365
505 550371
507 550381
503 550391
508 550401
508 550411
509 550421
508 550431
510 550441
507 550451
505 550461
507 550471
508 550481
508 550491
508 550502
506 550512
509 550522
511 550544
507 550544
507 550552
506 550562
508 550573
509 550582
507 550604
511 550605
509 550612
509 550622
510 550632
508 550642
506 550652
510 550661
508 550672
509 550682
508 550691
509 550711
509 550734
511 550734
507 550741
508 550751
508 550761
507 550784
507 550784
508 550791
509 550801
509 550811
509 550821
509 550851
506 550852
507 550853
507 550861
509 551013
508 551013
508 551014
509 551015
511 551017
508 551018
506 551018
506 551019
507 551020
508 551020
509 551021
506 551021
507 551022
512 551022
507 551025
506 551025
507 551044
508 551045
508 551410
507 551411
505 551412
508 551412
509 551413
508 551414
506 551414
508 551415
508 551415
506 551416
507 551416
509 551417
509 551417
511 551418
507 551418
506 551419
507 551419
506 551420
507 551420
507 551420
509 551421
510 551421
509 551422
509 551422
508 551422
508 551423
507 551423
509 551424
507 551424
510 551425
509 551425
507 551425
508 551426
509 551426
507 551427
509 551427
508 551427
507 551430
508 551444
508 551444
507 552192
509 552217
507 552217
506 552218
506 552218
506 552219
506 552219
509 552220
509 552220
508 552221
511 552221
507 552222
505 552222
507 552223
508 552223
509 552223
508 552224
509 552224
507 552225
511 552225
507 552226
506 552226
508 552227
508 552227
510 552228
508 552228
508 552229
507 552229
508 552230
510 552230
506 552230
506 552231
509 552231
506 552232
507 552232
509 552233
507 552233
506 552234
506 552234
508 552235
506 552235
509 552236
508 552236
508 552237
509 552237
509 552238
508 552238
506 552238
507 552239
508 552239
509 552240
509 552240
509 552241
509 552241
510 552242
509 552242
508 552242
507 552243
507 552243
508 552244
508 552246
506 552246
508 552247
510 552247
506 552248
506 552248
507 552249
508 552251
507 552265
506 552272
508 552282
506 552291
512 552327
509 552330
508 552332
507 552332
508 552342
506 552364
508 552365
510 552401
508 552404
509 552404
510 552405
509 552411
506 552803
509 552804
508 552804
508 552805
509 552805
508 552806
510 552807
510 552807
508 552808
509 552808
506 552809
508 552809
507 552810
507 552810
508 552811
504 552812
508 552812
506 552813
506 552813
508 552814
508 552814
507 552815
507 552815
503 552816
512 552816
509 552817
507 552817
504 552818
499 552818
507 552819
510 552819
520 552820
509 552820
509 552821
504 552821
505 552822
513 552822
510 552823
510 552825
520 552825
508 552826
509 552831
524 553213
510 553214
522 553214
499 553215
514 553215
498 553216
509 553216
509 553217
517 553218
529 553218
506 553219
512 553219
503 553220
499 553220
507 553221
507 553221
507 553221
506 553222
511 553222
494 553223
508 553223
515 553224
508 553224
506 553224
509 553225
501 553225
510 553226
508 553226
508 553227
513 553227
511 553228
506 553229
503 553229
507 553230
509 553231
507 553232
508 553234
510 553234
508 553235
514 553241
503 553609
506 553610
505 553610
503 553611
502 553611
508 553612
502 553613
499 553613
503 553614
500 553615
508 553616
504 553616
508 553617
509 553617
506 553618
515 553618
506 553619
506 553619
514 553620
475 553620
474 553621
505 553621
510 553622
504 553622
507 553623
526 553623
507 553624
517 553624
449 553625
510 553625
496 553625
508 553626
508 553627
510 553627
500 553628
507 553628
510 553649
508 553649
512 553652
505 554007
509 554008
509 554008
507 554009
511 554009
515 554010
507 554010
504 554011
507 554011
507 554012
507 554012
509 554016
508 554016
508 554016
508 554019
509 554019
511 554022
507 554022
507 554022
507 554022
509 554025
510 554025
510 554028
509 554076
508 554078
512 554088
510 554092
508 554093
508 554093
509 554096
509 554096
508 554097
509 554097
507 554100
509 554100
510 554101
506 554102
507 554104
508 554394
506 554395
504 554395
510 554396
509 554396
510 554397
510 554397
508 554398
506 554399
509 554399
505 554400
507 554401
508 554401
508 554402
508 554402
509 554403
509 554403
506 554404
507 554404
506 554405
508 554405
509 554406
506 554407
507 554407
511 554408
508 554408
504 554409
506 554410
507 554410
508 554411
509 554414
510 554414
509 554432
511 554793
506 554793
510 554794
509 554794
507 554795
509 554795
508 554796
507 554796
506 554797
511 554797
509 554797
506 554798
506 554798
506 554799
507 554799
508 554800
507 554800
507 554800
507 554801
509 554801
508 554802
506 554802
509 554802
508 554803
508 554803
509 554804
508 554804
507 554805
509 554805
507 554805
507 554806
509 554806
508 554807
509 554807
509 554807
509 554810
507 554810
510 554811
506 554820
504 554837
507 554842
506 554851
508 554861
508 554884
508 554885
506 554911
509 554914
505 554919
506 554943
506 554945
508 554949
508 554961
506 554971
507 554981
509 554991
508 555001
508 555011
504 555021
508 555044
507 555044
508 555063
508 555064
508 555064
509 555071
509 555093
507 555094
506 555101
506 555111
507 555122
509 555132
507 555142
509 555162
509 555172
510 555182
508 555192
507 555202
507 555212
509 555221
510 555231
506 555254
509 555254
510 555261
510 555284
509 555284
506 555308
503 555319
506 555322
509 555322
506 555331
509 555353
507 555353
507 555361
510 555371
507 555381
508 555416
508 555418
505 555420
506 555422
507 555431
510 555453
510 555453
511 555461
509 555471
505 555481
506 555504
507 555505
507 555512
508 555534
507 555535
510 555542
512 555564
506 555564
505 555572
507 555582
505 555604
507 555604
506 555612
509 555621
508 555644
510 555644
507 555651
507 555665
507 555671
508 555681
508 555691
508 555701
509 555723
508 555723
511 555731
509 555753
506 555753
508 555762
511 555771
505 555781
508 555791
508 555817
509 555826
510 555827
510 555830
508 555841
507 555851
511 555861
506 555872
509 555882
509 555892
508 555902
512 555934
512 555934
508 555942
506 555952
508 555970
506 555970
508 556210
509 556210
507 556211
509 556212
510 556213
508 556213
507 556214
506 556214
507 556215
509 556216
507 556216
506 556217
510 556218
510 556218
508 556219
508 556220
506 556220
506 556221
509 556221
508 556222
507 556222
509 556223
512 556224
508 556224
507 556248
509 556252
508 556252
508 556253
509 556262
508 556272
508 556282
510 556292
508 556302
504 556324
504 556324
507 556332
511 556342
510 556377
509 556379
507 556379
508 556605
508 556605
506 556606
507 556607
507 556607
510 556608
508 556608
507 556611
509 556612
509 556613
507 556614
508 556614
506 556615
509 556615
506 556616
507 556617
509 556617
509 556618
510 556619
510 556619
507 556621
504 556621
511 556622
511 556624
507 556624
506 556632
506 557002
507 557002
510 557003
506 557003
505 557004
507 557004
508 557005
510 557005
508 557006
508 557006
509 557007
511 557007
508 557007
506 557008
506 557008
510 557009
508 557009
508 557010
508 557010
509 557010
510 557013
508 557013
504 557014
507 557014
510 557015
507 557015
509 557015
507 557016
509 557016
507 557017
511 557017
507 557018
506 557018
509 557019
506 557021
507 557021
504 557022
507 557022
506 557032
508 557209
508 557209
505 557210
508 557211
504 557211
508 557212
510 557212
505 557213
506 557213
509 557214
508 557215
508 557215
507 557215
505 557216
507 557216
508 557219
507 557221
507 557221
512 557224
506 557415
504 557415
507 557416
509 557417
508 557417
508 557418
507 557418
508 557419
510 557420
509 557420
506 557421
508 557421
509 557422
509 557422
508 557422
506 557423
508 557425
509 557427
510 557429
509 557596
507 557597
509 557597
509 557598
508 557598
508 557599
506 557599
507 557600
510 557601
508 557601
507 557602
508 557602
507 557603
509 557603
503 557604
508 557604
510 557607
508 557626
508 557628
505 557632
508 557632
507 557810
508 557810
508 557811
508 557811
508 557812
509 557812
507 557813
507 557813
506 557814
508 557815
508 557815
508 557815
508 557816
508 557816
511 557817
506 557817
506 557818
507 557824
507 557824
507 557857
508 557857
508 557860
510 557874
509 557874
507 558195
506 558195
509 558196
508 558197
512 558197
509 558198
510 558198
508 558199
512 558199
508 558200
507 558200
507 558201
510 558201
508 558202
508 558202
508 558202
510 558203
508 558203
509 558204
509 558204
507 558205
509 558205
508 558206
511 558207
509 558207
506 558208
503 558208
506 558209
508 558210
504 558210
509 558213
506 558227
506 558233
509 558234
511 558234
507 558254
506 558255
508 558262
509 558271
509 558281
509 558291
508 558302
508 558337
508 558341
511 558341
512 558344
504 558351
498 558359
507 558371
514 559218
511 559218
507 559219
520 559220
508 559220
525 559221
513 559221
512 559222
472 559222
473 559223
505 559224
508 559224
508 559225
515 559225
513 559226
508 559226
512 559227
506 559227
511 559228
510 559228
517 559229
505 559229
516 559230
512 559230
515 559230
513 559231
466 559231
508 559232
515 559232
521 559232
506 559233
516 559233
518 559234
513 559234
506 559235
500 559235
506 559235
518 559236
508 559236
509 559237
517 559237
517 559238
507 559238
510 559238
506 559239
508 559239
502 559240
511 559240
505 559241
505 559241
512 559242
520 559243
496 559243
498 559244
501 559244
516 559245
509 559245
506 559246
504 559246
509 559247
484 559247
507 559247
505 559248
509 559248
513 559249
508 559249
508 559271
507 559271
505 559272
512 559272
507 559275
505 559276
509 559276
511 559404
509 559404
506 559522
509 559522
509 559525
507 559527
508 559534
507 559534
21761 559535
508 559537
508 559541
509 559541
508 559542
510 559542
506 559611
507 559611
507 559612
507 559613
509 559613
508 559614
512 559614
507 559615
506 559615
508 559616
508 559617
508 559619
508 559619
507 559622
508 559632
510 559642
508 559996
506 559996
507 559997
509 559997
508 559998
509 559998
508 559999
508 559999
509 560000
508 560000
507 560000
506 560001
509 560001
512 560002
509 560002
508 560003
502 560003
509 560004
508 560004
508 560004
506 560005
509 560005
507 560020
507 560021
511 560021
509 560022
507 560022
508 560023
507 560023
508 560024
505 560024
508 560025
509 560025
510 560025
507 560026
505 560028
509 560028
505 560028
507 560031
507 560041
505 560051
509 560061
507 560071
507 560082
509 560104
511 560104
507 560111
506 560121
508 560131
508 560141
509 560151
508 560161
507 560171
508 560181
509 560191
507 560201
506 560211
508 560221
509 560231
509 560241
508 560264
508 560264
509 560271
511 560281
507 560306
506 560306
507 560311
507 560321
508 560331
507 560341
508 560363
509 560372
509 560382
509 560392
506 560402
508 560424
509 560424
508 560443
508 560445
508 560452
509 560461
508 560471
509 560481
507 560491
507 560501
506 560511
507 560521
506 560531
509 560554
507 560554
509 560561
510 560579
507 560582
507 560591
507 560602
507 560611
508 560621
508 560631
508 560641
508 560651
510 560673
507 560674
506 560681
507 560691
507 560701
508 560711
508 560724
508 560731
508 560742
511 560752
506 560762
505 560772
507 560782
507 560792
508 560814
508 560814
509 560822
509 560831
509 560841
509 560851
509 560861
507 560871
510 560881
508 560891
506 560901
508 560924
507 560924
509 560931
509 560941
507 560951
505 560961
508 560971
507 560981
509 560994
508 561001
508 561017
510 561021
509 561034
507 561041
507 561051
508 561073
505 561073
506 561081
509 561114
508 561115
508 561122
510 561132
508 561183
505 561183
507 561184
505 561187
505 561187
506 561190
507 561202
508 561214
511 561221
507 561232
506 561242
508 561251
507 561261
509 561284
507 561284
507 561304
508 561304
509 561316
508 561321
508 561412
508 561413
508 561416
507 561417
508 561418
506 561419
508 561420
510 561420
509 561421
507 561424
508 561431
507 561806
507 561806
508 561807
509 561808
509 561809
509 561809
507 561810
507 561810
506 561811
505 561811
508 561812
508 561812
508 561813
507 561814
511 561814
510 561815
507 561815
507 561816
507 561816
508 561817
505 561817
508 561818
508 561818
508 561819
508 561819
507 561819
505 561820
507 561820
508 561821
507 561821
508 561821
508 561822
509 561822
510 561823
507 561823
505 561823
506 561824
508 561826
508 561833
507 561833
508 562012
509 562013
511 562013
508 562014
506 562014
507 562015
508 562016
507 562016
509 562017
509 562017
508 562018
511 562018
508 562019
506 562019
507 562020
509 562021
509 562021
507 562024
508 562049
509 562050
509 562052
509 562076
507 562083
508 562083
507 562091
507 562114
509 562114
509 562124
507 562143
508 562143
510 562151
508 562200
506 562200
509 562203
507 562203
508 562240
509 562241
508 562242
508 562271
509 562271
506 562272
507 562279
506 562407
508 562635
508 562635
507 562702
507 562732
509 562813
510 562813
509 562816
506 562816
508 562817
507 562819
509 562861
508 562861
507 562864
505 562864
511 562865
509 562867
505 562869
507 562869
507 562870
508 562872
508 562872
508 562882
508 562893
507 562914
509 562914
506 562915
506 562915
508 562916
507 562917
508 562917
506 562920
507 562920
509 562921
508 562922
506 562922
508 562923
509 562924
506 562926
508 562926
507 562927
509 562927
507 562928
509 562928
508 562931
506 562931
507 562935
507 562936
508 562974
509 562974
510 562977
507 562981
506 562981
508 562982
509 562984
509 562984
508 562985
508 562992
510 562993
511 562993
505 562994
507 563019
507 563019
509 563022
509 563042
508 563054
507 563054
508 563061
511 563073
507 563094
507 563095
506 563139
509 563139
510 563142
509 563403
509 563404
513 563404
508 563405
509 563406
506 563406
501 563407
509 563407
510 563408
508 563409
506 563409
504 563410
518 563411
510 563411
501 563412
504 563412
509 563413
506 563413
527 563414
511 563414
505 563415
508 563415
510 563416
511 563416
504 563417
507 563417
508 563420
510 563420
499 563421
516 563432
503 563813
508 563813
508 563814
505 563815
512 563815
505 563816
508 563817
504 563817
507 563818
509 563818
510 563819
509 563820
507 563820
507 563821
510 563821
508 563822
506 563823
508 563823
509 563824
516 563825
509 563825
505 563826
502 563827
516 563827
508 563828
506 563829
516 563829
510 563830
516 563830
513 563831
500 563831
507 563832
511 563833
503 563833
507 563834
508 563834
501 563835
502 563835
508 563838
507 563838
539 563841
492 563851
512 563904
505 563904
512 563905
512 563907
511 564208
513 564208
494 564209
506 564209
507 564210
508 564210
509 564282
508 564283
-1451 564283
507 564286
508 564286
507 564287
510 564289
509 564291
511 564291
508 564294
507 564301
507 564311
508 564333
509 564334
507 564341
508 564351
508 564361
509 564371
510 564381
507 564420
507 564420
508 564421
508 564423
506 564443
506 564444
508 564618
508 564618
509 564619
504 564620
507 564620
506 564621
505 564621
506 564622
507 564622
508 564623
514 564623
509 564623
509 564624
506 564624
506 564625
508 564625
509 564625
507 564628
509 564630
509 564641
511 564651
507 564661
504 564671
505 564681
506 564701
508 564711
508 564721
509 564731
508 564741
510 565013
508 565014
506 565014
507 565015
509 565015
508 565016
509 565016
509 565017
508 565017
510 565019
508 565020
507 565020
506 565021
510 565021
507 565022
508 565022
509 565022
506 565023
509 565023
509 565024
507 565024
507 565024
508 565025
506 565025
509 565025
508 565026
509 565026
508 565029
509 565031
509 565054
506 565054
507 565061
505 565210
507 565210
509 565211
508 565213
507 565213
510 565213
507 565215
506 565215
506 565216
506 565216
507 565217
505 565217
506 565218
509 565218
510 565218
506 565221
507 565231
504 565418
506 565419
507 565419
508 565420
505 565420
504 565421
510 565422
494 565422
507 565423
509 565423
491 565424
507 565424
508 565424
509 565425
514 565427
509 565428
510 565429
499 565429
503 565432
514 565442
511 565608
505 565608
509 565609
511 565610
512 565610
509 565611
508 565611
507 565612
507 565612
509 565615
510 565616
509 565616
509 565617
510 565617
511 565618
508 565618
507 565621
509 565621
508 565644
506 565644
507 566198
508 566199
509 566199
509 566200
508 566200
506 566201
507 566202
508 566202
507 566203
508 566203
507 566204
508 566204
510 566205
507 566205
505 566206
507 566206
506 566207
508 566207
507 566207
508 566208
508 566208
510 566209
508 566209
506 566210
507 566210
509 566211
508 566211
507 566212
508 566212
507 566213
510 566213
506 566214
507 566214
505 566215
509 566215
508 566216
509 566216
509 566217
509 566217
509 566218
509 566218
507 566219
506 566219
509 566219
508 566220
508 566220
508 566221
508 566221
509 566222
510 566222
508 566223
506 566223
508 566224
506 566224
508 566224
506 566227
505 566227
508 566228
510 566230
507 566242
505 566251
507 566261
507 566271
509 566281
508 566291
508 566311
505 566320
511 566332
509 566340
505 566357
508 566360
508 566371
508 566380
507 566391
508 566408
508 566411
511 566434
507 566435
506 566440
507 566451
507 567198
507 567199
508 567199
507 567200
507 567200
509 567201
507 567201
507 567201
508 567202
507 567202
508 567203
508 567203
508 567204
509 567204
508 567205
508 567205
507 567205
507 567206
508 567206
507 567207
507 567207
508 567207
508 567208
510 567208
508 567209
508 567209
507 567210
505 567210
508 567211
509 567211
508 567212
507 567212
509 567212
508 567213
507 567213
506 567214
507 567214
508 567215
507 567215
508 567216
507 567216
508 567216
510 567217
508 567217
507 567218
508 567218
509 567219
507 567219
509 567220
507 567220
509 567220
512 567221
508 567221
506 567222
508 567222
508 567223
508 567223
509 567223
509 567224
509 567224
511 567225
509 567225
507 567226
507 567226
508 567227
508 567227
509 567228
509 567229
508 567229
509 567230
508 567230
507 567231
506 567231
508 567233
509 567233
501 567234
510 567234
507 567241
509 567415
507 567416
507 567416
508 567417
506 567417
506 567418
507 567419
507 567419
508 567420
511 567421
510 567421
507 567422
506 567422
507 567423
507 567423
508 567424
509 567425
507 567427
508 567431
509 568796
506 568796
507 568797
506 568797
507 568798
508 568798
509 568799
507 568799
508 568800
512 568800
508 568801
507 568801
508 568802
509 568802
508 568803
509 568803
507 568804
508 568804
511 568805
507 568805
508 568805
507 568806
508 568806
508 568807
508 568807
508 568808
509 568808
510 568808
510 568809
508 568809
508 568810
509 568810
507 568811
509 568811
508 568812
510 568812
509 568820
505 568820
507 568821
505 568821
507 568821
507 568822
508 568822
508 568823
508 568823
507 568824
507 568824
507 568824
507 568825
508 568825
508 568826
508 568826
508 568827
505 568827
510 568827
508 568828
506 568828
507 568829
503 568829
510 568829
508 568830
508 568830
507 568831
508 568831
510 568832
508 568832
506 568832
507 568833
508 568833
507 568834
508 568834
507 568834
509 568835
511 568835
507 568836
505 568836
505 568837
507 568837
509 568839
508 568839
509 568840
509 568841
509 568841
509 568842
507 568842
507 568843
508 568844
507 568844
507 568845
509 568846
509 568846
511 568847
507 568847
509 568848
507 568848
509 568849
507 568850
508 568850
509 568851
509 568851
508 568852
509 568852
508 568853
507 568853
509 568854
506 568854
509 568855
507 568855
508 568856
508 568856
509 568857
508 568857
507 568858
508 568858
508 568859
507 568860
508 568860
510 568861
507 568861
509 568862
508 568862
506 568863
509 568863
507 568864
507 568864
505 568865
507 568865
508 568866
512 568866
508 568867
504 568867
509 568868
507 568869
513 568869
507 568872
508 568872
506 568873
512 568873
506 568874
501 568874
506 568875
549 568875
506 568880
507 569016
498 569016
508 569017
509 569018
505 569018
510 569019
501 569019
515 569020
510 569020
500 569021
504 569021
510 569022
511 569022
514 569025
509 569041
512 569221
520 569221
510 569222
502 569223
496 569224
496 569224
511 569225
516 569225
514 569226
480 569227
509 569227
510 569228
503 569228
514 569228
510 569229
510 569229
510 569230
509 569232
501 569232
501 569243
501 569244
522 569614
507 569614
500 569615
518 569616
505 569616
517 569617
521 569617
504 569618
506 569618
508 569619
503 569619
509 569620
507 569620
509 569621
503 569621
517 569622
519 569622
504 569623
512 569623
505 569623
511 569624
507 569624
513 569625
508 569625
507 569625
505 569626
505 569626
510 569627
507 569627
510 569628
508 569628
507 569628
510 569629
508 569629
508 569680
509 569680
508 569683
507 569683
508 569684
508 569686
509 569686
508 569695
507 569695
506 569698
508 570399
507 570400
508 570401
507 570401
509 570402
509 570403
511 570404
507 570404
507 570405
506 570405
508 570406
509 570407
508 570407
508 570408
508 570409
511 570409
507 570410
506 570411
507 570411
509 570412
508 570413
508 570413
507 570414
508 570415
510 570415
508 570416
506 570417
506 570417
508 570418
507 570418
508 570419
508 570420
508 570421
508 570421
511 570422
506 570423
507 570423
509 570424
507 570425
509 570425
509 570426
509 570427
508 570427
508 570428
510 570429
507 570429
508 570430
506 570431
508 570432
506 570432
508 570433
509 570434
509 570435
506 570435
506 570436
507 570437
508 570437
509 570438
506 570438
509 570439
508 570440
511 570440
507 570441
506 570442
506 570442
508 570443
506 570444
509 570444
507 570445
509 570446
510 570448
507 570448
507 570449
506 570450
508 570452
507 570460
508 570471
508 570481
506 570491
509 570501
508 570511
507 570521
507 570531
507 570541
508 570551
508 570561
509 570571
508 570582
509 570603
508 570603
506 570626
507 570627
507 570646
509 570653
508 570653
508 570661
508 570671
508 570681
509 570691
507 570701
507 570710
506 570733
508 570733
505 570740
509 570773
508 570773
509 570780
511 570803
507 570803
507 570810
508 570820
505 570831
506 570841
508 570851
508 570861
508 570871
509 570881
508 570891
505 570901
507 570911
509 570921
507 570931
509 570941
508 570951
510 570961
512 570971
507 570993
506 570993
508 571001
508 571011
510 571021
508 571031
509 571042
509 571051
511 571061
508 571072
507 571086
508 571091
510 571101
508 571111
509 571133
508 571133
509 571140
509 571150
508 571160
506 571170
503 571180
508 571190
506 571200
509 571210
505 571240
508 571240
509 571241
508 571251
507 571261
507 571271
509 571281
507 571303
509 571304
508 571311
509 571345
507 571346
509 571346
507 571351
507 571361
509 571371
507 571381
507 571391
507 571401
506 571422
506 571998
511 571999
508 571999
507 572000
508 572000
507 572001
508 572002
508 572002
507 572003
509 572003
507 572003
509 572004
508 572004
506 572005
508 572005
511 572006
508 572006
509 572006
509 572007
510 572007
509 572008
507 572008
509 572008
508 572009
509 572009
508 572010
508 572010
509 572011
509 572011
508 572011
507 572012
507 572012
509 572013
508 572013
507 572014
509 572014
508 572014
508 572015
509 572015
508 572016
506 572016
507 572017
508 572017
507 572017
508 572018
508 572018
509 572019
507 572019
506 572019
506 572020
506 572020
507 572021
507 572021
505 572022
508 572026
509 572044
510 572045
507 572047
505 572048
506 572060
508 572060
508 572063
508 572063
507 572083
509 572083
511 572199
507 572200
505 572201
507 572201
508 572202
509 572202
508 572203
508 572203
506 572203
511 572204
507 572204
506 572242
508 572242
509 572404
509 572405
509 572406
508 572406
509 572407
510 572407
507 572408
507 572408
507 572409
509 572409
508 572410
509 572411
509 572411
506 572412
508 572413
509 572413
510 572414
508 572414
505 572525
509 572526
510 572529
509 572529
507 572530
510 572530
509 572530
507 572531
506 572531
508 572532
507 572532
507 572535
504 572535
508 572669
509 572670
510 572671
508 572672
507 572672
506 572673
507 572673
507 572674
507 572674
508 572675
509 572675
511 572676
509 572676
506 572677
505 572677
508 572679
508 572690
507 572854
508 572855
509 572856
511 572856
507 572857
507 572858
506 572858
509 572905
508 572905
508 572906
503 572907
507 572907
510 572908
509 572909
509 572909
508 572910
510 572913
509 572913
508 572914
508 572917
508 572918
510 572919
508 572933
507 572933
507 572953
511 572953
508 572973
512 572974
512 572990
511 573000
509 573021
510 573033
505 573033
505 573053
502 573053
496 573060
506 573070
508 573083
514 573090
509 573114
510 573114
516 573133
502 573134
510 573154
502 573155
496 573161
506 573171
498 573181
509 573191
401 573216
622 573223
510 573223
502 573231
505 573241
493 573251
509 573261
504 573271
509 573281
512 573291
506 573313
501 573313
506 573321
499 573344
514 573345
508 573350
510 573360
510 573370
509 573393
610 573393
513 573400
509 573410
508 573420
497 573436
507 573439
509 573450
508 573714
513 573715
510 573715
508 573716
503 573716
517 573717
507 573717
507 573718
513 573720
510 573721
507 573721
509 573722
510 573722
506 573723
506 573723
509 573724
509 573724
508 573725
507 573725
507 573725
509 573726
507 573728
506 573782
507 573782
504 573785
508 573785
508 573786
509 573788
508 573788
511 573791
506 573945
508 573947
508 573949
508 573949
508 573952
507 573952
511 573953
508 573953
506 573956
507 573956
509 573959
507 573967
509 573969
509 573970
509 573972
509 573972
508 573973
507 573975
506 573975
509 573981
507 573991
506 574115
508 574115
510 574116
510 574117
507 574117
506 574118
506 574118
505 574119
506 574119
508 574120
508 574120
510 574120
506 574123
508 574130
507 574299
507 574299
507 574300
506 574301
508 574301
508 574302
508 574302
507 574303
508 574303
506 574304
506 574304
506 574305
506 574305
507 574306
508 574306
507 574308
508 574313
508 574313
508 574722
505 574722
507 574723
509 574724
509 574724
508 574725
508 574725
508 574726
512 574726
508 574727
508 574727
489 574728
508 574728
508 574729
509 574729
508 574730
507 574730
511 574731
509 574731
506 574732
508 574732
507 574732
510 574733
508 574733
508 574734
508 574734
508 574735
508 574735
506 574735
507 574736
508 574736
509 574737
508 574737
505 574738
506 574738
504 574738
510 574739
508 574739
506 574740
507 574740
505 574742
507 574742
509 574751
508 574916
509 574916
508 574917
507 574918
507 574918
508 574919
507 574920
508 574920
508 574921
508 574921
509 574922
508 574923
508 574923
504 574924
507 574924
506 574925
508 574927
507 574929
509 574940
509 574963
512 574963
507 575123
508 575123
507 575124
508 575124
508 575125
508 575125
510 575126
508 575126
511 575127
506 575128
507 575132
508 575132
509 575133
507 575133
509 575134
510 575136
508 575169
510 575169
508 575170
507 575171
507 575173
507 575181
508 575190
508 575211
508 575220
509 575230
509 575241
509 575251
507 575273
506 575274
508 575280
507 575299
508 575299
508 575310
508 575320
505 575330
509 575340
507 575350
506 575361
507 575371
506 575383
508 575391
508 575401
508 575411
509 575421
508 575431
508 575441
505 575463
507 575463
507 575471
508 575481
507 575491
507 575509
509 575512
510 575541
509 575542
507 575542
507 575551
507 575561
507 575571
509 575581
507 575590
508 575601
509 575610
509 575620
507 575643
507 575652
509 575655
507 575661
528 575683
508 575683
519 575703
502 575703
504 575722
510 575722
508 575731
507 575741
507 575751
508 575761
509 575771
509 575781
510 575791
508 575801
506 575815
505 575820
507 575831
508 575841
507 575851
509 575861
506 575871
508 575919
509 575920
507 575920
507 575921
508 575922
507 575931
508 575941
508 575961
507 575970
509 575981
510 575990
507 576000
507 576011
507 576020
506 576030
508 576041
508 576050
507 576060
508 576083
511 576083
507 576090
506 576112
508 576124
508 576124
508 576131
506 576141
508 576315
507 576315
512 576316
508 576317
507 576318
508 576318
508 576319
508 576319
508 576320
509 576321
508 576321
510 576322
509 576322
506 576323
506 576330
510 576330
507 576333
508 576333
509 576700
509 576742
508 576744
508 576745
507 576745
505 576746
508 576746
505 576747
508 576747
508 576748
508 576748
508 576748
510 576749
507 576749
509 576750
509 576750
507 576751
508 576751
509 576751
508 576752
508 576752
510 576753
507 576753
508 576754
507 576754
508 576754
509 576755
509 576755
509 576756
509 576756
510 576756
508 576757
507 576757
508 576758
507 576758
508 576759
507 576763
506 576763
508 576764
510 576764
508 576765
506 576765
506 576765
508 576771
507 576779
507 576790
507 576830
508 576831
510 576831
509 576843
507 576843
506 576850
509 576861
507 576871
509 576881
508 576904
508 576905
509 576911
508 576921
506 576931
506 576941
509 576951
506 576961
508 576971
508 576981
508 576991
508 577031
510 577031
506 577034
507 577034
506 577041
498 577059
509 577073
507 577073
508 577120
511 577140
508 577140
507 577141
504 577144
507 577144
512 577145
507 577151
512 577300
507 577300
510 577301
509 577301
507 577302
503 577302
498 577303
496 577303
512 577351
506 577360
485 577361
506 577362
509 577362
491 577363
522 577363
494 577365
508 577365
507 577366
520 577366
478 577367
500 577367
505 577370
509 577381
511 577391
505 577401
509 577410
512 577420
500 577441
512 577481
513 577491
498 577512
508 577513
507 577515
506 577515
507 577516
502 577519
502 577539
516 577553
507 577553
512 577560
506 577570
518 577580
512 577590
502 577600
485 577611
508 577626
509 577631
507 577653
505 577653
506 577661
509 577671
507 577681
508 577691
506 577701
509 577711
508 577721
509 577731
509 577747
516 577751
527 577765
505 577771
504 579316
508 579317
508 579317
509 579318
507 579319
510 579319
511 579320
503 579321
499 579321
505 579322
509 579322
509 579323
508 579324
508 579324
508 579325
505 579325
508 579325
507 579326
508 579326
509 579327
507 579327
508 579328
509 579328
509 579329
509 579329
508 579329
507 579330
506 579331
507 579331
507 579332
507 579332
509 579333
509 579333
507 579334
509 579334
506 579335
507 579335
509 579336
507 579336
509 579341
507 579342
507 579342
507 579343
508 579344
508 579344
506 579345
506 579346
505 579346
508 579347
508 579348
507 579349
508 579350
511 579350
509 579351
508 579351
507 579352
508 579352
508 579353
508 579353
507 579354
509 579354
512 579355
509 579355
506 579355
508 579356
508 579356
508 579357
508 579357
508 579358
509 579358
512 579359
508 579359
506 579360
511 579360
508 579360
509 579361
508 579361
509 579362
507 579362
508 579363
507 579363
506 579364
506 579364
507 579365
511 579365
507 579366
509 579366
507 579366
507 579367
508 579367
507 579368
507 579368
509 579369
506 579369
507 579370
509 579370
507 579371
509 579371
509 579372
507 579372
507 579372
508 579373
507 579530
507 579531
509 579531
508 579540
510 579541
511 579541
506 579542
507 579542
506 579543
507 579543
509 579544
508 579544
510 579544
508 579545
510 579545
507 579546
507 579546
506 579547
507 579547
507 579548
510 579548
509 579549
510 579549
511 579549
508 579550
506 579550
505 579551
508 579551
508 579552
506 579552
507 579553
508 579553
509 579553
507 579554
508 579554
508 579555
508 579555
504 579556
506 579556
508 579557
505 579557
509 579557
509 579558
506 579558
507 579559
508 579559
505 579560
508 579560
506 579561
510 579561
508 579564
508 579564
508 579565
514 579565
501 579566
512 579566
507 579567
507 579567
508 579568
507 579569
509 579569
507 579569
506 579570
508 579571
508 579571
509 579572
508 579572
507 579573
508 579573
510 579574
509 579574
506 579575
507 579576
507 579576
507 579577
508 579580
508 579580
508 579616
509 579620
508 579730
505 579732
508 579732
508 579733
507 579733
507 579734
505 579734
508 579735
510 579735
508 579735
506 579736
506 579736
508 579739
509 579754
509 579773
509 579773
509 579780
509 579790
509 579800
508 579810
507 579821
507 579844
509 579844
507 579876
509 579876
509 579882
509 579882
508 579891
506 579901
507 579911
508 579921
506 579931
506 579941
508 579951
508 579986
509 579990
508 579990
509 579993
506 580001
506 580115
507 580116
507 580117
508 580117
508 580118
509 580118
509 580119
507 580119
503 580120
506 580121
506 580121
507 580124
507 580130
509 580523
509 580523
511 580524
508 580525
505 580526
507 580526
507 580527
507 580528
508 580528
509 580529
509 580529
510 580530
508 580530
506 580531
506 580531
509 580532
508 580532
507 580533
505 580533
509 580534
509 580534
508 580535
507 580535
507 580535
510 580536
507 580536
509 580537
510 580537
509 580538
508 580538
510 580539
508 580539
507 580539
508 580540
507 580540
508 580541
507 580543
508 580543
510 580544
510 580544
508 580550
507 580715
507 580715
508 580716
508 580717
507 580717
507 580718
508 580718
510 580719
508 580719
505 580720
507 580721
507 580721
507 580722
508 580722
506 580722
508 580723
511 580725
509 580732
506 580921
508 580922
510 580922
507 580923
507 580924
509 580924
508 580925
509 580926
509 580926
504 580927
507 580927
508 580928
507 580929
508 580929
509 580930
509 580930
508 580931
509 580931
507 580934
506 580937
507 580939
509 580951
509 580961
507 580971
509 580993
508 580993
508 581001
507 581011
508 581033
507 581033
508 581041
507 581051
508 581061
507 581071
508 581082
509 581091
507 581317
506 581318
507 581318
508 581319
508 581319
510 581320
509 581324
507 581324
509 581325
508 581325
504 581326
508 581327
509 581327
507 581328
507 581328
509 581329
507 581330
513 581331
506 581331
507 581332
507 581333
509 581335
507 581335
507 581341
508 581703
510 581704
510 581704
507 581705
508 581705
505 581706
508 581706
508 581707
507 581707
509 581720
510 581721
510 581722
508 581722
508 581723
507 581723
509 581724
505 581724
509 581725
511 581725
509 581725
507 581726
510 581726
507 581727
506 581727
509 581728
507 581728
507 581728
508 581729
504 581729
509 581730
510 581730
508 581731
506 581737
507 581738
505 581738
506 581739
509 581739
509 581742
506 581752
510 581777
506 581779
506 581779
507 581805
509 581808
507 581808
506 581837
507 581839
507 581839
511 581852
509 581876
505 581879
507 581879
510 581892
508 581906
509 581907
510 581910
507 581931
510 581943
509 581943
507 581950
506 582123
510 582123
508 582124
508 582125
509 582125
510 582126
507 582127
504 582127
507 582128
505 582129
508 582129
507 582130
507 582130
509 582131
509 582131
511 582132
509 582132
507 582135
504 582141
508 582302
505 582302
509 582303
505 582303
510 582304
509 582304
503 582305
508 582305
502 582306
513 582306
506 582307
510 582307
514 582308
524 582308
508 582309
473 582309
512 582312
504 582329
507 582329
507 582346
508 582350
509 582385
500 582387
509 582391
519 582391
506 582398
505 582410
506 582518
506 582518
507 582519
506 582520
562 582520
487 582525
506 582526
513 582526
510 582527
501 582528
512 582530
511 582530
509 582541
512 582925
513 582925
510 582926
509 582927
518 582927
508 582928
506 582929
507 582929
524 582930
501 582931
507 582932
511 582932
508 582935
508 582936
509 582937
505 582937
505 582938
531 582939
514 582940
513 582941
505 582941
507 582942
510 582942
493 582943
490 582944
505 582944
528 582945
506 582945
508 582945
480 582946
495 582946
508 582947
505 582947
485 582948
500 582948
510 582949
508 582949
518 582956
498 582960
511 582960
507 582963
505 582971
508 583118
509 583119
515 583119
502 583120
509 583120
507 583121
509 583121
507 583122
504 583123
507 583123
509 583124
509 583124
509 583125
510 583125
508 583151
510 583240
508 583242
508 583244
507 583244
508 583245
507 583245
509 583246
505 583248
509 583325
508 583326
509 583326
507 583327
507 583327
508 583328
507 583329
508 583329
508 583330
509 583331
508 583331
509 583332
507 583335
505 583341
507 583719
506 583719
509 583720
508 583721
508 583721
508 583722
509 583723
507 583724
508 583725
509 583725
508 583726
507 583727
508 583727
507 583728
507 583729
508 583729
507 583730
506 583731
507 583731
508 583732
508 583732
508 583733
510 583734
509 583734
511 583735
515 583735
505 583735
507 583736
507 583737
509 583737
508 583738
505 583738
507 583739
507 583739
508 583740
507 583740
509 583741
505 583743
510 583743
505 583750
508 583923
508 583924
506 583924
510 583925
504 583926
506 583926
508 583927
508 583928
509 583929
507 583929
508 583930
508 583930
510 583931
508 583931
507 583932
508 583932
507 583945
510 583945
508 583950
508 583950
510 583961
510 584121
506 584121
505 584122
506 584123
506 584123
509 584123
508 584124
508 584124
506 584125
511 584125
509 584126
507 584126
508 584127
508 584129
508 584130
508 584132
508 584141
508 584522
511 584523
507 584523
506 584524
507 584524
510 584525
508 584525
507 584526
507 584526
510 584527
509 584527
509 584527
508 584528
507 584528
508 584529
506 584529
508 584530
509 584530
508 584531
508 584531
509 584531
506 584532
507 584532
510 584533
508 584533
508 584534
506 584534
509 584534
509 584535
510 584535
508 584536
506 584536
506 584536
507 584537
509 584537
508 584538
508 584538
509 584538
512 584541
508 584541
504 584550
506 584728
507 584729
508 584730
507 584732
507 584734
508 584735
512 584736
506 584738
507 584739
508 584740
508 584742
508 584742
506 584743
508 584744
507 584744
511 584745
509 584746
507 584755
508 584756
508 584769
507 584770
509 584783
507 584792
508 584908
509 584908
508 584909
507 584911
507 584911
507 584912
508 584912
508 584913
509 584913
509 584914
509 584970
508 584970
505 584983
506 584984
507 584984
508 584985
507 584985
508 584985
507 584986
509 585072
509 585075
507 585076
507 585076
504 585077
508 585077
507 585078
508 585078
509 585079
507 585082
510 585093
508 585183
506 585185
508 585185
508 585186
507 585186
508 585186
508 585187
510 585187
510 585188
508 585190
506 585371
508 585376
507 585377
508 585377
509 585378
510 585378
508 585378
510 585379
507 585379
504 585380
506 585380
508 585381
506 585381
506 585382
508 585382
508 585382
510 585383
507 585383
507 585386
507 585390
510 585400
507 585410
509 585420
508 585552
509 585552
510 585553
509 585553
507 585554
508 585554
509 585555
508 585555
509 585556
508 585556
508 585557
508 585557
509 585558
507 585560
508 585571
508 585892
506 585893
508 585894
508 585897
507 585897
508 585898
509 585898
507 585899
506 585899
506 585900
507 585900
508 585901
505 585901
507 585902
508 585902
510 585903
507 585903
506 585904
507 585904
507 585905
508 585905
508 585906
508 585906
508 585907
511 585907
509 585907
507 585908
509 585908
508 585911
508 585911
508 585953
508 585954
509 585954
509 585957
510 585957
509 585980
507 585982
508 585982
508 585983
508 586056
509 586072
508 586074
507 586074
510 586075
507 586075
506 586078
507 586078
506 586079
508 586079
507 586133
508 586137
508 586138
509 586227
507 586230
507 586230
506 586231
507 586232
508 586232
508 586233
507 586233
509 586256
510 586258
509 586258
507 586261
506 586261
507 586262
507 586273
507 586273
508 586279
508 586316
510 586318
508 586318
506 586364
507 586365
507 586366
507 586390
508 586390
508 586393
507 586393
511 586420
508 586420
505 586421
506 586441
507 586472
508 586472
508 586475
508 586475
508 586478
511 586480
509 586493
506 586513
507 586607
508 586610
510 586611
509 586611
508 586612
508 586613
508 586613
508 586614
506 586614
507 586615
510 586616
509 586640
507 586641
509 586642
508 586651
509 586661
509 586671
508 586681
508 586691
507 586723
506 586723
508 586745
508 586750
508 586750
505 586753
510 586760
506 586771
508 586780
509 586803
507 586803
507 586822
511 586822
504 586843
510 586844
508 586850
508 586860
503 586883
514 586883
494 586915
519 586917
509 586921
515 586921
510 586971
517 586971
507 586972
493 586974
508 586974
503 586981
504 587001
510 587002
510 587011
510 587022
509 587031
520 587053
502 587053
522 587060
501 587071
500 587080
531 587113
505 587113
493 587120
498 587130
519 587140
513 587163
484 587163
509 587182
506 587182
519 587190
508 587200
510 587222
487 587222
510 587230
512 587240
520 587250
501 587272
509 587272
508 587280
511 587290
511 587300
510 587310
511 587388
511 587388
475 587410
503 587410
510 587411
509 587411
509 587412
507 587414
517 587414
519 587423
508 587423
509 587509
507 587509
508 587512
511 587512
507 587513
505 587516
508 587516
512 587686
507 587688
505 587688
508 587727
507 587800
509 587800
508 587801
508 587803
509 587803
510 587804
508 587806
506 587812
505 587835
508 587841
507 587886
509 587887
507 587887
509 587888
508 587890
510 587890
505 587893
509 587893
508 587894
507 587894
508 587897
508 587897
510 587900
507 587900
508 587913
509 587913
507 587920
508 587943
508 587943
508 587950
507 587960
510 587970
508 587980
507 587990
508 588013
508 588013
507 588020
507 588042
508 588042
508 588050
510 588060
507 588070
505 588080
507 588117
508 588121
508 588121
509 588122
510 588132
507 588212
509 588212
506 588213
504 588213
506 588214
509 588214
507 588215
508 588217
509 588221
508 588231
508 588240
510 588250
508 588261
506 588270
509 588280
507 588290
508 588312
508 588312
509 588320
509 588330
508 588340
507 588350
505 588360
507 588370
509 588380
508 588390
508 588412
509 588412
508 588420
509 588430
507 588444
507 588450
508 588460
506 588471
508 588481
508 588514
508 588514
508 588515
509 588521
509 588529
506 588541
508 588551
507 588596
508 588596
507 588597
506 588600
508 588610
512 588620
508 588630
507 588640
508 588650
508 588660
508 588670
508 588680
508 588690
510 588700
509 588710
508 588720
506 588731
508 588740
508 588750
508 588760
509 588770
507 588780
508 588790
510 588800
507 588810
506 588820
506 588830
507 588853
508 588853
513 588861
508 588871
508 588881
510 588891
510 588913
507 588913
508 588921
508 588934
509 588953
507 588953
508 588961
508 588970
507 588980
508 588990
505 589000
506 589010
508 589020
506 589030
507 589053
509 589068
508 589068
508 589071
510 589080
507 589089
507 589100
507 589123
507 589123
509 589130
508 589140
509 589150
508 589160
510 589170
507 589180
506 589190
508 589200
508 589210
508 589220
508 589234
509 589281
508 589281
512 589282
508 589282
506 589318
507 589319
509 589320
508 589320
508 589331
506 589340
508 589351
509 589363
509 589396
507 590819
506 590820
509 590820
506 590821
507 590822
507 590822
508 590823
508 590823
508 590824
506 590825
507 590825
508 590826
506 590826
508 590827
508 590827
508 590828
508 590828
509 590829
505 590829
506 590830
506 590830
506 590831
509 590831
508 590832
508 590832
504 590832
510 590833
507 590833
507 590834
507 590834
506 590835
508 590835
508 590836
508 590836
507 590837
509 590837
505 590838
506 590838
511 590839
507 590839
505 590840
507 590840
508 590840
509 590841
512 590841
508 590842
507 590842
509 590843
509 590843
508 590843
508 590844
507 590844
509 590845
509 590845
507 590846
507 590846
507 590847
508 590847
507 590848
508 590848
506 590849
508 590850
510 590850
509 590851
508 590851
506 590852
506 590852
508 590853
509 590854
508 590854
508 590855
508 590855
508 590856
506 590856
506 590857
506 590857
507 590858
508 590858
506 590858
508 590859
508 590859
510 590860
508 590860
506 590861
507 590861
508 590862
507 590862
508 590863
507 590863
508 590864
511 590864
507 590865
504 590865
507 590866
509 590868
508 590868
508 590869
507 590869
508 590870
512 590870
508 590870
506 590871
507 590871
509 590872
508 590872
509 590873
508 590873
507 590873
511 590874
507 590874
505 590875
507 590875
509 590876
507 590876
509 590877
507 590877
510 590877
509 590878
509 590878
507 590879
506 590879
510 591041
508 591041
511 591042
509 591050
505 591050
511 591051
510 591052
505 591052
506 591053
506 591053
505 591054
506 591054
507 591054
500 591055
508 591055
508 591056
508 591056
510 591057
507 591057
503 591058
509 591058
513 591059
518 591061
513 591061
498 591062
511 591063
496 591063
506 591064
505 591064
507 591065
507 591065
512 591066
512 591066
506 591067
508 591067
527 591068
501 591068
509 591069
518 591069
523 591070
518 591070
510 591071
507 591071
509 591072
499 591072
515 591074
506 591074
485 591080
507 591090
493 591101
500 591111
509 591133
523 591134
505 591141
512 591151
506 591161
495 591171
492 591181
507 591191
432 591201
504 591211
501 591221
507 591231
497 591257
508 591257
511 591260
528 591270
497 591293
508 591293
538 591300
502 591325
504 591326
505 591421
500 591561
508 591562
511 591562
510 591565
507 591828
506 591829
507 591829
507 591830
509 591830
510 591831
507 591831
509 591832
509 591832
507 591833
509 591834
506 591834
508 591835
509 591835
508 591836
509 591837
509 591837
507 591838
506 591838
508 591839
507 591839
508 591842
508 591842
508 591850
508 592020
509 592020
508 592024
506 592025
508 592025
508 592026
508 592026
509 592027
508 592027
507 592028
510 592029
506 592029
506 592030
507 592030
507 592031
507 592031
508 592032
508 592034
508 592040
511 592407
508 592408
505 592408
508 592409
508 592409
510 592410
509 592410
507 592411
510 592411
511 592412
508 592412
506 592413
507 592413
508 592413
507 592414
506 592414
508 592415
508 592415
506 592416
509 592416
508 592416
507 592417
508 592417
507 592418
508 592418
509 592418
510 592419
509 592419
507 592420
508 592420
506 592421
509 592421
506 592421
509 592422
507 592422
509 592425
507 592425
509 592430
509 592452
506 592469
507 592469
506 592470
508 592480
508 592627
506 592627
508 592628
509 592629
507 592629
506 592630
507 592631
506 592631
507 592632
507 592633
508 592633
509 592634
510 592634
507 592635
506 592637
508 592641
507 592807
507 592808
509 592808
507 592809
506 592809
511 592809
505 592810
505 592810
506 592811
508 592811
508 592812
508 592812
509 592812
509 592813
510 592813
509 592814
506 592823
506 592823
508 592831
509 592840
507 592850
508 592860
508 592870
510 592880
509 592894
507 592900
507 592918
510 592919
509 592930
507 592940
508 592949
508 592960
509 592969
508 592980
507 592991
508 593001
507 593011
506 593032
509 593041
508 593053
507 593061
508 593070
509 593080
508 593090
507 593100
507 593110
507 593120
507 593130
509 593140
509 593421
509 593421
511 593422
506 593423
506 593424
507 593424
508 593425
507 593425
509 593426
507 593427
507 593428
510 593428
507 593429
507 593429
506 593430
509 593430
508 593431
508 593431
509 593432
509 593432
510 593433
509 593433
508 593434
507 593434
508 593435
506 593435
509 593436
508 593438
505 593438
509 593453
508 593453
507 593626
507 593627
509 593627
506 593628
508 593629
507 593630
509 593630
510 593631
510 593631
508 593632
507 593633
509 593633
506 593634
509 593634
508 593635
508 593636
508 593638
510 593638
507 593641
506 593832
507 593832
507 593833
508 593834
509 593835
507 593835
508 593836
512 593837
507 593837
507 593863
506 593863
506 593864
507 593866
508 593868
507 593870
508 593870
511 593871
508 593871
506 593874
508 593963
508 593963
508 593966
508 593968
507 593968
508 593968
511 593971
509 593971
508 593971
507 593972
507 594019
508 594021
508 594022
508 594023
509 594025
509 594025
509 594028
507 594428
507 594428
508 594429
507 594430
507 594430
508 594431
509 594432
510 594432
510 594433
508 594433
506 594434
507 594435
508 594435
507 594436
508 594436
508 594437
508 594438
508 594438
506 594439
505 594440
506 594440
506 594441
506 594441
507 594442
507 594442
509 594443
510 594443
507 594444
506 594445
507 594445
508 594446
508 594446
508 594447
508 594447
509 594448
511 594448
507 594449
509 594451
507 594451
508 594452
508 594452
508 594452
509 594453
508 594460
511 594609
508 594609
507 594610
506 594610
509 594611
508 594611
508 594612
508 594612
507 594613
508 594613
510 594613
507 594614
506 594614
508 594615
507 594652
508 594655
508 594656
508 594658
508 594658
510 594661
507 594670
506 594705
508 594705
508 594710
508 594710
509 594732
508 594732
508 594740
511 594760
514 594774
505 594775
505 594780
505 594790
508 594800
503 594810
508 594820
508 594830
511 594859
501 594873
518 594873
507 594874
508 594882
508 594891
512 595009
508 595009
505 595010
509 595011
510 595012
510 595012
509 595013
514 595014
506 595014
516 595015
515 595016
510 595016
507 595019
509 595043
506 595043
514 595052
504 595060
508 595084
509 595085
507 595090
501 595100
519 595110
505 595145
521 595145
500 595151
506 595151
518 595160
498 595170
516 595192
533 595192
508 595200
510 595222
506 595222
508 595230
503 595241
511 595260
509 595270
512 595280
495 595290
509 595301
515 595310
552 595341
508 595355
508 595357
506 595361
521 595361
514 595370
507 595393
509 595393
513 595413
518 595413
505 595420
513 595430
497 595458
501 595459
501 595461
509 595478
511 595492
504 595492
509 595541
501 595541
505 595544
514 595544
510 595566
505 595568
506 595570
505 595570
509 595800
508 595800
506 595803
506 595803
510 595823
508 595823
507 595850
507 595952
506 595952
509 595955
507 595955
508 595956
507 595958
508 595961
508 595961
505 595962
508 595965
509 595965
508 595968
506 595998
507 596000
508 596000
509 596010
508 596019
510 596030
509 596043
511 596049
509 596060
506 596127
508 596127
507 596128
509 596129
508 596129
507 596130
509 596150
510 596161
508 596172
508 596172
507 596176
509 596284
508 596284
508 596285
508 596285
508 596286
510 596286
509 596287
507 596287
509 596288
507 596288
507 596289
508 596291
508 596299
508 596322
508 596322
509 596330
508 596340
505 596350
507 596360
507 596370
508 596380
509 596390
507 596400
510 596442
508 596442
506 596443
503 596453
507 596453
505 596460
508 596470
508 596480
508 596490
508 596500
508 596510
507 596550
505 596550
507 596553
508 596553
507 596560
508 596569
507 596580
510 596591
511 596600
508 596610
506 596620
508 596630
507 596640
509 596650
507 596660
508 596670
509 596680
511 596690
508 596699
505 596710
507 596729
509 596739
510 596751
508 596760
508 596770
509 596780
509 596790
508 596802
509 596810
506 596830
510 596831
510 596840
507 596850
508 596860
508 596870
508 596880
509 596890
507 596900
507 596923
509 596924
506 596930
508 596940
508 596950
508 596972
509 596972
509 596980
507 597002
507 597002
507 597010
506 597020
508 597030
509 597040
508 597050
508 597059
510 597070
507 597092
506 597102
507 597103
506 597110
508 597120
508 597143
505 597143
507 597150
510 597160
506 597170
505 597180
506 597190
508 597200
507 597210
508 597220
507 597230
509 597240
510 597250
508 597260
507 597270
506 597323
509 597324
508 597325
507 597325
507 597326
508 597329
510 597340
508 597731
507 597731
506 597732
510 597733
507 597733
509 597734
508 597735
508 597735
509 597736
510 597736
508 597737
507 597738
509 597738
508 597739
508 597739
508 597740
509 597740
509 597741
509 597741
508 597742
507 597742
508 597743
506 597743
507 597744
507 597744
509 597747
509 597748
509 597748
508 597749
507 597749
506 597750
507 597750
508 597751
509 597751
506 597752
509 597752
511 597753
507 597755
505 597755
507 597756
508 597760
508 598509
507 598510
505 598511
509 598511
509 598512
507 598512
506 598513
507 598513
507 598514
510 598514
507 598515
507 598515
506 598516
510 598516
505 598517
506 598517
509 598518
508 598518
508 598519
510 598519
507 598520
508 598520
510 598521
508 598521
508 598522
506 598522
507 598523
510 598523
506 598524
509 598524
509 598525
510 598525
509 598526
507 598526
507 598527
509 598527
509 598528
507 598528
507 598529
509 598529
509 598530
509 598530
508 598531
507 598531
508 598532
507 598532
509 598533
508 598533
508 598534
509 598534
511 598535
507 598535
506 598536
507 598536
508 598537
507 598537
507 598538
508 598538
509 598539
510 598539
507 598540
506 598540
507 598541
509 598541
508 598542
508 598542
506 598543
508 598543
510 598543
510 598544
507 598544
506 598545
509 598552
508 598564
508 598564
510 598567
509 598569
509 598571
508 598586
507 598623
506 598623
508 598624
506 598624
508 598625
508 598626
506 598630
508 598653
507 598653
507 598660
506 598671
507 598693
506 598693
507 598699
508 598710
509 598720
510 598742
510 598742
507 598750
505 598760
507 598770
507 598780
510 598790
507 598800
506 598822
508 598822
511 598830
509 598840
508 598850
507 598867
507 598870
508 598880
507 598909
508 598909
510 598910
510 598920
509 598933
506 598940
507 598960
508 598969
508 598979
507 598989
508 599001
508 599010
515 599021
507 599030
507 599040
509 599050
509 599060
504 599070
508 599085
499 599090
509 599116
509 599117
497 599133
499 599133
507 599140
510 599150
508 599160
510 599170
509 599192
505 599192
508 599200
518 599210
507 599220
503 599230
503 599240
516 599250
502 599260
503 599270
516 599280
523 599302
515 599302
516 599310
508 599324
493 599330
451 599339
501 599350
513 599360
510 599383
506 599383
517 599391
520 599413
507 599413
511 599420
499 599443
513 599443
512 599463
509 599463
515 599483
504 599483
512 599490
509 599500
528 599510
513 599520
505 599530
509 599540
504 599550
506 599560
536 599572
505 599580
509 599599
510 599600
496 599610
510 599632
517 599633
490 599640
513 599650
512 599672
505 599673
504 599691
514 599702
506 599702
508 599709
504 599730
494 599753
508 600111
509 600111
516 600112
506 600113
507 600113
509 600114
506 600114
509 600115
508 600115
509 600116
507 600116
510 600117
507 600140
506 600140
508 600143
507 600143
507 600326
507 600327
508 600327
509 600328
509 600329
509 600329
508 600330
509 600330
507 600331
508 600332
510 600332
508 600333
507 600334
508 600334
507 600335
509 600335
508 600336
509 600336
510 600337
510 600337
507 600340
506 600340
507 600350
506 600523
507 600524
506 600525
507 600525
506 600526
508 600526
507 600527
506 600528
507 600529
508 600529
506 600530
508 600531
507 600531
510 600532
514 600533
508 600535
506 600535
508 600541
509 600727
508 600729
509 600729
507 600734
508 600736
511 600736
507 600782
505 600784
507 600784
508 600785
508 600785
506 600786
505 600811
508 600814
510 600814
508 600815
505 600815
508 600816
509 600818
510 600819
508 600819
509 600820
510 600820
510 600820
508 600821
507 600821
507 600822
509 600822
507 600830
508 600859
508 600897
508 600898
509 600901
506 600901
507 600902
507 600902
509 600950
507 600951
507 600951
509 600952
508 600952
508 600960
509 601077
507 601078
507 601078
507 601081
507 601081
507 601082
509 601082
509 601083
508 601083
510 601084
508 601084
505 601085
507 601090
507 601105
509 601111
507 601188
508 601188
506 601189
510 601190
508 601190
505 601191
506 601191
506 601192
508 601229
507 601233
508 601233
509 601256
511 601257
508 601259
506 601270
507 601530
509 601531
507 601531
508 601532
509 601533
509 601533
509 601534
509 601535
506 601536
508 601536
508 601537
508 601537
508 601538
509 601539
508 601539
510 601540
510 601541
507 601541
508 601542
508 601542
507 601543
509 601543
509 601544
507 601544
509 601545
509 601546
508 601548
506 601548
505 601560
507 601736
508 601736
507 601737
506 601738
509 601738
507 601739
507 601739
505 601740
507 601740
507 601741
508 601741
509 601742
503 601742
508 601743
509 601743
506 601744
506 601744
508 601747
509 601749
507 601760
507 601770
507 601925
508 601926
511 601926
508 601927
508 601928
509 601928
509 601929
508 601930
506 601930
508 601931
509 601931
511 601932
507 601932
507 601932
507 601933
507 601940
509 601950
508 601960
509 601971
507 601993
509 601993
509 602000
507 602010
507 602020
509 602030
506 602040
507 602050
509 602060
508 602070
509 602080
509 602090
507 602100
506 602110
509 602120
507 602142
508 602142
509 602336
508 602337
509 602337
510 602338
507 602339
507 602339
507 602340
507 602340
508 602341
506 602341
508 602342
508 602343
511 602343
508 602343
506 602344
506 602344
507 602345
509 602347
508 602347
506 602353
509 602353
510 602912
508 602913
508 602914
508 602914
508 602915
507 602915
510 602916
507 602916
508 602917
511 602917
506 602918
507 602918
507 602919
509 602920
507 602920
509 602921
508 602921
505 602922
509 602922
509 602923
508 602923
507 602924
509 602925
507 602925
508 602926
508 602927
507 602927
508 602928
509 602929
507 602929
507 602930
507 602931
506 602931
508 602932
508 602932
507 602933
509 602934
510 602934
508 602935
506 602936
509 602936
506 602937
510 602937
508 602938
508 602939
508 602940
509 602940
507 602941
508 602942
507 602943
508 602943
509 602944
510 602945
506 602945
510 602946
508 602948
510 602948
508 602949
508 602949
509 602960
508 603127
508 603128
507 603128
505 603129
510 603130
509 603130
503 603131
505 603132
507 603132
507 603133
515 603134
508 603135
509 603135
508 603136
507 603137
508 603137
506 603140
504 603141
506 603150
506 604316
508 604317
505 604317
509 604318
519 604318
503 604319
505 604319
504 604320
509 604320
520 604321
512 604322
512 604322
507 604323
509 604324
524 604324
506 604325
506 604326
509 604326
506 604327
515 604328
504 604328
515 604329
516 604329
506 604330
506 604330
492 604331
510 604331
514 604332
508 604333
507 604333
508 604333
517 604334
506 604334
524 604335
511 604336
508 604336
506 604336
508 604337
514 604338
511 604339
513 604340
503 604340
513 604341
507 604341
509 604342
511 604342
506 604343
503 604344
510 604345
510 604345
516 604346
514 604347
506 604347
508 604348
507 604349
505 604349
478 604350
505 604351
504 604352
506 604352
510 604353
506 604353
508 604354
509 604354
505 604355
507 604355
507 604356
506 604356
507 604357
507 604357
506 604358
508 604359
506 604359
507 604360
507 604360
508 604361
509 604361
505 604362
508 604362
506 604363
508 604364
508 604364
508 604365
507 604366
509 604366
508 604367
511 604368
507 604369
507 604369
509 604370
507 604371
507 604371
509 604372
509 604373
508 604373
507 604374
507 604376
507 604376
507 604377
508 604377
510 604378
508 604378
507 604379
506 604379
508 604380
507 604380
509 604381
508 604392
508 604392
510 604721
508 604722
506 604723
507 604723
508 604724
509 604725
508 604725
508 604726
507 604727
508 604727
510 604728
508 604729
506 604729
507 604730
509 604731
508 604731
508 604732
505 604733
509 604733
508 604734
506 604735
505 604735
506 604736
508 604736
509 604737
508 604738
509 604738
507 604739
511 604739
509 604740
506 604740
508 604741
508 604746
509 604746
509 604749
508 604772
508 604772
510 604779
509 604789
506 604799
507 604810
509 604820
508 604830
509 604839
509 604862
508 604862
510 604869
509 604880
505 604889
508 604899
507 604923
508 604924
510 604930
507 604940
507 604963
509 604963
508 604970
508 604993
507 604993
508 605000
504 605053
508 605054
507 605054
507 605057
507 605059
509 605061
507 605137
507 605138
507 605138
506 605139
507 605139
507 605140
508 605141
506 605143
511 605149
507 605314
507 605315
507 605315
506 605316
507 605316
506 605316
508 605317
508 605317
512 605318
508 605319
507 605319
507 605319
509 605320
509 605320
508 605321
507 605321
509 605342
507 605342
508 605343
507 605350
506 605360
507 605370
507 605380
507 605390
508 605400
508 605411
510 605420
509 605430
507 605441
507 605450
509 605460
507 605470
508 605480
508 605500
510 605512
510 605512
509 605519
508 605530
506 605539
507 605549
508 605559
507 605569
508 605584
508 605589
509 605599
510 605609
508 605619
507 605629
507 605639
510 605673
507 605673
508 605692
507 605692
509 605700
512 605710
508 605720
506 605742
507 605742
508 605750
507 605760
507 605770
508 605780
508 605790
511 605800
507 605810
507 605820
506 605830
525 605852
510 605852
508 605860
509 605870
508 605888
512 605890
508 605900
506 605949
504 605950
508 605952
508 605952
507 605991
509 605991
508 605992
510 605994
509 605994
506 605999
505 606009
509 606019
507 606029
507 606040
509 606050
508 606060
507 606071
508 606080
507 606090
507 606100
508 606110
505 606120
510 606130
508 606140
508 606150
508 606160
510 606170
508 606180
507 606190
508 606200
506 606210
509 606220
508 606244
510 606252
508 606252
510 606260
507 606269
506 606279
507 606290
508 606299
509 606309
508 606320
507 606329
510 606352
518 606353
509 606359
507 606369
505 606379
507 606389
506 606410
509 606423
508 606430
509 606446
509 606449
509 606460
508 606538
507 606538
509 606539
506 606540
508 606540
509 606541
509 606541
508 606544
509 606550
507 606921
507 606922
509 606922
506 606923
507 606923
508 606923
508 606924
508 606924
510 606925
507 606925
506 606925
508 606926
507 606926
509 606927
508 606927
507 606928
506 606928
510 606929
508 606929
506 606929
507 606930
505 606930
508 606931
507 606931
505 606932
508 606932
509 606933
507 606933
506 606933
506 606934
506 606934
509 606935
508 606935
508 606935
507 606936
512 606936
508 606939
507 606939
508 606950
508 607129
508 607130
509 607130
504 607131
509 607131
510 607261
509 607366
507 607368
507 607368
507 607410
510 607410
509 607413
509 607413
508 607442
510 607442
508 607445
506 607445
507 607446
507 607446
509 607730
505 607731
507 607731
510 607732
509 607732
506 607733
509 607734
508 607735
511 607735
507 607736
506 607736
510 607737
505 607737
509 607738
509 607738
511 607739
508 607739
505 607739
517 607740
521 607740
501 607741
509 607741
505 607742
517 607742
483 607742
511 607743
503 607743
507 607744
497 607744
496 607745
514 607745
509 607746
507 607748
512 607748
507 607749
504 607751
513 607785
508 607786
498 607788
506 607802
508 607802
515 607934
512 607935
507 607935
504 607936
494 607936
501 607937
490 607938
511 607938
497 607939
510 607939
504 607940
526 607942
506 607942
496 607950
506 608115
505 608116
505 608116
507 608117
509 608120
509 608121
512 608121
502 608122
505 608122
510 608123
511 608123
499 608124
498 608124
512 608125
505 608125
520 608128
510 608128
512 608142
490 608142
507 608535
487 608536
483 608536
508 608537
500 608538
510 608538
498 608539
511 608544
506 608544
508 608545
508 608546
507 608547
509 608548
508 608548
505 608549
515 608550
509 608550
510 608551
517 608764
510 608764
506 608767
501 609813
509 609814
507 609815
507 609815
510 609816
508 609816
508 609817
508 609817
507 609818
508 609818
507 609819
507 609819
509 609820
511 609820
507 609820
506 609821
507 609821
507 609822
509 609822
507 609823
508 609823
509 609824
511 609824
508 609825
506 609825
507 609826
507 609826
508 609827
510 609827
510 609828
508 609828
512 609829
509 609829
504 609877
509 609878
507 609878
510 609879
502 609880
508 609880
510 609881
507 609881
507 609882
508 609882
508 609883
509 609883
509 609884
508 609885
507 609885
510 609885
507 609886
508 609887
507 609887
507 609888
508 609888
508 609892
508 609892
510 609893
510 609893
508 609894
506 609894
508 609895
506 609895
509 609896
509 609896
508 609897
508 609897
511 609898
509 609898
505 609899
506 609899
508 609900
508 609900
506 609900
507 609901
509 609901
510 609902
508 609902
507 609903
508 610170
508 610170
508 610171
508 610172
508 610172
508 610173
510 610174
508 610174
508 610175
506 610175
506 610176
507 610176
509 610177
507 610177
510 610178
510 610178
509 610179
504 610179
508 610180
507 610180
510 610181
507 610181
508 610182
507 610182
506 610183
510 610183
508 610184
506 610184
506 610185
507 610185
512 610186
507 610186
506 610187
515 610187
513 610188
504 610188
506 610189
507 610190
507 610190
513 610191
511 610191
515 610192
510 610192
511 610193
507 610193
504 610194
507 610194
508 610195
510 610195
508 610196
503 610199
510 610199
511 610200
507 610201
507 610201
511 610202
509 610203
507 610203
507 610204
507 610204
508 610205
509 610206
508 610206
506 610207
507 610207
510 610208
508 610208
508 610209
508 610210
508 610211
509 610211
510 610212
505 610213
508 610213
511 610214
511 610214
505 610215
508 610216
501 610216
512 610481
505 610481
508 610482
504 610482
510 610483
506 610483
507 610484
508 610484
507 610486
506 610486
510 610487
506 610487
510 610488
511 610488
503 610491
508 610492
508 610492
508 610493
509 610493
511 610494
508 610494
505 610495
507 610495
509 610496
507 610496
507 610496
507 611171
508 611172
510 611173
507 611173
507 611174
506 611175
507 611176
508 611176
510 611177
509 611178
507 611179
508 611179
511 611180
486 611181
499 611182
511 611182
506 611183
