505 272102
508 272140
505 272160
509 272162
506 272163
509 272163
507 272166
511 272169
506 272179
508 272201
509 272204
507 272209
507 272219
506 272229
508 272238
508 272248
509 272264
509 272269
506 272279
507 272299
506 272309
508 272318
507 272328
510 272338
509 272348
509 272359
508 272369
506 272378
506 272388
508 272398
507 272408
507 272418
508 272428
510 272438
509 272448
508 272458
508 272480
507 272484
508 272488
509 272498
509 272509
508 272519
509 272529
508 272539
509 272549
507 272559
508 272569
509 272579
506 272589
508 272611
508 272614
508 272619
508 272641
510 272644
510 272649
513 272671
511 272674
509 272691
502 272694
497 272698
496 272709
504 272718
506 272728
506 272738
505 272748
504 272758
504 272768
508 272778
506 272800
507 272804
507 272808
508 272818
504 272840
506 272844
507 272848
510 272858
511 272868
509 272879
506 272889
518 272899
513 272909
505 272918
511 272928
510 272938
502 272948
510 272961
508 272968
508 272978
502 272988
508 273011
509 273019
507 273028
509 273038
510 273048
511 273058
509 273080
506 273084
511 273088
510 273098
509 273109
507 273119
504 273129
506 273139
507 273149
512 273159
508 273181
508 273184
508 273188
510 273198
508 273208
507 273218
508 273228
511 273251
509 273254
505 273258
505 273281
506 273284
512 273288
505 273298
500 273309
503 273319
504 273329
504 273351
507 273355
505 273359
503 273381
512 273385
511 273389
505 273399
510 273421
508 273424
507 273428
508 273451
510 273454
509 273459
514 273481
499 273484
502 273489
498 273509
507 273521
504 273525
505 273529
510 273551
509 273555
508 273559
501 273581
503 273585
510 273589
512 273612
508 273616
510 273631
506 273634
506 273650
512 273661
508 273664
507 273689
508 273725
509 273731
507 273734
515 273735
519 273735
497 273751
519 273754
508 273759
513 273794
509 273796
523 273800
516 273823
506 273827
500 273830
500 273830
511 273865
509 273869
505 273871
504 273872
510 273891
509 273894
509 273899
511 273932
509 273936
511 273968
506 273971
509 273972
507 273972
508 273992
508 273995
507 274001
509 274005
507 274031
509 274035
497 274039
518 274040
518 274074
490 274076
508 274078
521 274104
516 274106
489 274110
498 274132
512 274135
504 274141
506 274166
506 274167
507 274171
511 274174
511 274200
506 274252
498 274255
517 274256
498 274259
523 274260
493 274260
499 274325
492 274327
479 274330
524 274331
498 274331
494 274332
509 274332
513 274346
504 274347
505 274350
508 274409
507 274460
507 274462
507 274463
508 274465
511 274466
507 274468
505 274469
506 274472
513 274483
513 274485
516 274521
490 274524
488 274524
529 274528
520 274528
504 274572
505 274575
507 274580
513 274697
515 274712
517 274715
506 274715
507 274717
506 274720
505 274720
505 274721
511 274767
508 274774
511 274774
506 274774
516 274775
520 274775
512 274776
511 274776
512 274777
505 274789
507 274790
509 274791
504 274791
503 274792
497 274818
515 274822
506 274822
511 274823
502 274828
505 274843
508 274845
507 274849
507 274859
510 274869
508 274890
508 274900
508 274919
507 274932
506 274947
509 274948
505 274948
507 275082
508 275085
508 275148
509 275151
510 275151
507 275154
507 275155
512 275155
505 275156
507 275158
509 275161
509 275163
506 275163
504 275166
504 275169
507 275178
508 275188
510 275199
515 275209
508 275231
507 275234
512 275239
504 275258
501 275268
498 275279
509 275301
519 275304
505 275309
537 275319
516 275329
509 275339
503 275359
513 275371
505 275374
507 275399
505 275491
508 275494
505 275494
509 275497
511 275508
507 275511
504 275511
507 275512
505 275514
506 275514
513 275515
515 275517
511 275546
511 275549
512 275550
508 275574
506 275577
503 275578
509 275698
506 275699
507 275701
511 275701
510 275702
505 275738
505 275741
508 275741
509 275742
507 275793
511 275796
509 275799
508 275802
509 275803
508 275803
504 275807
504 275808
508 275808
510 275811
507 275811
507 275812
507 275814
511 275814
508 275815
507 275829
507 275844
507 275846
510 275849
507 275852
505 275859
502 275868
505 275879
509 275889
508 275898
508 275908
511 275918
505 275929
507 275939
508 275949
507 275959
506 275969
509 275979
507 275999
506 276009
510 276018
520 276028
507 276038
505 276048
503 276058
503 276069
517 276079
518 276089
513 276099
508 276109
507 276134
507 276135
503 276138
506 276148
505 276158
504 276168
498 276178
509 276188
506 276198
502 276221
511 276224
516 276228
516 276238
518 276248
514 276258
508 276268
504 276278
504 276289
512 276299
503 276308
508 276318
514 276328
502 276338
511 276348
508 276358
504 276368
509 276378
507 276388
510 276398
508 276408
504 276418
509 276428
508 276438
507 276448
508 276458
509 276468
512 276478
507 276488
507 276498
509 276509
518 276519
497 276529
508 276538
501 276549
509 276558
504 276581
506 276585
512 276589
508 276599
510 276608
510 276619
517 276629
491 276639
517 276649
496 276659
481 276669
507 276679
476 276688
555 276699
487 276709
492 276718
477 276739
498 276748
510 276759
512 276769
501 276779
509 276789
509 276799
507 276808
506 276818
504 276828
510 276839
514 276849
503 276859
510 276869
512 276879
508 276889
496 276899
511 276909
509 276919
512 276944
509 276951
513 276954
510 276959
504 276969
505 276979
509 276989
504 276999
511 277009
506 277031
510 277034
510 277038
511 277048
507 277059
508 277069
515 277079
500 277089
513 277099
510 277108
507 277131
506 277134
506 277139
506 277149
506 277159
507 277168
517 277179
507 277188
502 277199
506 277209
510 277219
510 277229
503 277239
511 277249
509 277259
507 277269
510 277279
506 277289
505 277299
509 277309
506 277319
508 277329
508 277339
509 277349
508 277358
510 277369
510 277391
502 277394
507 277399
507 277409
509 277419
510 277429
507 277438
512 277449
510 277458
511 277469
503 277489
505 277499
509 277521
512 277525
510 277528
505 277539
506 277549
511 277559
506 277569
516 277604
508 277608
510 277611
510 277612
506 277619
508 277628
508 277639
507 277649
509 277659
509 277669
510 277679
504 277689
504 277698
512 277708
506 277718
509 277731
508 277738
506 277748
512 277758
504 277768
515 277778
513 277789
504 277798
509 277809
508 277818
507 277828
510 277838
511 277848
502 277858
506 277868
512 277879
510 277889
504 277899
505 277908
508 277919
508 277929
504 277939
506 277949
505 277971
508 277974
507 277978
510 277988
508 277998
508 278008
510 278018
512 278028
505 278038
506 278049
509 278059
504 278069
504 278079
503 278089
503 278098
516 278121
508 278124
501 278144
513 278145
512 278148
509 278158
504 278168
504 278178
509 278188
516 278198
514 278208
508 278228
502 278238
507 278249
508 278259
510 278269
510 278279
509 278289
506 278299
509 278309
508 278331
508 278334
509 278339
509 278348
509 278359
507 278369
509 278378
508 278388
507 278398
507 278408
507 278433
508 278434
506 278438
508 278448
507 278458
509 278468
508 278478
511 278489
508 278499
505 278509
508 278519
507 278529
507 278539
508 278549
510 278559
509 278569
510 278579
507 278589
506 278599
506 278609
508 278618
507 278628
510 278638
502 278648
509 278658
509 278668
510 278678
506 278689
511 278699
507 278729
507 278730
507 278730
508 278738
507 278748
507 278758
507 278768
508 278778
506 278788
508 278798
507 278808
509 278818
509 278828
509 278838
510 278848
509 278858
507 278868
506 278878
508 278889
507 278899
509 278908
506 278919
508 278929
507 278948
510 278958
508 278969
506 278979
508 278988
505 278998
509 279008
509 279018
506 279028
508 279038
510 279048
508 279071
506 279074
507 279078
507 279088
509 279098
508 279108
508 279118
507 279154
508 279158
508 279160
509 279160
510 279181
506 279185
506 279189
507 279199
507 279209
509 279219
507 279229
508 279239
507 279249
508 279271
508 279274
508 279278
508 279288
508 279299
507 279309
508 279331
511 279334
504 279351
506 279354
500 279371
499 279374
503 279378
505 279388
509 279398
508 279408
508 279418
505 279441
506 279444
507 279448
509 279458
509 279468
506 279478
509 279488
514 279498
506 279508
504 279518
506 279528
505 279551
505 279555
509 279558
506 279568
508 279579
508 279601
507 279604
507 279608
509 279618
509 279628
507 279638
508 279649
509 279659
509 279668
507 279678
512 279688
507 279709
504 279718
508 279728
508 279738
509 279748
509 279758
509 279768
508 279779
509 279789
509 279799
507 279808
505 279818
508 279828
511 279838
507 279848
509 279858
508 279868
512 279878
508 279888
507 279898
506 279908
507 279918
506 279928
509 279938
507 279948
506 279958
506 279981
508 279984
510 279989
508 279999
508 280009
507 280019
506 280029
507 280039
505 280049
508 280059
506 280081
507 280084
510 280088
511 280098
506 280108
505 280118
510 280128
507 280138
508 280148
508 280158
510 280168
505 280178
504 280188
506 280198
510 280208
508 280219
511 280229
503 280239
512 280249
508 280258
510 280268
508 280279
509 280301
508 280304
510 280308
509 280318
509 280328
510 280340
508 280348
507 280358
507 280368
509 280378
509 280388
509 280398
510 280408
505 280418
506 280441
507 280444
508 280459
509 280469
505 280479
508 280489
506 280499
508 280509
506 280519
509 280529
511 280551
506 280554
505 280558
508 280568
505 280578
508 280588
507 280598
509 280608
508 280618
508 280628
507 280638
507 280647
507 280658
507 280668
508 280678
507 280688
507 280698
508 280708
509 280718
507 280728
506 280738
508 280748
508 280758
508 280768
508 280778
507 280788
509 280798
511 280809
508 280818
506 280828
507 280839
506 280849
509 280858
508 280868
506 280878
506 280888
512 280898
504 280908
510 280935
508 280936
509 280939
509 280948
508 280958
510 280968
507 280978
512 280988
504 280998
511 281008
504 281017
509 281028
508 281038
508 281048
508 281058
509 281069
510 281078
509 281088
508 281098
507 281108
508 281118
508 281128
507 281138
508 281148
507 281158
508 281168
510 281178
507 281198
507 281208
506 281218
508 281228
507 281238
508 281248
507 281258
508 281268
509 281278
508 281288
506 281298
508 281308
507 281318
508 281328
508 281338
509 281361
509 281364
510 281368
508 281390
506 281394
508 281398
508 281408
508 281417
508 281427
508 281437
509 281449
512 281458
508 281468
506 281491
507 281494
509 281499
506 281509
510 281519
509 281528
510 281551
508 281554
512 281558
509 281568
509 281578
507 281588
507 281598
511 281608
504 281618
505 281628
507 281638
509 281648
505 281658
511 281668
508 281678
507 281688
507 281698
508 281708
507 281718
507 281728
507 281738
508 281748
505 281758
508 281768
505 281778
507 281788
509 281798
507 281808
507 281818
511 281828
507 281838
505 281861
507 281864
508 281868
507 281878
508 281888
509 281899
509 281908
509 281930
508 281938
507 281948
508 281958
509 281968
506 281978
507 281988
510 281998
510 282008
510 282043
508 282047
509 282049
508 282052
509 282058
508 282068
508 282078
507 282088
507 282099
509 282109
510 282118
506 282128
507 282138
509 282148
508 282160
510 282168
506 282178
508 282188
513 282211
507 282214
504 282218
506 282228
507 282238
508 282248
508 282258
510 282268
509 282278
508 282301
510 282305
508 282309
507 282318
507 282328
507 282351
508 282354
507 282358
507 282368
508 282378
510 282402
508 282406
503 282410
506 282432
511 282433
508 282440
508 282448
507 282458
507 282468
510 282478
511 282489
504 282498
503 282509
506 282518
509 282528
507 282538
509 282548
507 282558
510 282568
508 282578
506 282588
504 282598
512 282608
507 282618
509 282628
504 282638
507 282648
513 282658
510 282678
510 282688
505 282699
507 282709
507 282718
507 282728
512 282738
506 282748
502 282758
503 282768
506 282778
511 282788
510 282798
506 282808
504 282818
506 282828
513 282838
509 282848
510 282858
510 282869
500 282879
513 282889
504 282899
512 282908
510 282929
504 282929
509 282938
506 282949
510 282959
506 282969
506 282978
508 282988
506 282998
508 283008
508 283018
508 283028
509 283038
508 283048
506 283058
509 283078
508 283079
509 283088
507 283098
507 283108
508 283118
509 283128
509 283139
509 283148
507 283159
509 283168
509 283178
507 283188
504 283199
510 283209
508 283218
508 283241
509 283244
508 283248
509 283258
509 283268
509 283278
509 283288
507 283310
509 283314
508 283318
508 283328
507 283338
507 283348
506 283358
507 283368
508 283391
507 283394
508 283399
507 283408
508 283429
507 283439
508 283448
506 283458
508 283468
508 283478
507 283489
508 283498
509 283508
507 283518
507 283529
507 283538
507 283548
509 283558
510 283568
509 283591
509 283594
509 283598
509 283608
501 283632
508 283633
506 283638
511 283648
511 283658
509 283668
508 283678
511 283688
508 283698
507 283708
508 283718
502 283728
506 283738
492 283748
500 283758
501 283769
512 283779
508 283788
505 283798
506 283808
510 283818
505 283837
506 283841
507 283848
507 283871
507 283874
510 283878
506 283888
501 283898
507 283908
507 283918
500 283928
506 283938
513 283948
506 283958
508 283968
507 283978
509 283988
508 283998
513 284008
512 284019
502 284029
509 284051
504 284054
509 284059
508 284081
507 284084
508 284088
505 284098
504 284108
507 284118
507 284129
506 284149
511 284149
509 284159
505 284178
507 284188
505 284198
509 284208
510 284218
511 284241
512 284242
525 284248
493 284258
524 284281
491 284284
532 284288
530 284298
506 284308
522 284318
492 284328
513 284338
514 284348
507 284358
498 284368
511 284378
505 284388
510 284398
506 284408
511 284418
508 284428
508 284438
508 284448
503 284458
510 284469
506 284478
504 284488
507 284498
508 284520
515 284524
514 284528
510 284539
497 284549
505 284558
503 284568
511 284579
503 284588
503 284598
507 284608
510 284618
510 284628
506 284638
505 284648
508 284658
508 284668
507 284678
510 284688
509 284698
510 284708
502 284718
506 284728
506 284738
515 284748
499 284758
500 284769
505 284778
491 284789
513 284811
489 284814
508 284818
513 284828
504 284838
501 284848
503 284858
514 284868
526 284878
538 284911
542 284913
484 284919
526 284928
513 284939
507 284948
520 284958
483 284993
485 284996
477 284999
524 285011
507 285014
520 285018
496 285029
520 285051
502 285054
501 285083
515 285086
501 285089
509 285092
505 285109
508 285121
519 285124
505 285128
501 285151
509 285154
511 285158
509 285181
508 285184
506 285188
505 285198
507 285221
506 285224
512 285228
506 285271
507 285274
507 285284
510 285288
508 285291
507 285292
507 285298
507 285320
509 285324
507 285328
508 285350
509 285354
511 285358
507 285368
505 285378
508 285388
507 285398
509 285421
508 285424
509 285429
510 285451
510 285454
508 285458
505 285468
508 285488
507 285498
508 285520
508 285523
508 285549
509 285563
509 285567
508 285567
508 285581
507 285584
510 285588
507 285598
509 285634
509 285635
511 285636
509 285638
508 285648
509 285658
506 285680
509 285684
507 285688
509 285698
509 285708
508 285718
508 285728
508 285738
507 285748
508 285758
508 285768
508 285778
507 285801
507 285804
508 285808
509 285818
510 285828
507 285838
509 285860
505 285863
506 285868
503 285891
506 285894
507 285899
506 285908
506 285918
511 285928
504 285938
507 285948
512 285959
510 285968
511 285978
507 285988
509 286008
512 286021
507 286024
510 286028
507 286038
512 286048
508 286058
504 286068
509 286078
513 286088
514 286124
508 286128
507 286131
501 286132
506 286153
509 286154
508 286170
508 286174
509 286178
509 286188
508 286198
507 286218
504 286230
504 286234
515 286238
508 286248
512 286258
506 286268
512 286278
504 286289
502 286298
504 286309
507 286331
517 286334
514 286338
510 286348
507 286358
509 286368
511 286403
510 286405
506 286408
508 286418
508 286428
504 286438
507 286460
508 286464
509 286468
509 286488
508 286500
505 286504
507 286534
507 286538
511 286540
508 286541
505 286548
510 286558
512 286568
505 286578
507 286601
504 286604
509 286608
510 286632
509 286638
506 286641
508 286688
510 286690
500 286691
505 286691
504 286711
500 286714
507 286876
503 286882
511 286884
505 286885
509 286885
510 286887
509 286888
528 286890
501 286891
498 286891
498 286903
515 286903
502 286904
508 286941
499 286944
506 286944
504 286947
506 286953
506 286956
512 286956
511 286958
503 286959
506 286961
507 286961
511 286962
505 287018
512 287230
497 287233
518 287234
502 287236
514 287236
503 287272
512 287274
504 287275
506 287277
502 287279
507 287280
514 287280
484 287281
517 287284
507 287285
493 287319
507 287373
492 287376
511 287378
500 287379
504 287381
501 287382
512 287383
503 287383
508 287385
511 287386
510 287387
509 287388
495 287391
530 287419
533 287420
522 287464
541 287467
497 287468
491 287470
505 287471
489 287471
504 287549
511 287600
522 287602
511 287603
499 287604
523 287605
502 287606
507 287612
520 287614
501 287615
500 287617
495 287617
510 287618
510 287653
504 287654
506 287657
507 287659
508 287660
512 287668
515 287678
511 287713
501 287715
503 287719
505 287722
509 287741
517 287744
508 287748
506 287783
510 287786
513 287789
495 287792
496 287809
503 287821
512 287824
498 287838
502 287848
515 287869
496 287881
503 287884
506 287888
512 287911
503 287936
506 287936
509 287937
506 287940
510 287948
495 287958
528 287981
508 287984
501 287987
511 287998
513 288021
508 288024
516 288028
508 288050
503 288054
515 288058
506 288068
503 288079
507 288088
503 288111
505 288112
514 288118
511 288128
504 288138
508 288148
510 288158
505 288168
508 288191
508 288194
512 288198
510 288208
510 288218
506 288228
512 288238
507 288248
508 288258
506 288267
508 288291
508 288294
505 288298
508 288308
508 288318
510 288328
511 288338
508 288348
506 288358
510 288368
506 288378
509 288388
509 288398
509 288408
509 288418
508 288428
505 288438
507 288448
507 288458
508 288468
507 288477
507 288488
509 288498
509 288508
510 288518
509 288528
506 288538
508 288548
505 288558
508 288568
507 288591
508 288594
508 288598
507 288618
504 288628
507 288638
510 288648
500 288658
509 288668
506 288678
507 288688
507 288698
511 288708
508 288718
509 288734
513 288738
517 288747
503 288758
507 288780
506 288783
509 288787
510 288798
509 288808
509 288818
508 288828
508 288838
507 288848
508 288858
508 288868
509 288890
510 288894
508 288898
506 288925
507 288925
508 288928
509 288937
508 288960
509 288964
508 288967
508 288978
510 288988
508 288998
507 289008
504 289018
511 289028
505 289038
507 289048
509 289058
507 289068
508 289078
506 289088
507 289098
509 289108
508 289118
505 289128
508 289150
508 289194
508 289195
509 289195
507 289196
505 289197
508 289200
507 289208
508 289218
507 289240
506 289244
509 289248
509 289257
508 289280
505 289283
506 289288
507 289297
510 289307
509 289319
507 289328
509 289338
512 289348
508 289358
507 289368
507 289388
509 289398
507 289407
508 289417
509 289427
507 289437
509 289448
507 289458
507 289468
507 289478
509 289488
508 289498
509 289508
513 289531
506 289533
508 289538
508 289548
507 289558
508 289568
509 289578
507 289588
510 289598
507 289608
509 289618
508 289628
509 289638
506 289648
506 289658
508 289668
509 289678
509 289688
509 289698
506 289708
540 289719
516 289728
484 289738
466 289748
485 289758
517 289778
485 289779
487 289788
497 289821
486 289824
501 289825
513 289828
506 289838
508 289848
507 289858
508 289868
507 289878
506 289903
510 289905
511 289908
504 289918
511 289928
508 289938
512 289948
500 289958
521 289968
510 289978
514 289988
510 289998
508 290008
510 290018
513 290041
512 290044
511 290048
506 290058
506 290068
509 290091
507 290095
510 290098
507 290118
507 290128
507 290138
512 290148
507 290158
505 290168
514 290178
509 290188
507 290198
508 290208
501 290218
511 290228
511 290238
505 290248
511 290258
514 290268
507 290278
510 290288
511 290298
505 290308
511 290318
510 290328
508 290338
507 290348
507 290358
508 290368
509 290378
507 290389
505 290398
507 290408
509 290418
511 290428
509 290438
507 290448
506 290470
510 290474
505 290478
506 290488
507 290498
504 290508
512 290518
509 290554
512 290558
508 290560
512 290561
508 290568
507 290578
508 290588
510 290598
508 290608
507 290618
508 290628
508 290638
510 290648
508 290658
507 290668
507 290678
507 290688
506 290698
508 290720
508 290724
508 290728
507 290738
509 290748
508 290758
507 290768
508 290778
506 290788
507 290810
508 290814
509 290818
507 290838
507 290848
507 290858
505 290868
507 290878
507 290888
508 290898
507 290908
507 290918
509 290928
510 290938
508 290947
506 290958
507 290968
507 290978
508 290987
508 290997
508 291021
509 291024
511 291028
507 291038
506 291048
507 291058
507 291068
508 291078
508 291088
508 291111
509 291114
510 291118
509 291128
508 291138
507 291148
506 291158
508 291168
506 291178
508 291188
509 291211
508 291214
508 291218
507 291228
508 291238
505 291248
505 291258
506 291281
508 291284
507 291288
509 291298
507 291308
509 291318
506 291328
519 291338
514 291360
500 291364
496 291368
505 291378
508 291388
510 291398
507 291408
507 291418
507 291428
510 291440
508 291448
507 291458
508 291468
508 291478
509 291488
507 291498
508 291507
506 291518
507 291538
509 291560
509 291563
506 291567
510 291577
511 291588
506 291597
505 291608
507 291636
506 291640
508 291644
509 291648
507 291658
509 291668
508 291678
509 291688
504 291698
508 291708
508 291718
509 291728
507 291738
508 291748
508 291758
509 291768
508 291778
507 291800
506 291803
509 291808
508 291818
507 291828
507 291838
508 291848
508 291857
509 291868
508 291878
506 291888
508 291898
507 291926
509 291926
508 291930
508 291937
508 291947
509 291957
506 291967
507 291978
508 291988
507 291998
507 292008
505 292018
506 292028
507 292038
509 292048
508 292058
507 292068
508 292078
506 292088
511 292098
507 292108
502 292118
506 292128
511 292138
510 292148
507 292158
507 292168
510 292178
508 292188
510 292198
508 292208
507 292218
510 292228
508 292238
506 292248
506 292258
510 292268
510 292278
510 292300
510 292303
509 292307
508 292318
508 292327
508 292347
507 292358
507 292368
506 292381
509 292388
510 292398
510 292408
508 292418
507 292428
503 292438
504 292448
507 292458
506 292468
506 292490
507 292493
508 292498
507 292508
506 292518
507 292528
508 292538
507 292560
506 292563
506 292568
508 292578
509 292587
510 292597
510 292607
505 292617
506 292628
508 292638
509 292648
510 292658
508 292668
510 292678
505 292688
505 292698
507 292708
503 292718
504 292728
505 292763
510 292768
503 292770
501 292771
507 292778
510 292788
511 292798
508 292808
509 292818
508 292828
507 292838
509 292848
511 292858
510 292867
509 292877
506 292887
504 292898
506 292907
507 292917
508 292927
508 292938
510 292961
509 292964
510 292968
510 292978
507 292988
505 292998
505 293008
506 293018
505 293028
508 293038
508 293048
510 293058
510 293077
509 293088
506 293098
501 293108
504 293118
510 293129
516 293138
509 293148
505 293158
506 293168
507 293178
508 293188
508 293198
507 293208
507 293218
508 293240
507 293244
508 293248
511 293258
505 293268
508 293277
507 293287
510 293298
508 293307
506 293317
509 293328
505 293338
515 293348
506 293358
505 293368
505 293378
509 293388
506 293398
504 293408
511 293418
510 293428
510 293438
508 293448
508 293458
509 293468
507 293479
507 293501
509 293504
505 293508
510 293518
507 293528
511 293538
508 293548
509 293558
510 293568
506 293578
507 293588
508 293598
510 293608
509 293628
505 293629
510 293638
509 293648
510 293658
503 293691
510 293695
508 293700
508 293704
507 293708
506 293718
508 293728
506 293738
506 293748
505 293758
507 293768
509 293778
512 293788
512 293798
511 293808
506 293828
507 293838
507 293848
508 293858
508 293868
508 293878
506 293888
508 293898
509 293907
509 293918
508 293928
507 293938
508 293947
509 293971
507 293986
508 293986
508 293989
508 293998
508 294008
505 294018
508 294028
506 294038
507 294048
511 294071
509 294074
510 294078
510 294088
505 294098
501 294133
502 294137
508 294140
510 294140
510 294147
511 294157
509 294168
509 294178
509 294188
509 294198
509 294208
508 294218
508 294228
504 294238
503 294248
508 294258
509 294268
508 294278
506 294288
507 294308
508 294320
506 294324
506 294341
508 294342
509 294347
510 294358
508 294368
507 294378
506 294388
506 294397
509 294407
510 294417
507 294440
508 294444
507 294448
509 294458
507 294468
505 294478
510 294488
508 294498
506 294508
505 294518
503 294528
504 294538
508 294548
507 294558
509 294568
510 294588
511 294598
508 294608
508 294625
510 294628
507 294638
509 294648
509 294658
508 294667
507 294678
508 294688
508 294697
507 294707
510 294717
508 294728
509 294738
507 294748
510 294758
504 294768
510 294778
507 294788
510 294798
508 294808
509 294818
511 294841
509 294844
509 294848
507 294858
507 294868
506 294878
509 294888
507 294898
509 294908
508 294918
510 294928
508 294938
505 294948
506 294958
509 294968
508 294978
505 294988
507 294998
509 295008
506 295017
510 295028
507 295038
507 295048
508 295058
506 295068
508 295078
507 295088
509 295098
505 295108
508 295118
507 295128
507 295138
509 295148
506 295158
508 295180
509 295184
509 295188
508 295198
507 295208
507 295218
508 295228
507 295250
506 295253
509 295258
508 295268
507 295278
509 295287
509 295307
507 295319
507 295328
506 295350
508 295375
508 295375
508 295380
506 295383
508 295387
508 295397
510 295408
507 295418
507 295453
509 295457
508 295460
508 295460
508 295468
509 295478
510 295488
505 295498
506 295508
507 295518
508 295528
510 295538
508 295548
508 295558
509 295568
510 295578
508 295588
505 295598
507 295608
507 295626
508 295630
508 295638
506 295648
509 295658
510 295668
507 295678
507 295687
507 295697
508 295707
506 295717
505 295727
508 295751
509 295753
509 295758
509 295768
509 295778
507 295788
508 295798
508 295808
507 295818
508 295828
510 295838
509 295848
508 295858
508 295868
506 295878
507 295888
508 295898
510 295908
508 295917
509 295927
511 295938
509 295948
509 295957
506 295980
507 295984
507 295987
508 295997
507 296007
509 296017
508 296027
509 296047
506 296057
507 296067
507 296090
507 296094
507 296098
508 296108
508 296118
508 296128
511 296138
508 296148
507 296158
508 296168
507 296191
508 296194
509 296198
508 296208
507 296218
507 296230
507 296238
507 296248
506 296258
508 296268
507 296290
508 296294
510 296310
507 296313
509 296318
507 296328
507 296338
506 296347
509 296357
507 296367
507 296378
508 296387
507 296397
508 296407
511 296417
507 296428
506 296438
507 296448
507 296458
505 296468
508 296478
507 296488
508 296498
511 296508
507 296518
506 296541
506 296544
507 296548
507 296558
508 296568
508 296578
509 296588
510 296598
507 296608
505 296618
507 296628
506 296638
507 296648
508 296658
508 296668
509 296678
509 296688
508 296698
505 296708
507 296718
508 296728
507 296738
506 296748
507 296758
510 296768
504 296788
504 296798
505 296808
503 296818
503 296828
510 296838
508 296848
507 296858
508 296868
511 296878
508 296888
506 296898
506 296908
507 296918
508 296928
505 296938
508 296948
507 296958
504 296968
513 296978
508 296988
503 296998
508 297008
507 297018
508 297028
507 297038
513 297048
510 297058
509 297068
500 297078
507 297088
506 297098
504 297108
508 297131
502 297132
512 297138
511 297148
511 297158
507 297168
508 297178
505 297213
506 297216
503 297219
506 297222
508 297228
509 297238
514 297248
506 297270
508 297274
501 297278
496 297288
507 297298
505 297321
533 297322
515 297328
516 297338
494 297348
495 297358
490 297368
512 297378
501 297400
514 297403
510 297408
506 297418
513 297428
507 297438
509 297448
508 297471
507 297474
507 297478
509 297488
508 297498
512 297508
507 297528
509 297538
500 297548
512 297558
517 297568
512 297578
504 297588
509 297598
508 297608
510 297618
508 297628
507 297638
507 297661
508 297664
509 297668
506 297678
505 297688
508 297698
509 297708
507 297718
507 297729
502 297738
510 297748
505 297758
521 297768
508 297778
508 297788
505 297798
506 297821
486 297824
510 297828
508 297838
514 297848
494 297858
505 297868
511 297878
501 297888
509 297898
506 297908
520 297918
518 297928
526 297938
496 297948
533 297971
461 297974
498 297978
485 298009
483 298024
481 298028
488 298031
507 298031
498 298038
502 298048
510 298071
505 298074
508 298078
507 298088
509 298098
505 298108
509 298118
510 298128
507 298151
506 298154
505 298158
509 298168
510 298178
509 298200
506 298203
508 298207
510 298217
507 298228
510 298238
508 298248
505 298258
508 298268
505 298288
508 298298
508 298307
506 298324
506 298327
509 298337
508 298347
505 298357
512 298367
505 298377
503 298387
508 298440
507 298442
507 298442
507 298445
507 298445
508 298448
511 298458
505 298468
506 298490
506 298494
509 298508
508 298520
510 298523
508 298528
507 298537
510 298547
509 298557
506 298567
506 298577
508 298600
508 298603
508 298607
506 298617
509 298628
511 298638
508 298648
507 298658
507 298668
507 298678
507 298698
510 298710
505 298714
506 298718
506 298728
510 298738
508 298748
508 298784
508 298786
506 298787
508 298800
507 298804
508 298808
508 298818
511 298828
508 298837
507 298859
508 298870
506 298873
508 298877
507 298888
509 298897
509 298907
508 298923
508 298927
506 298937
507 298947
507 298970
508 298973
508 298978
509 298988
508 298998
510 299008
507 299028
507 299038
506 299048
508 299070
508 299074
508 299079
507 299088
509 299110
513 299114
509 299118
504 299128
504 299138
508 299148
497 299170
503 299174
512 299178
508 299188
508 299198
514 299220
509 299223
504 299227
509 299238
505 299247
507 299257
507 299267
508 299277
506 299287
508 299297
508 299307
506 299321
506 299327
506 299351
510 299354
507 299358
508 299368
509 299378
510 299388
506 299410
506 299414
506 299419
511 299428
505 299438
507 299448
509 299458
508 299468
510 299478
509 299500
508 299504
507 299519
511 299559
507 299562
508 299563
507 299564
507 299566
511 299569
506 299590
507 299594
505 299598
507 299608
507 299618
509 299628
508 299650
508 299654
509 299658
508 299681
505 299684
507 299688
507 299734
509 299736
509 299739
506 299751
507 299754
509 299758
510 299794
506 299817
511 299837
509 299840
513 300108
514 300146
500 300148
517 300148
520 300196
511 300199
515 300199
508 300202
509 300203
507 300204
514 300204
509 300206
509 300207
504 300209
508 300211
506 300211
506 300260
507 300262
506 300263
508 300264
508 300268
506 300287
507 300290
508 300291
506 300293
505 300293
509 300294
509 300294
509 300295
509 300295
518 300296
502 300296
522 300297
518 300297
478 300298
515 300298
498 300299
495 300301
517 300330
507 300332
508 300333
502 300334
507 300335
511 300337
508 300337
500 300338
516 300375
501 300375
491 300376
485 300377
514 300377
538 300378
516 300379
512 300381
499 300381
506 300390
512 300398
512 300408
508 300430
510 300433
504 300438
510 300461
507 300464
508 300468
511 300478
509 300488
507 300510
509 300514
511 300518
506 300528
514 300538
507 300548
493 300558
506 300568
530 300604
513 300608
507 300610
503 300611
503 300631
517 300634
495 300680
506 300682
511 300683
504 300686
507 300687
511 300689
504 300726
506 300734
507 300738
512 300740
501 300741
506 300760
506 300764
497 300768
485 300778
505 300798
511 300799
511 300831
510 300835
520 300840
512 300843
508 300860
515 300864
516 300868
512 300878
508 300888
503 300898
500 300908
509 300918
505 300928
508 300938
502 300974
509 300978
507 300981
509 300981
505 300988
507 300998
507 301008
507 301017
509 301027
507 301037
510 301061
509 301064
507 301068
508 301078
508 301098
505 301108
509 301130
508 301134
507 301138
508 301148
510 301158
507 301178
506 301190
507 301194
507 301198
508 301208
507 301218
509 301228
507 301238
511 301260
507 301263
505 301267
506 301277
508 301287
508 301297
508 301320
508 301323
508 301327
510 301337
510 301347
507 301357
508 301367
510 301377
509 301388
510 301398
505 301420
510 301424
509 301428
508 301438
507 301448
509 301470
510 301474
507 301477
507 301487
509 301510
507 301514
508 301518
510 301540
509 301543
505 301548
508 301558
508 301568
507 301578
508 301588
508 301598
508 301608
511 301618
508 301628
505 301638
505 301648
507 301658
505 301668
507 301678
511 301688
511 301698
509 301708
505 301725
508 301728
508 301737
507 301747
508 301757
507 301780
507 301783
507 301787
509 301797
507 301807
507 301817
508 301827
509 301838
507 301848
507 301858
509 301869
508 301878
508 301888
508 301908
506 301934
510 301938
508 301940
509 301940
508 301948
508 301959
509 301978
510 301988
509 302010
507 302013
508 302017
509 302053
508 302057
507 302060
508 302061
506 302080
509 302083
507 302100
506 302104
504 302121
507 302124
511 302128
506 302138
507 302148
507 302158
511 302168
509 302178
508 302188
507 302198
509 302208
507 302218
508 302228
508 302238
509 302248
509 302258
509 302268
508 302278
506 302288
506 302298
506 302308
509 302317
508 302327
507 302337
509 302347
509 302358
507 302380
505 302383
505 302388
507 302419
504 302420
507 302420
508 302428
509 302438
511 302460
508 302463
507 302468
506 302478
508 302488
508 302498
508 302508
508 302518
507 302528
510 302537
508 302560
508 302564
508 302568
508 302578
508 302588
507 302610
508 302614
508 302626
509 302629
508 302638
507 302648
507 302658
508 302668
504 302678
507 302688
513 302698
518 302708
493 302718
530 302750
516 302754
520 302758
486 302768
524 302777
504 302788
492 302798
497 302808
508 302818
520 302828
506 302851
506 302854
509 302858
504 302868
507 302878
506 302888
505 302916
498 302917
510 302921
509 302928
500 302938
506 302948
499 302958
506 302968
510 302978
505 302988
508 302998
512 303018
513 303020
512 303028
507 303037
512 303047
510 303058
504 303068
510 303078
508 303088
509 303098
507 303108
506 303118
508 303128
510 303163
509 303165
504 303168
504 303172
505 303178
506 303188
502 303198
510 303220
506 303223
504 303228
504 303238
511 303248
501 303258
505 303268
509 303278
513 303288
509 303311
505 303314
507 303318
507 303340
509 303343
512 303348
506 303358
510 303368
509 303378
509 303398
506 303410
507 303413
511 303419
508 303428
510 303438
509 303448
506 303468
514 303488
508 303501
505 303504
508 303526
510 303527
510 303540
508 303544
510 303548
511 303558
510 303568
506 303578
506 303588
507 303598
509 303608
508 303618
507 303628
508 303638
508 303648
510 303658
509 303668
506 303678
506 303688
509 303698
507 303727
508 303728
509 303730
506 303738
510 303748
510 303758
507 303768
506 303778
509 303788
508 303798
507 303813
508 303818
507 303828
508 303838
508 303848
508 303870
506 303874
509 303878
507 303888
506 303898
506 303907
507 303918
507 303940
511 303943
508 303947
507 303957
507 303967
506 303977
507 303987
507 303997
509 304007
509 304017
511 304027
507 304037
506 304047
507 304057
508 304067
507 304078
509 304087
508 304098
506 304108
510 304118
507 304127
505 304150
508 304153
508 304158
508 304167
508 304177
508 304187
508 304226
510 304230
508 304233
507 304237
508 304247
509 304258
507 304267
510 304277
508 304287
508 304297
508 304318
509 304330
508 304333
506 304338
508 304347
508 304357
509 304367
508 304378
508 304388
509 304398
509 304408
507 304418
506 304428
508 304438
506 304448
509 304458
508 304468
507 304478
508 304500
510 304504
507 304508
506 304517
506 304527
508 304537
508 304548
507 304558
506 304568
508 304578
509 304600
506 304603
508 304607
509 304617
507 304627
507 304637
508 304647
507 304657
509 304667
511 304677
507 304687
506 304697
506 304726
508 304727
509 304734
508 304737
508 304757
508 304770
510 304774
508 304778
506 304788
507 304810
507 304813
510 304830
508 304833
506 304850
508 304854
510 304858
509 304868
508 304878
505 304888
508 304898
509 304907
507 304918
508 304928
508 304937
509 304947
508 304967
508 304978
507 304987
509 305009
507 305013
506 305017
508 305027
508 305037
508 305047
509 305070
507 305074
505 305098
508 305113
507 305115
509 305118
509 305122
507 305128
507 305138
509 305148
508 305158
505 305168
507 305178
508 305188
509 305198
506 305208
510 305221
507 305227
510 305262
509 305266
506 305269
506 305270
507 305277
507 305288
508 305297
507 305307
508 305317
509 305327
509 305337
506 305347
506 305357
509 305367
506 305377
508 305387
509 305412
509 305412
507 305430
509 305434
507 305438
506 305448
508 305458
507 305468
508 305478
509 305498
508 305510
509 305514
508 305518
509 305527
508 305537
508 305548
506 305557
508 305567
506 305577
507 305587
510 305610
511 305613
505 305617
506 305627
507 305637
507 305647
509 305657
508 305667
508 305677
509 305710
510 305713
507 305717
506 305727
506 305737
507 305747
508 305757
507 305767
507 305778
508 305788
510 305798
507 305820
508 305824
508 305828
508 305838
508 305848
508 305858
508 305880
508 305884
509 305888
508 305898
507 305908
509 305918
508 305927
507 305937
509 305947
509 305957
509 305967
509 305977
510 305987
507 306010
505 306013
508 306017
507 306027
509 306037
509 306047
511 306057
509 306067
509 306077
506 306112
506 306116
505 306119
509 306119
506 306127
507 306137
507 306148
508 306158
508 306180
507 306184
506 306188
508 306198
506 306208
507 306218
509 306228
507 306238
509 306247
510 306270
508 306274
505 306278
506 306288
506 306297
508 306308
509 306330
508 306333
508 306350
511 306353
507 306357
505 306367
507 306379
509 306387
508 306397
508 306407
508 306417
509 306437
510 306447
508 306457
506 306467
506 306477
509 306487
508 306497
508 306508
508 306518
508 306528
510 306538
508 306548
507 306558
507 306568
508 306578
507 306618
509 306631
509 306634
508 306648
507 306670
508 306672
508 306673
507 306674
509 306676
508 306680
509 306687
509 306698
508 306708
509 306717
508 306728
507 306737
507 306747
507 306757
506 306767
508 306789
508 306793
508 306797
509 306821
510 306822
508 306827
506 306837
506 306847
506 306857
506 306878
508 306891
505 306894
508 306910
510 306913
507 306924
507 306928
508 306938
508 306948
508 306958
508 306967
506 306977
507 306988
510 307010
510 307013
507 307017
507 307027
509 307037
509 307047
509 307057
508 307080
508 307083
509 307087
508 307097
507 307107
507 307127
510 307137
509 307147
508 307169
508 307173
509 307177
509 307188
508 307210
507 307213
506 307218
507 307228
509 307238
508 307248
511 307258
509 307280
510 307304
508 307305
509 307306
507 307308
507 307330
509 307333
507 307337
509 307347
508 307357
508 307367
509 307377
508 307387
506 307397
507 307407
508 307417
508 307427
509 307437
507 307447
510 307470
508 307473
507 307477
506 307487
508 307497
507 307507
508 307517
507 307527
508 307537
507 307548
511 307557
508 307568
504 307579
505 307588
509 307610
508 307613
507 307630
508 307634
510 307638
509 307647
509 307657
508 307668
506 307677
509 307687
510 307715
509 307715
509 307718
509 307727
508 307737
506 307760
509 307764
505 307767
509 307777
507 307787
509 307797
508 307807
508 307817
508 307853
509 307857
507 307860
509 307861
508 307867
507 307877
509 307899
507 307902
508 307930
508 307933
510 307951
508 307954
506 307958
509 307968
507 307978
508 307988
509 307998
508 308015
507 308018
511 308028
508 308038
506 308048
507 308058
506 308068
508 308078
508 308088
508 308098
508 308119
510 308119
509 308128
506 308137
506 308148
508 308157
506 308168
510 308177
507 308200
506 308203
509 308207
510 308217
507 308227
506 308237
507 308247
509 308257
509 308267
509 308277
505 308288
507 308298
508 308308
507 308318
505 308328
506 308338
503 308348
508 308358
508 308368
508 308378
506 308388
507 308410
508 308413
505 308418
511 308427
507 308437
510 308448
506 308458
507 308467
509 308478
510 308488
507 308498
506 308508
506 308518
507 308528
509 308538
508 308548
508 308558
509 308568
511 308578
508 308588
506 308598
507 308608
509 308618
509 308628
509 308638
507 308648
509 308668
511 308678
507 308700
507 308703
508 308707
507 308717
509 308727
509 308737
507 308747
508 308757
510 308780
508 308783
507 308787
506 308797
508 308807
508 308817
507 308828
509 308838
508 308848
508 308858
508 308868
506 308878
506 308888
509 308898
505 308908
508 308918
508 308928
507 308938
508 308948
507 308958
508 308968
505 308978
509 308988
506 308998
507 309008
507 309018
506 309028
509 309037
511 309047
508 309057
505 309067
510 309077
506 309087
507 309097
507 309107
510 309117
507 309127
510 309138
508 309148
506 309158
507 309168
508 309178
507 309188
508 309198
507 309208
510 309218
512 309228
507 309238
507 309248
507 309258
508 309268
509 309278
507 309289
509 309310
509 309313
509 309317
509 309327
506 309338
508 309348
508 309357
507 309367
508 309377
507 309388
508 309407
508 309417
508 309427
508 309437
507 309447
509 309457
508 309467
509 309477
508 309487
508 309497
509 309507
509 309518
507 309528
506 309538
507 309548
508 309558
509 309578
508 309590
509 309594
507 309598
510 309608
507 309618
506 309628
507 309638
508 309648
508 309658
505 309680
508 309683
506 309688
509 309698
508 309708
507 309718
508 309727
507 309737
509 309748
507 309758
503 309794
513 309798
505 309800
494 309801
503 309808
515 309817
505 309828
501 309850
510 309853
509 309857
504 309867
511 309877
511 309888
505 309910
506 309914
510 309930
509 309934
507 309938
509 309948
508 309958
511 309968
514 309978
505 309988
504 310010
507 310014
510 310017
507 310028
509 310038
506 310047
516 310058
508 310067
509 310077
506 310088
499 310098
505 310108
501 310118
505 310149
511 310160
512 310164
504 310167
509 310178
508 310188
504 310198
508 310220
508 310223
508 310227
508 310237
508 310247
508 310258
507 310268
505 310278
511 310288
502 310312
495 310315
515 310318
495 310328
511 310338
524 310348
515 310358
499 310368
494 310378
499 310388
519 310397
506 310420
506 310423
509 310427
513 310437
509 310448
507 310458
507 310468
508 310478
508 310488
512 310510
508 310514
507 310517
513 310528
508 310538
511 310548
503 310570
509 310574
511 310578
509 310587
504 310610
516 310613
506 310630
510 310633
501 310637
511 310648
511 310658
508 310668
506 310678
508 310688
508 310698
508 310708
505 310718
508 310728
503 310741
510 310750
509 310757
509 310768
507 310792
501 310792
517 310797
498 310833
493 310837
496 310839
510 310840
523 310848
501 310858
497 310880
506 310884
502 310888
498 310907
507 310918
505 310928
512 310938
528 310948
523 310958
519 310980
514 310983
482 310987
476 310997
507 311008
511 311070
474 311071
481 311071
521 311072
485 311072
504 311073
517 311080
513 311104
510 311128
504 311129
503 311130
507 311130
507 311138
507 311152
510 311157
509 311167
509 311177
510 311198
508 311208
507 311220
506 311224
507 311227
511 311263
506 311266
506 311268
511 311279
509 311283
506 311287
504 311297
508 311320
509 311324
506 311328
509 311363
507 311365
511 311368
506 311371
508 311390
508 311394
508 311415
506 311420
507 311423
508 311464
508 311468
507 311471
512 311472
507 311490
507 311493
505 311527
508 311572
508 311574
509 311576
508 311578
509 311579
510 311579
508 311605
507 311605
507 311606
509 311606
510 311619
508 311622
508 311627
506 311663
511 311665
508 311668
508 311671
507 311690
509 311693
508 311698
509 311730
508 311734
507 311764
507 311764
509 311768
508 311770
506 311771
509 311800
508 311804
509 311820
510 311824
507 311830
507 311834
508 311837
508 311859
509 311863
509 311889
507 311905
508 311908
507 311909
509 311946
507 311949
508 311950
508 311950
508 311960
507 311963
508 312007
508 312008
510 312009
505 312033
508 312035
510 312038
508 312041
505 312042
508 312060
508 312064
508 312068
508 312090
507 312093
506 312139
510 312142
507 312142
504 312143
504 312146
508 312160
506 312163
507 312167
509 312202
508 312206
509 312209
509 312209
506 312230
506 312233
510 312238
506 312257
508 312319
508 312321
508 312322
508 312324
509 312324
507 312329
508 312333
506 312397
506 312429
507 312431
508 312431
507 312434
506 312458
507 312459
505 312464
504 312464
507 312465
507 312466
509 312519
507 312522
509 312522
509 312523
510 312525
508 312573
507 312576
508 312576
506 312577
507 312578
507 312578
508 312579
509 312579
510 312582
507 312600
507 312603
508 312609
508 312618
508 312627
507 312637
507 312647
509 312670
512 312673
508 312678
505 312710
507 312711
507 312711
511 312744
508 312747
508 312750
508 312751
510 312770
510 312773
506 312777
508 312814
509 312818
506 312821
506 312821
509 312840
506 312843
506 312847
508 312870
525 312874
499 312878
512 312888
510 312920
513 312923
506 312941
516 312944
516 312947
507 312983
507 312985
506 312988
509 312991
506 313020
507 313023
509 313059
507 313061
510 313062
511 313062
508 313065
506 313078
509 313090
509 313093
507 313120
509 313124
507 313138
508 313152
512 313155
508 313158
506 313161
506 313208
506 313271
501 313273
518 313274
503 313278
495 313280
521 313281
490 313281
514 313284
514 313284
516 313285
512 313329
511 313331
512 313332
505 313332
508 313335
514 313335
505 313350
506 313353
522 313357
515 313381
486 313384
531 313388
497 313428
516 313464
490 313466
520 313467
517 313469
491 313470
503 313470
515 313480
505 313483
506 313487
510 313522
510 313526
510 313529
504 313529
510 313550
504 313553
509 313557
507 313580
510 313584
509 313587
513 313623
516 313626
500 313627
478 313640
518 313643
536 313647
502 313667
493 313677
512 313687
505 313710
507 313713
505 313717
510 313740
507 313743
507 313748
510 313770
508 313773
507 313777
509 313787
508 313797
509 313807
503 313817
508 313827
508 313850
507 313853
507 313870
509 313873
511 313877
510 313887
508 313897
505 313907
513 313917
504 313927
492 313937
515 313948
511 313957
500 313968
503 313977
506 313987
499 313997
507 314020
510 314025
507 314028
509 314038
509 314047
509 314057
505 314067
506 314077
507 314087
506 314110
509 314113
507 314143
507 314145
508 314148
509 314151
509 314157
507 314168
507 314177
507 314188
507 314197
506 314220
507 314221
509 314227
508 314237
510 314247
505 314257
504 314267
508 314277
505 314287
508 314297
507 314320
508 314323
505 314327
510 314337
507 314347
506 314357
506 314367
509 314377
508 314399
508 314403
509 314407
507 314417
511 314427
509 314437
506 314447
506 314457
510 314467
508 314477
508 314488
509 314509
508 314510
507 314517
509 314527
507 314537
506 314547
509 314557
509 314568
509 314577
508 314587
506 314608
508 314630
507 314633
508 314637
507 314647
507 314669
507 314673
508 314677
508 314687
508 314697
505 314707
510 314717
508 314727
507 314737
508 314747
507 314757
507 314767
508 314777
508 314787
509 314809
509 314812
507 314817
505 314828
509 314837
508 314847
508 314857
508 314867
506 314890
512 314893
511 314897
507 314908
507 314917
508 314927
508 314937
507 314947
508 314957
507 314967
508 314977
509 314987
508 314998
505 315007
508 315017
506 315027
508 315037
507 315047
507 315069
508 315072
508 315077
508 315087
507 315098
507 315107
507 315117
507 315127
508 315150
507 315153
508 315157
510 315167
508 315177
507 315187
507 315210
507 315213
507 315217
510 315227
508 315237
506 315247
509 315257
508 315267
507 315277
507 315287
506 315297
507 315310
506 315329
508 315333
506 315337
508 315357
510 315367
507 315377
505 315387
505 315409
507 315412
507 315417
507 315427
506 315437
509 315447
512 315470
508 315474
505 315478
507 315488
507 315497
508 315520
509 315523
510 315527
509 315537
514 315547
507 315557
504 315567
504 315577
504 315587
503 315597
503 315607
502 315617
500 315627
503 315637
502 315647
504 315657
504 315667
506 315677
506 315687
507 315710
508 315713
509 315718
507 315727
513 315737
485 315747
494 315757
522 315767
542 315777
541 315787
495 315797
532 315813
515 315817
524 315827
522 315837
514 315847
502 315857
502 315867
508 315890
509 315893
507 315897
509 315908
511 315918
509 315928
509 315937
498 315947
503 315957
496 315980
507 315983
508 315988
503 315997
511 316007
506 316017
509 316027
506 316037
502 316060
507 316083
504 316084
506 316085
506 316097
508 316108
506 316120
507 316140
509 316143
508 316147
508 316157
511 316167
506 316177
512 316200
503 316203
505 316207
508 316217
504 316227
509 316237
512 316247
507 316270
510 316274
510 316277
509 316288
512 316297
508 316307
506 316330
506 316334
511 316350
509 316353
508 316357
509 316367
509 316377
509 316387
508 316398
506 316407
506 316417
507 316427
509 316437
507 316447
508 316457
507 316467
510 316477
509 316487
505 316497
508 316507
506 316518
506 316540
508 316543
508 316560
511 316563
512 316567
506 316578
506 316587
507 316610
509 316613
508 316617
507 316640
509 316643
508 316648
510 316670
507 316673
505 316690
507 316693
509 316697
507 316707
509 316717
507 316727
508 316737
510 316747
509 316757
506 316767
506 316777
507 316797
509 316807
507 316829
509 316833
506 316837
509 316847
508 316857
507 316867
506 316877
510 316887
507 316922
508 316926
509 316928
508 316929
509 316937
509 316947
507 316957
508 316967
508 316977
508 316987
508 317009
507 317013
508 317029
509 317033
509 317037
507 317047
506 317057
507 317079
506 317083
509 317087
506 317097
507 317107
508 317118
512 317127
507 317151
506 317154
507 317157
508 317167
508 317177
507 317213
507 317217
508 317220
510 317221
507 317227
504 317237
508 317247
507 317270
508 317273
509 317277
508 317287
504 317297
509 317307
509 317329
507 317333
507 317337
509 317347
507 317357
507 317367
509 317377
509 317399
508 317402
509 317407
507 317417
507 317426
509 317436
507 317447
508 317456
507 317468
508 317477
509 317487
509 317497
508 317520
507 317520
507 317527
507 317537
508 317547
508 317557
507 317577
507 317587
509 317597
507 317607
506 317617
506 317627
507 317637
508 317647
509 317657
506 317667
509 317677
509 317699
508 317703
507 317707
509 317717
507 317727
508 317737
507 317746
507 317757
509 317767
512 317777
509 317787
506 317797
508 317806
509 317817
508 317827
508 317838
508 317847
510 317858
510 317867
509 317877
507 317887
508 317897
508 317907
510 317917
508 317927
509 317937
507 317947
510 317957
510 317967
505 317977
507 317987
508 317997
508 318019
506 318023
509 318039
506 318042
508 318047
509 318057
508 318067
505 318077
509 318097
507 318139
508 318141
509 318141
507 318144
509 318144
509 318160
506 318163
507 318167
507 318177
507 318187
508 318210
507 318213
509 318217
508 318227
510 318237
507 318247
505 318257
507 318267
507 318277
508 318287
509 318297
509 318317
509 318327
512 318337
507 318359
506 318363
507 318367
506 318378
508 318399
508 318403
508 318407
508 318417
510 318427
508 318437
506 318446
508 318457
509 318468
508 318478
508 318487
508 318497
506 318507
508 318520
509 318527
506 318550
506 318553
508 318557
508 318567
508 318577
510 318587
508 318610
506 318613
510 318617
507 318627
507 318637
508 318647
506 318657
508 318667
507 318677
507 318687
508 318697
510 318707
508 318717
505 318727
507 318737
505 318747
507 318757
508 318767
507 318777
510 318787
510 318797
508 318807
506 318816
508 318826
505 318837
508 318848
509 318857
506 318867
509 318878
510 318887
509 318897
508 318947
508 318949
508 318950
507 318951
508 318960
508 318963
509 318967
510 318977
509 318987
506 318997
508 319047
508 319068
508 319071
508 319072
504 319075
508 319076
509 319078
509 319087
507 319123
507 319124
507 319129
509 319132
508 319137
509 319146
508 319157
508 319166
509 319177
507 319187
504 319198
506 319208
509 319243
508 319247
509 319250
509 319251
509 319257
510 319267
508 319277
506 319300
508 319303
507 319307
506 319317
509 319327
508 319337
509 319347
510 319357
508 319367
505 319377
508 319387
508 319409
509 319413
508 319417
507 319427
509 319437
509 319447
506 319457
504 319467
508 319477
506 319486
509 319496
508 319506
508 319516
508 319526
510 319536
508 319546
506 319558
506 319567
510 319577
508 319587
507 319597
510 319607
507 319617
509 319627
509 319637
507 319647
508 319682
510 319686
507 319689
509 319690
510 319697
507 319720
507 319723
509 319727
508 319737
507 319747
509 319769
508 319773
510 319789
509 319793
509 319797
508 319817
509 319827
507 319837
505 319859
509 319881
508 319882
507 319883
508 319887
509 319907
509 319908
510 319917
508 319927
506 319950
507 319953
508 319957
508 319980
507 319983
507 319987
510 319997
511 320007
506 320017
507 320027
507 320037
507 320047
507 320057
508 320067
506 320077
509 320087
511 320097
510 320107
507 320117
506 320139
508 320143
509 320147
507 320170
509 320173
507 320177
510 320187
508 320209
505 320212
508 320217
505 320239
506 320242
507 320247
509 320257
508 320267
508 320277
510 320299
508 320302
506 320320
506 320323
505 320328
507 320337
507 320347
508 320357
509 320367
509 320377
507 320387
506 320397
507 320407
509 320429
507 320433
508 320437
506 320447
507 320457
511 320467
507 320478
507 320487
509 320497
508 320507
508 320517
508 320527
508 320537
511 320557
510 320567
508 320577
505 320587
506 320614
508 320615
509 320617
508 320627
508 320637
508 320647
511 320658
509 320667
506 320677
508 320687
508 320710
508 320713
506 320717
510 320727
509 320737
510 320747
508 320757
507 320767
507 320802
507 320806
506 320809
507 320809
507 320830
508 320833
508 320837
509 320847
508 320857
507 320867
509 320877
507 320887
507 320897
508 320907
507 320917
509 320927
509 320937
506 320947
508 320957
507 320967
506 320977
508 320999
507 321002
507 321006
508 321016
510 321027
508 321050
507 321053
507 321057
507 321067
509 321077
508 321087
508 321097
508 321107
510 321117
508 321127
506 321137
508 321147
509 321157
509 321180
508 321183
509 321187
509 321197
511 321217
509 321242
507 321246
508 321249
509 321250
507 321257
508 321267
508 321287
507 321316
510 321317
508 321329
507 321332
508 321336
508 321359
506 321362
508 321366
509 321378
506 321387
507 321397
508 321407
507 321417
506 321427
507 321437
508 321447
508 321457
508 321467
507 321477
508 321487
507 321497
508 321507
505 321517
507 321527
506 321537
508 321547
508 321557
508 321567
510 321577
509 321587
507 321597
507 321607
506 321617
508 321627
508 321637
507 321647
508 321657
509 321666
509 321689
506 321693
505 321696
507 321717
508 321729
507 321732
507 321736
508 321746
509 321757
511 321788
507 321788
506 321799
507 321803
508 321813
509 321818
509 321827
508 321850
509 321853
510 321857
508 321867
507 321877
507 321887
509 321897
510 321907
508 321917
508 321928
508 321937
509 321947
509 321957
508 321967
507 321989
509 321992
507 322009
508 322013
508 322017
508 322037
509 322047
509 322057
508 322067
506 322076
509 322099
507 322103
507 322107
508 322116
508 322127
508 322137
509 322147
506 322157
505 322192
507 322196
508 322199
507 322199
509 322207
508 322230
508 322233
510 322237
508 322247
506 322257
506 322267
509 322277
507 322287
508 322297
505 322307
507 322317
510 322327
507 322337
507 322347
508 322369
507 322373
509 322377
508 322387
508 322397
510 322407
508 322417
511 322426
505 322437
507 322447
506 322456
507 322467
508 322476
508 322487
509 322510
507 322513
509 322517
508 322527
507 322537
509 322547
508 322557
508 322567
506 322577
510 322587
507 322597
508 322607
508 322617
509 322627
508 322637
505 322647
509 322657
507 322667
508 322677
506 322687
506 322710
508 322713
507 322728
507 322737
505 322750
507 322753
508 322767
505 322777
508 322787
511 322813
503 322813
519 322830
512 322833
503 322837
504 322847
506 322857
506 322867
502 322877
509 322887
510 322897
504 322907
506 322928
508 322940
508 322943
506 322947
508 322957
512 322967
510 322990
506 322993
504 323010
502 323013
511 323017
509 323027
505 323037
506 323047
510 323057
507 323067
507 323077
504 323087
505 323097
496 323119
494 323123
507 323127
517 323137
506 323147
516 323157
515 323167
504 323177
510 323187
508 323197
505 323208
504 323217
508 323227
508 323237
508 323247
509 323257
507 323267
508 323277
510 323287
507 323297
506 323307
514 323317
508 323327
491 323337
519 323347
489 323357
498 323367
507 323377
499 323387
527 323397
508 323407
512 323417
501 323427
505 323437
505 323447
507 323469
507 323473
509 323477
510 323497
509 323498
509 323507
511 323517
509 323527
510 323547
505 323570
505 323573
507 323577
505 323587
502 323597
504 323607
507 323630
501 323633
507 323637
498 323647
503 323657
511 323667
505 323677
506 323687
507 323697
510 323732
507 323757
508 323758
508 323759
506 323761
510 323762
508 323767
508 323777
509 323787
508 323797
508 323807
507 323817
512 323840
497 323843
521 323847
532 323857
506 323867
516 323877
508 323887
511 323897
502 323907
501 323929
508 323933
512 323950
504 323958
508 323958
501 323967
488 323977
496 323987
541 323997
492 324007
540 324017
498 324027
529 324037
513 324047
496 324057
525 324067
492 324077
519 324099
507 324102
500 324107
514 324117
508 324127
509 324137
508 324147
512 324157
510 324167
509 324177
513 324187
507 324197
510 324207
505 324217
505 324237
507 324247
506 324257
510 324267
511 324289
507 324293
510 324297
509 324306
510 324317
509 324328
511 324337
510 324347
507 324356
509 324366
511 324376
509 324400
507 324403
509 324407
507 324417
508 324428
505 324437
505 324447
509 324470
509 324473
508 324477
508 324513
508 324517
504 324520
509 324521
509 324540
506 324543
511 324547
510 324569
510 324573
506 324577
506 324599
509 324602
506 324607
509 324617
510 324639
509 324642
511 324647
507 324700
507 324703
507 324718
509 324721
508 324722
508 324723
508 324726
509 324739
509 324742
508 324773
507 324777
507 324780
509 324780
507 324787
508 324810
508 324813
508 324817
510 324837
508 324847
507 324870
507 324873
508 324877
507 324887
509 324897
506 324907
507 324917
508 324980
509 324983
507 324983
507 324987
507 324989
507 324989
509 324992
507 325022
506 325024
508 325026
510 325052
508 325055
506 325055
507 325069
507 325072
508 325077
506 325087
509 325097
509 325117
510 325117
509 325153
505 325157
508 325160
508 325161
508 325167
508 325177
509 325187
511 325210
509 325213
508 325243
506 325247
506 325249
508 325249
509 325257
508 325267
509 325277
509 325287
506 325307
509 325317
509 325339
506 325343
510 325347
508 325348
508 325357
508 325379
507 325383
508 325387
507 325409
505 325412
506 325417
507 325452
506 325454
508 325457
509 325466
509 325479
508 325482
509 325486
508 325507
505 325519
508 325523
507 325527
509 325550
508 325553
507 325557
508 325577
508 325590
508 325593
506 325633
506 325636
506 325638
506 325753
508 325756
508 325758
508 325759
510 325759
507 325762
504 325762
508 325763
507 325763
508 325766
509 325817
508 325851
508 325851
508 325854
511 325854
508 325860
509 325863
509 325863
507 325865
507 325888
508 325890
509 325890
513 325891
498 325908
518 325910
493 325910
506 325913
502 325932
501 325934
506 325938
512 326013
508 326016
509 326016
506 326018
503 326019
509 326020
508 326020
505 326047
510 326049
508 326050
508 326050
508 326070
507 326074
506 326106
508 326109
505 326110
508 326132
507 326134
507 326168
507 326208
508 326209
513 326231
504 326234
508 326247
518 326249
497 326250
516 326251
513 326288
487 326290
498 326290
510 326292
501 326293
517 326295
509 326297
506 326300
510 326301
508 326307
502 326330
511 326333
511 326337
513 326360
494 326363
504 326367
519 326403
527 326408
503 326411
512 326412
514 326428
503 326469
511 326471
502 326472
510 326475
510 326476
510 326489
507 326492
509 326523
507 326527
511 326530
506 326531
506 326562
508 326564
506 326568
513 326571
508 326587
513 326597
505 326598
531 326619
523 326623
473 326639
495 326643
526 326647
509 326657
503 326667
517 326690
521 326693
511 326710
505 326713
505 326717
507 326727
505 326737
509 326747
510 326757
510 326767
502 326777
509 326787
514 326797
504 326820
515 326823
508 326827
507 326837
507 326847
508 326857
512 326867
497 326877
506 326900
511 326903
516 326909
512 326930
505 326933
517 326937
503 326947
511 326957
509 326967
509 327003
510 327007
511 327009
508 327010
506 327017
509 327027
509 327037
508 327047
509 327057
510 327067
507 327089
505 327093
507 327098
508 327107
506 327130
508 327133
507 327137
509 327147
510 327157
509 327180
507 327183
506 327187
506 327197
504 327207
508 327227
507 327237
508 327247
511 327257
507 327267
507 327277
506 327287
506 327339
507 327339
510 327340
507 327341
509 327341
511 327346
508 327356
507 327366
507 327376
507 327386
506 327397
507 327409
508 327417
507 327427
512 327437
509 327447
506 327457
507 327480
509 327483
510 327487
509 327497
509 327507
510 327517
511 327527
507 327537
507 327547
506 327557
509 327567
507 327578
508 327613
507 327617
508 327619
508 327619
507 327627
507 327637
507 327647
509 327657
506 327667
509 327677
509 327687
505 327709
508 327713
510 327716
507 327727
510 327736
510 327746
508 327756
510 327766
508 327777
509 327800
510 327803
508 327807
506 327817
506 327840
507 327843
508 327847
509 327857
508 327867
508 327877
509 327899
509 327903
509 327909
507 327917
506 327927
508 327937
508 327947
507 327957
508 327977
508 327986
512 327996
510 328006
508 328016
508 328027
508 328037
508 328047
507 328057
507 328067
509 328077
510 328087
509 328097
506 328107
507 328117
509 328127
508 328137
507 328147
509 328156
509 328167
509 328177
510 328186
506 328196
506 328206
506 328216
508 328226
508 328249
508 328252
506 328257
508 328267
509 328277
506 328300
506 328303
504 328307
508 328317
509 328327
507 328337
507 328359
507 328363
508 328367
506 328377
507 328387
508 328397
509 328409
505 328416
509 328426
510 328437
508 328447
509 328469
508 328472
505 328477
506 328486
507 328496
509 328507
506 328516
508 328526
508 328536
511 328546
508 328556
507 328566
507 328577
509 328600
508 328603
508 328607
507 328617
509 328627
510 328650
508 328653
507 328657
507 328667
507 328690
510 328693
507 328707
509 328730
507 328733
510 328737
509 328747
506 328757
522 328767
502 328777
483 328800
543 328803
527 328807
544 328828
483 328839
526 328843
516 328847
516 328857
507 328867
501 328877
500 328887
509 328897
509 328909
509 328917
509 328927
507 328937
507 328947
508 328957
501 328967
518 328977
510 328987
521 328997
505 329007
514 329017
506 329027
503 329049
509 329053
506 329057
509 329079
510 329083
512 329087
508 329097
496 329107
506 329117
507 329127
506 329137
504 329147
507 329157
507 329167
505 329177
507 329187
511 329197
502 329207
517 329217
507 329227
511 329250
509 329253
508 329257
505 329267
508 329277
509 329299
503 329303
505 329307
509 329317
509 329327
504 329349
506 329352
512 329357
509 329367
505 329387
509 329400
510 329403
507 329419
508 329423
507 329427
508 329437
508 329457
509 329467
508 329477
508 329487
509 329497
507 329507
504 329517
509 329527
507 329537
507 329547
508 329557
509 329567
508 329602
506 329605
505 329608
508 329611
507 329617
509 329640
510 329643
507 329647
506 329657
513 329667
509 329677
505 329687
506 329709
507 329710
509 329717
507 329727
504 329737
508 329747
511 329757
508 329779
507 329782
507 329787
510 329797
509 329807
509 329817
509 329827
508 329837
510 329847
508 329857
508 329867
506 329877
507 329887
506 329897
509 329909
509 329917
507 329927
510 329937
509 329947
508 329969
506 329972
508 329977
506 329986
506 329996
509 330006
508 330016
509 330027
508 330036
506 330046
506 330056
508 330067
508 330077
508 330087
509 330097
509 330107
507 330117
511 330127
507 330137
507 330147
507 330157
507 330167
509 330177
509 330197
508 330207
508 330217
511 330239
508 330243
506 330247
508 330257
507 330267
508 330302
508 330306
507 330309
510 330310
510 330317
508 330326
505 330337
507 330347
508 330357
507 330367
508 330390
507 330393
508 330397
509 330420
508 330423
507 330427
507 330437
508 330447
509 330457
507 330467
509 330476
508 330486
510 330496
510 330506
507 330529
507 330532
509 330536
506 330546
508 330557
509 330567
508 330577
508 330613
509 330617
507 330619
505 330620
505 330627
505 330636
508 330646
507 330656
505 330680
508 330683
508 330687
507 330697
505 330707
507 330717
508 330727
507 330737
508 330747
508 330757
507 330767
511 330777
508 330799
505 330803
507 330807
506 330817
509 330826
509 330837
507 330847
509 330857
510 330867
508 330877
506 330915
506 330918
506 330918
509 330929
509 330933
508 330947
507 330957
510 330966
508 330976
506 330986
505 330996
508 331006
508 331016
508 331026
508 331037
507 331047
509 331057
508 331067
508 331103
506 331107
509 331109
509 331110
507 331117
509 331127
508 331137
509 331147
510 331157
508 331167
508 331177
509 331187
507 331197
506 331207
507 331217
507 331226
510 331236
510 331259
507 331262
507 331267
507 331277
507 331287
508 331309
507 331312
510 331316
510 331326
511 331349
508 331352
506 331356
503 331366
506 331376
508 331386
507 331419
511 331420
509 331421
509 331427
508 331450
507 331453
507 331470
507 331473
508 331477
507 331500
509 331503
510 331507
509 331517
509 331527
507 331537
506 331547
509 331557
507 331567
508 331576
509 331586
509 331596
508 331619
508 331622
508 331626
506 331637
509 331646
508 331657
508 331690
508 331693
508 331709
509 331713
510 331717
507 331727
506 331737
509 331747
507 331757
508 331767
508 331777
507 331787
509 331809
505 331813
507 331817
507 331827
509 331837
507 331847
507 331869
508 331872
508 331876
509 331887
511 331909
508 331912
508 331929
507 331932
507 331936
506 331946
508 331956
507 331966
509 331976
509 331999
508 332002
508 332006
507 332016
507 332027
507 332037
507 332047
508 332057
509 332067
509 332077
507 332087
508 332097
505 332107
506 332117
507 332128
508 332149
508 332153
507 332157
508 332167
510 332177
507 332199
507 332202
507 332206
509 332217
508 332252
509 332256
506 332259
507 332260
509 332266
508 332276
507 332286
504 332296
509 332306
507 332329
508 332332
507 332346
506 332369
510 332372
506 332376
507 332386
508 332396
507 332420
508 332423
508 332439
508 332442
509 332447
511 332457
508 332467
505 332477
506 332487
507 332497
508 332507
508 332517
509 332527
507 332537
511 332547
508 332557
506 332567
509 332576
507 332586
507 332596
508 332620
508 332623
507 332627
510 332637
507 332647
505 332657
506 332667
508 332677
507 332687
508 332697
508 332707
508 332717
509 332752
510 332755
507 332756
506 332770
509 332773
507 332777
508 332787
506 332810
508 332813
508 332817
508 332827
508 332837
505 332847
507 332857
506 332867
509 332889
508 332892
507 332910
508 332911
510 332916
507 332926
506 332936
506 332947
507 332957
508 332967
509 332977
507 332987
509 332997
511 333019
508 333022
507 333027
508 333036
507 333046
510 333069
508 333073
506 333089
509 333092
509 333097
508 333107
507 333116
509 333127
509 333137
508 333157
509 333167
508 333189
510 333193
509 333197
509 333207
507 333217
506 333226
509 333237
508 333246
509 333257
508 333267
508 333277
509 333287
508 333297
504 333306
506 333316
506 333353
508 333356
509 333357
511 333382
509 333386
508 333389
509 333390
508 333397
505 333407
506 333417
509 333427
508 333436
507 333447
508 333469
510 333473
508 333476
508 333486
507 333496
508 333506
510 333516
507 333527
508 333537
507 333560
509 333563
508 333567
506 333577
505 333588
506 333609
507 333613
508 333617
509 333627
508 333637
511 333647
510 333657
507 333667
507 333677
506 333687
507 333697
509 333719
507 333722
508 333726
509 333749
511 333752
509 333756
506 333766
508 333776
509 333786
510 333809
508 333813
509 333817
509 333837
510 333847
509 333857
508 333867
506 333889
510 333893
507 333909
508 333935
508 333935
507 333936
509 333939
509 333947
507 333957
507 333967
507 333977
507 333986
509 333996
508 334031
509 334035
507 334038
509 334038
507 334046
507 334056
506 334067
506 334077
509 334087
508 334097
509 334132
508 334134
509 334137
508 334140
506 334159
507 334162
509 334166
506 334176
509 334212
509 334214
509 334217
506 334220
507 334227
505 334237
507 334247
509 334257
506 334267
509 334277
508 334299
507 334302
511 334307
507 334317
506 334340
507 334342
508 334347
508 334357
507 334367
507 334377
509 334387
511 334397
509 334407
510 334417
508 334427
509 334437
507 334447
508 334469
508 334472
508 334476
508 334499
510 334502
508 334506
506 334516
506 334526
507 334536
508 334546
508 334557
507 334567
507 334577
506 334612
509 334616
506 334619
507 334620
504 334627
506 334636
507 334669
508 334672
507 334676
508 334687
506 334697
507 334707
508 334717
507 334727
508 334737
506 334747
507 334781
510 334785
509 334785
506 334799
504 334802
507 334806
507 334816
508 334826
507 334836
507 334846
508 334856
510 334866
508 334876
505 334886
507 334896
509 334914
509 334916
507 334926
508 334937
508 334947
511 334957
507 334967
507 335002
507 335006
509 335009
510 335010
508 335029
508 335032
508 335036
510 335046
508 335057
509 335067
504 335077
507 335087
507 335109
509 335113
506 335117
508 335127
509 335149
509 335152
508 335157
508 335167
509 335177
509 335187
508 335196
507 335206
507 335217
510 335227
509 335237
507 335247
506 335257
508 335267
507 335277
507 335287
507 335296
508 335306
508 335316
510 335326
508 335346
506 335356
507 335366
507 335376
508 335399
508 335402
507 335406
508 335416
511 335428
508 335437
506 335447
508 335457
509 335467
508 335477
509 335486
510 335496
509 335519
508 335522
511 335526
508 335536
509 335546
509 335568
508 335572
509 335576
508 335587
508 335597
509 335620
509 335623
505 335627
506 335637
510 335646
507 335683
508 335687
511 335690
509 335690
509 335697
510 335707
507 335717
506 335727
508 335737
506 335747
510 335757
506 335768
510 335777
509 335787
509 335797
508 335807
507 335817
508 335827
515 335849
510 335852
509 335857
520 335867
511 335877
507 335887
509 335909
509 335913
507 335917
506 335926
508 335937
509 335947
507 335957
508 335967
511 335977
507 335987
504 335997
512 336007
509 336017
510 336027
507 336037
505 336047
511 336057
510 336067
509 336077
508 336087
507 336097
518 336107
513 336117
507 336127
509 336147
504 336157
508 336167
508 336176
508 336187
510 336196
502 336220
511 336243
510 336244
508 336244
506 336247
506 336257
509 336279
508 336282
507 336287
509 336297
508 336319
506 336323
508 336327
514 336337
519 336347
508 336357
496 336367
516 336377
502 336400
503 336403
515 336419
491 336422
500 336427
482 336437
523 336446
500 336456
511 336466
510 336489
507 336493
509 336497
507 336507
506 336517
512 336527
509 336537
506 336547
507 336557
502 336567
507 336589
506 336593
515 336597
509 336607
507 336617
506 336627
510 336637
507 336646
506 336657
505 336667
509 336677
508 336687
506 336697
508 336707
508 336729
511 336733
506 336737
507 336759
509 336763
506 336767
509 336777
512 336786
505 336797
506 336807
507 336817
512 336827
505 336849
505 336853
507 336857
507 336867
499 336899
520 336903
511 336907
517 336917
502 336927
501 336937
500 336946
496 336957
505 336967
510 336977
516 336986
502 336996
525 337007
524 337017
518 337027
485 337037
494 337047
480 337057
519 337067
510 337077
510 337087
515 337097
497 337107
507 337117
513 337126
505 337136
510 337159
504 337163
506 337168
507 337177
509 337187
509 337198
507 337206
505 337217
507 337252
507 337254
506 337257
507 337260
506 337267
512 337277
504 337287
508 337297
503 337307
507 337316
508 337326
508 337349
508 337353
507 337357
509 337367
509 337389
506 337393
507 337397
509 337407
507 337417
506 337426
509 337462
508 337464
508 337467
508 337470
507 337477
507 337487
507 337497
508 337506
508 337517
509 337526
508 337537
508 337546
510 337557
507 337566
506 337589
507 337592
507 337596
509 337606
508 337626
508 337636
509 337659
511 337662
507 337666
505 337688
507 337693
507 337697
508 337732
508 337736
509 337738
509 337741
511 337759
509 337762
508 337767
505 337845
507 337848
507 337848
509 337849
508 337851
508 337851
509 337852
509 337860
507 337863
507 337866
508 337897
510 337940
508 337942
509 337943
507 337945
509 337946
509 337948
507 337973
506 337977
510 337981
507 337982
508 337998
506 338009
508 338013
507 338027
508 338038
509 338060
503 338063
508 338067
505 338067
505 338076
508 338099
505 338102
508 338106
510 338140
507 338143
506 338149
507 338152
508 338182
509 338185
507 338186
507 338212
509 338214
512 338216
508 338256
507 338259
507 338259
507 338260
508 338335
508 338338
507 338338
508 338339
510 338341
509 338341
507 338342
508 338349
508 338352
507 338381
508 338385
509 338388
510 338388
510 338421
509 338424
507 338425
507 338452
510 338454
508 338458
509 338480
507 338483
507 338489
508 338514
506 338519
507 338522
506 338552
507 338555
506 338580
508 338581
