507 350277
508 350281
508 350282
508 350283
507 350284
505 350284
507 350285
507 350285
508 350286
508 350287
507 350287
509 350288
507 350288
507 350289
506 350289
507 350290
508 350290
506 350290
508 350291
508 350291
507 350292
504 350292
505 350293
508 350293
510 350294
508 350294
506 350294
503 350295
509 350295
511 350296
508 350296
510 350297
505 350297
504 350298
511 350301
511 350302
506 350303
509 350304
508 350304
508 350305
508 350306
508 350306
506 350307
506 350307
508 350308
510 350309
511 350309
507 350310
508 350311
511 350312
507 350313
510 350313
504 350314
508 350315
508 350315
512 350318
529 350319
514 350319
510 350321
507 350321
505 350322
505 350322
508 350323
506 350323
506 350324
507 350324
510 350325
508 350345
508 350346
509 350348
509 350349
510 350349
508 350350
506 350351
507 350351
508 350389
-1195 350431
507 350431
509 350432
509 350439
508 350460
508 350461
509 350480
508 350481
506 350488
506 350511
506 350511
507 350531
508 350532
508 350564
509 350587
508 350587
510 350588
505 350590
506 350590
509 350624
510 350628
509 350628
509 350630
509 350650
506 350691
510 350692
507 350699
503 350741
507 350741
507 350742
511 350742
505 350743
508 350743
505 350758
512 350788
510 350853
508 350854
509 350858
509 350858
509 350860
509 350861
507 350861
509 350863
509 350864
506 350866
499 350906
520 350907
490 350910
516 350911
513 350920
523 350921
490 350928
513 350964
523 350965
517 350967
499 350991
517 350994
509 350997
503 351022
504 351023
508 351029
506 351031
509 351049
508 351051
509 351056
509 351069
504 351090
510 351091
510 351099
509 351161
504 351161
513 351179
509 351179
505 351219
508 351220
511 351220
508 351221
505 351221
507 351222
507 351232
510 351235
506 351237
506 351249
508 351260
507 351269
510 351293
504 351293
512 351299
507 351300
509 351320
505 351321
507 351328
505 351348
507 351360
503 351361
512 351369
503 351403
512 351404
513 351406
514 351419
514 351421
519 351426
500 351438
519 351461
501 351461
509 351469
504 351520
513 351521
506 351534
511 351537
508 351539
513 351539
506 351564
505 351564
508 351608
508 351608
510 351610
508 351611
508 351631
506 351633
506 351637
506 351639
508 351659
510 351661
506 351666
511 351704
511 351707
507 351709
505 351710
507 351711
508 351730
507 351730
510 351738
507 351771
507 351771
508 351789
506 351803
506 351803
508 351809
507 351882
507 351882
508 351885
507 351885
508 351888
510 351888
508 351902
505 351904
506 351907
508 351908
509 351930
508 351930
506 351939
507 351969
510 352002
508 352002
506 352017
507 352017
507 352020
509 352020
506 352026
508 352038
508 352074
510 352077
509 352079
506 352079
506 352080
508 352100
507 352100
506 352108
509 352143
508 352143
508 352146
510 352185
508 352188
508 352188
509 352193
507 352200
509 352201
508 352208
509 352244
507 352245
510 352247
507 352266
507 352280
508 352281
508 352299
509 352299
508 352309
508 352345
510 352345
508 352348
507 352367
505 352383
507 352383
507 352386
507 352397
509 352411
508 352412
510 352446
511 352447
508 352447
506 352460
509 352460
508 352468
508 352477
509 352513
507 352514
508 352517
510 352551
507 352554
506 352556
509 352557
511 352570
505 352571
507 352578
510 352612
509 352613
508 352615
509 352656
509 352658
506 352658
510 352661
506 352670
506 352681
505 352682
509 352719
508 352748
510 352784
508 352785
507 352787
505 352830
509 352832
509 352840
509 352840
509 352841
509 352841
509 352842
508 352842
509 352845
507 352845
507 352848
508 352849
508 352898
506 352914
509 352923
508 352926
510 352926
507 352929
506 352929
507 352941
508 352941
511 352949
507 352971
506 352971
510 352978
507 352999
507 353010
508 353010
507 353018
509 353040
509 353040
508 353048
510 353068
510 353078
507 353100
507 353101
507 353108
507 353118
508 353140
507 353140
509 353147
508 353168
509 353207
509 353207
506 353210
506 353210
504 353219
510 353221
506 353225
509 353250
508 353250
507 353268
508 353287
506 353303
506 353303
509 353306
508 353348
507 353351
508 353351
507 353352
509 353356
509 353369
508 353397
507 353398
507 353398
506 353410
507 353410
509 353418
508 353454
507 353456
511 353456
507 353466
507 353479
507 353480
508 353487
508 353510
509 353511
508 353519
509 353540
511 353540
507 353548
506 353570
507 353571
509 353578
509 353587
508 353610
509 353610
506 353617
510 353638
507 353682
506 353682
500 353683
504 353684
514 353684
508 353711
499 353714
512 353717
502 353719
496 353737
503 353749
511 353760
509 353761
509 353768
507 353790
508 353791
503 353819
507 353841
508 353842
508 353862
508 353865
507 353867
507 353869
509 353889
507 353891
508 353913
508 353913
510 353919
507 353941
508 353941
506 353949
506 353957
508 353980
516 353980
500 353987
519 354008
536 354073
517 354074
504 354076
503 354076
520 354080
510 354080
508 354147
503 354148
501 354150
512 354150
506 354151
504 354153
508 354153
510 354163
514 354165
501 354166
522 354189
528 354191
508 354191
528 354235
516 354237
528 354238
501 354240
511 354303
506 354303
508 354305
514 354307
512 354308
511 354310
503 354320
509 354322
509 354329
510 354331
508 354362
508 354364
507 354366
509 354403
506 354435
506 354436
513 354438
513 354456
512 354458
496 354459
492 354459
519 354464
522 354523
518 354524
501 354526
511 354527
511 354529
509 354529
509 354595
512 354597
505 354598
509 354598
510 354601
509 354601
509 354602
502 354602
513 354610
507 354611
512 354650
510 354650
510 354651
510 354652
507 354680
504 354680
508 354708
507 354723
500 354725
508 354726
507 354749
513 354751
512 354758
509 354761
500 354778
505 354780
507 354786
508 354799
509 354820
510 354821
510 354853
512 354853
508 354858
507 354858
508 354868
510 354877
506 354887
509 354911
508 354911
508 354915
508 354927
510 354950
508 354950
506 354957
509 354979
507 354979
508 354988
506 354999
508 355022
508 355023
508 355028
509 355038
506 355048
507 355058
506 355068
510 355078
507 355100
508 355100
506 355108
510 355118
505 355128
505 355140
508 355148
507 355158
508 355168
506 355178
507 355213
509 355213
510 355218
506 355218
507 355228
507 355237
508 355247
508 355257
509 355267
509 355277
507 355303
511 355303
509 355306
508 355321
507 355386
508 355386
509 355387
508 355388
508 355388
508 355391
507 355591
509 355591
507 355592
505 355593
509 355593
508 355594
508 355595
509 355595
508 355596
509 355596
509 355597
507 355597
508 355598
510 355599
507 355599
508 355600
509 355600
509 355601
509 355601
508 355602
508 355610
505 355610
505 355617
508 355627
507 355679
506 355679
507 355682
508 355682
509 355683
507 355773
506 355774
507 355774
508 355775
507 355775
507 355776
507 355776
508 355777
512 355777
509 355780
507 355796
508 355798
509 355889
509 355889
509 355890
508 355891
508 355891
511 355892
505 355893
505 355893
507 355894
508 355897
509 355991
508 355991
508 355992
508 355994
512 355995
508 355995
508 355996
506 355997
509 355997
509 355999
508 356173
509 356173
508 356174
510 356174
508 356175
508 356175
506 356176
509 356176
507 356177
508 356177
509 356178
508 356178
509 356179
510 356179
507 356180
508 356180
509 356183
510 356194
507 356197
508 356217
509 356218
509 356228
510 356247
506 356249
507 356259
507 356269
507 356291
509 356291
509 356297
508 356307
507 356330
510 356331
507 356337
505 356347
508 356357
507 356384
508 356385
508 356388
509 356412
509 356412
510 356417
508 356427
505 356437
507 356447
509 356458
505 356467
508 356477
508 356493
505 356497
509 356514
508 356516
508 356538
506 356550
509 356550
507 356557
508 356567
509 356577
508 356600
504 356601
536 356608
513 356619
466 356627
525 356638
524 356647
517 356668
498 356686
537 356687
531 356698
522 356700
500 356706
505 356718
508 356728
507 356738
511 356747
507 356759
509 356767
508 356786
508 356787
508 356799
507 356809
509 356818
506 356828
510 356838
513 356860
497 356861
518 356867
518 356878
508 356887
510 356908
506 356909
507 356927
503 356938
508 356947
514 356959
509 356980
512 356980
507 357001
506 357002
508 357007
510 357017
506 357027
508 357037
514 357047
508 357057
510 357067
515 357077
509 357087
509 357101
507 357107
506 357118
505 357128
511 357138
503 357148
512 357158
508 357168
500 357178
507 357187
509 357197
506 357211
507 357217
508 357266
510 357267
507 357267
509 357268
508 357268
507 357284
509 357286
508 357296
505 357308
512 357319
509 357328
509 357339
508 357349
504 357358
506 357367
507 357379
508 357387
508 357399
506 357686
509 357686
509 357687
513 357688
510 357688
511 357688
507 357689
507 357689
508 357690
508 357690
510 357691
507 357692
509 357692
507 357693
507 357693
507 357694
508 357694
506 357695
508 357696
505 357696
505 357697
511 357697
508 357698
507 357698
507 357699
507 357699
507 357699
509 357700
509 357702
508 357893
510 357894
509 357894
507 357895
506 357895
510 357896
506 357896
509 357897
507 357898
505 357898
508 357899
509 357899
507 357900
506 357900
508 357900
507 357901
508 357903
509 357903
509 357904
509 357906
510 357908
508 357918
506 357928
508 357938
507 357948
508 357958
508 357980
509 357981
508 357988
510 357998
508 358008
506 358018
508 358028
508 358050
508 358050
508 358057
507 358081
507 358082
511 358087
505 358097
506 358107
507 358117
508 358127
509 358137
508 358147
508 358157
509 358167
511 358177
507 358204
507 358205
508 358207
507 358396
508 358397
508 358397
508 358398
509 358399
510 358399
509 358400
506 358400
506 358401
506 358401
509 358402
507 358402
509 358403
505 358403
509 358404
508 358404
508 358405
506 358405
507 358408
509 358473
506 358474
510 358474
507 358475
510 358476
510 358476
507 358479
506 358495
507 358497
508 358586
508 358587
508 358587
506 358588
508 358589
509 358589
507 358590
506 358590
506 358591
509 358610
508 358610
509 358618
509 358628
510 358638
512 358648
507 358658
505 358671
507 358678
508 358713
509 358713
509 358716
509 358893
508 358893
512 358894
507 358895
506 358896
506 358896
510 358897
507 358898
507 358898
509 358899
508 358899
510 358900
505 358900
505 358901
507 358901
509 358902
508 358902
507 358996
505 358996
508 358997
509 358998
509 358998
507 358999
507 358999
508 359000
507 359001
509 359001
508 359011
507 359011
507 359018
509 359028
508 359050
507 359050
508 359081
506 359081
508 359090
507 359090
508 359110
508 359110
510 359118
508 359138
507 359185
507 359185
507 359186
508 359187
507 359190
507 359192
508 359386
510 359387
507 359387
504 359388
507 359389
508 359389
509 359390
507 359391
509 359392
508 359392
510 359393
509 359394
507 359394
507 359395
509 359396
508 359396
507 359397
508 359400
509 359400
509 359401
508 359402
508 359591
508 359591
508 359592
509 359592
508 359593
509 359594
508 359594
509 359595
509 359595
509 359596
505 359597
508 359597
509 359598
509 359598
509 359599
506 359599
508 359600
509 359600
505 359603
507 359603
508 359776
509 359776
506 359777
506 359777
507 359778
509 359778
510 359779
507 359779
504 359780
506 359780
507 359781
507 359781
508 359781
506 359782
509 359782
511 359783
508 359783
506 359819
508 359820
508 359821
509 359832
509 359835
508 359843
511 359850
510 359850
506 359858
505 359868
509 359877
509 359887
510 359920
506 359920
506 359927
508 359938
511 359947
509 359976
507 359976
507 359991
510 359998
507 360022
508 360024
508 360041
509 360042
509 360042
510 360093
506 360094
507 360094
508 360095
508 360096
509 360098
509 360274
508 360274
508 360275
509 360276
508 360276
507 360277
508 360278
507 360278
508 360279
509 360279
509 360279
508 360280
509 360280
507 360281
506 360281
508 360282
507 360282
509 360692
509 360693
506 360693
507 360694
509 360694
507 360697
506 360698
508 360698
506 360699
507 360699
508 360700
507 360700
507 360701
510 360701
508 360701
506 360702
508 360702
509 360702
506 360703
508 360703
508 360704
508 360704
510 360705
507 360705
505 360705
507 360706
510 360706
508 360707
509 360707
508 360708
508 360708
510 360708
509 360709
508 360709
507 360709
509 360710
506 360710
510 360711
508 360711
505 360711
508 360714
510 360715
509 360715
509 360794
507 360794
508 360795
509 360796
509 360796
507 360797
508 360798
511 360798
507 360801
504 360873
506 360873
508 360873
509 360881
507 360881
507 360902
508 360902
508 360903
508 360903
507 360909
509 360909
510 360985
507 360986
507 360986
508 360987
510 360987
515 360988
508 360989
507 360991
508 361273
509 361273
511 361274
508 361275
506 361275
506 361276
509 361276
506 361277
507 361277
506 361277
507 361278
508 361278
506 361279
506 361279
509 361280
509 361280
508 361280
508 361281
508 361281
510 361282
507 361282
508 361283
509 361283
507 361283
509 361284
508 361284
508 361287
506 361287
508 361487
508 361488
508 361488
508 361489
509 361489
507 361490
510 361490
507 361491
508 361491
508 361492
507 361493
508 361493
509 361494
508 361495
508 361495
510 361496
508 361496
505 361497
508 361497
508 361498
507 361500
507 361500
509 361508
509 361534
512 361535
508 361537
507 361547
507 361584
508 361585
508 361586
508 361599
506 361615
508 361618
510 361618
509 361637
506 361638
507 361695
510 361695
509 361696
508 361697
509 361713
509 361713
509 361718
509 361718
507 361728
507 361738
507 361774
507 361778
507 361778
508 361779
507 361795
509 361796
506 361808
508 361817
506 361840
509 361841
505 361847
507 361867
508 361877
508 361887
509 361912
509 361913
507 361916
508 361940
508 361941
508 361947
509 361970
509 361970
507 361977
508 361987
508 362010
509 362011
507 362019
507 362038
509 362050
507 362050
506 362058
507 362068
508 362078
511 362100
509 362100
508 362108
508 362118
508 362140
507 362140
507 362148
505 362162
507 362184
509 362184
509 362187
506 362494
507 362495
508 362495
506 362496
508 362496
505 362497
507 362497
509 362498
508 362499
506 362499
507 362500
507 362500
509 362501
509 362501
508 362502
508 362502
509 362503
507 362503
509 362503
507 362504
507 362504
509 362505
508 362505
509 362506
508 362506
508 362506
509 362507
508 362507
507 362508
509 362508
506 362511
508 362511
510 362673
506 362673
508 362674
508 362675
506 362675
505 362698
508 362698
506 362699
508 362699
507 362700
506 362700
507 362701
513 362701
507 362701
503 362704
506 362704
510 362705
508 362785
506 362786
508 362786
509 362787
512 362788
508 362789
507 362789
506 362790
508 362791
507 362791
507 362794
508 362992
509 362992
510 362993
509 362994
505 362994
505 362995
509 362995
509 362996
508 362997
509 362997
508 362998
508 362999
509 362999
507 363000
507 363001
509 363001
506 363002
508 363003
508 363005
507 363005
510 363008
509 363017
507 363053
506 363055
507 363055
508 363472
508 363473
507 363473
508 363474
509 363474
510 363474
507 363475
506 363475
506 363476
507 363476
508 363477
508 363498
508 363499
510 363499
505 363499
507 363500
506 363500
508 363501
508 363501
507 363502
508 363502
507 363503
509 363503
511 363503
508 363504
506 363504
508 363505
508 363505
507 363506
509 363506
508 363507
507 363507
509 363507
508 363508
508 363508
508 363509
507 363509
508 363510
508 363510
509 363510
508 363511
509 363513
510 363513
508 363525
504 363538
507 363539
507 363540
508 363562
508 363562
508 363568
509 363568
510 363590
507 363590
506 363597
506 363620
508 363620
507 363627
508 363637
507 363648
508 363658
510 363668
508 363690
506 363690
509 363700
508 363722
509 363723
508 363726
507 363743
508 363753
509 363772
508 363772
506 363790
506 363791
507 363797
508 363808
508 363817
508 363827
509 363864
511 363865
507 363867
505 364072
507 364072
508 364073
507 364073
508 364074
509 364074
508 364075
511 364075
509 364076
508 364076
507 364077
509 364077
509 364078
508 364078
509 364078
508 364079
508 364079
506 364080
507 364080
508 364081
509 364103
508 364115
510 364116
508 364117
506 364119
506 364126
501 364137
501 364174
507 364176
510 364177
512 364188
510 364214
512 364215
508 364215
507 364230
510 364231
508 364237
506 364274
507 364326
508 364326
507 364327
508 364328
504 364329
508 364329
515 364377
509 364377
503 364378
507 364380
509 364381
508 364381
505 364383
509 364400
508 364400
511 364407
518 364430
510 364431
503 364437
507 364460
509 364461
507 364480
512 364480
509 364511
510 364511
511 364512
508 364527
505 364569
509 364570
508 364572
508 364573
503 364573
508 364576
509 364602
509 364610
507 364611
507 364627
509 364650
503 364650
512 364670
525 364670
491 364677
529 364678
513 364713
526 364715
513 364715
504 364730
519 364731
525 364790
503 364790
505 364791
512 364792
504 364803
509 364807
508 364808
507 364810
508 364996
512 364997
509 364998
506 364998
507 364999
509 364999
511 365000
508 365001
503 365001
512 365002
511 365002
514 365003
507 365003
501 365004
510 365004
510 365005
507 365005
507 365006
511 365008
509 365076
509 365076
509 365077
508 365078
509 365078
509 365079
510 365079
507 365186
506 365186
506 365187
511 365188
512 365188
513 365189
505 365190
517 365190
507 365191
508 365192
515 365194
518 365196
509 365207
512 365391
503 365392
512 365392
511 365393
508 365394
506 365394
513 365395
514 365396
517 365396
506 365397
512 365397
530 365398
495 365398
530 365399
487 365399
495 365400
510 365402
483 365596
523 365597
510 365597
515 365598
518 365599
498 365599
505 365600
504 365601
505 365602
511 365602
508 365603
508 365603
508 365604
509 365604
507 365605
506 365605
509 365606
507 365606
508 365607
507 365607
508 365608
507 365610
509 365610
508 365673
507 365674
507 365675
509 365675
507 365676
509 365678
508 365784
510 365784
508 365785
508 365786
507 365786
506 365787
509 365787
506 365788
508 365788
509 365789
508 365792
506 365990
509 365990
508 365991
507 365992
508 365992
506 365993
510 365993
509 365994
509 365994
508 365995
508 365995
505 365996
507 365996
508 365997
507 365997
509 365998
507 365998
508 365999
507 365999
508 366011
507 366011
507 366020
508 366020
508 366040
508 366040
508 366195
508 366196
508 366196
510 366197
508 366198
505 366198
509 366198
508 366199
509 366199
508 366200
507 366200
509 366201
511 366201
508 366202
506 366202
508 366204
509 366217
508 366219
508 366240
507 366240
508 366247
510 366259
507 366268
508 366303
506 366303
506 366308
509 366308
507 366320
509 366328
508 366338
509 366347
510 366357
507 366380
507 366381
509 366404
506 366410
507 366410
508 366417
508 366427
508 366443
509 366446
507 366466
507 366467
508 366477
508 366487
507 366497
506 366507
510 366517
509 366527
510 366537
506 366547
505 366557
508 366569
506 366589
508 366598
508 366608
510 366618
509 366628
510 366638
508 366648
506 366670
509 366670
507 366677
508 366793
507 366793
509 366794
508 366795
511 366795
509 366796
507 366797
507 366798
509 366799
507 366800
510 366802
506 366802
509 366893
510 366894
508 366894
507 366895
507 366895
509 366896
507 366897
508 366897
507 366898
507 366900
508 366995
508 366996
508 366997
508 366998
509 366998
506 366999
508 367000
507 367001
508 367002
508 367004
508 367073
507 367074
507 367075
508 367075
505 367076
508 367076
507 367077
508 367078
506 367095
511 367097
506 367287
509 367288
492 367288
512 367289
506 367290
507 367290
504 367291
509 367291
499 367292
501 367293
515 367293
509 367294
512 367294
506 367295
505 367295
506 367296
507 367296
508 367297
508 367297
507 367299
507 367390
509 367391
507 367391
508 367392
508 367393
508 367393
509 367396
508 367398
508 367400
507 367493
505 367494
506 367494
512 367495
489 367496
504 367496
532 367497
529 367498
498 367498
514 367500
529 367596
512 367597
500 367597
513 367598
508 367599
508 367599
509 367600
503 367601
505 367601
508 367673
517 367673
488 367674
511 367675
483 367675
535 367675
498 367676
512 367677
522 367689
502 367690
513 367697
515 367708
512 367717
503 367727
515 367737
509 367747
511 367770
506 367771
511 367777
509 367885
510 367886
508 367887
507 367887
507 367888
511 367888
504 367889
502 367889
491 367890
518 367890
532 367892
495 368093
490 368093
493 368094
510 368095
518 368095
508 368096
513 368096
507 368097
502 368097
510 368098
507 368098
508 368099
510 368099
511 368100
507 368100
508 368100
505 368101
506 368101
497 368102
507 368104
514 368106
508 368117
509 368127
509 368137
508 368147
510 368157
516 368180
520 368180
508 368187
503 368200
505 368215
512 368218
512 368231
507 368237
509 368247
503 368257
505 368267
509 368277
505 368287
505 368297
510 368307
506 368327
506 368340
508 368341
507 368387
508 368388
507 368388
508 368389
509 368390
510 368398
508 368419
507 368430
507 368430
508 368437
508 368490
508 368491
506 368491
509 368492
510 368500
504 368500
505 368593
507 368594
508 368595
506 368595
509 368596
507 368597
507 368597
509 368598
509 368599
506 368601
506 368673
506 368673
507 368674
508 368674
508 368675
508 368675
508 368678
509 368680
508 368687
506 368698
507 368710
507 368718
508 368728
509 368740
510 368761
508 368762
510 368769
508 368783
509 368787
507 368811
509 368819
509 368988
507 368988
508 368989
509 368990
510 368990
507 368991
506 368991
507 368992
509 368992
508 368993
508 368994
508 368994
506 368995
511 368995
508 368996
506 368996
508 368999
507 368999
509 369193
508 369194
508 369194
507 369195
510 369196
508 369196
506 369197
506 369198
509 369198
507 369199
508 369200
508 369200
509 369201
509 369201
509 369202
508 369202
506 369203
509 369203
506 369204
509 369210
505 369210
507 369217
511 369227
507 369237
507 369247
507 369257
508 369267
509 369292
508 369293
508 369296
508 369383
509 369384
509 369384
508 369385
507 369385
508 369386
507 369387
509 369387
508 369390
508 369487
508 369488
511 369488
508 369489
506 369490
507 369490
508 369491
509 369492
507 369492
508 369493
509 369591
512 369592
509 369592
505 369593
508 369594
509 369595
509 369595
508 369596
508 369600
508 369600
508 369607
509 369617
507 369640
506 369640
508 369647
507 369657
509 369667
504 369677
508 369687
509 369772
509 369773
507 369774
506 369775
509 369775
508 369776
508 369777
508 369792
508 369792
509 369798
510 369801
508 369807
507 369817
508 369828
508 369838
508 369848
509 369858
506 369868
510 369878
510 369888
508 369897
506 369908
508 369918
508 369938
508 369939
509 369947
506 369972
508 369973
507 369976
508 370014
506 370015
508 370016
507 370019
508 370025
508 370091
508 370092
510 370092
510 370093
507 370094
509 370099
494 370100
534 370107
509 370117
529 370127
543 370137
491 370147
503 370157
500 370167
494 370177
509 370187
499 370275
504 370275
508 370276
513 370277
513 370277
505 370278
510 370279
506 370279
506 370282
505 370486
511 370487
508 370488
502 370488
517 370489
501 370489
500 370490
505 370491
503 370491
509 370492
509 370493
508 370493
510 370494
510 370494
507 370495
511 370495
504 370496
505 370496
506 370497
508 370497
509 370499
509 370691
507 370691
513 370692
514 370693
501 370694
508 370694
509 370695
504 370695
506 370696
506 370696
507 370697
508 370697
501 370698
507 370698
507 370699
504 370699
511 370700
507 370700
508 370702
509 370702
511 370793
508 370794
506 370794
508 370795
511 370796
509 370796
507 370797
508 370798
509 370799
506 370801
510 370872
508 370872
506 370873
508 370873
507 370874
505 370874
508 370909
509 370909
504 370911
512 370912
510 370917
505 370918
506 370927
510 370940
507 370947
507 370957
509 370967
506 370988
504 370999
510 370999
509 371007
508 371029
508 371030
506 371047
508 371057
507 371067
508 371086
509 371086
510 371097
507 371107
506 371117
508 371127
507 371137
508 371147
509 371157
508 371167
509 371202
509 371207
507 371208
506 371208
509 371217
508 371227
508 371237
508 371247
508 371257
510 371267
510 371277
508 371287
507 371297
509 371309
509 371317
508 371327
507 371346
508 371346
509 371372
509 371373
508 371375
506 371485
507 371485
507 371486
507 371487
509 371487
508 371488
509 371488
507 371489
507 371489
507 371490
507 371500
507 371501
509 371507
509 371517
509 371527
507 371895
510 371896
509 371896
507 371897
506 371897
507 371898
509 371899
507 371899
508 371900
507 371900
508 371901
510 371902
507 371902
506 371903
507 371903
507 371904
509 371904
507 371905
509 371905
508 371905
510 371906
506 371906
506 371907
508 371907
508 371908
506 371908
506 371909
509 371909
509 371910
511 371911
508 371911
506 371914
507 371914
508 371915
508 371916
507 371919
508 371919
508 371920
509 371972
509 371972
507 371974
506 371974
509 371980
506 371980
509 371987
510 371997
507 372007
508 372017
508 372027
510 372037
506 372059
510 372059
508 372067
509 372077
509 372087
509 372097
511 372133
507 372133
508 372138
506 372138
507 372147
506 372158
509 372167
506 372178
508 372206
504 372208
509 372209
506 372219
505 372227
507 372237
510 372247
508 372257
509 372267
507 372277
512 372287
508 372309
508 372309
506 372317
507 372337
508 372337
507 372371
508 372372
507 372372
507 372389
509 372390
509 372397
506 372407
506 372417
509 372428
507 372437
508 372452
508 372487
508 372487
509 372488
509 372590
506 372591
508 372591
509 372592
507 372592
508 372593
508 372593
509 372594
509 372594
510 372595
507 372597
508 372615
510 372618
510 372687
506 372687
509 372688
508 372689
510 372689
510 372689
509 372690
507 372697
507 372707
508 372717
510 372727
508 372737
509 372747
509 372757
510 372779
507 372779
505 372799
507 372800
508 372895
508 372895
508 372896
507 372897
509 372897
509 372898
507 372899
506 372899
507 372900
506 372902
509 373015
507 373016
508 373038
509 373039
509 373040
507 373040
507 373043
508 373043
506 373044
510 373044
508 373045
508 373045
509 373046
510 373046
509 373049
507 373057
507 373067
510 373077
507 373087
507 373097
508 373108
509 373117
510 373127
509 373137
507 373147
507 373157
509 373167
506 373177
508 373187
509 373197
509 373207
507 373217
508 373227
508 373247
507 373274
508 373274
507 373277
508 373395
508 373396
508 373396
508 373397
509 373398
508 373398
506 373399
508 373399
507 373404
508 373404
508 373405
508 373407
507 373407
511 373472
508 373473
506 373473
507 373474
506 373475
508 373686
508 373686
509 373687
509 373688
510 373688
509 373689
506 373689
507 373690
508 373690
507 373691
507 373691
509 373692
508 373692
510 373693
508 373693
506 373694
508 373694
509 373694
507 373695
508 373695
506 373696
509 373696
508 373697
508 373699
508 373891
507 373892
509 373892
506 373893
508 373894
508 373894
506 373895
508 373896
508 373896
507 373897
507 373898
507 373898
507 373899
508 373899
507 373900
508 373900
507 373901
510 373902
507 373904
506 373904
506 373907
507 373917
508 373927
508 373937
506 373947
509 373957
511 373967
510 374018
507 374019
508 374019
508 374020
507 374027
509 374037
505 374047
510 374070
511 374070
508 374077
504 374087
507 374122
506 374123
508 374124
509 374126
508 374189
507 374189
510 374190
509 374191
506 374191
507 374192
508 374288
511 374288
508 374289
509 374290
507 374290
509 374291
509 374291
507 374292
506 374292
509 374293
507 374297
506 374307
508 374317
507 374327
510 374337
509 374347
508 374357
508 374367
508 374377
508 374493
509 374494
507 374494
508 374495
509 374495
508 374496
507 374496
507 374497
508 374498
507 374498
508 374499
507 374501
508 374572
507 374572
510 374573
508 374574
507 374574
507 374574
507 374580
508 374580
509 374587
509 374597
510 374607
511 374629
508 374630
506 374639
506 374647
508 374657
508 374667
510 374677
506 374710
508 374710
510 374711
508 374717
506 374727
509 374737
509 374770
508 374770
508 374777
509 374791
506 374797
508 374807
509 374830
507 374830
506 374837
509 374847
508 374857
508 374867
509 374877
508 374890
509 374917
509 374919
507 374922
509 374927
508 374950
506 374950
509 374957
508 374967
508 374977
508 374987
510 374997
508 375007
507 375017
507 375035
506 375036
508 375047
509 375058
508 375067
509 375077
511 375087
508 375097
506 375107
509 375117
507 375127
507 375141
507 375172
508 375172
508 375180
506 375180
506 375187
505 375199
511 375207
507 375217
506 375227
505 375237
512 375259
515 375260
514 375267
510 375277
506 375287
508 375297
508 375307
506 375317
505 375340
505 375340
506 375347
509 375357
509 375367
507 375380
508 375388
505 375397
509 375407
510 375417
507 375427
508 375437
507 375447
509 375489
507 375546
506 375547
509 375550
508 375550
506 375551
507 375551
507 375552
508 375553
510 375556
508 375567
508 375577
508 375587
507 375597
508 375607
508 375617
507 375638
508 375649
510 375649
508 375694
505 375695
507 375695
507 375696
508 375699
507 375719
508 375719
505 375727
511 375737
508 375747
504 375757
509 375779
508 375779
509 375787
506 375809
507 375810
508 375818
509 375839
509 375840
505 375847
506 375857
509 375867
509 375877
509 375887
507 375910
509 375911
508 375917
509 375927
507 375937
508 375947
509 375957
507 375967
508 375977
508 376000
509 376000
508 376019
508 376020
508 376026
507 376044
509 376046
507 376057
507 376067
508 376102
506 376102
512 376107
509 376107
506 376117
505 376127
507 376137
507 376147
510 376157
508 376167
507 376177
509 376187
511 376200
507 376224
508 376224
507 376227
506 376296
508 376297
509 376297
508 376298
508 376299
511 376299
505 376307
508 376317
507 376327
508 376337
505 376347
509 376357
507 376368
507 376383
510 376387
509 376397
507 376407
507 376417
509 376427
508 376444
505 376447
510 376794
509 376794
511 376795
507 376795
507 376796
507 376796
506 376797
506 376798
508 376798
508 376799
507 376800
508 376800
508 376801
508 376801
506 376802
509 376802
509 376802
505 376803
505 376803
506 376804
505 376804
507 376805
509 376805
507 376806
508 376807
508 376807
505 376808
508 376808
507 376808
509 376809
510 376809
509 376810
507 376810
510 376810
507 376813
508 376813
506 376816
507 376872
510 376872
513 376873
505 376874
504 376874
508 376889
510 376889
509 376897
506 376907
509 376929
507 376929
510 376937
507 376947
507 376957
505 377086
510 377087
509 377087
507 377088
507 377088
508 377089
510 377090
507 377090
507 377091
506 377092
510 377092
508 377093
508 377096
508 377272
507 377273
509 377274
507 377274
507 377275
506 377276
512 377276
508 377277
509 377277
508 377278
510 377278
508 377279
510 377279
508 377280
507 377280
508 377281
508 377312
509 377313
509 377313
508 377314
507 377314
510 377316
506 377383
506 377383
507 377384
507 377385
511 377385
505 377386
500 377388
513 377589
510 377589
499 377590
500 377590
505 377591
508 377591
503 377592
506 377592
507 377593
507 377594
510 377594
509 377595
509 377595
506 377596
508 377596
506 377597
506 377597
513 377598
509 377599
506 377599
504 377601
510 377770
507 377771
508 377771
507 377772
506 377772
504 377773
509 377774
516 377774
510 377775
515 377775
509 377776
509 377776
515 377777
505 377777
505 377778
508 377791
513 377793
508 377800
507 377800
507 377807
505 377817
507 377827
506 377837
507 377847
508 377857
508 377867
509 377877
507 377891
510 377898
498 377906
512 377916
521 377926
523 377936
515 377947
511 377957
505 377966
512 377976
507 377987
496 378026
508 378027
521 378027
509 378028
512 378037
510 378047
510 378056
505 378067
506 378076
507 378086
505 378096
509 378106
506 378118
509 378126
509 378161
507 378163
503 378167
508 378168
508 378179
512 378218
510 378218
506 378219
509 378219
509 378227
512 378237
509 378247
508 378257
508 378266
509 378276
507 378286
507 378296
510 378309
507 378316
506 378326
508 378336
510 378346
509 378356
506 378401
507 378401
511 378402
504 378402
509 378407
516 378427
510 378439
508 378440
488 378448
511 378470
510 378476
508 378486
512 378496
511 378507
504 378516
510 378526
509 378536
499 378559
499 378572
494 378573
521 378589
500 378590
509 378597
494 378607
495 378617
516 378627
505 378636
500 378646
513 378656
496 378669
510 378689
503 378690
500 378702
511 378706
506 378722
507 378894
509 378894
510 378895
507 378896
508 378896
506 378897
508 378897
511 378898
508 378898
506 378899
506 378899
510 378900
507 378900
509 378901
506 378902
507 378902
505 378905
509 378905
506 378908
507 378917
508 378927
506 378937
508 378947
507 378958
508 378984
508 378984
509 378987
509 378995
508 379085
506 379086
507 379086
509 379087
507 379087
509 379088
508 379088
509 379089
508 379099
508 379100
508 379106
507 379128
508 379150
508 379150
508 379157
509 379167
510 379394
507 379394
507 379395
510 379396
509 379396
511 379397
508 379397
508 379398
509 379398
512 379401
509 379401
508 379402
508 379402
508 379403
508 379403
508 379403
508 379404
509 379404
508 379404
509 379405
506 379405
507 379406
509 379408
509 379408
507 379471
509 379472
508 379472
508 379473
509 379474
507 379582
506 379583
508 379583
510 379584
508 379584
508 379585
508 379586
509 379586
509 379587
507 379588
507 379588
508 379589
507 379591
507 379892
507 379892
506 379893
506 379893
510 379894
507 379894
505 379895
508 379895
507 379896
508 379896
509 379897
508 379897
509 379897
511 379898
508 379898
507 379899
506 379899
508 379900
508 379900
508 379901
508 379901
509 379902
510 379903
508 379903
506 379904
507 379904
511 379905
509 379905
509 379906
509 379907
508 379909
509 379969
508 379969
507 379970
508 379970
509 379971
508 379978
508 379981
509 379994
507 380009
509 380009
510 380017
508 380027
507 380037
508 380051
506 380069
508 380069
508 380089
507 380089
511 380098
510 380107
507 380117
506 380127
507 380136
507 380146
508 380156
509 380167
507 380181
508 380188
510 380196
509 380206
506 380216
506 380227
507 380249
508 380249
507 380269
507 380269
509 380278
510 380299
507 380299
506 380307
509 380316
507 380326
507 380349
507 380350
508 380357
507 380367
509 380377
506 380397
507 380398
507 380414
510 380416
506 380483
506 380484
508 380484
505 380485
512 380485
514 380486
497 380488
509 380505
509 380507
502 380688
510 380689
507 380689
510 380690
503 380691
509 380691
503 380692
507 380693
508 380693
508 380694
507 380695
508 380695
508 380696
511 380696
511 380697
506 380697
505 380698
510 380700
508 380793
507 380793
509 380794
506 380795
506 380795
506 380796
510 380796
500 380797
499 380799
518 380801
513 380819
504 380819
491 380871
498 380871
517 380872
493 380872
507 380873
493 380875
503 380899
505 380901
511 380917
509 380918
505 380927
518 380937
495 380947
510 380957
518 380967
503 380977
548 380987
498 381009
484 381086
506 381087
502 381088
502 381088
504 381089
503 381089
509 381090
506 381091
503 381091
508 381122
505 381124
503 381189
508 381189
507 381190
506 381191
511 381191
506 381192
506 381193
510 381193
520 381195
510 381291
506 381292
516 381293
491 381293
522 381294
531 381295
490 381296
508 381296
503 381299
507 381301
513 381307
508 381317
506 381327
506 381337
510 381347
508 381400
507 381402
507 381403
517 381403
516 381404
515 381415
501 381426
498 381436
508 381446
506 381456
508 381466
510 381477
504 381487
511 381497
515 381507
508 381542
502 381543
509 381544
509 381546
501 381585
504 381586
508 381587
510 381587
506 381596
507 381606
505 381629
507 381630
506 381636
508 381646
507 381656
509 381667
508 381678
508 381688
508 381794
508 381794
508 381795
507 381796
509 381796
508 381797
509 381798
509 381798
510 381799
509 381802
506 381802
507 381869
509 381870
509 381870
507 381871
508 381871
507 381872
510 381872
509 381877
507 381886
507 381897
508 381920
508 381920
508 381927
508 381951
509 381951
511 381957
508 381966
506 381977
507 381986
510 381996
510 382006
508 382016
507 382026
507 382040
510 382047
507 382057
506 382072
506 382078
507 382087
508 382097
507 382107
508 382129
508 382129
509 382137
508 382147
507 382157
506 382167
509 382187
508 382197
509 382213
508 382215
508 382230
508 382239
507 382247
507 382269
506 382270
508 382276
506 382286
507 382296
507 382319
509 382319
507 382326
509 382337
507 382351
508 382391
507 382392
507 382392
508 382393
507 382396
507 382492
507 382492
510 382493
507 382494
507 382494
508 382495
506 382495
508 382496
507 382497
508 382499
508 382569
511 382570
509 382570
504 382571
508 382572
509 382572
508 382573
507 382577
508 382587
507 382597
509 382607
508 382617
506 382627
508 382637
508 382647
508 382657
507 382667
508 382676
509 382699
511 382699
508 382713
507 382715
507 382728
510 382736
509 382759
508 382759
509 382777
508 382790
511 382790
508 382797
507 382807
506 382817
509 382827
508 382850
507 382850
508 382857
508 382868
508 382877
509 382892
506 382916
505 382916
506 382969
507 382970
508 382970
509 382971
506 382971
509 382977
509 382987
508 382997
506 383014
505 383017
507 383030
508 383037
509 383047
509 383076
508 383078
510 383078
508 383087
507 383096
506 383106
509 383128
507 383129
508 383177
506 383177
508 383178
511 383179
506 383179
506 383187
508 383197
508 383207
509 383217
509 383227
507 383250
509 383250
511 383257
509 383271
508 383277
507 383299
507 383299
509 383307
506 383317
509 383327
508 383337
509 383347
509 383357
506 383367
506 383376
507 383591
509 383592
506 383593
509 383593
508 383594
507 383595
508 383596
507 383596
508 383597
508 383597
506 383598
507 383599
508 383599
506 383600
508 383600
510 383601
507 383601
506 383602
507 383602
507 383602
509 383603
507 383605
510 383606
501 383669
509 383670
539 383670
491 383671
478 383671
471 383676
520 383699
477 383700
522 383710
522 383716
518 383727
505 383737
502 383757
504 383758
511 383779
503 383780
508 383786
507 383796
509 383807
506 383816
508 383826
499 383849
507 383850
511 383887
507 383887
514 383888
511 383888
512 383986
505 383987
511 383988
508 383988
502 383989
510 383990
506 383990
505 383991
513 383991
510 383992
506 383996
509 384089
508 384090
505 384091
510 384092
510 384092
507 384093
516 384093
504 384094
505 384094
506 384096
509 384170
504 384171
506 384172
507 384172
510 384173
505 384175
512 384175
511 384189
514 384189
509 384196
505 384221
505 384222
509 384244
507 384245
506 384247
509 384269
507 384270
509 384277
506 384287
506 384296
507 384319
508 384320
508 384326
507 384337
508 384346
509 384356
510 384366
508 384379
510 384386
508 384411
507 384416
509 384426
510 384449
511 384450
507 384457
511 384467
511 384476
505 384486
506 384496
509 384590
508 384591
507 384592
508 384592
509 384593
510 384594
510 384595
507 384693
507 384694
508 384694
510 384695
506 384695
508 384696
507 384697
509 384697
509 384698
508 384699
507 384699
507 384700
507 384702
508 384770
507 384770
507 384771
510 384772
509 384772
506 384773
506 384773
507 384789
508 384789
508 384820
507 384820
506 384821
507 384827
510 384836
507 384846
505 384869
507 384870
507 384876
508 384886
508 384896
509 384906
508 384916
509 384926
507 384936
506 384946
507 384982
509 384985
507 384987
509 384987
509 384997
509 385007
508 385017
510 385027
508 385037
506 385047
509 385057
508 385068
507 385077
508 385087
509 385097
508 385119
508 385119
506 385127
507 385159
507 385160
506 385167
508 385202
508 385202
507 385207
506 385208
509 385216
508 385231
506 385236
508 385246
508 385256
507 385266
508 385287
508 385299
507 385300
509 385306
507 385316
506 385342
507 385343
509 385360
508 385361
508 385367
508 385390
509 385390
510 385397
507 385408
505 385417
507 385427
509 385439
508 385448
509 385469
507 385469
508 385477
511 385487
508 385497
507 385507
508 385641
508 385641
507 385642
507 385642
508 385643
506 385644
509 385644
509 385645
508 385646
507 385646
508 385647
508 385647
508 385648
509 385650
508 385656
508 385691
510 385693
507 385698
506 385699
507 385706
509 385742
508 385742
508 385748
507 385748
508 385757
509 385767
508 385789
506 385789
506 385797
508 385807
508 385817
508 385844
507 385844
509 385848
512 385857
509 385867
505 385907
507 385922
507 385923
507 385927
507 385928
506 385936
507 385972
512 385973
507 385978
504 385979
507 385986
506 385996
509 386006
507 386016
508 386026
508 386036
511 386046
509 386056
506 386066
507 386076
508 386099
506 386123
507 386126
509 386127
508 386127
510 386160
508 386161
507 386174
506 386175
510 386178
509 386189
508 386197
508 386207
509 386217
507 386227
508 386237
506 386247
506 386316
509 386316
507 386317
507 386318
510 386318
506 386319
507 386320
510 386327
507 386350
507 386351
507 386356
508 386367
508 386376
505 386386
508 386396
507 386406
510 386416
507 386426
505 386436
508 386446
510 386470
509 386471
508 386872
507 386873
509 386873
511 386874
508 386875
505 386875
507 386876
509 386877
508 386877
510 386878
508 386878
508 386879
510 386879
508 386880
506 386880
505 386881
507 386881
509 386882
509 386883
508 386883
512 386883
510 386884
511 386884
508 386885
503 386886
508 386886
508 386887
512 386887
510 386888
507 386888
508 386889
508 386889
507 386890
506 386890
508 386891
507 386891
507 386892
510 386892
507 386895
507 386895
507 386896
507 386982
506 386983
508 386983
507 386984
507 386985
509 386985
507 386986
508 386986
510 386987
508 386989
506 387084
507 387084
508 387085
508 387086
508 387087
506 387087
507 387088
511 387089
507 387091
507 387186
506 387187
507 387187
508 387188
507 387189
509 387190
509 387190
511 387191
507 387191
505 387200
508 387200
508 387223
510 387227
508 387227
508 387230
509 387369
510 387369
509 387370
506 387371
507 387371
509 387372
510 387372
508 387373
509 387373
509 387374
509 387374
509 387375
507 387375
506 387378
506 387587
508 387588
506 387588
508 387589
507 387589
509 387591
510 387592
506 387592
508 387593
507 387593
506 387594
509 387595
508 387595
508 387596
510 387597
509 387597
507 387598
507 387598
508 387599
508 387599
510 387600
506 387610
509 387610
508 387617
511 387640
507 387640
506 387647
507 387670
507 387670
507 387677
507 387687
505 387793
508 387793
511 387794
508 387795
504 387795
507 387796
508 387797
507 387797
507 387798
507 387799
508 387809
509 387809
507 387870
505 387870
510 387871
508 387872
508 387872
506 387873
508 387875
508 388084
507 388084
510 388085
506 388086
506 388087
508 388089
506 388090
509 388091
509 388091
510 388092
508 388092
510 388093
507 388093
508 388094
508 388094
506 388095
508 388095
508 388096
508 388096
507 388097
505 388099
508 388099
506 388188
508 388188
507 388189
507 388189
506 388190
506 388191
509 388191
509 388192
506 388290
507 388291
507 388291
508 388292
508 388293
508 388293
507 388294
509 388295
509 388295
509 388298
508 388302
509 388318
510 388318
508 388338
505 388338
507 388347
510 388357
510 388367
508 388389
507 388389
507 388397
508 388423
509 388423
508 388426
509 388471
508 388472
509 388473
509 388479
507 388479
508 388499
508 388535
510 388558
508 388558
509 388559
506 388560
509 388560
510 388561
507 388565
507 388577
508 388586
507 388609
508 388609
508 388616
508 388627
509 388636
509 388647
508 388656
505 388666
507 388676
507 388686
508 388712
508 388712
510 388715
509 388730
510 388737
508 388762
505 388762
507 388767
506 388789
508 388790
508 388797
509 388807
510 388817
511 388827
506 388849
505 388849
508 388867
510 388885
508 388886
507 388918
509 388918
508 388919
511 388928
508 388937
506 388946
506 388957
510 388966
510 388976
506 388986
509 388998
509 389008
510 389016
510 389026
507 389036
507 389046
510 389056
507 389066
508 389076
509 389087
509 389109
507 389110
510 389117
506 389127
507 389137
508 389147
507 389157
508 389167
508 389177
508 389187
510 389197
511 389207
506 389229
507 389229
507 389238
506 389259
507 389260
509 389267
508 389277
508 389287
510 389297
507 389340
507 389340
507 389341
505 389342
508 389345
505 389378
508 389379
508 389389
509 389389
509 389396
509 389419
506 389419
505 389438
507 389439
508 389446
509 389456
508 389481
508 389583
508 389604
507 389605
506 389605
509 389606
507 389606
508 389607
509 389607
509 389608
508 389608
508 389609
508 389611
506 389611
507 389685
508 389686
509 389686
509 389687
509 389688
510 389688
509 389689
508 389788
505 389789
507 389789
509 389790
507 389791
508 389792
508 389792
509 389793
508 389794
506 389794
507 389795
507 389797
509 390289
508 390290
507 390290
509 390291
511 390292
510 390292
507 390293
507 390294
508 390294
507 390295
509 390295
509 390296
508 390296
510 390297
511 390297
507 390298
505 390298
506 390299
509 390300
507 390300
507 390301
508 390302
508 390302
510 390303
507 390304
506 390305
506 390305
506 390306
507 390307
508 390307
509 390308
509 390308
510 390309
508 390309
507 390310
505 390310
510 390311
507 390311
509 390312
509 390312
508 390313
508 390313
511 390314
507 390314
508 390315
507 390315
507 390316
509 390316
508 390319
508 390319
509 390320
507 390484
507 390485
505 390486
509 390486
506 390487
509 390488
507 390489
509 390489
507 390490
510 390491
506 390491
504 390492
508 390493
507 390493
506 390494
509 390495
510 390513
509 390517
511 390518
508 390520
508 390588
506 390589
507 390590
509 390590
506 390591
509 390592
507 390690
507 390691
508 390691
519 390692
500 390693
511 390693
509 390694
510 390695
507 390695
508 390696
509 390698
511 390701
505 390719
508 390720
508 390727
507 390737
507 390757
508 390769
507 390769
511 390776
510 390787
510 390815
504 390819
507 390819
509 390870
509 390871
509 390872
511 390873
506 390873
509 390875
507 391086
505 391087
508 391088
511 391088
503 391089
506 391090
510 391091
513 391091
510 391092
503 391093
507 391093
511 391094
506 391094
507 391095
509 391096
506 391096
507 391097
509 391097
507 391098
505 391099
508 391109
507 391109
510 391130
506 391130
500 391136
511 391200
514 391202
505 391209
504 391210
502 391210
508 391211
507 391211
508 391217
496 391260
517 391261
498 391261
504 391281
510 391284
506 391286
510 391288
508 391315
505 391316
509 391316
509 391350
510 391350
510 391357
508 391380
509 391380
511 391418
512 391419
510 391421
506 391422
510 391424
507 391451
506 391453
511 391460
502 391461
514 391479
506 391538
504 391539
508 391541
508 391541
508 391543
510 391544
508 391549
506 391550
506 391556
508 391579
508 391580
506 391599
508 391599
507 391675
512 391676
508 391678
515 391678
500 391679
502 391681
502 391682
512 391715
526 391716
514 391717
505 391719
506 391719
508 391792
509 391794
508 391794
506 391795
512 391795
506 391796
513 391816
531 391819
523 391820
489 391826
505 391871
494 391871
531 391872
500 391873
507 392123
523 392123
488 392124
521 392125
512 392125
503 392126
513 392127
507 392127
509 392128
509 392129
508 392129
507 392130
509 392131
508 392131
506 392132
507 392133
508 392134
508 392134
508 392135
507 392136
508 392137
510 392137
508 392138
506 392139
506 392139
506 392142
509 392142
507 392145
506 392156
507 392263
508 392264
507 392265
507 392265
506 392268
509 392268
506 392269
509 392269
509 392270
508 392271
512 392316
507 392318
505 392318
507 392319
507 392319
508 392320
509 392326
509 392337
507 392347
510 392357
508 392367
506 392401
507 392403
507 392409
510 392410
506 392416
508 392426
509 392436
509 392446
507 392456
506 392466
506 392476
510 392517
511 392517
507 392535
508 392536
509 392537
510 392540
509 392575
508 392578
508 392580
508 392587
505 392597
507 392607
509 392617
507 392627
509 392641
509 392659
507 392659
506 392672
507 392676
508 392782
507 392782
507 392783
508 392784
508 392784
510 392785
508 392785
504 392786
507 392786
507 392787
507 392789
509 392987
509 392987
508 392988
510 392989
507 392989
505 392990
506 392991
507 392991
507 392992
509 392992
509 392993
508 392993
509 392994
509 392995
507 392995
507 392996
509 392996
506 392997
508 392997
508 392998
508 393001
508 393092
508 393093
507 393093
507 393094
509 393095
507 393095
507 393096
509 393097
507 393099
506 393099
510 393169
508 393169
507 393170
508 393171
507 393171
511 393172
507 393172
509 393175
507 393389
510 393390
507 393390
507 393391
506 393392
507 393392
509 393393
507 393393
509 393394
508 393395
508 393395
508 393396
505 393397
506 393397
506 393398
508 393399
506 393399
508 393400
508 393402
509 393402
507 393405
508 393419
508 393419
508 393426
509 393436
509 393457
506 393482
508 393484
509 393484
507 393593
506 393594
507 393594
510 393595
508 393595
507 393596
508 393597
509 393597
508 393598
510 393598
506 393599
506 393601
506 393783
508 393783
508 393784
510 393785
509 393785
509 393785
509 393786
506 393786
507 393787
510 393788
510 393788
509 393789
508 393789
506 393790
507 393790
508 393790
500 393791
513 393791
507 393793
507 393795
515 393806
513 393816
501 393826
511 394270
515 394271
509 394272
505 394272
509 394273
509 394273
509 394273
509 394274
507 394274
508 394275
511 394275
509 394276
506 394276
507 394277
508 394277
506 394278
507 394278
508 394279
507 394279
509 394280
508 394280
507 394280
505 394281
502 394281
505 394282
510 394282
486 394283
504 394283
501 394283
515 394284
496 394284
502 394285
519 394285
502 394286
500 394286
508 394286
510 394287
505 394287
504 394288
506 394288
511 394289
498 394289
525 394291
542 394291
543 394298
505 394300
532 394487
517 394488
518 394489
500 394489
510 394490
508 394491
498 394491
510 394492
508 394492
509 394493
509 394494
508 394494
506 394494
507 394495
505 394495
504 394496
511 394496
504 394497
511 394497
518 394499
509 394692
514 394693
523 394693
484 394694
488 394694
529 394695
515 394695
497 394696
497 394696
502 394697
510 394697
511 394698
509 394698
505 394699
506 394699
508 394700
508 394700
508 394701
516 394701
497 394703
514 394705
510 394716
510 394727
512 394748
505 394749
508 394756
506 394770
509 394786
507 394796
513 394806
507 394816
509 394826
511 394838
512 394847
510 394856
507 394866
499 394908
504 394909
507 394910
508 394910
506 394929
512 394929
508 394936
507 394946
509 394956
509 394966
507 394981
506 394986
506 394997
506 395006
507 395016
507 395027
509 395063
508 395064
511 395064
507 395081
505 395082
507 395085
507 395107
509 395119
507 395119
507 395126
510 395136
510 395171
507 395171
507 395177
506 395177
509 395186
506 395217
510 395217
507 395218
507 395253
510 395256
507 395256
505 395259
507 395270
509 395283
508 395288
510 395311
508 395354
509 395463
510 395464
510 395465
507 395465
507 395466
508 395466
507 395467
508 395467
506 395468
506 395468
510 395469
507 395470
507 395470
506 395470
507 395471
508 395474
509 395476
509 395500
509 395501
508 395586
509 395586
508 395587
505 395588
507 395589
506 395589
507 395590
508 395591
506 395597
509 395607
511 395629
508 395629
506 395637
508 395647
507 395657
507 395667
507 395676
510 395699
503 395699
509 395706
510 395719
507 395726
506 395736
507 395746
506 395756
508 395766
509 395776
509 395786
510 395816
509 395816
509 395817
507 395826
510 395836
507 395892
507 395892
509 395893
509 395894
509 395894
509 395897
508 395970
506 395970
508 395971
508 395971
509 395972
509 395972
507 395973
510 395975
506 395992
509 395997
507 396019
509 396019
507 396027
507 396037
508 396045
508 396083
508 396084
508 396084
507 396099
507 396099
506 396106
507 396116
508 396126
509 396136
508 396146
509 396156
508 396179
506 396179
506 396287
506 396288
509 396288
508 396289
508 396289
509 396290
509 396291
512 396291
508 396292
506 396292
507 396295
508 396470
509 396471
507 396471
507 396472
509 396472
509 396473
509 396474
507 396474
507 396475
511 396475
510 396476
507 396476
509 396477
508 396478
509 396478
510 396479
508 396479
505 396482
507 396682
509 396683
507 396684
509 396684
508 396685
508 396686
509 396687
508 396687
507 396688
509 396689
508 396689
507 396690
508 396691
508 396691
508 396692
512 396693
508 396693
508 396694
496 396694
509 396695
489 396697
482 396698
535 396888
505 396889
496 396890
505 396890
511 396891
507 396892
505 396892
510 396893
509 396893
508 396894
510 396894
509 396895
505 396896
508 396896
507 396897
501 396897
517 396898
503 396898
516 396899
516 396901
508 396991
508 396991
509 396992
510 396993
511 396993
506 396994
511 396995
505 396996
509 396996
508 397010
506 397010
505 397068
509 397069
509 397069
506 397070
512 397071
507 397076
506 397088
509 397109
513 397110
507 397119
511 397126
509 397137
506 397146
509 397156
507 397166
512 397176
509 397205
509 397206
503 397232
505 397236
510 397236
509 397238
507 397263
508 397264
507 397266
509 397282
511 397297
507 397308
506 397309
508 397329
507 397329
507 397336
508 397357
507 397369
505 397370
511 397400
506 397401
508 397487
509 397488
507 397489
507 397490
507 397493
506 397500
509 397500
508 397770
508 397771
506 397771
509 397771
508 397772
507 397772
509 397773
511 397773
506 397774
507 397774
507 397775
507 397775
509 397775
509 397776
509 397776
507 397777
509 397777
509 397777
509 397778
509 397778
507 397779
507 397779
509 397780
506 397780
508 397780
509 397781
508 397781
507 397782
508 397789
508 397790
505 397828
507 397828
509 397831
507 397831
508 397832
507 397883
508 397884
511 397884
508 397897
508 397898
508 397899
508 397902
509 398088
509 398088
509 398089
509 398090
511 398090
508 398091
507 398091
507 398092
509 398093
507 398093
508 398094
509 398094
509 398095
511 398095
507 398096
506 398098
506 398098
509 398101
507 398101
508 398104
507 398190
507 398190
508 398191
508 398192
507 398192
507 398193
508 398194
505 398227
508 398230
511 398230
509 398231
510 398231
508 398232
505 398287
503 398287
506 398288
506 398289
504 398289
510 398328
511 398328
509 398331
508 398331
507 398332
505 398492
505 398493
504 398493
508 398494
508 398494
507 398495
508 398496
509 398496
507 398497
505 398498
506 398498
506 398499
510 398499
507 398500
507 398500
509 398501
512 398535
507 398535
508 398538
509 398538
508 398570
508 398570
508 398571
507 398592
508 398596
511 398596
507 398597
507 398633
509 398634
509 398636
508 398683
509 398683
508 398684
507 398693
509 398695
508 398697
507 398697
507 398727
507 398768
508 398768
509 398769
508 398771
508 398771
509 398890
510 398890
507 398891
503 398892
508 398892
508 398893
508 398893
509 398909
508 398909
509 398912
509 398912
507 398915
506 398915
507 398935
507 398935
506 398938
508 398938
507 398993
507 398994
510 398995
507 398995
506 399002
508 399002
508 399005
507 399087
508 399088
507 399089
508 399089
511 399090
507 399090
505 399106
507 399106
508 399109
509 399109
509 399144
508 399144
510 399145
511 399209
509 399209
505 399210
508 399210
510 399211
508 399211
508 399285
509 399285
508 399288
510 399288
508 399289
507 399291
507 399291
510 399302
510 399303
507 399305
509 399356
509 399357
509 399357
508 399358
507 399371
507 399371
509 399374
506 399409
509 399410
508 399410
508 399432
507 399436
509 399436
508 399439
507 399512
508 399513
507 399514
508 399514
508 399515
508 399515
507 399546
510 399547
507 399547
506 399550
507 399669
507 399669
508 399670
508 399670
510 399671
508 399672
511 399672
508 399673
506 399673
508 399674
507 399674
507 399675
508 399707
507 399707
509 399710
509 399710
508 399711
507 399780
507 399781
508 399781
508 399782
509 399782
507 399783
508 399883
511 399884
509 399884
507 399885
507 399889
508 399889
507 399890
509 399890
508 399891
510 399892
508 399911
506 399913
507 399915
507 399929
509 399929
506 399936
509 399957
509 399969
507 399969
507 400016
508 400017
507 400019
508 400019
511 400029
506 400029
507 400100
509 400101
508 400102
508 400102
509 400103
508 400111
509 400113
507 400113
507 400192
509 400192
509 400193
508 400194
509 400194
509 400195
507 400270
507 400270
506 400271
509 400271
508 400272
508 400272
507 400273
509 400273
511 400294
508 400295
506 400295
508 400381
507 400381
509 400382
507 400383
507 400383
507 400384
509 400385
509 400385
508 400386
507 400388
509 400587
508 400587
508 400588
506 400589
507 400589
510 400590
510 400590
507 400591
507 400591
509 400592
507 400592
505 400593
509 400593
507 400594
510 400594
510 400595
508 400595
508 400597
507 400597
507 400598
509 400598
508 400668
509 400668
507 400669
510 400670
506 400670
505 400708
507 400708
506 400709
506 400709
508 400710
508 400712
509 400720
511 400761
507 400761
506 400762
507 400776
510 400792
507 400794
508 400794
508 400883
509 400883
511 400884
508 400885
506 400886
507 400886
508 400887
507 400891
509 400891
507 400892
509 400987
510 400988
509 400988
509 400989
507 400990
509 400990
506 400991
508 400992
507 400992
508 400993
505 401023
509 401023
508 401026
508 401091
509 401092
507 401092
509 401093
509 401094
508 401094
508 401095
509 401121
508 401122
505 401124
508 401168
506 401168
508 401169
508 401170
507 401188
509 401188
511 401228
506 401228
507 401242
508 401246
507 401246
506 401249
507 401257
507 401258
508 401267
509 401294
508 401295
506 401297
507 401307
507 401317
508 401340
508 401340
508 401346
507 401356
510 401366
508 401389
507 401389
505 401421
508 401423
509 401426
508 401427
507 401450
507 401454
510 401456
507 402190
506 402191
507 402191
508 402192
508 402193
507 402193
508 402194
505 402195
509 402195
509 402196
506 402197
506 402197
508 402198
509 402198
508 402199
509 402199
508 402200
510 402200
509 402200
508 402201
507 402201
508 402202
505 402202
506 402202
507 402203
507 402203
509 402204
510 402204
507 402204
506 402205
508 402205
507 402206
507 402206
508 402206
508 402207
509 402207
511 402208
507 402208
506 402209
509 402209
508 402210
509 402210
508 402210
509 402211
509 402211
511 402212
508 402212
505 402213
506 402213
508 402213
508 402214
508 402214
509 402215
508 402215
509 402215
509 402216
506 402216
504 402217
508 402217
507 402218
508 402218
508 402218
508 402219
509 402219
508 402220
507 402220
506 402220
509 402221
507 402221
509 402222
508 402222
508 402224
508 402224
509 402225
507 402267
507 402267
507 402268
506 402268
507 402299
507 402300
506 402300
507 402301
507 402311
508 402316
506 402326
508 402349
507 402350
507 402397
508 402398
509 402401
507 402401
509 402402
509 402418
505 402419
505 402427
509 402437
508 402447
509 402456
509 402479
509 402479
511 402510
509 402510
508 402511
508 402516
507 402537
507 402549
508 402549
508 402559
507 402585
510 402587
508 402687
508 402687
508 402688
505 402689
509 402689
505 402690
508 402690
509 402691
508 402691
508 402692
503 402692
506 402695
506 402767
509 402768
510 402768
508 402769
506 402769
508 402770
509 402771
507 402777
505 402787
507 402797
509 402807
508 402841
508 402844
504 402846
509 402848
508 402986
507 402986
506 402987
508 402988
508 402988
507 402989
508 402989
507 402990
507 402991
510 402991
505 402992
507 402992
505 402993
506 402995
508 403192
508 403192
507 403193
509 403194
509 403194
508 403195
506 403195
507 403196
511 403197
510 403199
509 403200
508 403200
510 403201
510 403201
508 403202
504 403202
508 403203
510 403203
506 403203
507 403209
509 403209
508 403217
510 403226
508 403236
507 403246
506 403256
508 403266
507 403276
509 403381
508 403382
507 403382
508 403383
508 403384
505 403385
507 403385
507 403388
506 403389
508 403390
504 403392
506 403587
507 403588
509 403589
508 403589
508 403590
508 403591
505 403591
509 403592
508 403592
508 403593
508 403593
510 403594
504 403594
506 403595
507 403595
507 403596
508 403596
507 403597
507 403597
508 403600
509 403600
507 403689
507 403689
506 403690
509 403691
508 403691
506 403692
509 403692
508 403693
510 403695
509 403791
507 403791
507 403792
509 403793
508 403793
507 403794
508 403795
507 403795
510 403811
510 403811
508 403817
507 403817
507 403838
508 403838
507 403871
508 403871
509 403876
508 403876
508 403912
507 403916
507 403916
509 403919
506 403981
509 403982
508 403982
511 404067
508 404067
508 404070
507 404071
507 404071
508 404074
506 404079
509 404079
507 404082
508 404082
508 404107
509 404107
507 404108
507 404109
508 404109
507 404110
508 404116
507 404152
506 404156
508 404156
511 404159
507 404168
505 404185
507 404185
510 404196
510 404206
508 404216
507 404226
508 404248
511 404248
508 404256
506 404265
507 404276
508 404287
507 404386
508 404387
507 404388
509 404389
510 404389
509 404390
507 404390
506 404399
508 404400
506 404412
506 404415
508 404416
509 404591
508 404592
508 404593
510 404593
507 404593
509 404594
507 404594
504 404595
508 404595
502 404596
502 404596
502 404597
508 404597
509 404598
509 404598
508 404635
511 404637
508 404638
507 404638
508 404639
509 404639
509 404640
504 404645
508 404656
507 404705
502 404711
510 404712
506 404713
505 404718
511 404719
509 404726
506 404754
510 404788
506 404789
509 404815
510 404816
504 404816
494 404817
507 404819
508 404820
511 404836
504 404851
500 404851
510 404857
514 404912
510 404913
507 404914
511 404914
507 404915
505 404917
506 405002
508 405003
508 405004
506 405004
506 405005
509 405006
510 405006
512 405008
514 405009
500 405015
510 405051
499 405053
518 405055
513 405057
517 405065
493 405088
519 405089
529 405096
487 405108
512 405116
507 405138
508 405138
513 405146
508 405168
509 405169
509 405186
507 405196
505 405206
506 405250
507 405250
508 405251
511 405251
505 405256
503 405266
506 405276
512 405286
508 405308
513 405309
509 405316
507 405338
513 405339
503 405346
508 405360
513 405366
509 405376
505 405425
507 405425
507 405426
507 405426
506 405452
508 405454
509 405454
507 405472
509 405473
506 405475
509 405585
509 405600
512 405601
507 405602
511 405603
505 405604
510 405605
501 405605
492 405606
497 405607
509 405607
512 405610
507 405610
503 405687
508 405688
507 405689
508 405689
508 405690
516 405691
500 405691
501 405692
509 405867
501 405868
532 405868
504 405869
508 405869
503 405870
501 405870
514 405871
495 405871
506 405872
511 405872
501 405873
506 405873
505 405873
507 405874
505 405875
508 405877
506 405877
510 405992
508 405993
510 405993
509 405994
512 405995
509 405995
507 405996
507 405996
509 405997
508 405997
507 406000
506 406000
510 406180
509 406187
509 406188
506 406189
505 406190
508 406190
506 406191
508 406192
507 406192
507 406193
508 406194
509 406194
508 406195
507 406195
509 406196
505 406196
509 406197
506 406197
508 406200
508 406200
510 406391
507 406392
508 406393
507 406393
506 406394
508 406395
508 406396
508 406396
510 406397
510 406398
508 406398
508 406399
507 406400
504 406400
508 406401
505 406401
508 406402
506 406402
510 406403
510 406405
505 406489
506 406490
507 406490
508 406491
510 406492
508 406492
506 406493
510 406493
508 406494
508 406496
506 406575
509 406575
508 406576
507 406576
507 406577
510 406577
509 406578
509 406580
507 406596
507 406599
507 406617
508 406629
508 406632
510 406634
509 406646
509 406656
509 406677
507 406687
507 406698
507 406728
509 406728
508 406729
507 406786
506 406787
509 406787
509 406788
507 406789
506 406789
506 406809
507 406809
505 406829
507 406830
507 406836
510 406846
511 406856
508 406866
507 406888
508 406888
507 406916
508 406991
510 406991
507 406992
509 406993
511 406993
507 406994
507 406994
507 406995
507 406997
508 406999
508 407005
508 407016
510 407026
511 407036
507 407047
507 407057
507 407067
506 407568
509 407569
506 407569
508 407570
509 407595
512 407595
509 407596
506 407596
508 407597
509 407597
508 407598
510 407598
510 407599
508 407599
509 407600
509 407600
506 407601
507 407601
509 407602
509 407602
508 407603
505 407603
507 407603
508 407604
507 407604
509 407605
506 407605
509 407606
506 407606
507 407607
508 407607
503 407608
508 407608
509 407608
508 407609
506 407609
506 407610
506 407610
506 407611
509 407611
509 407612
508 407624
511 407641
506 407642
506 407643
505 407643
506 407644
508 407644
508 407645
507 407647
508 407647
510 407648
508 407648
508 407649
507 407649
507 407650
507 407650
507 407654
504 407669
510 407677
511 407686
508 407696
508 407706
507 407728
509 407728
507 407736
507 407756
508 407768
508 407769
509 407775
509 407787
508 407875
508 407876
504 407877
509 407877
507 407878
507 407879
509 407879
508 407880
509 407881
507 407886
507 407896
507 407906
508 407916
508 407926
509 407936
508 407946
509 407956
509 407966
508 407976
506 407986
506 407996
508 408033
507 408033
508 408034
507 408036
510 408045
509 408056
507 408078
505 408079
507 408117
508 408118
507 408118
507 408119
507 408136
508 408171
512 408172
507 408174
504 408211
507 408212
507 408281
509 408282
508 408282
506 408283
508 408283
511 408284
500 408285
509 408285
503 408286
504 408298
501 408299
513 408306
504 408316
494 408351
515 408353
504 408355
513 408367
508 408486
511 408487
505 408488
510 408488
505 408489
506 408490
507 408490
508 408491
509 408492
507 408492
510 408493
509 408500
508 408502
507 408693
508 408700
507 408700
508 408701
507 408701
509 408702
505 408702
495 408703
511 408703
502 408704
481 408704
501 408705
511 408705
500 408706
497 408706
484 408707
525 408707
506 408708
513 408708
510 408710
508 408711
511 408711
503 408777
502 408778
514 408778
495 408779
508 408779
487 408780
466 408782
521 408807
532 408808
506 408809
499 408817
497 408826
515 408836
507 408846
506 408856
513 408866
512 408876
511 408890
511 408921
507 408922
507 408926
510 408936
508 408946
511 408956
510 408966
509 408976
520 408986
515 408996
509 409006
525 409016
515 409026
478 409052
503 409053
522 409055
497 409067
491 409090
521 409090
506 409096
506 409106
509 409116
506 409126
506 409136
505 409146
505 409157
514 409167
513 409176
512 409225
502 409226
507 409226
503 409227
513 409227
513 409239
509 409272
509 409274
511 409275
507 409277
507 409299
505 409389
507 409390
508 409391
520 409391
508 409392
512 409392
507 409393
505 409393
504 409424
511 409425
502 409447
508 409448
505 409448
505 409449
509 409449
509 409450
507 409516
504 409519
506 409519
507 409520
509 409520
507 409521
509 409522
509 409526
510 409536
508 409568
506 409568
506 409569
509 409575
506 409586
508 409596
508 409606
508 409616
509 409626
509 409646
508 409657
506 409666
508 409676
507 409686
507 409718
508 409718
509 409719
510 409726
509 409736
508 409746
507 409769
506 409770
507 409782
508 409789
508 409796
508 409806
508 409816
511 409826
507 409836
506 409846
506 409857
507 409868
508 409877
509 409886
509 409898
507 409906
510 409916
509 409939
505 409939
507 409946
508 409956
507 409966
509 409976
508 409986
507 410013
509 410013
508 410016
506 410089
507 410090
508 410090
507 410091
507 410092
506 410092
508 410093
509 410096
509 410191
507 410191
507 410192
509 410193
507 410193
508 410194
508 410194
509 410197
508 410198
505 410200
506 410380
505 410381
509 410381
507 410382
508 410383
508 410383
508 410384
508 410385
510 410385
507 410386
506 410386
507 410387
506 410388
509 410388
509 410389
506 410389
509 410390
510 410390
507 410396
506 410406
507 410416
507 410438
508 410438
508 410446
507 410493
509 410494
510 410494
508 410495
507 410498
509 410586
508 410587
508 410588
509 410588
508 410589
509 410590
511 410590
509 410591
507 410591
508 410594
507 410688
509 410689
508 410689
507 410690
510 410691
509 410691
508 410692
508 410692
507 410703
507 410706
509 410706
507 410867
508 410868
507 410869
507 410904
509 410905
508 410905
509 410906
504 410906
508 410907
507 410907
506 410907
508 410908
508 410909
510 410909
507 410910
506 410910
507 410912
508 410913
507 410913
504 410914
521 410916
482 410925
492 410935
482 410945
520 410956
505 410966
494 410980
504 410985
501 411007
526 411008
508 411015
506 411025
508 411048
496 411049
509 411068
510 411069
506 411076
509 411088
508 411107
506 411108
507 411115
517 411125
502 411171
510 411171
503 411176
511 411177
510 411204
507 411205
509 411206
507 411215
512 411280
509 411281
506 411286
504 411286
504 411288
508 411289
509 411289
510 411319
510 411319
510 411320
508 411325
501 411335
505 411359
509 411359
507 411365
508 411393
503 411393
511 411395
505 411427
504 411484
508 411485
502 411485
511 411486
509 411487
511 411487
509 411488
508 411490
507 411689
513 411696
506 411697
508 411698
507 411699
508 411700
507 411700
504 411701
508 411701
512 411702
506 411702
506 411703
507 411703
508 411704
506 411704
509 411704
509 411705
505 411706
511 411706
507 411707
506 411709
509 411709
507 411870
508 411871
507 411871
510 411872
508 411872
505 411873
511 411873
507 411874
506 411875
509 411875
510 411876
507 411887
507 411888
507 411890
509 411891
511 411893
508 411895
507 412082
508 412082
507 412083
509 412084
508 412084
508 412085
510 412085
510 412086
508 412087
507 412087
506 412088
509 412088
506 412089
509 412090
508 412090
509 412091
509 412091
506 412092
506 412094
507 412094
507 412288
508 412289
508 412289
508 412290
509 412291
511 412291
508 412292
506 412293
507 412293
508 412294
510 412295
508 412295
509 412296
508 412296
511 412297
507 412297
506 412298
506 412299
508 412299
508 412302
508 412302
508 412381
508 412382
510 412383
508 412383
506 412384
507 412385
509 412385
510 412427
509 412427
508 412430
508 412430
509 412433
508 412435
507 412483
507 412484
509 412593
507 412594
508 412594
506 412595
508 412596
509 412596
510 412597
507 412601
507 412602
507 412602
507 412603
508 412604
509 412605
508 412606
509 412621
511 412624
508 412626
507 412628
507 413264
507 413265
508 413265
509 413266
508 413266
509 413267
511 413267
508 413268
505 413268
507 413269
507 413269
508 413270
507 413270
507 413270
508 413271
511 413271
508 413272
507 413272
508 413273
509 413273
508 413274
508 413274
508 413274
504 413275
506 413275
509 413276
507 413276
507 413277
508 413277
509 413278
507 413278
509 413278
509 413279
509 413279
509 413280
509 413280
506 413281
506 413281
507 413281
508 413282
507 413282
507 413283
507 413283
509 413284
507 413284
506 413285
506 413285
506 413285
508 413286
508 413286
506 413287
508 413287
510 413288
507 413288
507 413288
509 413290
508 413290
508 413291
508 413291
507 413292
509 413292
511 413292
509 413295
506 413295
509 413296
509 413324
508 413325
508 413325
507 413328
509 413335
512 413356
509 413366
506 413417
506 413417
508 413420
509 413420
507 413423
509 413425
509 413488
510 413489
507 413489
506 413490
507 413490
509 413491
509 413508
508 413509
508 413528
508 413529
509 413536
509 413546
507 413555
507 413566
508 413575
506 413585
507 413686
507 413686
507 413687
510 413688
508 413689
508 413689
507 413690
509 413690
506 413691
508 413699
509 413699
507 413706
508 413716
510 413726
507 413736
507 413746
507 413756
507 413778
507 413779
508 413798
509 413798
508 413968
510 413968
506 413969
506 413969
508 413970
508 413970
508 413971
509 413971
508 413972
505 413972
511 413973
508 413973
506 413974
507 413974
507 413975
508 413975
509 413976
509 413988
508 413989
510 413995
509 414005
508 414058
507 414059
509 414059
507 414062
509 414062
509 414065
508 414112
509 414113
509 414114
507 414116
507 414127
509 414136
507 414146
508 414156
510 414166
508 414176
509 414230
509 414231
507 414231
507 414232
506 414233
508 414235
508 414274
508 414275
507 414277
508 414279
509 414298
505 414299
506 414306
506 414316
507 414325
508 414335
506 414345
507 414356
509 414365
510 414416
506 414416
505 414433
507 414433
507 414434
509 414468
507 414469
506 414469
508 414472
510 414472
508 414475
508 414486
508 414496
507 414519
508 414520
507 414526
507 414536
509 414558
510 414559
507 414578
506 414595
507 414596
508 414596
509 414606
509 414616
510 414626
509 414636
509 414646
508 414668
507 414668
507 414676
505 414706
509 414708
506 414708
508 414724
508 414725
507 414735
508 414758
508 414758
506 414765
508 414790
507 414791
507 414797
508 414806
508 414816
509 414840
509 414886
508 414887
507 414887
508 414888
507 414889
507 414896
507 414906
509 414916
509 414926
508 414936
509 414972
507 414976
507 414976
507 414977
507 415014
508 415014
509 415015
508 415032
511 415038
507 415039
506 415066
506 415067
508 415068
510 415075
509 415085
509 415108
509 415109
511 415116
508 415125
506 415135
506 415158
509 415159
508 415179
508 415187
506 415199
508 415199
508 415219
510 415219
508 415226
507 415236
507 415246
509 415256
506 415266
507 415280
507 415306
508 415307
510 415307
508 415316
507 415326
507 415336
507 415346
510 415356
508 415366
509 415376
508 415398
510 415398
507 415431
508 415431
507 415440
508 415441
508 415486
506 415487
508 415487
509 415488
510 415499
507 415500
506 415505
508 415515
507 415525
508 415535
508 415546
508 415556
508 415576
510 415602
509 415602
507 415605
508 415682
507 415683
508 415683
507 415684
508 415684
507 415689
511 415690
507 415698
508 415698
507 415706
507 415764
506 415765
508 415765
508 415766
507 415767
508 415767
508 415776
509 415862
505 415863
507 415864
509 415865
509 415891
507 415892
505 415893
506 416000
509 416001
509 416001
509 416004
507 416004
508 416005
507 416005
508 416006
507 416006
509 416007
509 416007
507 416008
506 416008
506 416009
508 416010
507 416012
507 416014
507 416052
510 416064
509 416065
507 416067
505 416069
506 416074
508 416125
508 416125
508 416126
508 416127
509 416127
511 416136
506 416171
505 416171
507 416176
509 416176
508 416195
508 416208
509 416208
509 416230
511 416230
507 416248
506 416248
506 416261
508 416264
509 416284
508 416285
508 416295
509 416306
510 416316
508 416336
507 416346
506 416356
509 416366
507 416410
509 416410
508 416411
508 416411
508 416416
508 416426
507 416436
505 416446
510 416456
508 416466
508 416476
510 416486
508 416496
509 416518
510 416518
508 416526
507 416538
506 416545
507 416556
508 416568
509 416575
507 416585
509 416595
511 416618
508 416619
505 416625
508 416635
508 416645
507 416655
507 416665
507 416677
509 416686
509 416696
509 416706
507 416716
507 416726
509 416736
506 416746
507 416756
508 416766
508 416777
511 416812
509 416812
507 416815
509 416819
508 416826
508 416836
507 416846
508 416856
508 416892
508 416892
509 416893
507 416908
507 416908
509 416915
507 416925
508 416935
508 416945
506 416957
508 416988
509 416988
507 416996
507 417022
507 417022
507 417023
507 417025
508 417039
507 417045
508 417056
510 417066
507 417099
506 417099
507 417106
508 417116
507 417126
508 417136
508 417146
508 417156
510 417166
507 417176
505 417245
506 417246
508 417246
508 417247
509 417247
508 417248
507 417248
510 417272
508 417273
506 417276
508 417346
510 417346
510 417347
509 417347
509 417348
509 417351
510 417351
508 417354
507 417365
507 417375
509 417385
508 417408
507 417408
508 417415
508 417425
510 417436
508 417482
507 417483
507 417484
507 417484
507 417488
506 417496
508 417506
508 417516
510 417526
509 417536
505 417558
508 417558
511 417566
505 417576
508 417586
508 417596
506 417620
506 417621
510 417627
508 417648
507 417648
507 417655
507 417665
507 417675
508 417685
507 417695
507 417718
510 417719
508 417725
507 417735
507 417758
507 417758
508 417765
507 417778
509 417785
508 417795
511 417828
507 417828
506 417848
507 417849
507 417868
507 417868
508 417876
507 417886
509 417909
512 417910
509 417929
506 417979
507 417981
509 417981
508 417982
508 417983
508 417983
508 418008
511 418009
509 418009
506 418015
506 418030
510 418035
508 418045
509 418056
507 418065
508 418075
510 418085
506 418095
507 418105
506 418115
508 418130
505 418162
507 418163
507 418164
508 418166
510 418190
508 418199
506 418199
506 418206
506 418216
507 418226
505 418236
507 418246
507 418256
508 418290
509 418290
508 418291
507 418296
508 418306
507 418328
508 418329
508 418336
507 418357
509 418423
509 418423
507 418426
506 418426
507 418427
506 418428
508 418428
507 418429
508 418448
508 418481
510 418482
507 418482
504 418510
510 418512
508 418584
507 418585
508 418585
509 418586
509 418587
511 418587
507 418588
506 418588
508 418591
507 418686
510 418687
508 418687
509 418688
508 418689
509 418689
509 418690
508 418690
507 418723
509 418731
509 418735
506 418736
508 418738
508 418738
509 418739
509 418766
508 418810
506 418861
507 418862
508 418862
507 418863
507 418864
508 418864
508 418865
509 418866
507 418885
506 418885
507 418886
507 418889
507 418899
509 418900
509 418908
507 418942
510 418943
509 418946
506 419005
506 419006
507 419006
508 419007
507 419012
506 419014
509 419014
508 419043
507 419044
506 419049
508 419049
508 419056
508 419066
509 419076
508 419112
508 419114
510 419114
508 419158
506 419159
507 419159
509 419160
506 419174
507 419217
508 419217
509 419220
508 419220
510 419223
509 419225
506 419280
509 419330
508 419332
509 419411
509 419411
509 419412
510 419414
510 419416
508 419418
507 419418
508 419421
507 419422
508 419422
508 419425
507 419425
505 419426
511 419428
508 419429
507 419429
508 419448
507 419450
508 419509
507 419510
507 419532
509 419536
509 419536
508 419539
507 419539
506 419540
507 419542
508 419569
508 419569
507 419576
510 419607
511 419608
508 419610
506 419610
508 419611
509 419614
507 419669
507 419670
509 419688
508 419689
509 419689
507 419692
508 419692
508 419695
507 419718
510 419718
506 419790
509 419792
509 419808
510 419809
509 419809
508 419810
507 419811
508 419811
508 419812
506 419814
508 419832
508 419848
508 419849
508 419855
508 419865
506 419875
508 419899
509 419899
507 419905
507 419915
508 419935
510 419945
509 420000
507 420001
508 420002
506 420003
510 420003
508 420005
509 420046
507 420047
505 420075
509 420078
502 420080
505 420081
513 420090
505 420091
509 420108
508 420108
510 420155
509 420156
509 420158
507 420159
505 420168
507 420169
510 420188
506 420188
513 420354
507 420355
507 420356
512 420356
505 420357
505 420359
507 420360
507 420360
509 420361
509 420361
505 420362
516 420362
508 420363
509 420363
510 420363
504 420364
508 420389
505 420419
508 420420
512 420480
506 420481
510 420481
510 420482
509 420483
506 420483
507 420484
507 420485
506 420486
506 420486
506 420578
508 420579
510 420580
510 420580
497 420581
519 420582
494 420582
519 420583
527 420584
508 420586
515 420786
507 420787
510 420787
507 420788
521 420789
511 420789
512 420790
504 420790
513 420791
509 420791
505 420792
513 420792
510 420793
505 420794
506 420794
510 420795
505 420795
501 420796
505 420797
508 420797
511 420800
515 420888
509 420889
509 420890
508 420891
507 420891
510 420892
507 420892
510 420893
509 420966
506 420967
509 420968
504 420968
506 420969
512 420969
509 420970
510 420971
505 420971
511 420975
509 420985
512 420995
507 421007
503 421016
514 421043
507 421089
507 421090
509 421092
496 421112
505 421113
497 421113
509 421114
513 421118
509 421119
512 421125
511 421148
503 421148
521 421155
505 421177
491 421178
489 421186
526 421208
518 421208
511 421228
512 421228
489 421248
492 421249
488 421255
531 421279
496 421286
509 421308
506 421309
512 421315
505 421325
507 421335
512 421357
505 421358
504 421376
509 421388
508 421389
508 421412
507 421413
508 421415
509 422287
511 422287
510 422288
506 422288
506 422289
509 422289
508 422290
509 422290
510 422290
507 422291
510 422291
509 422292
507 422292
506 422292
508 422293
507 422293
507 422294
508 422294
507 422295
508 422295
511 422296
508 422296
507 422296
509 422297
506 422297
510 422298
507 422298
509 422299
507 422299
510 422300
508 422300
507 422300
507 422301
506 422301
508 422302
509 422302
506 422302
511 422303
512 422303
507 422304
511 422304
506 422304
502 422305
515 422305
508 422306
507 422306
506 422306
504 422307
508 422307
508 422308
506 422308
508 422309
508 422309
509 422309
508 422310
509 422310
506 422311
508 422311
509 422312
508 422312
511 422313
505 422313
504 422314
510 422315
506 422315
508 422315
507 422316
509 422316
499 422317
491 422317
528 422317
490 422318
489 422318
475 422319
506 422319
525 422319
534 422320
499 422320
498 422321
512 422321
508 422488
510 422488
509 422489
508 422489
508 422490
506 422492
508 422493
508 422493
506 422494
507 422494
506 422495
509 422495
509 422495
510 422496
507 422496
506 422497
509 422497
503 422498
506 422501
506 422501
504 422502
506 422502
510 422503
504 422503
504 422504
506 422504
508 422506
510 422507
507 422515
507 422525
508 422535
511 422546
507 422555
508 422566
506 422576
508 424289
501 424290
507 424290
505 424291
500 424291
512 424292
520 424292
504 424292
495 424293
519 424293
511 424294
506 424294
509 424295
509 424295
509 424295
510 424296
510 424296
509 424297
508 424297
507 424298
506 424298
508 424298
508 424299
510 424300
510 424300
508 424301
504 424302
506 424302
504 424303
505 424304
506 424304
507 424305
502 424305
520 424306
502 424307
514 424307
509 424307
504 424308
509 424308
509 424309
508 424309
509 424310
510 424310
508 424310
506 424311
507 424311
510 424311
503 424312
509 424313
504 424313
509 424313
510 424314
502 424314
510 424315
517 424315
498 424315
506 424316
510 424316
509 424317
504 424317
508 424318
513 424318
507 424319
511 424319
511 424320
506 424320
509 424321
505 424321
505 424321
508 424322
515 424322
514 424323
508 424323
510 424323
504 424324
513 424324
487 424325
502 424325
501 424325
513 424326
524 424326
505 424327
499 424327
502 424327
516 424493
511 424493
498 424494
513 424494
512 424495
507 424495
508 424496
509 424496
507 424496
507 424497
507 424497
508 424498
510 424498
509 424498
508 424499
505 424499
507 424499
507 424500
509 424500
508 424501
507 424501
508 424501
510 424502
509 424502
506 424503
509 424503
507 424504
507 424504
508 424507
509 424508
509 424508
507 424509
510 424509
508 424509
506 424510
508 424510
507 424511
508 424511
508 424511
509 424512
509 424512
510 424513
505 424513
509 424513
508 424514
508 424514
509 424515
507 424515
508 424516
509 424516
509 424516
507 424517
505 424517
508 424518
507 424518
509 424519
510 424519
507 424520
508 424520
510 424521
505 424521
506 424522
508 424522
509 424523
508 424523
507 424524
507 424524
508 424525
510 424525
508 424526
506 424526
503 424527
506 424527
508 424528
507 424528
510 424528
508 424529
511 424529
508 424530
507 424881
507 424881
508 424882
507 424882
509 424883
508 424883
507 424886
508 424886
508 424887
508 424887
507 424888
508 424888
507 424888
508 424889
508 424889
508 424890
507 424890
509 424891
509 424891
506 424892
508 424892
507 424892
507 424893
508 424893
509 424894
508 424894
508 424895
508 424895
505 424895
508 424896
506 424896
512 424897
507 424897
507 424898
511 424898
510 424899
507 424900
509 424900
506 424901
507 424901
506 424902
509 424902
506 424903
510 424903
509 424904
508 424904
507 424905
509 424905
509 424906
508 424906
510 424907
508 424907
507 424908
512 424908
508 424909
507 424909
507 424910
508 424910
508 424911
507 424911
509 424911
509 424912
508 424912
508 424913
